case_num,case_name,MSE,R-Square
0,50417_199cffee_13,0.0008443363476544619,0.9934231042861938
1,48516_2b3135bf_11,0.00026438874192535877,0.9910610914230347
2,41733_1ec9b00c_31,0.0004046055255457759,0.9607531428337097
3,31664_1e85c690_0,0.00016085567767731845,0.9913517236709595
4,21893_0500d043_18,0.00026393585721962154,0.9946339130401611
5,31607_9a2f8140_6,0.00019892951240763068,0.9933228492736816
6,41774_88a7a483_18,0.00016777729615569115,0.9590446949005127
7,42143_51b31600_4,9.47298849496292e-06,0.9808589816093445
8,23104_3b70eba4_13,0.00020754316938109696,0.6585811376571655
9,129075_8fbf62e5_2,2.0016037524328567e-05,0.9471795558929443
10,41624_a15f83c1_13,2.4009397748159245e-05,0.9882102608680725
11,36088_1ea9c8a9_12,0.00011676845315378159,0.9972758889198303
12,126477_6596d136_14,3.7927646189928055e-05,0.9656215906143188
13,130441_10c43121_0,0.0008807257981970906,0.9955133199691772
14,133385_e6aa64d8_21,4.435564551386051e-05,0.9708998799324036
15,26398_b99946da_1,0.000530610210262239,0.993021547794342
16,61198_0c99f50a_4,9.231212970917113e-06,0.4184642434120178
17,26661_ab88a525_0,2.8205640774103813e-05,0.967400848865509
18,129075_8fbf62e5_1,5.797650010208599e-05,0.9452491998672485
19,51891_9455ea02_1,0.0004149648011662066,0.9934152364730835
20,34770_6bba5bd4_13,0.00010865616059163585,0.9978666305541992
21,21646_a2dd0d00_53,0.00011114074004581198,0.9907617568969727
22,68909_4ae1bc2e_1,2.551524266891647e-05,0.9760215282440186
23,27866_ece3076e_109,3.716719220392406e-05,0.9941392540931702
24,92134_52f13f49_6,4.9779657274484634e-05,0.9713115096092224
25,23342_7193a931_1,1.2621172572835349e-05,0.9824826717376709
26,126572_a2d6f794_14,6.661061433987925e-06,0.33036112785339355
27,44344_3e0b0b0c_1,6.3606798903492745e-06,0.1190633773803711
28,49331_3bf3bb84_4,5.188668365008198e-05,0.9990501999855042
29,33971_46bb0373_0,0.00015788839664310217,0.9798318147659302
30,21517_bfe35b4c_1,2.6740892280940898e-05,0.9612147212028503
31,23165_369d62aa_6,0.00016027364472392946,0.9980668425559998
32,81846_2907c980_0,0.00020272584515623748,0.9910010695457458
33,24168_a0ede173_111,0.00017582360305823386,0.9826338887214661
34,53461_a5942665_1,3.01158033835236e-05,0.998883068561554
35,24907_c72322ea_13,9.833733929554e-05,0.9628939032554626
36,133424_315bcaeb_7,2.4222032152465545e-05,0.9686557054519653
37,40490_916e13fe_0,0.0001398234599037096,0.9956448078155518
38,38000_b5822e44_3,0.00013775299885310233,0.9979122281074524
39,138520_f4e0bc0b_63,4.4656302634393796e-05,0.9573957920074463
40,61294_9255796d_3,1.2816306480090134e-05,0.9760189056396484
41,22176_272891b8_0,0.0001458922342862934,0.9259955286979675
42,24815_4f2a57e4_1,0.000257451698416844,0.9924402832984924
43,113343_e692c488_1,1.1836577868962195e-05,0.9821376800537109
44,33995_18423507_1,5.627616337733343e-05,0.924190878868103
45,127897_029949fd_6,9.312087786383927e-05,0.9981379508972168
46,123181_4e56fb4f_0,0.00017590106290299445,0.9974517226219177
47,22670_9353c710_1,6.212974312802544e-06,0.9621361494064331
48,128642_4d72bf31_2,3.773353819269687e-05,0.979559600353241
49,146667_fe438b5b_6,0.0001893114240374416,0.9884390234947205
50,38260_2a31c6df_2,0.000300357467494905,0.9576697945594788
51,24443_996411f9_3,0.0006098151206970215,0.986161470413208
52,142074_34e02b6d_1,5.804896863992326e-05,0.9826151728630066
53,41501_b627682a_15,0.00013398905866779387,0.9882910847663879
54,24712_da77fe8f_0,6.877478153910488e-05,0.9987132549285889
55,32960_0eaa1de8_26,0.0001633551437407732,0.9969742894172668
56,130757_b2c47f8d_2,2.3379625417874195e-05,0.30126041173934937
57,104817_6d73dc41_0,6.812925857957453e-05,0.9923670291900635
58,79243_49539d9f_0,0.0005920477560721338,0.9872450828552246
59,82012_c533307b_1,6.54919640510343e-05,0.938991904258728
60,107649_e651c5ca_1,2.5445981009397656e-05,0.8225530385971069
61,40997_e3c88650_12,0.00022830542002338916,0.9941439032554626
62,143029_70554264_4,0.00016647529264446348,0.9772432446479797
63,27054_342fcf5c_3,4.102635648450814e-05,0.9571806788444519
64,41648_577daf16_17,5.897017035749741e-05,0.9776768684387207
65,89720_4e65191c_1,0.00012467545457184315,0.9969797134399414
66,75382_1b589ea9_12,1.2047193195030559e-05,0.9655617475509644
67,120371_433ba1ca_2,0.0001748989598127082,0.9847466945648193
68,49024_b7f02205_13,0.00035054265754297376,0.984516978263855
69,51022_47816098_7,0.00042020014370791614,0.9956851601600647
70,41634_4f5d0edb_0,9.492987373960204e-06,0.9810177087783813
71,23170_6ea8ded5_3,0.00021986199135426432,0.9963206052780151
72,69589_cd2fa794_8,0.00034227350261062384,0.977620005607605
73,41504_85e300ee_0,0.00042083029984496534,0.9425399899482727
74,128996_42176b10_0,0.00038595631485804915,0.9687614440917969
75,38920_e81879c2_7,1.3307967492437456e-05,-15.00577163696289
76,148051_c59af578_6,4.659406840801239e-05,0.9987310171127319
77,65494_16d62db5_0,5.015705028199591e-05,0.9327893853187561
78,25473_0991d519_0,0.00018387277668807656,0.9956801533699036
79,75270_25a261ef_5,0.00016422428598161787,0.9836137890815735
80,49613_1b97c07b_12,2.327853326278273e-05,0.7527620792388916
81,115633_a2c63339_1,6.608551484532654e-05,0.9804531931877136
82,52366_63042db4_1,0.00012722965038847178,0.997104287147522
83,30282_88c6933c_5,0.00018881993310060352,0.9774109125137329
84,53474_f29e4438_12,0.00017044960986822844,0.9944197535514832
85,24026_1dd4094b_21,0.00018914270913228393,0.9784244894981384
86,21225_c081eae3_2,0.0002539951528888196,0.9664270877838135
87,35057_9af89947_8,8.818159403745085e-05,0.9291649460792542
88,43529_4804941b_20,8.539368718629703e-05,0.9973976016044617
89,22103_fd11c71b_3,0.00011267433001194149,0.9859303832054138
90,51536_a18dc325_0,0.0002082713326672092,0.9889466166496277
91,24230_636208ab_13,0.00013105505786370486,0.9195216298103333
92,41117_1b3271f2_56,0.0003529596724547446,0.9945497512817383
93,140499_419d5823_0,7.799490413162857e-05,0.9932578802108765
94,115524_a949e82c_2,1.1161188922415022e-05,0.9565225839614868
95,29833_0ed4880f_3,0.0001774748379830271,0.996806800365448
96,127556_4823a42a_6,0.00010084435052704066,0.9830604195594788
97,23960_48cc0f21_19,1.530348163214512e-05,0.7854019999504089
98,132987_ba18d2eb_11,4.157614239375107e-05,0.9203872084617615
99,51337_f8636fd9_30,1.3426904843072407e-05,0.9848293662071228
100,40999_cad6be09_18,0.000500810332596302,0.9881596565246582
101,136886_99fbdef3_0,2.7945970941800624e-05,0.9520431160926819
102,30447_4ed3b778_7,0.00012053328100591898,0.9995559453964233
103,55811_bc667b2d_13,0.00033729334245435894,0.8715931177139282
104,41716_d55164d4_1,4.320841981098056e-05,0.9848783016204834
105,33610_aa697fc9_6,6.823267904110253e-05,0.9949635863304138
106,55095_fa260d33_6,0.0003213671443518251,0.9915289878845215
107,115639_bc0cc622_0,0.0002407276479061693,0.9823747277259827
108,20841_1620ae7d_0,0.00033544929465278983,0.9538173675537109
109,50823_d1830e58_2,0.0002541214635130018,0.9496951103210449
110,109762_cb162371_48,9.744334238348529e-05,0.9657581448554993
111,41387_5f752e39_23,9.182837675325572e-05,0.9966040253639221
112,121540_629c716f_0,0.00016652155318297446,0.9929507970809937
113,118539_1dff9cf9_12,1.237415835930733e-05,0.09501230716705322
114,30714_dafa62f6_2,0.0007137847715057433,0.9906615018844604
115,79633_bbbde75f_0,0.0005312365829013288,0.9870438575744629
116,33059_531cfd5e_11,0.00011569938942557201,0.9810649752616882
117,20697_d3e106b4_4,1.8878561604651622e-05,0.8414478302001953
118,136062_0027ff97_6,0.00016174231132026762,0.9850777983665466
119,146291_6b0c8db3_1,0.0004712099034804851,0.9890336990356445
120,45466_5f662bcb_0,9.487082024861593e-06,0.9804661870002747
121,144500_7f600ab6_0,7.45946672395803e-05,0.9931020140647888
122,44996_b3e9c266_4,3.747122173081152e-05,0.9920853972434998
123,40713_4c9264ef_0,0.00012167709064669907,0.9837654232978821
124,132384_0fcab1fa_13,0.00012061103916494176,0.8702494502067566
125,33738_77d49563_2,6.081989704398438e-05,0.9293048977851868
126,129422_621d0a90_33,4.693289156421088e-05,0.9779112935066223
127,115633_fd3c9b97_32,1.1157098924741149e-05,0.954281747341156
128,69337_a122ffde_1,0.0001466751127736643,0.9850087761878967
129,37241_29f91452_0,0.00019377157150302082,0.9955174326896667
130,141199_9ae000ef_6,0.0002860157401300967,0.7582351565361023
131,147133_92c04b84_4,0.0002196156419813633,0.8068453073501587
132,77687_cbb18594_50,0.00014815208851359785,0.8977388739585876
133,144290_2a679085_11,9.235672223439906e-06,0.9727995991706848
134,130825_c59bbbfb_0,0.00026289254310540855,0.9932723641395569
135,82512_252da752_6,1.1354197340551764e-05,-16.566162109375
136,115624_d0acb46b_24,0.0001655726955505088,0.9982035160064697
137,92134_52f13f49_7,3.362199277034961e-05,0.9789055585861206
138,100326_0602c712_7,2.9885457479394972e-05,0.9528909921646118
139,134630_f9e85072_0,0.00014544231817126274,0.9665180444717407
140,108943_b07b2543_1,0.0002097298129228875,0.9654150009155273
141,125416_ab456bc3_5,0.00012793157657142729,0.9891384243965149
142,57222_33b428d7_69,6.82343088556081e-05,0.9317553639411926
143,24650_dad8c8ee_13,0.00022268843895290047,0.9960541129112244
144,41749_14d0599c_1,7.534877659054473e-05,0.9887914061546326
145,49396_98ab955d_27,3.3867097954498604e-05,0.9778891801834106
146,136892_e2a0b32c_4,2.6292775146430358e-05,0.32391566038131714
147,31962_e5291336_28,0.0002038594102486968,0.9955509305000305
148,34231_e27353cb_0,2.0546622181427665e-05,0.9783971309661865
149,112724_d334de09_0,0.00046907030628062785,0.9927094578742981
150,56486_82b3e23a_21,7.02603074387298e-06,0.9182981252670288
151,40500_6055e3d7_17,9.559912541590165e-06,0.6783976554870605
152,39468_15fb2e60_43,0.00014213693793863058,0.7680742144584656
153,141710_17531562_7,0.0001875671005109325,0.9946989417076111
154,33529_756075a0_12,0.00016739341663196683,0.9672075510025024
155,54169_3a875f10_8,0.0006548738456331193,0.98272705078125
156,41023_5445cb61_9,4.213405918562785e-05,0.9629442095756531
157,146380_5c569eeb_2,0.00016103255620691925,0.9134493470191956
158,24195_9791f5d3_38,1.3728107660426758e-05,0.7292881011962891
159,26573_7f7e176d_2,0.0004084641404915601,0.9963770508766174
160,22734_f6bad9f7_25,0.00024137743457686156,0.9961108565330505
161,48112_9538e204_0,8.841929957270622e-05,0.9982448816299438
162,127545_6fa39158_10,0.0006828209734521806,0.9946901798248291
163,23788_5c0b60c6_0,5.095357482787222e-05,0.9732449054718018
164,23792_5b4c1ce0_21,0.00013106527330819517,0.9958643913269043
165,146067_46e58ab3_1,0.0006672425661236048,0.9957666993141174
166,101072_dec6f415_3,5.6926553952507675e-05,0.9739053249359131
167,22829_b6649a29_0,1.8031621948466636e-05,0.7010160684585571
168,55389_a736bd99_0,0.00013850684626959264,0.9264258742332458
169,30259_d709601c_9,0.0004926971741952002,0.9859641790390015
170,35866_d0233b36_13,3.303466291981749e-05,0.6492199897766113
171,34563_52848c45_5,4.8422192776342854e-05,0.9803999662399292
172,44519_90af0df6_7,0.0002232170372735709,0.9348849058151245
173,114111_59282658_8,5.9281275753164664e-05,0.9797149896621704
174,45922_26941172_15,0.00030050816712900996,0.9949695467948914
175,41303_bd1def52_3,3.474680124782026e-05,0.9912141561508179
176,22053_de30641b_1,2.6674797481973656e-05,0.5916639566421509
177,22298_51433023_4,0.0003110951220151037,0.9932219386100769
178,23479_81a49137_0,0.00013774771650787443,0.9499595165252686
179,22225_a3ce4d29_37,0.00034361673169769347,0.9952425956726074
180,135669_490cd2d7_14,6.595212471438572e-05,0.9964625239372253
181,32173_8b075b1a_4,0.000180388567969203,0.9970781207084656
182,145119_24107428_5,0.0003940453170798719,0.9701104164123535
183,41774_88a7a483_36,2.215106360381469e-05,0.9886155128479004
184,133549_1b6c58d6_0,0.00023596131359227002,0.9949779510498047
185,40936_6de8f4f4_0,0.0012098479783162475,0.9924527406692505
186,23008_3d1bb7b2_0,0.00030908212647773325,0.9955652952194214
187,38360_ad61c9b2_1,8.928787428885698e-05,0.9419878125190735
188,136109_3d342d3c_2,0.0001328402868239209,0.9946594834327698
189,135790_a27f9deb_11,1.9875902580679394e-05,0.9753520488739014
190,140249_7c1c5bba_0,9.376421076012775e-05,0.8858619928359985
191,128996_a3d026d6_0,0.00033733711461536586,0.9308708906173706
192,23235_f9ccb8b0_0,0.0004809260426554829,0.6207352876663208
193,93671_f7290ded_0,8.47348928800784e-05,0.9497888684272766
194,51109_97b211c3_7,0.0001911978906719014,0.976632297039032
195,51916_fa226b15_13,2.5244915377697907e-05,0.9454526305198669
196,86268_094d3fab_1,8.062164124567062e-05,0.9983879327774048
197,39637_ca6a9a60_1,0.000582001346629113,0.9280233383178711
198,47219_93cb3619_3,0.0007412743871100247,0.9869435429573059
199,47878_0edb6829_0,6.889300857437775e-05,0.9987747669219971
200,26764_ab35159a_6,0.0004015403683297336,0.9839722514152527
201,34341_d19b12fb_12,1.1636366252787411e-05,0.9871862530708313
202,118342_c702e084_6,0.00011909345630556345,0.9972795248031616
203,49886_dd68dccb_4,0.00027853247593156993,0.9789106845855713
204,23493_57512264_5,4.0851202356861904e-05,0.8712118268013
205,31751_e37382e1_5,0.0004502180963754654,0.988467812538147
206,24338_848cab42_6,0.0004776208661496639,0.9622660875320435
207,24916_42eacca3_10,8.91591189429164e-05,0.9518299698829651
208,137485_a953e1be_2,8.949991024564952e-05,0.9982104301452637
209,23706_ef15ef9c_18,0.0004506979894358665,0.970103919506073
210,143671_eaf4d13b_6,0.0007187303272075951,0.9890340566635132
211,53470_39f2e9dc_13,0.0002234430576208979,0.7168321013450623
212,145772_59253c6d_3,2.2392223399947397e-05,0.9684472680091858
213,51893_d531e2bd_2,0.0001473979646107182,0.9967906475067139
214,39389_d641313f_8,0.0009411165374331176,0.9640906453132629
215,51595_41f3d1a3_5,5.503069769474678e-05,0.9477559924125671
216,51674_a70c1c6c_15,7.004170765867457e-05,0.7331615090370178
217,37617_3f415463_5,2.617897371237632e-05,0.9801441431045532
218,31862_a89f21f9_3,0.0001301276497542858,0.9961328506469727
219,40519_55a097c6_11,0.0002861366083379835,0.9833166599273682
220,111306_9108c940_0,0.00020343458163551986,0.9610686302185059
221,136640_16741d62_4,0.00011172294762218371,0.9239721298217773
222,23155_d7305c5f_2,0.000967550789937377,0.9804016351699829
223,43934_912ff891_41,0.00011318980978103355,0.46042752265930176
224,57017_6033d1e5_0,0.0001348877267446369,0.9932091236114502
225,126913_d253adb7_1,0.00016248534666374326,0.9350196719169617
226,130752_52d74f2f_48,0.00028540613129734993,0.9807606339454651
227,124177_71283cad_0,0.00010661537089617923,0.9917787909507751
228,24650_dad8c8ee_18,0.00024401542032137513,0.9937624335289001
229,55199_4d57661f_2,0.0003630217397585511,0.9782671928405762
230,115010_eb737aaf_20,6.281280366238207e-05,0.9987971782684326
231,27855_19c5895a_12,8.457807416561991e-05,0.9556390643119812
232,52772_a6e6e320_0,4.124053884879686e-05,0.9446554780006409
233,90917_3d2d21a9_0,0.0005691114929504693,0.9869838356971741
234,40703_5f4e45d4_7,7.739971624687314e-05,0.9984645843505859
235,132622_911efd2f_1,0.00045743302325718105,0.993152916431427
236,43441_e1ab0873_6,0.00024500361178070307,0.9961321949958801
237,34917_61633e20_6,0.00018284283578395844,0.9960359930992126
238,67221_275ba7e6_4,0.00017173451487906277,0.9965551495552063
239,130719_e4764a36_10,2.0872981622233056e-05,0.9544840455055237
240,136318_130d6a06_20,0.0002524693263694644,0.9769718647003174
241,99636_73c43ebd_10,0.00013151165330782533,0.9964514374732971
242,29377_3a04cb8d_6,7.706319593125954e-05,0.988757312297821
243,23018_63087a41_47,0.00019348168279975653,0.9947039484977722
244,26165_100fec74_4,3.946055949199945e-05,0.8758376240730286
245,135934_d2f6bb2e_46,8.212406828533858e-05,0.960133969783783
246,24039_448afafa_5,0.00018569474923424423,0.9910505414009094
247,32775_a79b406b_14,0.00029533705674111843,0.9623687863349915
248,23686_cba4f679_0,0.00018834185902960598,0.9821380972862244
249,35147_bc9f2c5d_0,0.0002701421908568591,0.9563906788825989
250,136337_1351909b_2,0.0007888052496127784,0.9812638759613037
251,139222_2c10ca9a_1,8.550516213290393e-05,0.9926442503929138
252,139379_fe5c3f64_0,5.2877276175422594e-05,0.9980505704879761
253,33084_344fec27_2,7.34147397452034e-05,0.9986180663108826
254,24775_d5c98d77_0,7.315642506000586e-06,0.7744833827018738
255,56344_3a89f085_23,0.0001125161288655363,0.9895719885826111
256,135112_cf8007b8_5,0.00032911126618273556,0.9918963313102722
257,50706_20d07d57_2,0.000538379536010325,0.9948408603668213
258,51744_cd355565_5,0.0002296374150319025,0.9931219220161438
259,51464_da501c24_0,0.00028540921630337834,0.9437456130981445
260,126572_a2d6f794_23,7.750799341010861e-06,0.7317474484443665
261,70021_e673ae54_2,1.1954177352890838e-05,0.9827759861946106
262,25144_31b089b6_5,9.166683594230562e-05,0.9584794044494629
263,24715_55aac5f2_2,1.5068491848069243e-05,-0.2544504404067993
264,24532_f82f8000_2,7.494594319723547e-05,0.9393283724784851
265,30664_a3084f71_1,0.00046530202962458134,0.8054629564285278
266,81145_5c13a8e9_1,0.00011931057088077068,0.878136157989502
267,132037_2abb8c63_10,9.72206635196926e-06,0.9553095102310181
268,50414_ac159b58_2,7.296933472389355e-05,0.9973480701446533
269,21601_360ce1c7_7,0.00012577668530866504,0.9977142214775085
270,22119_27e3ecbe_9,0.0001933571620611474,0.9940040707588196
271,145120_74f7316f_0,0.0006889704382047057,0.9688506126403809
272,74574_c302ff1f_0,2.7816076908493415e-05,0.9634655714035034
273,52443_085efc00_4,0.00015828425239305943,0.9482806921005249
274,147546_ede0f31c_3,0.0007219063700176775,0.9843889474868774
275,22492_047b125b_21,0.0003969816898461431,0.9907863140106201
276,72313_5a86e234_0,0.0009395750239491463,0.9820517301559448
277,45589_49e3c7ea_2,3.737713996088132e-05,0.9988729357719421
278,83432_a7f85698_0,6.331881741061807e-05,0.9985777735710144
279,32775_a79b406b_0,3.764886787394062e-05,0.6374378800392151
280,121703_69c4a5ac_3,1.1522988643264398e-05,0.9582486748695374
281,80901_e9080573_6,0.0005202589090913534,0.9796968102455139
282,21809_8bd6b10e_3,0.000364993407856673,0.9919664859771729
283,49396_98ab955d_15,0.0002134216483682394,0.9796504378318787
284,33766_14917a4a_19,0.00037862639874219894,0.9915756583213806
285,26661_ab88a525_8,4.6205095713958144e-05,0.998704731464386
286,44030_17bd5ec9_0,0.00011332159192534164,0.8606929779052734
287,53221_74fa81cd_7,0.00014277975424192846,0.8765788078308105
288,21887_3306168f_7,0.0006408884655684233,0.9361420273780823
289,86185_85fde9e6_0,0.00018518973956815898,0.9716973900794983
290,87951_500b1dcd_2,1.930549660755787e-05,0.9793334007263184
291,22276_69c5036b_11,0.00035891527659259737,0.9906094670295715
292,41721_44151488_5,0.0002652930561453104,0.9754354357719421
293,102293_5d04e48d_0,0.00024329476582352072,0.988456666469574
294,77687_cbb18594_20,1.4544837540597655e-05,0.9798243045806885
295,133248_1bab99ae_0,0.0005651041865348816,0.7508901357650757
296,24051_4852a192_2,0.00026752956910058856,0.9908174872398376
297,86806_2993395a_1,5.082237476017326e-05,0.9568552374839783
298,38558_b0d6b3f8_1,0.00014605083561036736,0.997002363204956
299,140549_7d01813c_0,0.0001690410717856139,0.994637668132782
300,24559_3c306e71_1,0.00032036841730587184,0.9507243633270264
301,70350_751de4b0_13,0.0003646828990895301,0.8514484167098999
302,39101_23fec10f_8,0.0007334032561630011,0.9219741225242615
303,24942_9d1b2ff2_8,0.00024312797177117318,0.9971661567687988
304,30850_05d88af9_3,0.00024871440837159753,0.9958641529083252
305,113358_08641c94_4,0.0003691868914756924,0.9885278344154358
306,21234_8b71bd47_27,0.0001614234206499532,0.9416006803512573
307,26245_4aac38e1_21,6.104833300923929e-05,0.8583595752716064
308,66072_d301cc88_0,0.0002243139169877395,0.9029945135116577
309,21894_93f0d052_23,0.0001675511011853814,0.9834505319595337
310,147816_7fb70c2b_2,0.0002757095207925886,0.9710811972618103
311,49120_4131d1e7_1,6.672186282230541e-05,0.9866418242454529
312,52224_ca16c854_4,0.0002167294005630538,0.9690510630607605
313,105762_19e04e0b_1,4.776023342856206e-05,0.6229748725891113
314,30400_8824ce97_36,0.0001611245097592473,0.97679203748703
315,95199_ffcff41e_0,9.070832311408594e-05,0.9070624113082886
316,50417_199cffee_3,1.5749332305858843e-05,0.9877423048019409
317,24544_d06c82dd_5,0.00013019803736824542,0.9978453516960144
318,22604_565b91f5_2,6.859458517283201e-05,0.9971380233764648
319,22788_b6a9e30a_4,3.0462171707767993e-05,0.9923877120018005
320,45789_d5126eab_14,0.0001581374235684052,0.9676966071128845
321,37267_b2be4b50_3,6.655296147073386e-06,0.33032482862472534
322,34330_5eff1ee1_3,0.00022035832807887346,0.9742832183837891
323,137999_d934160e_1,7.245463166327681e-06,0.9439525008201599
324,134921_f5efde94_27,4.237040047883056e-05,0.9610445499420166
325,53470_39f2e9dc_8,7.102858216967434e-05,0.2031533122062683
326,23497_f292546d_25,0.0005090490449219942,0.9788430333137512
327,22289_4b848f64_2,0.00012064865586580709,0.9836598634719849
328,31392_84b62622_2,0.00017197657143697143,0.9856672883033752
329,51347_1fc6f329_0,0.00022727285977452993,0.9489442110061646
330,50777_2934de55_6,4.8314414016203955e-05,0.9982762932777405
331,32841_954e8c1a_0,8.243976481026039e-06,0.9914947152137756
332,31530_6744ae73_3,0.00019110967696178705,0.9971949458122253
333,65827_d1469ad6_1,4.4176857045385987e-05,0.6693972945213318
334,145461_30637b22_8,1.656928907323163e-05,0.337710976600647
335,31973_093ea963_13,6.310653407126665e-05,0.9754332304000854
336,70355_e5f58cd5_14,0.00020396681793499738,0.9801081418991089
337,77687_cbb18594_40,5.113247243571095e-05,0.7740912437438965
338,24392_fce351ea_0,4.019269545096904e-05,0.978452742099762
339,36853_7efccb8c_3,0.0002115862735081464,0.9711214303970337
340,41644_d15f8e2b_5,3.847330663120374e-05,0.801737904548645
341,131762_9b5e5ff5_2,0.00015840317064430565,0.9904341697692871
342,82193_96ef9433_2,0.0001426868693670258,0.9977763891220093
343,31347_386f6298_15,0.0005327306571416557,0.9874737858772278
344,34568_fbe47bf9_0,9.329824388260022e-05,0.7329293489456177
345,115624_fe3eb392_3,0.0002250722172902897,0.9948492050170898
346,130446_e7b58dbe_0,0.0005491802585311234,0.9778429269790649
347,104641_2cd02839_33,1.4703676242788788e-05,0.9678775668144226
348,31460_39fdfc6a_7,0.00019205959688406438,0.9567699432373047
349,95541_ced8f936_0,0.0001629300240892917,0.9964884519577026
350,23126_725969ea_17,0.000131024862639606,0.9861565828323364
351,23676_52069f98_5,1.1387742233637255e-05,0.957115888595581
352,137637_ed9c537d_0,0.00013549621507991105,0.9664965867996216
353,22474_b10fea1a_2,0.0001978467043954879,0.9952077865600586
354,143017_21d96cc2_10,0.0003775049408432096,0.9455792307853699
355,105270_34f92afd_1,2.1652645955327898e-05,0.9696304798126221
356,95622_0a0787e4_4,0.00015875700046308339,0.9976288676261902
357,55854_13f0399b_0,0.00035361494519747794,0.9923891425132751
358,22118_1e09e0eb_5,0.0002561916771810502,0.9890736937522888
359,146717_3e6a84c1_7,0.0007235970697365701,0.9891536831855774
360,63132_330141d7_3,4.497875124798156e-05,0.9908780455589294
361,115633_fd3c9b97_46,4.3929405364906415e-05,0.909516453742981
362,21644_aa203dc5_29,7.407887460431084e-05,0.9818170070648193
363,79791_00f639ca_15,8.988712215796113e-05,0.9984866976737976
364,60711_42b5a13e_1,0.00026853958843275905,0.9702610969543457
365,137483_cdb8989d_0,0.00011753124272217974,0.9975460767745972
366,21644_aa203dc5_26,0.00018767270375974476,0.9676094651222229
367,131876_b2384623_0,8.049119787756354e-05,0.9480295181274414
368,23706_ef15ef9c_10,0.0002060689585050568,0.968474805355072
369,68948_0d2a01cd_9,0.0005259793251752853,0.9852479100227356
370,145137_4e9eef42_1,0.0001167554801213555,0.9765176177024841
371,30426_2cde26de_20,0.00032674349495209754,0.9962819218635559
372,31378_34c52a73_0,0.00011776447354350239,0.9673066139221191
373,92134_52f13f49_4,6.538091110996902e-05,0.9558749198913574
374,119634_fc722479_1,0.00019148174033034593,0.9973655343055725
375,24032_d6172503_24,0.0003653921012300998,0.8470168113708496
376,136401_69f29349_4,1.8924192772828974e-05,0.7063719034194946
377,41871_f9a1ad02_26,0.0002187895297538489,0.9833871126174927
378,48220_87941c4e_116,0.00010514342284295708,0.9844406247138977
379,115012_9ed88535_2,0.00011080787953687832,0.9557421207427979
380,69488_025cf0a2_1,0.0012289752485230565,0.9916688799858093
381,147427_69f68da4_3,2.6518802769714966e-05,0.9264997243881226
382,33766_14917a4a_32,0.0001806274231057614,0.9935024380683899
383,51747_3d58eae0_0,0.00018652724975254387,0.9749544858932495
384,33785_a4c23f61_0,0.001060517388395965,0.9959990978240967
385,114935_797875fe_2,0.0005997802945785224,0.9781798124313354
386,51775_49ef614a_26,8.527695172233507e-06,0.9848378896713257
387,38196_ea48fa42_3,2.1391409973148257e-05,0.7497570514678955
388,140413_44177109_21,8.574342245992739e-06,0.8430820107460022
389,27676_79237cc5_1,0.00015133140550460666,0.9504923820495605
390,52883_e518d3f4_33,9.12007235456258e-05,0.998203456401825
391,34347_841c5375_2,3.3345597330480814e-05,0.32201045751571655
392,55289_292737cb_0,0.00011004830594174564,0.9978872537612915
393,50606_82cb18e2_0,8.644885383546352e-05,0.9966024160385132
394,30407_efa567f2_4,0.00012006219913018867,0.9971050024032593
395,31647_ab9ad9dc_13,0.00017603731248527765,0.9829457402229309
396,24896_58b4730f_17,0.00019406469073146582,0.9638040065765381
397,23602_5daaccf5_4,0.00044722016900777817,0.9687636494636536
398,27725_5cceaeb7_10,4.0114133298629895e-05,0.9166620373725891
399,127734_395dcf7d_5,0.0006154362927190959,0.8999258279800415
400,31957_d864f861_3,0.00023756313021294773,0.95158851146698
401,49415_1671b60c_4,0.00021931619266979396,0.7949317693710327
402,45110_fae73324_4,0.00023431166482623667,0.9874957799911499
403,22343_34184fd5_18,0.0001234911469509825,0.5298622250556946
404,22848_cc91b848_38,3.497063062241068e-06,-3.0311708450317383
405,73652_23b21ef2_1,0.00018587426166050136,0.9962623119354248
406,65569_bd890a32_1,1.8436607206240296e-05,0.8231592178344727
407,48220_87941c4e_111,0.000172487911186181,0.9697909951210022
408,30394_e30f932c_0,0.00023982454149518162,0.9862778186798096
409,21941_1a683ec2_26,0.00019406579667702317,0.9918961524963379
410,25564_e646fcb3_1,2.5340688807773404e-05,0.9144212007522583
411,134053_87a32e31_3,2.8867700166301802e-05,0.9212300777435303
412,87950_af56e26e_2,0.00015600903134327382,0.988581657409668
413,51458_54240b70_17,4.7144472773652524e-05,0.9479268193244934
414,40688_effe215a_1,0.00023736563161946833,0.9941220879554749
415,131494_c8a441d0_0,8.753559814067557e-05,0.982954204082489
416,26768_c4df841f_21,0.0001563873520353809,0.8168100714683533
417,136892_2d5f55a9_0,0.00014456268399953842,0.9682990312576294
418,54652_d60ac3e0_10,0.0005464517162181437,0.9703532457351685
419,51747_3d58eae0_1,0.00014308815298136324,0.9415061473846436
420,54650_df3655c1_0,2.5323592126369476e-05,0.7226415872573853
421,41125_711db4bf_58,0.00026405678363516927,0.9706282019615173
422,45418_f603706b_2,0.00023115564545150846,0.9415332078933716
423,21852_6cf9a734_18,0.0006585875526070595,0.9943709969520569
424,122515_758d8b70_6,1.3742002010985743e-05,-10.347965240478516
425,104081_05ba54fa_2,9.974055137718096e-05,0.9581109285354614
426,41672_cf87e0b6_0,0.00016451372357551008,0.9746091961860657
427,22638_37f9fe91_1,6.471774668170838e-06,0.9808802604675293
428,24559_3c306e71_3,0.00020212058734614402,0.9632881283760071
429,31589_ac31215d_8,9.532979311188683e-05,0.9495543837547302
430,49603_143b8bd2_35,0.00031475533614866436,0.9750884771347046
431,127965_c64a91da_0,0.00015632635040674359,0.9595417976379395
432,36062_f2fb6808_1,3.173989534843713e-05,0.7066597938537598
433,139280_8874b1ab_18,2.5656156140030362e-05,0.9753466248512268
434,30997_24dea167_4,0.0003167084651067853,0.9714327454566956
435,143471_eb185912_5,1.2938426152686588e-05,0.8675233125686646
436,23176_1bf2a2d5_10,0.0001894684392027557,0.9921666979789734
437,98299_b8146029_5,0.00014317721070256084,0.9876003265380859
438,23466_1cf60d09_4,0.00044719214201904833,0.9874956011772156
439,41591_2d0bd0d5_3,0.00017143272270914167,0.9939735531806946
440,134929_9049dcec_1,4.021954009658657e-05,0.9784334301948547
441,41785_e8bf0528_0,0.00030802254332229495,0.9865779876708984
442,31460_39fdfc6a_6,0.00021483648743014783,0.9953991770744324
443,133710_00be7f31_1,0.00023027852876111865,0.973577082157135
444,24532_f82f8000_0,0.00017687697254586965,0.9610937833786011
445,21234_8b71bd47_3,3.1675743230152875e-05,0.9520502090454102
446,35175_6edc4126_5,0.0002570917713455856,0.9925501942634583
447,20495_e8e7e80c_1,3.398594708414748e-05,0.9603722095489502
448,76546_c17e95aa_2,5.604339457931928e-05,0.6703428030014038
449,41654_e75f89df_0,0.00022083196381572634,0.9880141019821167
450,109772_f1a0845e_6,0.00010972434392897412,0.9365992546081543
451,34913_d23e2a24_0,0.00022356066619977355,0.987579345703125
452,25203_1cc0cb3c_12,0.0002535332750994712,0.9957687854766846
453,37160_2a95674a_4,0.0003921279276255518,0.9744024872779846
454,69240_dc199112_4,0.00032857293263077736,0.9375885128974915
455,25176_d9130589_0,6.568236858583987e-05,0.9913676977157593
456,69235_fe79a369_0,0.00012882568989880383,0.7106772661209106
457,39468_15fb2e60_9,0.0001526054402347654,0.9778608083724976
458,103284_e25015aa_6,4.047849142807536e-05,0.6773918867111206
459,30377_e18ea3de_0,4.0098784666042775e-05,0.9675148725509644
460,66080_f578d52b_4,5.3985848353477195e-05,0.7225277423858643
461,37444_52b27e94_14,0.0001253092777915299,0.9809160232543945
462,38675_6e07d74b_31,0.0003463710309006274,0.9890400767326355
463,21680_360ba5c7_28,0.00019573446479626,0.98573899269104
464,142032_5c32b7db_2,0.0002461471303831786,0.9954674243927002
465,44210_a155c2d1_0,0.0007451835554093122,0.9834119081497192
466,38287_88ec74de_92,0.00013566513371188194,0.9799718856811523
467,29572_2f9283f2_4,0.00020308367675170302,0.9848722219467163
468,28300_b3a6ab79_10,0.00024464281159453094,0.9915407299995422
469,136129_e6a20c7d_5,2.042546657321509e-05,0.9686606526374817
470,119381_e4d13609_0,0.0002758369082584977,0.9895638227462769
471,30729_b4d83b07_4,9.28290501178708e-06,0.8093771934509277
472,140413_44177109_11,0.00012377802340779454,0.9941784739494324
473,26384_83eddf22_0,0.00022155983606353402,0.9830840229988098
474,82285_e7a738e7_2,0.00024606447550468147,0.9795043468475342
475,108599_347602af_0,0.0002008292212849483,0.9937548041343689
476,119889_41a6f268_1,7.239961269078776e-05,0.8931553363800049
477,55006_94230c00_1,8.776551840128377e-05,0.9972561001777649
478,21517_bfe35b4c_10,2.6565889129415154e-05,0.9877921342849731
479,20818_098cad7c_6,2.5160932636936195e-05,0.9730554819107056
480,41855_b82e6ae8_6,0.00018634903244674206,0.9784585237503052
481,137166_90691294_8,2.188471808040049e-05,0.9854665994644165
482,69561_f274e705_26,6.0568163462448865e-05,0.9970799088478088
483,51579_d0c3e154_0,0.00022228521993383765,0.9905939698219299
484,23676_52069f98_4,0.00023635095567442477,0.9925577640533447
485,31962_e5291336_1,0.00024132178805302829,0.9928600788116455
486,57222_33b428d7_1,3.0770392186241224e-05,0.9771562218666077
487,51586_2ad96f8c_17,7.001496669545304e-06,0.915785014629364
488,41473_c2137170_32,0.00018046154582407326,0.9718743562698364
489,31123_9a1bfc50_2,7.259114499902353e-05,0.9945181608200073
490,23211_3aac9c7e_0,0.00014487479347735643,0.9728550910949707
491,45798_b573e9da_5,0.0005447710864245892,0.9719178676605225
492,27847_d2436f7c_37,1.5518606232944876e-05,0.9820634722709656
493,54736_6ee1b513_1,6.140478217275813e-05,0.9469491243362427
494,132901_7d205bb4_9,0.00010984919936163351,0.27167993783950806
495,73762_8c704690_0,0.00017846847185865045,0.9759334921836853
496,23209_1592b0a4_1,0.00013686752936337143,0.9905081987380981
497,49024_b7f02205_2,1.6953017620835453e-05,0.9570186138153076
498,147630_7f858240_15,0.00010804161865962669,0.9809654355049133
499,69337_2c778611_11,6.136998854344711e-05,0.963875949382782
500,82498_92a00cd6_1,0.00014380317588802427,0.955443799495697
501,78775_e2d8b091_1,0.0001799403689801693,0.9755938649177551
502,40067_95ae6c76_9,0.00019501845235936344,0.9791079759597778
503,80756_6f2e842f_0,0.00010100582585437223,0.9794484972953796
504,25284_1da7aa8a_0,0.00015547577640973032,0.9692343473434448
505,55605_2f8bc12e_62,0.00015683032688684762,0.9946363568305969
506,39792_60786b6c_15,0.0003052884712815285,0.9938712120056152
507,34063_0ca1585e_2,0.00018952110258396715,0.877154529094696
508,31664_1e85c690_13,0.0001646625023568049,0.9952918291091919
509,131193_98f3ac52_1,0.00012928088835906237,0.942176878452301
510,120221_e2eaa34b_2,0.00031359237618744373,0.8923943638801575
511,130286_1f71bfed_3,0.00021477170230355114,0.9360172748565674
512,118342_e8142153_21,7.064770034048706e-05,0.9738919734954834
513,128043_9f8cd69e_1,1.8221926438855007e-05,0.9748963713645935
514,41504_85e300ee_1,1.0000671863963362e-05,0.9569373726844788
515,78863_d59be42e_0,0.000302675471175462,0.9636139869689941
516,31733_5118b376_3,0.0006026662304066122,0.9956992864608765
517,22208_e177deb7_5,0.0002432566398056224,0.9418862462043762
518,24026_1dd4094b_43,9.446761396247894e-05,0.9173812866210938
519,73388_10a40b49_1,0.0002620460873004049,0.9845738410949707
520,138219_cdff4f61_0,0.000183675394509919,0.8787815570831299
521,49399_dc56d180_1,6.140545156085864e-05,0.9988515973091125
522,41306_8f26e703_3,7.837285374989733e-05,0.9729877710342407
523,51590_034b8b08_14,0.00041653597145341337,0.9929558634757996
524,48402_8c965495_4,1.1372347216820344e-05,0.9836409687995911
525,26388_a3367cba_0,0.00029505888232961297,0.9632211327552795
526,28300_b3a6ab79_6,0.00015191329293884337,0.9949175119400024
527,43938_418421a7_0,0.00010934016609098762,0.9504360556602478
528,41520_60018d18_0,9.677371963334735e-06,0.9303219318389893
529,137869_344b239b_0,3.196897523594089e-05,0.9248002171516418
530,41648_577daf16_0,0.0006738324300386012,0.9711560606956482
531,31347_386f6298_10,7.106558041414246e-05,0.9986551403999329
532,82190_24b1b0fe_12,0.0004376940196380019,0.9233469367027283
533,33741_4a973932_1,0.0002482554700691253,0.9588415026664734
534,42005_3da46d94_0,8.270366379292682e-05,-0.8518810272216797
535,132982_ee1eed2f_0,0.00017953604401554912,0.9923332929611206
536,23898_6e740393_29,6.78471042192541e-05,0.8663108348846436
537,105831_88a0fb85_6,7.30461033526808e-05,0.9984068870544434
538,31278_749a6317_0,3.433229721849784e-05,0.9793775081634521
539,51586_2ad96f8c_4,7.130774611141533e-05,0.9674438238143921
540,57000_cd1ddece_14,7.993084727786481e-05,0.9674199819564819
541,50692_e7ff2668_8,0.0003433696983847767,0.9877874851226807
542,65346_e89312e5_0,5.449434684123844e-05,0.917644739151001
543,38840_0e449caf_4,0.0001529298024252057,0.9605046510696411
544,29573_ca59fbbf_5,0.00030099580180831254,0.9969655275344849
545,30164_c5680724_12,0.00016152583702933043,0.9914758801460266
546,138620_e21e10ee_0,1.9576977138058282e-05,0.9833160638809204
547,50305_caf9cef2_34,0.00020858482457697392,0.6390824913978577
548,83396_fdb2987a_0,0.00022752473887521774,0.9917973279953003
549,28379_7e292343_4,0.0004451637214515358,0.9901915192604065
550,33529_756075a0_32,0.0003650190483313054,0.9728761911392212
551,109857_1d24326e_42,8.196201633836608e-06,0.5915542840957642
552,22772_2b5f6629_6,9.382958523929119e-05,0.9984601736068726
553,34600_e2685d46_2,7.909483974799514e-05,0.9971097111701965
554,122344_ab1b06aa_2,0.0006677775527350605,0.9879278540611267
555,123573_5f5c9584_1,0.0001121195891755633,0.9095427393913269
556,35166_562b126c_20,2.960668280138634e-05,0.9988539814949036
557,51350_138f893a_1,1.2292471183172893e-05,0.8820968866348267
558,137785_67c3085b_16,0.00026305470964871347,0.9935266375541687
559,50417_199cffee_12,0.00037879851879552007,0.9817001223564148
560,22194_a5c323b9_3,0.00014133629156276584,0.9769413471221924
561,42329_df7f540f_18,0.0001407222734997049,0.9853223562240601
562,41779_25e4203d_6,0.00011551253555808216,0.8240147829055786
563,51094_40aa8332_20,0.00032542881672270596,0.9877861738204956
564,109762_cb162371_38,0.0001389514363836497,0.9926853179931641
565,45922_26941172_9,0.00018906546756625175,0.9674492478370667
566,34587_ed155e93_0,4.920069841318764e-05,0.9985864162445068
567,69589_a468c1b4_0,0.00024339189985767007,0.9948609471321106
568,44921_00dfb467_0,9.58967866608873e-05,0.9766086935997009
569,82672_4705a693_0,9.430947102373466e-05,0.957984209060669
570,26778_a71e88a6_0,8.136980795825366e-06,0.9780663251876831
571,69488_7bfb2b67_0,4.0519138565286994e-05,0.9988740682601929
572,22686_afe3a61e_0,4.239200279698707e-05,0.7380925416946411
573,109772_5faa88e8_5,0.00011780488421209157,0.9194173216819763
574,43938_418421a7_147,0.0002559378044679761,0.9648398756980896
575,141694_b5ac3112_3,0.00018229885608889163,0.929736852645874
576,31973_093ea963_16,5.653596963384189e-05,0.9645038843154907
577,26858_e90dc419_25,5.463180514198029e-06,0.9683849811553955
578,131350_bbdad30d_0,7.157577783800662e-05,0.9591899514198303
579,35741_c43475b8_1,0.00013090304855722934,0.9543805718421936
580,30690_3df2c9e2_1,0.0004369193920865655,0.9627484679222107
581,122758_5f4efbf0_2,9.010698704514652e-05,0.994071364402771
582,37822_3be11c62_0,3.955643842346035e-05,0.9831809997558594
583,91174_ee6ee92b_1,9.733636397868395e-05,0.9771952033042908
584,23676_52069f98_31,0.0003845509490929544,0.9961263537406921
585,27958_fee329eb_1,0.00011985254968749359,0.9674888849258423
586,144534_3b4fdb09_18,0.0004546246200334281,0.8729671835899353
587,30292_0b5e0265_1,0.0005604138714261353,0.9923710823059082
588,111062_e59e2d31_0,0.0008592618396505713,0.9902349710464478
589,135790_a27f9deb_77,0.00010237951210001484,0.980059027671814
590,65842_de75838b_10,6.688767462037504e-05,0.9860074520111084
591,22475_9d9601a8_3,4.196259760647081e-05,0.7660611867904663
592,119884_192e3265_0,0.0004813008999917656,0.928166389465332
593,51463_3330e3aa_2,0.0004102321108803153,0.9574308395385742
594,23231_efe613bb_4,0.0002613186661619693,0.986615777015686
595,22895_4533b542_2,0.00010327622294425964,0.9841369986534119
596,146219_5661130f_4,0.00010534593457123265,0.9977138042449951
597,38953_19054857_19,0.0002056421508314088,0.8172488212585449
598,21847_b2de7eb8_24,0.000463353208033368,0.9685993194580078
599,51603_034939eb_12,6.053832112229429e-05,0.9626845121383667
600,24843_5231632c_4,3.442343950155191e-05,0.9785837531089783
601,41982_f75ceb8f_4,2.5460103643126786e-05,0.8063209056854248
602,42937_c573c439_2,4.084291140316054e-05,0.8283159136772156
603,61288_2d594195_0,0.00021042220760136843,0.654085636138916
604,55006_94230c00_0,0.00011615053517743945,0.8843304514884949
605,49898_f42a885e_5,0.000143639903399162,0.9968692660331726
606,55709_af3825c8_4,0.000258774176472798,0.9915775656700134
607,144117_83c980ca_2,5.326173049979843e-05,0.8145905137062073
608,40417_b8d98f73_7,2.277302701259032e-05,0.9848461151123047
609,53200_d1e30b87_11,3.660841684904881e-05,0.959859311580658
610,147009_977ee378_4,7.126734089979436e-06,0.9370633363723755
611,63056_a5dfd66b_4,5.166722621652298e-05,0.9066467881202698
612,22205_f48b96b3_10,0.00013482167560141534,0.969297468662262
613,51585_b695905b_4,9.233249147655442e-05,0.9979555606842041
614,24084_71f37c00_1,0.00012379024701658636,0.9751561284065247
615,25815_0e853ad9_10,0.00010817819566000253,0.9932353496551514
616,55030_11a6e3e8_3,0.0008935591322369874,0.9919256567955017
617,23042_1184de03_5,0.00013122885138727725,0.996181309223175
618,39719_e9629dbd_4,2.3160753698903136e-05,0.745248556137085
619,51256_ed221095_2,2.1398333046818152e-05,0.9760956168174744
620,25810_93c8a71a_3,0.00013027606473769993,0.9950191974639893
621,22208_e177deb7_1,0.000320598715916276,0.9775667786598206
622,115624_d0acb46b_22,0.00013861166371498257,0.9978182911872864
623,30708_4282508b_0,6.275527539401082e-06,0.90286785364151
624,31117_cd5cdbdb_12,6.861325528007001e-05,0.970378041267395
625,41733_1ec9b00c_32,1.1250256648054346e-05,0.9667887091636658
626,111387_c4243097_2,8.276705557364039e-06,0.9887585639953613
627,119869_e8f0dd81_19,2.166805279557593e-05,0.9836931228637695
628,34569_590239d6_0,0.00024811699404381216,0.9886108040809631
629,136318_130d6a06_23,1.6501853679073974e-05,0.9794586300849915
630,145132_7aea3b66_4,0.0002036144578596577,0.9973349571228027
631,41878_3aeaed3d_0,0.00040065814391709864,0.934846043586731
632,34583_a1cf326b_0,6.0802132793469355e-05,0.9988872408866882
633,116581_d405b783_0,0.0004585727001540363,0.9937695264816284
634,24044_9bbe7992_3,5.19153727509547e-05,0.9352037906646729
635,22194_a5c323b9_2,0.0004858456668443978,0.9562141299247742
636,142076_08d80e12_21,1.3059685443295166e-05,0.9422193169593811
637,55817_6ac2912d_7,5.9211211919318885e-05,0.3614872097969055
638,21165_5cb2d287_2,1.627962410566397e-05,0.965696394443512
639,39796_45dcdc7d_0,0.0006623200024478137,0.9914103150367737
640,33044_7fdd9213_1,0.0004393886192701757,0.9883564114570618
641,23731_3fe5b501_6,1.9173079635947943e-05,0.9705277681350708
642,32743_f4c47bbc_31,0.0001861105120042339,0.9826999306678772
643,108775_4908fba2_21,0.00012694062024820596,0.98871910572052
644,21941_1a683ec2_19,0.00019777202396653593,0.9854033589363098
645,27682_04277f62_18,0.00026939029339700937,0.9876285195350647
646,25815_0e853ad9_4,0.00010468084656167775,0.9932449460029602
647,30261_723e95cf_2,0.0001511659356765449,0.9936286211013794
648,21385_601444ba_102,0.00022171904856804758,0.9895707368850708
649,30368_d7fd30ce_7,0.00012462999438866973,0.9529986381530762
650,55605_2f8bc12e_3,0.00018283269309904426,0.97015380859375
651,24650_dad8c8ee_15,1.0391172509116586e-05,0.6758008003234863
652,34227_48203345_7,0.00015842706488911062,0.995583176612854
653,113348_ac85cba3_1,0.00019613778567872941,0.9789366722106934
654,26552_25c5924a_1,3.6991958040744066e-05,0.9858347773551941
655,55381_cbaffe9b_0,3.169362389598973e-05,0.9912263751029968
656,55817_6ac2912d_25,0.00018000759882852435,0.9952161312103271
657,138947_0778db40_4,4.677298784372397e-05,0.981708824634552
658,52788_07f7da63_0,4.907729453407228e-05,0.9878172278404236
659,70355_e5f58cd5_6,1.611448169569485e-05,0.972862720489502
660,51744_cd355565_8,0.00028235497302375734,0.9421115517616272
661,41227_90e1c07c_16,0.00029982413980178535,0.9924496412277222
662,45359_1768ab3f_42,0.0005222641048021615,0.944881796836853
663,41783_d1c10326_3,3.931819446734153e-05,0.8735141754150391
664,32960_0eaa1de8_13,2.4243423467851244e-05,-0.7501829862594604
665,34674_32ee1595_3,0.0002909032045863569,0.9901332855224609
666,136885_23632908_1,0.00011554194497875869,0.9587665796279907
667,136808_00592735_3,5.4608935897704214e-05,0.9881196618080139
668,45589_49e3c7ea_5,6.128117092885077e-05,0.9987384080886841
669,141665_0564e852_3,0.0001533141767140478,0.9633894562721252
670,50897_3be92e2f_18,4.444793739821762e-05,0.9989620447158813
671,84256_4164b724_3,3.342381023685448e-05,0.9679304957389832
672,22994_e6ad8f2b_10,0.0004688798217102885,0.9825981855392456
673,28295_0dc908b9_8,7.749634823994711e-05,0.9757253527641296
674,23329_6939d5d9_5,6.722024409100413e-05,0.9254310131072998
675,123665_0a0da5c7_3,5.858860731677851e-06,0.9542640447616577
676,121172_0ac63503_7,0.00019659886311274022,0.9627705216407776
677,50941_2a8a8c76_0,8.698877354618162e-05,0.9982749223709106
678,37846_cde34fcd_66,0.00021103682229295373,0.9645808339118958
679,56040_9b1307eb_21,0.00037884031189605594,0.9409935474395752
680,146535_229c95bc_1,3.1112725991988555e-05,0.8574461936950684
681,50947_49287c16_2,0.0004142219841014594,0.9932294487953186
682,95622_0a0787e4_5,4.775192792294547e-05,0.9741570353507996
683,25432_f13e5110_0,7.782868487993255e-05,0.9975491166114807
684,32454_e959e3cf_0,0.0002964489394798875,0.9916570782661438
685,65858_61e9b51a_18,0.00026430768775753677,0.9397037625312805
686,70350_751de4b0_3,0.0007550639566034079,0.895615816116333
687,129239_0d49310c_15,4.8025307478383183e-05,0.9816956520080566
688,31008_8fa25b35_8,0.00010421513434266672,0.9779942035675049
689,55306_795d845b_2,1.721375883789733e-05,0.8905951380729675
690,29729_e8bb36f1_2,0.0001447507820557803,0.8294243812561035
691,67283_4097cbd6_5,0.00010275243403157219,0.1263427734375
692,23904_811e466f_4,2.176806447096169e-05,0.9817373752593994
693,116076_12d31fb7_1,9.51949114096351e-05,0.9856749176979065
694,45302_02d7e3bc_0,0.00019451577099971473,0.9510754346847534
695,60977_4bb093ec_1,0.00017998155090026557,0.9919800162315369
696,49017_76979790_8,0.000244301394559443,0.9536952972412109
697,146321_0dbae658_10,8.61113494465826e-06,0.13224297761917114
698,102194_150e3faf_3,3.653483872767538e-05,0.9988810420036316
699,34769_44655d03_5,5.036942093283869e-05,0.9436782598495483
700,38953_19054857_6,0.00021812487102579325,0.8209511041641235
701,55397_ad24603f_1,1.2905285984743387e-05,0.9866045117378235
702,21908_385686ec_15,0.00021878602274227887,0.9894393086433411
703,60721_57103153_4,0.00011192868987563998,0.8208004236221313
704,98701_7cd4ec8d_0,0.000439650408225134,0.9920142292976379
705,91703_642cdf1a_1,0.00010263956210110337,0.9980693459510803
706,26661_ab88a525_5,5.9907961258431897e-05,0.9848880767822266
707,51940_67bb0219_21,8.110341877909377e-05,0.8271639943122864
708,22543_684108ff_22,1.7088063032133505e-05,0.9830195307731628
709,145250_cde4d039_8,3.022965756827034e-05,0.965967059135437
710,20232_e5b060d9_6,8.405715561821125e-06,0.9847410321235657
711,128043_d4650350_0,0.000260992965195328,0.9964953660964966
712,140530_30edf2c4_0,0.00014934591308701783,0.8739612698554993
713,131814_9af6d05a_0,0.00020179037528578192,0.9696570038795471
714,26245_4aac38e1_9,7.21060496289283e-05,0.9698787331581116
715,30282_88c6933c_14,0.0002404166298219934,0.9907758235931396
716,32322_71d0035e_1,0.00019681626872625202,0.9899016618728638
717,131762_d10609a4_1,0.0002478604728821665,0.9888041019439697
718,54812_5f7b7aba_2,4.660243939724751e-05,0.9795411229133606
719,135830_8fb36dac_4,0.0004314082907512784,0.9808977246284485
720,139280_8874b1ab_4,1.6901560229598545e-05,0.9636955261230469
721,49904_639055dd_1,6.67463755235076e-05,0.9923496842384338
722,53601_59d3ecd2_0,0.0003397555847186595,0.9860710501670837
723,50047_54241fe3_12,7.854995783418417e-05,0.993919849395752
724,136925_70fb0381_3,0.00019468253594823182,0.9880864024162292
725,87488_95f678ce_0,0.00027786637656390667,0.9938654899597168
726,137166_90691294_2,2.293418401677627e-05,0.9847497344017029
727,44030_17bd5ec9_11,1.0195344657404348e-05,0.9838446974754333
728,137396_b5f6bec4_5,4.778761285706423e-05,0.9985647201538086
729,21900_760d2078_10,0.0003302212862763554,0.9952165484428406
730,21185_ac5324ba_5,0.00035655827377922833,0.9888797402381897
731,31132_2320d049_4,9.923652396537364e-05,0.9981949329376221
732,82281_80cdf67c_4,1.053805863193702e-05,0.9734152555465698
733,38287_88ec74de_15,5.430861347122118e-05,0.9989482760429382
734,136128_831e37a6_0,0.00012158419849583879,0.9864740371704102
735,21330_f0cee934_18,0.00010614616621751338,0.9303285479545593
736,34109_5a868eae_10,0.00013259226398076862,0.9873231053352356
737,21174_861bd902_2,0.00014543868019245565,0.987324059009552
738,49783_365bec9e_6,0.00020975199004169554,0.9937077164649963
739,24429_ace910b3_8,8.845295269566122e-06,0.48233938217163086
740,22772_2b5f6629_4,0.0003134548314847052,0.919856607913971
741,53927_ef5208b9_14,0.0006185687379911542,0.9742295742034912
742,56250_3b6024e3_54,0.00021760068193543702,0.9952446818351746
743,23522_5c2ec58e_8,0.0005259708850644529,0.983426570892334
744,121177_93fb3127_10,8.382091436942574e-06,0.9847890138626099
745,138840_b7f948ea_2,0.00019696669187396765,0.9799525737762451
746,41125_711db4bf_6,0.00038467595004476607,0.9909015893936157
747,102606_28922dfc_0,4.3294410716043785e-05,0.5447816848754883
748,31530_6744ae73_50,0.00042501912685111165,0.9924172759056091
749,50598_eae0df5a_1,9.770311407919507e-06,0.9821348190307617
750,145726_19ccdbda_12,0.00010456969903316349,0.9664666056632996
751,41469_b94cf3e4_0,0.0003142800705973059,0.9355818629264832
752,147009_977ee378_1,0.00016667468298692256,0.9839792847633362
753,24267_8a216138_10,0.000185418437467888,0.9849466681480408
754,63071_3d434a33_16,7.364185876213014e-05,0.996070921421051
755,34436_ffc43a58_4,4.903870649286546e-05,0.9576964378356934
756,50692_e7ff2668_4,0.0001371547841699794,0.9450432658195496
757,146642_883a71d2_9,0.0003683808317873627,0.9941824078559875
758,109772_f1a0845e_7,0.00020322189084254205,0.9952577352523804
759,136640_16741d62_1,0.000141179290949367,0.9641550779342651
760,21680_360ba5c7_11,0.00013597618089988828,0.9447548985481262
761,27729_09d75da1_2,0.00029296925640664995,0.9916548728942871
762,82148_5df06ed9_19,0.0006087883957661688,0.9577109813690186
763,55287_8a57a3db_1,0.0002777051995508373,0.9829158782958984
764,53221_74fa81cd_5,9.701408998807892e-05,0.9534746408462524
765,30417_0010bc7c_39,0.00027101609157398343,0.9788448214530945
766,23706_ef15ef9c_40,4.256450483808294e-05,0.9939248561859131
767,140763_e14274f8_3,3.617162292357534e-05,0.9726169109344482
768,23602_5daaccf5_3,4.2129384382860735e-05,0.993170440196991
769,30282_88c6933c_9,0.0002527263422962278,0.9841020703315735
770,56824_0fc773f6_0,0.00023911053722258657,0.9863687753677368
771,42410_d3b5588e_1,9.899108408717439e-05,0.9849596619606018
772,55055_dd27a8a4_0,6.100938844610937e-05,0.9988833665847778
773,115633_a2c63339_6,0.00016489707923028618,0.817449688911438
774,73651_a41647f8_5,1.0743549864855595e-05,0.9583532214164734
775,33413_060ce192_32,0.00020471093012019992,0.9842740893363953
776,97331_a482fa9b_0,0.0003599966876208782,0.9239253997802734
777,23476_705b76d1_0,2.954780029540416e-05,0.9988442659378052
778,32566_7bfc936b_6,0.0007791685638949275,0.99263596534729
779,41717_eb1c1e6b_0,0.000292817538138479,0.9765347242355347
780,60720_ef9a0a95_8,0.00015680337673984468,0.6648600101470947
781,138700_ab763a46_202,4.573337264446309e-06,-1.5238349437713623
782,38287_88ec74de_17,0.0005438892403617501,0.9105520844459534
783,135535_0bd0048d_0,0.00043570174602791667,0.9934378266334534
784,21797_69df08d5_7,0.0010194836650043726,0.9918831586837769
785,65350_b3fa8f4f_47,0.0002794766041915864,0.9987137317657471
786,41714_1d49f4d1_3,0.00021364034910220653,0.9761278629302979
787,66012_a13e1644_1,8.591038204031065e-05,0.9635680317878723
788,22652_564979ff_11,0.00032533571356907487,0.7581627368927002
789,25127_ecba81df_23,0.00023944636632222682,0.843734085559845
790,47548_db93c988_4,2.817091990436893e-05,0.931084156036377
791,55927_f8b31711_5,0.0002855295897461474,0.9847286343574524
792,31647_ab9ad9dc_2,0.00019240549590904266,0.9739927649497986
793,41128_ee74f244_8,0.0003841803118120879,0.8948550820350647
794,20959_d4905d19_4,3.490149538265541e-05,0.9914372563362122
795,52009_a2b75078_3,0.0008032703190110624,0.9919099807739258
796,22201_473a3a65_16,0.0003208744456060231,0.9565310478210449
797,29442_365e23df_30,0.00021906738402321935,0.9938039183616638
798,51859_6b2fd0f1_8,7.255355012603104e-05,0.997522234916687
799,140413_44177109_15,6.843450682936236e-05,0.9392989873886108
800,21822_7d3db422_11,0.0002642030012793839,0.9926584362983704
801,24168_a0ede173_100,2.7148666049470194e-05,0.9804069995880127
802,145532_c2304f89_1,0.0001735698606353253,0.9756945967674255
803,104641_2cd02839_13,1.1733542123693042e-05,0.9545215964317322
804,23679_81ef9e37_2,0.00013308525376487523,0.9682903289794922
805,95271_de3df8d5_2,7.401064522127854e-06,0.9643642902374268
806,41401_e4117da2_0,3.098879460594617e-05,0.32476896047592163
807,48006_babdf4af_9,0.00020027985738124698,0.9976807236671448
808,142246_0851be5e_32,0.0005341845098882914,0.9911354780197144
809,33615_7bab1106_4,0.0002099808189086616,0.9861055612564087
810,31117_cd5cdbdb_18,0.00014701695181429386,0.9977746605873108
811,34914_8911676d_0,0.00012202483048895374,0.9899402856826782
812,55501_a09e4ced_2,7.475513939425582e-06,0.7191956639289856
813,41128_ee74f244_9,0.00012041322770528495,0.9601401090621948
814,142246_0851be5e_22,0.0003587801184039563,0.9349286556243896
815,22413_901f5867_0,8.827714736980852e-06,0.9732828140258789
816,56490_0a0fba77_0,6.190332351252437e-05,0.9824418425559998
817,93676_4f934980_1,0.0001412161800544709,0.6869395971298218
818,146642_883a71d2_96,0.00020581322314683348,0.9775357842445374
819,24032_d6172503_3,8.786096441326663e-05,0.9851053357124329
820,44221_25c62f03_1,7.261966675287113e-05,0.9986549615859985
821,50315_0f1419bf_33,0.00030038628028705716,0.970844566822052
822,133389_0938a905_2,7.16804206604138e-05,0.9818080067634583
823,24824_cf51e5b6_4,0.0001728354109218344,0.9675771594047546
824,33970_32f36442_3,9.232956654159352e-05,0.99712073802948
825,29359_bbfab271_2,0.00017241922614630312,0.9696468114852905
826,23172_4ab01e83_0,0.00013394406414590776,0.9967447519302368
827,98511_1b46a85e_45,0.00017760148330125958,0.9950085282325745
828,98511_1b46a85e_46,0.00018011187785305083,0.9947046637535095
829,34248_cc11976c_0,0.00026002529193647206,0.9903926253318787
830,104003_46555fb2_0,9.551263065077364e-05,0.7876052260398865
831,34520_035b5e9a_8,6.604471855098382e-05,0.9773015975952148
832,38397_93d5d7de_12,0.0003671485173981637,0.9949133396148682
833,130023_93b3ca95_1,0.00024152669357135892,0.9149882197380066
834,83213_47c49876_1,6.673841562587768e-05,0.9923507571220398
835,43928_6ca53538_63,0.000512711179908365,0.9880769848823547
836,82779_b7b722e3_9,0.0002673746785148978,0.9680666923522949
837,134967_0f27ef51_1,4.959719444741495e-05,0.9628946185112
838,86024_714b24f4_1,2.9948325391160324e-05,0.9988267421722412
839,40807_58058731_11,0.00011437305511208251,0.9827507734298706
840,26750_cd3cb3ff_0,0.0003136240120511502,0.9945597052574158
841,126913_d253adb7_2,0.00020006991690024734,0.9605245590209961
842,24268_2804c9ff_13,0.00024185923393815756,0.9937090873718262
843,45542_320c16fd_3,0.00011935134534724057,0.9976271986961365
844,22342_274ed8a6_1,0.00023889353906270117,0.9482619166374207
845,133385_e6aa64d8_17,1.9199771486455575e-05,0.9230341911315918
846,143509_1dd5212d_3,0.00022396746498998255,0.9933943748474121
847,47989_3ff0f41d_0,0.000559102336410433,0.9840946793556213
848,21822_7d3db422_14,0.0004968529101461172,0.9928253293037415
849,21517_bfe35b4c_12,0.0001068351702997461,0.8135058879852295
850,52883_e518d3f4_10,8.48246127134189e-05,0.9862284064292908
851,41871_f9a1ad02_14,0.0003431445802561939,0.9656717777252197
852,37016_455093c1_2,4.02103214582894e-05,0.9784436225891113
853,31117_cd5cdbdb_78,0.0002956579555757344,0.9977072477340698
854,129239_0d49310c_22,1.9169006918673404e-05,0.9443441033363342
855,30400_8824ce97_6,0.0006690511363558471,0.9860112071037292
856,53233_8dbca22c_8,0.00035168271278962493,0.9753313660621643
857,40514_bb61631d_25,0.00012590251571964473,0.972146213054657
858,24053_53349e4d_2,4.6681987441843376e-05,0.9399219751358032
859,41917_f0c40fa1_16,0.00012791194603778422,0.9969740509986877
860,22543_684108ff_5,0.0007129237055778503,0.9717363119125366
861,138636_c1153075_0,2.7115851480630226e-05,0.975795328617096
862,24448_75004b6c_6,0.0001239839766640216,0.9960525631904602
863,24831_bbd3e098_8,1.3119578397891019e-05,0.9871440529823303
864,53221_74fa81cd_3,8.445742423646152e-05,0.9771689176559448
865,76879_65a30a82_4,6.765484431525692e-05,0.8894027471542358
866,108773_f9384cff_10,1.2617059837793931e-05,0.8668438196182251
867,33671_0e9c6ca3_5,5.270212932373397e-05,0.9958141446113586
868,93103_fdb9fcb7_15,0.00018059136345982552,0.9902554750442505
869,137675_d2bd633e_0,0.00018669251585379243,0.8830758929252625
870,21893_0500d043_32,0.000297436083201319,0.8055465817451477
871,22110_0bc70e9f_1,0.00012381111446302384,0.9239112138748169
872,43152_b5472481_1,4.6792643843218684e-05,0.9824283719062805
873,115717_40314bc2_1,0.0002676057629287243,0.9766180515289307
874,102943_ca9e7968_0,2.2580570657737553e-05,0.9692744016647339
875,136401_69f29349_0,0.0003032403765246272,0.7988574504852295
876,28542_3c922564_0,0.00014117265527602285,0.9485210180282593
877,24267_8a216138_6,0.0002721601340454072,0.9850742220878601
878,84374_272a9731_7,0.0003565036167856306,0.9529966115951538
879,23531_1ecc8346_18,0.0007631831103935838,0.9925556778907776
880,41871_f9a1ad02_30,0.0004359274171292782,0.9867874383926392
881,132461_14abd2d0_0,1.167278787761461e-05,0.674128532409668
882,37617_3f415463_2,1.099883684219094e-05,0.9820270538330078
883,41696_de0790a1_1,0.00012569021782837808,0.9972089529037476
884,54657_2a66e0de_20,0.00017736140580382198,0.9837136268615723
885,24425_0dc4b306_0,0.00012460259313229471,0.987797200679779
886,146667_fe438b5b_0,4.3167718104086816e-05,0.9983582496643066
887,23048_8a1a5553_8,2.1379682948463596e-05,0.42475008964538574
888,51871_86ebf5b2_17,0.00013731488434132189,0.9748622179031372
889,30664_a3084f71_6,0.000306857778923586,0.9811708331108093
890,139801_97e2ca6a_5,9.160404442809522e-05,0.9812448024749756
891,22278_12f1fb79_13,0.0002992277732118964,0.9805331826210022
892,22776_facf9bcf_8,0.0004050766001455486,0.9862128496170044
893,40500_6055e3d7_15,0.005220924504101276,0.9479280114173889
894,35740_5322d674_13,4.874469232163392e-05,0.9703453779220581
895,39792_60786b6c_12,0.00019968430569861084,0.9927507042884827
896,115524_4a411f7e_0,0.00011005932901753113,0.9749985337257385
897,24131_3ea7d5a8_17,0.00030635352595709264,0.9852228760719299
898,100326_0602c712_2,0.00044144419371150434,0.9859778881072998
899,34571_25c64838_2,0.0003816528187599033,0.9773800373077393
900,143534_4f65fd1a_0,0.00010930620919680223,0.9630444645881653
901,101446_95204330_1,7.032414578134194e-05,0.9554190039634705
902,41749_14d0599c_10,2.177159331040457e-05,0.936460018157959
903,55715_525d1d3e_12,7.248780457302928e-05,0.7849878668785095
904,45307_b9b4bca0_30,0.00037967905518598855,0.9972807765007019
905,22654_4c426b0f_0,0.00024432947975583375,0.9694039225578308
906,22670_9353c710_4,0.00012782526027876884,0.9608009457588196
907,99445_94c22a37_11,0.00017156434478238225,0.9974509477615356
908,132811_57264a28_4,0.00013884337386116385,0.9886570572853088
909,23258_87a2ba81_3,2.0277882867958397e-05,0.9679468870162964
910,50777_2934de55_22,0.0001353057596134022,0.9951969385147095
911,98418_4185a7fb_0,0.00013792345998808742,0.9966586232185364
912,43441_e1ab0873_2,2.0888621293124743e-05,0.7468832731246948
913,24271_dbc0fd2d_12,9.654160385252908e-05,0.9787498116493225
914,38944_0d0c3fce_0,0.0003801659040618688,0.9975371360778809
915,40624_e1c5c424_11,1.0470490451552905e-05,0.7362900972366333
916,100028_0c3a8f1c_13,0.00018581665062811226,0.9976099133491516
917,40491_ac67bf4c_13,0.00011356890172464773,0.9978697299957275
918,25416_1deb9c75_0,0.00021183803619351238,0.9633303880691528
919,21657_2651585a_6,0.0001735506230033934,0.9908011555671692
920,21986_67c5509a_15,0.00010836072033271194,0.986555278301239
921,32288_34013274_2,0.00034070201218128204,0.9423333406448364
922,55373_ddd74d2f_0,0.0005031782784499228,0.9350131750106812
923,26245_4aac38e1_0,0.00010385282803326845,0.9940494298934937
924,33044_7fdd9213_0,9.129478712566197e-05,0.9836994409561157
925,31530_6744ae73_48,0.00034569832496345043,0.9966605305671692
926,25555_fd3d9a3c_1,2.46641557168914e-05,0.9653729200363159
927,54175_7d864ace_6,9.933528781402856e-05,0.9776924252510071
928,72950_5074f5a3_0,0.00010997188655892387,0.9273025393486023
929,129618_2962c248_0,0.0007397597073577344,0.9876446723937988
930,52012_77070fda_10,1.2538691407826263e-05,0.9803362488746643
931,28295_0dc908b9_7,0.00013375384151004255,0.9640700221061707
932,144419_90e59d67_2,1.2669534953602124e-05,0.8599874973297119
933,22734_f6bad9f7_24,0.00046149492845870554,0.9857177138328552
934,22604_0b4ffb43_14,6.100938844610937e-05,0.9988833665847778
935,81996_b3752ed2_3,3.41390332323499e-05,0.9693630337715149
936,24504_493cee15_8,0.00043244255357421935,0.9827809929847717
937,39124_28e99e62_1,6.614719313802198e-05,0.9255706667900085
938,29725_0ad4937e_1,2.173944994865451e-05,0.960705578327179
939,109232_04340d62_6,5.25594805367291e-05,0.04391688108444214
940,129075_8fbf62e5_0,0.000151078260387294,0.8804391622543335
941,102937_18c3cb6a_4,0.0001404968206770718,0.9950739741325378
942,52551_8098346a_5,0.00017356763419229537,0.6980774402618408
943,128043_6947b64c_0,0.00030497342231683433,0.9823946952819824
944,119030_292009a7_41,0.00024355162167921662,0.9642735123634338
945,48526_5aecac8a_0,0.0001494764583185315,0.9748299717903137
946,32541_86f7df73_4,0.00013693526852875948,0.8697292804718018
947,55114_7bf17f6a_0,0.0003837310359813273,0.9721817374229431
948,55285_6816da52_1,0.0010266011813655496,0.9777818918228149
949,37683_e2cca100_17,3.2346182706533e-05,0.9490745067596436
950,78775_e2d8b091_15,0.00034803131711669266,0.9886206388473511
951,93199_2146e709_2,7.910635758889839e-05,0.9906607866287231
952,135595_656de97a_14,5.9864669310627505e-05,0.9570794105529785
953,24284_3710e946_16,9.209028212353587e-05,0.997913658618927
954,135521_30553c91_2,3.9597412978764623e-05,0.42570120096206665
955,29732_fb15318c_5,6.13536176388152e-05,0.9417179822921753
956,88060_389bdff4_0,0.00030180776957422495,0.981633722782135
957,27839_4a077326_28,0.0003467118367552757,0.9914093017578125
958,100435_87bf423d_8,5.814610267407261e-05,0.9988542795181274
959,25365_bb0e4ede_44,8.458288357360289e-05,0.8800394535064697
960,146169_144d8264_0,0.00033603180781938136,0.9981851577758789
961,23342_7193a931_3,9.225682333635632e-06,0.9728198647499084
962,57000_cd1ddece_12,8.498626993969083e-05,0.9983008503913879
963,119790_1ed376f0_3,4.9242582463193685e-05,0.9462567567825317
964,72522_e9e87960_4,0.00011198095307918265,0.9978981614112854
965,65366_f618b577_2,0.00010192710760748014,0.9112758040428162
966,55707_c78416ed_35,0.0003769778413698077,0.9802992343902588
967,70321_eccffc7e_0,0.0001828458480304107,0.9526325464248657
968,120143_b5756e6b_0,0.0003498526639305055,0.9514151215553284
969,27726_aca43af4_35,2.340849459869787e-05,-0.08758342266082764
970,31361_72aab333_20,0.00019672153575811535,0.9374799132347107
971,121949_e10b5e85_12,0.00018284718680661172,0.9949496984481812
972,146399_0e4b73c4_13,0.00012962242180947214,0.9973389506340027
973,41134_fc146947_6,0.0002207125653512776,0.8968163728713989
974,21237_7887a24b_35,9.36987780733034e-05,0.6126324534416199
975,24885_55e20ddf_3,3.517176446621306e-05,0.9652514457702637
976,34914_8911676d_23,5.686278018401936e-05,0.9898940920829773
977,21803_8a36dcda_12,0.00043256531353108585,0.9855257272720337
978,41306_8f26e703_5,8.403103493037634e-06,0.9092870950698853
979,25118_f50fdc69_10,1.2628243894141633e-05,0.9815558791160583
980,25473_0991d519_9,0.000123787292977795,0.996900200843811
981,126585_86fa26cb_0,4.024224472232163e-05,0.9503014087677002
982,145691_69484976_9,0.00018727820133790374,0.983161449432373
983,60729_c51868ec_0,0.0001474240852985531,0.9187838435173035
984,123929_e7dbad2c_0,0.0002487735473550856,0.8818296790122986
985,69649_70b07cac_0,7.233136420836672e-05,0.9984022378921509
986,55135_f1186d58_9,1.3004394531890284e-05,0.9837984442710876
987,20838_86c931be_2,0.00010040128108812496,0.9875171184539795
988,45242_626509cb_11,8.335996244568378e-05,0.963162899017334
989,34983_439766af_13,0.00027005517040379345,0.9971909523010254
990,53453_fb0f1640_1,0.0005253630806691945,0.9840514063835144
991,23255_972fbfe6_25,0.00014734464639332145,0.9953556060791016
992,24168_a0ede173_203,0.0012885837350040674,0.9928334355354309
993,55476_1473d91f_0,0.0002044230350293219,0.8957838416099548
994,55111_ef389075_1,0.00035038840724155307,0.9866078495979309
995,141710_17531562_1,0.0001449898409191519,0.9878262877464294
996,96601_b89e6252_1,3.933393963961862e-05,0.7908245325088501
997,135790_a27f9deb_43,0.0030766839627176523,0.9605811834335327
998,121363_746708db_0,0.0001231416390510276,0.9526198506355286
999,136886_3aa46890_0,7.11283937562257e-05,0.9734789729118347
1000,50315_0f1419bf_19,0.0003160605556331575,0.9956526160240173
1001,37846_cde34fcd_14,3.7068439269205555e-05,0.5808915495872498
1002,24816_ef81ad4c_1,7.722746522631496e-05,0.9723849296569824
1003,75646_4baf69b2_7,0.0008858898072503507,0.987594723701477
1004,140155_81f9ac63_0,0.0001214172225445509,0.9697077870368958
1005,51603_034939eb_10,0.00015214756422210485,0.9915710687637329
1006,30435_c97330d2_0,1.6525267710676417e-05,0.9720587134361267
1007,27839_4a077326_27,0.00013244879664853215,0.9927983283996582
1008,55627_971fde61_34,0.0004732415545731783,0.9634138345718384
1009,134909_ef3d003c_0,2.392030910414178e-05,0.9765335321426392
1010,33413_060ce192_51,6.4707460296631325e-06,0.10346269607543945
1011,22245_ca848576_12,9.717733337311074e-05,0.8865122199058533
1012,52039_ba12c3ac_1,8.019579399842769e-05,0.9983966946601868
1013,39707_358f88df_2,5.8750367315951735e-05,0.9374368786811829
1014,50014_33f250c8_3,0.0007047255057841539,0.9935718178749084
1015,52987_387431ac_1,0.00036853054189123213,0.9746955037117004
1016,33501_b1ee5058_15,7.83508803579025e-05,0.9984419941902161
1017,82168_4844bddd_1,0.00011869561421917751,0.9839739203453064
1018,30384_95e72fc2_4,1.9090894056716934e-05,0.7897427082061768
1019,23554_a0845d54_2,5.022252298658714e-05,0.9580176472663879
1020,23800_65e0a5d1_0,9.465810580877587e-05,0.7016856670379639
1021,41128_ee74f244_0,7.535966142313555e-05,0.9243431687355042
1022,143019_22dbd3e6_2,0.0002845185808837414,0.9909729957580566
1023,79993_6087acd5_8,0.00040934240678325295,0.9870502948760986
1024,21422_b2a6bf27_0,0.0001242681610165164,0.9979511499404907
1025,25487_dd2c17e8_21,8.706715743755922e-05,0.9226912260055542
1026,22654_4c426b0f_10,3.3102220186265185e-05,0.7777045965194702
1027,30368_d7fd30ce_6,1.0990785995090846e-05,0.7649343609809875
1028,57249_6bd2af3c_2,3.104937422904186e-05,0.9988545775413513
1029,57029_3ab80a22_0,0.00019871922268066555,0.9605780839920044
1030,79906_052c7eb4_3,0.00023201793374028057,0.9497067332267761
1031,82996_b8dc67c9_10,2.29817014769651e-05,0.9682844877243042
1032,119884_192e3265_1,0.00017535941151436418,0.9200230836868286
1033,21225_c081eae3_10,0.0005210090894252062,0.9701294898986816
1034,121949_e10b5e85_1,0.00013230669719632715,0.9665209650993347
1035,81994_ba8916c9_5,3.356677189003676e-05,0.9706697463989258
1036,22447_4062c6cb_29,8.951997006079182e-05,0.9984899163246155
1037,55044_ee57bac8_1,3.4022934414679185e-05,0.8707327842712402
1038,41871_f9a1ad02_13,0.0013727282639592886,0.992290198802948
1039,74688_a5168a45_2,8.94969798537204e-06,-0.9229663610458374
1040,23218_02d26ab4_4,1.5028826965135522e-05,0.9654330611228943
1041,41205_dc60aa5d_0,8.77103375387378e-05,0.9781948328018188
1042,41979_ca698776_0,7.687794277444482e-05,0.984233021736145
1043,141453_50ec6f25_7,0.00015302019892260432,0.995665431022644
1044,97143_5424c420_0,9.910024527925998e-05,0.9745670557022095
1045,41986_26275a06_2,5.149674689164385e-05,0.9951456189155579
1046,136800_c5e4d711_2,3.260043013142422e-05,0.9554399847984314
1047,101635_11b839a3_5,1.2436985343811102e-05,0.8981085419654846
1048,55866_b041060d_0,9.676629269961268e-05,0.9940773248672485
1049,53846_89405f98_0,0.0002883209381252527,0.941092848777771
1050,27725_5cceaeb7_1,0.00040373517549596727,0.9635714888572693
1051,146137_92faaea5_9,0.00016986402624752373,0.9863897562026978
1052,41211_11f6b8a0_4,4.450531196198426e-05,0.9816709756851196
1053,21330_f0cee934_46,8.062890992732719e-05,0.9983879923820496
1054,127188_5fecd146_4,1.1002886822097935e-05,0.9848809838294983
1055,135949_06517574_8,6.3244247030525e-06,0.9344349503517151
1056,68928_0d4e4a2e_24,0.0003266492276452482,0.9794602990150452
1057,50410_f8f03667_38,8.493496352457441e-06,0.4152657985687256
1058,142999_171240b6_21,2.4931070583988912e-05,0.9815663695335388
1059,144709_642fc665_0,0.00025972703588195145,0.9744758605957031
1060,53232_f8760054_10,5.57863422727678e-05,0.4660777449607849
1061,22372_e91792a1_0,1.0030658813775517e-05,0.8713564872741699
1062,21767_53eaa558_12,0.0005270963883958757,0.9931886196136475
1063,32220_1fd19c5e_0,3.3633641578489915e-05,0.9654456973075867
1064,22886_a6331748_1,0.0001553337788209319,0.9857386946678162
1065,130996_b842b511_12,6.33646413916722e-05,0.9941595792770386
1066,55571_74a416b1_1,2.1273370293783955e-05,0.819545328617096
1067,70169_914780d4_1,0.0001509105641162023,0.9425333738327026
1068,23156_7788f78a_6,0.00032226272742263973,0.9976681470870972
1069,124496_20e20439_10,2.815727384586353e-05,0.9381140470504761
1070,76300_7cb02add_1,0.00014997273683547974,0.9777929186820984
1071,21647_6b6cca6f_10,7.948421261971816e-05,0.9566169381141663
1072,22734_f6bad9f7_23,0.0004319368163123727,0.9820061922073364
1073,94176_0a6c42ab_2,5.739371317758923e-06,-0.05329716205596924
1074,24048_d731886d_9,7.645724690519273e-05,0.9915725588798523
1075,25487_dd2c17e8_30,0.0003688847355078906,0.8332509994506836
1076,115717_40314bc2_4,5.092814717500005e-06,0.9834342002868652
1077,125592_875faf40_0,0.0003156096790917218,0.9853504300117493
1078,41871_f9a1ad02_44,0.00024182685592677444,0.9829154014587402
1079,146642_883a71d2_8,4.217548848828301e-05,0.9897099137306213
1080,136883_076fbff9_31,3.5034761822316796e-05,0.8841125965118408
1081,60766_fb8715eb_3,0.00011391077714506537,0.991669774055481
1082,30818_33617072_0,0.00025179985095746815,0.9872514009475708
1083,130679_7a357a9c_18,0.0004582499386742711,0.9730443358421326
1084,55306_795d845b_0,1.2998809324926697e-05,0.9721341133117676
1085,135934_d2f6bb2e_33,2.1152585759409703e-05,0.9717991948127747
1086,111054_e45a0d40_7,0.002746843034401536,0.9734289050102234
1087,36826_d9269c2e_10,0.000210633035749197,0.9856928586959839
1088,37619_ae810a8d_7,6.3192128436639905e-06,-1.8860938549041748
1089,22343_34184fd5_22,7.363924669334665e-05,0.7720834612846375
1090,113020_de552f8d_0,7.264553278218955e-05,0.954572319984436
1091,20216_89b90993_0,0.0010252835927531123,0.9316955208778381
1092,23325_292b3294_16,0.0002342994703212753,0.9777100086212158
1093,23522_5c2ec58e_9,0.00010402166662970558,0.9921019077301025
1094,146624_359752bb_20,6.266643595154164e-06,-2.159140110015869
1095,104990_11b4aeee_1,9.116248838836327e-05,0.9979162216186523
1096,90917_4670b560_0,0.0007859995239414275,0.9847239255905151
1097,54818_59adf8c2_5,0.00019568722927942872,0.8307659029960632
1098,34109_5a868eae_3,4.128670479985885e-05,0.9326412677764893
1099,23161_e7f63a9f_2,0.00011347186227794737,0.9897326231002808
1100,37160_2a95674a_27,0.0002191885287174955,0.9234203100204468
1101,61280_8bdbc90f_0,0.00022733976948074996,0.9918351769447327
1102,55083_dac1f9cc_2,0.00011677949078148231,0.9902781248092651
1103,34341_d19b12fb_14,7.335730060731294e-06,0.927038311958313
1104,54516_ac9e2ef4_61,0.00041161649278365076,0.9316521286964417
1105,24559_3c306e71_2,5.4238505981629714e-05,0.8895894289016724
1106,105831_88a0fb85_1,0.00022651924518868327,0.9913936853408813
1107,32743_f4c47bbc_19,0.0002910206385422498,0.9459242820739746
1108,40500_6055e3d7_18,0.00014213759277481586,0.993177056312561
1109,22862_f5406bb0_0,0.0002217083820141852,0.9964333772659302
1110,141081_ae61ec46_0,0.0001760526211000979,0.9974514245986938
1111,135112_cf8007b8_4,0.0005181447486393154,0.9921396374702454
1112,131442_1512d9ff_5,2.629891605465673e-05,0.9443455338478088
1113,145132_7aea3b66_1,0.0010421151528134942,0.9960556626319885
1114,41871_f9a1ad02_45,0.00017066585132852197,0.9671049118041992
1115,51775_49ef614a_1,0.00021792840561829507,0.9382511377334595
1116,143293_fc5b0ff7_23,6.78857322782278e-05,0.8759758472442627
1117,51547_a7e01c38_6,2.1548205040744506e-05,0.9691265821456909
1118,114021_44c3c39c_2,1.1262029147474095e-05,0.9719232320785522
1119,123766_c5a4cf5e_0,2.2898770112078637e-05,0.8540028929710388
1120,23031_0d684603_8,0.0001319838920608163,0.9431115388870239
1121,132996_c742ef84_4,0.0003151986747980118,0.9562605619430542
1122,137096_5d77f285_1,7.80868431320414e-05,0.9906797409057617
1123,27072_b4756e8c_2,0.00016120242071337998,0.9635410308837891
1124,51915_e704f5dd_2,0.0001101977686630562,0.9827672839164734
1125,132811_57264a28_13,8.965279994299635e-05,0.9984906911849976
1126,49396_98ab955d_13,0.0002813717583194375,0.9686313271522522
1127,132081_761d26ad_0,4.2116425902349874e-05,0.9988726377487183
1128,82906_7b72e0e8_2,0.00020378910994622856,0.9943224787712097
1129,92649_26fe8262_0,6.692137685604393e-05,0.9691247344017029
1130,21803_8a36dcda_11,0.00044303032336756587,0.9880838394165039
1131,30637_f6324fc6_5,3.830927380477078e-05,0.7464450597763062
1132,105560_a6f91315_12,8.861158676154446e-06,-0.241102933883667
1133,41737_d80c34b9_0,0.0001745827030390501,0.9895695447921753
1134,34983_439766af_12,7.520178041886538e-05,0.9926023483276367
1135,122755_60c41889_10,1.5075053852342535e-05,0.7584149241447449
1136,76879_65a30a82_2,0.0007397688459604979,0.9933828115463257
1137,89816_cef36e57_4,0.00012948813673574477,0.9978646039962769
1138,49406_100c707b_3,4.408511085784994e-05,0.9949167966842651
1139,105560_a6f91315_10,1.211179460369749e-05,0.7384792566299438
1140,129421_483d2957_5,1.4609307072532829e-05,0.9384458661079407
1141,122740_fc5c94eb_33,0.00019379342847969383,0.9940664172172546
1142,135595_656de97a_5,6.536197906825691e-05,0.9761279225349426
1143,35740_5322d674_5,6.345926976791816e-06,-1.202463150024414
1144,23681_932e722e_18,9.728869918035343e-05,0.9981585144996643
1145,108244_329b1876_17,4.2378533180453815e-06,0.01533418893814087
1146,125745_cf468448_6,7.535885379184037e-05,0.9822804927825928
1147,138838_c9a9e790_6,0.00023299857275560498,0.9547086954116821
1148,102416_b74464a2_4,6.722643774992321e-06,-1.6665732860565186
1149,30426_2cde26de_21,9.687424608273432e-06,0.9712051153182983
1150,137837_9c9f163d_5,2.8201300665386952e-05,0.9703043103218079
1151,25487_dd2c17e8_15,0.0003857874544337392,0.9497137069702148
1152,21549_18160a0a_4,6.370230494212592e-06,0.10078614950180054
1153,21385_601444ba_0,0.00030583853367716074,0.9809740781784058
1154,35233_add576ba_9,0.0005127628683112562,0.9665104150772095
1155,55345_c6423351_0,0.00021110578381922096,0.9658236503601074
1156,110697_4b2725f1_0,0.00015632961003575474,0.996358335018158
1157,109946_242843a6_1,1.1205574992345646e-05,0.7358497381210327
1158,34341_d19b12fb_22,1.0179117452935316e-05,-0.15728330612182617
1159,23247_bcd1e84f_21,0.00015292817261070013,0.9678895473480225
1160,131765_29b29f08_6,9.295396012021229e-06,0.7987064123153687
1161,21395_7d6fda6f_12,0.00011789964628405869,0.8968132734298706
1162,135460_6471e973_15,9.076121204998344e-05,0.9701862335205078
1163,51741_49d61151_7,0.0001393314596498385,0.9949654936790466
1164,28382_90b7cc0c_12,3.442249362706207e-05,0.9875138998031616
1165,30850_05d88af9_2,0.00020123588910792023,0.9916986227035522
1166,86278_1e55d036_12,6.497506547020748e-05,0.51637864112854
1167,67240_525e92c1_1,0.00017771041893865913,0.8574026823043823
1168,82002_ef2b4feb_6,0.00010989473958034068,0.997888445854187
1169,53364_ec8aad42_1,0.0008333888836205006,0.9641909599304199
1170,135771_b030a25c_17,0.00012710929149761796,0.8529626131057739
1171,135906_29d7b495_1,9.904806574922986e-06,0.9822916984558105
1172,21822_7d3db422_38,9.225312533089891e-05,0.9064056873321533
1173,81136_5b86c723_1,1.7071539332391694e-05,0.8746320605278015
1174,25473_0991d519_2,0.0006326819420792162,0.9890541434288025
1175,73405_94381b7c_5,0.0002852600300684571,0.9520509243011475
1176,24009_c40b0d48_2,3.6532179365167394e-05,0.9988781213760376
1177,22162_439af02a_1,9.269068686990067e-05,0.9981774091720581
1178,146159_f3f80701_0,0.00024525696062482893,0.9346066117286682
1179,51895_5760b481_15,0.0006132943090051413,0.9934725165367126
1180,33500_e58e287e_1,0.00024470975040458143,0.9886091351509094
1181,31838_2e4bd173_0,0.00019456112931948155,0.8699464797973633
1182,146137_92faaea5_18,8.883648661139887e-06,0.9222383499145508
1183,124879_2257a334_2,3.374371590325609e-05,0.6296498775482178
1184,144145_510eedc2_7,0.0001344387565040961,0.9975085258483887
1185,21237_7887a24b_78,0.00015386870654765517,0.9866191744804382
1186,82297_93739ce0_6,0.00027313470491208136,0.9102136492729187
1187,51536_a18dc325_31,0.00013167182623874396,0.3617757558822632
1188,93103_fdb9fcb7_7,7.188563176896423e-05,0.9907209873199463
1189,24590_415f7013_9,5.630930172628723e-05,0.9895669221878052
1190,130659_16f2db4c_0,7.416141306748614e-05,0.9754660725593567
1191,23083_fdb942ac_2,6.840706191724166e-05,0.9971457719802856
1192,23954_a8c09819_2,9.997301094699651e-05,0.9980612397193909
1193,30417_0010bc7c_13,0.00019764764874707907,0.9824246764183044
1194,120535_e304dfca_1,0.000190170991118066,0.9860509634017944
1195,93199_2146e709_9,0.0003738733648788184,0.9141491651535034
1196,23686_cba4f679_15,0.00033166276989504695,0.9925662279129028
1197,40807_58058731_20,0.00023260053421836346,0.9976588487625122
1198,94410_d32e7520_35,0.00035287061473354697,0.9912140965461731
1199,79695_fd8bae0e_0,0.00037235120544210076,0.905317485332489
1200,129422_621d0a90_35,0.00031258410308510065,0.8531908988952637
1201,44932_16cb7f21_5,0.0008110422641038895,0.9770292043685913
1202,136550_8a8672e5_1,4.39072864537593e-05,0.9876739978790283
1203,20495_e8e7e80c_3,5.87361901125405e-05,0.9989494681358337
1204,31962_e5291336_50,0.00015693248133175075,0.8502963781356812
1205,24888_5be1de05_1,7.786879905324895e-06,0.851900041103363
1206,34114_7e58a97d_10,0.0003799689293373376,0.9853920340538025
1207,108433_37a79370_0,0.00027042118017561734,0.976104736328125
1208,22844_9b75b8e0_1,6.467705679824576e-05,0.9973170757293701
1209,115637_b4d41e8a_0,0.00010392061085440218,0.98993980884552
1210,53474_f29e4438_15,0.0004553748294711113,0.98704594373703
1211,26766_1aaa348c_0,0.0001725855836411938,0.975501298904419
1212,51940_67bb0219_7,0.00018816441297531128,0.9692510366439819
1213,41714_1d49f4d1_13,9.085877536563203e-06,0.9641702175140381
1214,21815_7090778f_9,0.0006703650578856468,0.9449862241744995
1215,32843_8e5bdf24_0,0.0010798393050208688,0.9521552324295044
1216,23686_cba4f679_10,0.0002982869918923825,0.96282958984375
1217,114425_891ab08d_0,0.0003362922871019691,0.9580683708190918
1218,41786_02d48cdd_5,0.00013899910845793784,0.9784908890724182
1219,22895_4533b542_1,0.00015077948046382517,0.9913582801818848
1220,49016_cd1b47bf_6,0.00047280220314860344,0.9850226640701294
1221,51674_a70c1c6c_3,8.180896656995174e-06,0.9869176745414734
1222,52972_6e5a5ada_11,0.00029435494798235595,0.9875058531761169
1223,120700_d818883a_8,2.2728547264705412e-05,0.9692263603210449
1224,34530_9525ffcd_0,0.0002562030276749283,0.9951820373535156
1225,24355_99bf3f8f_1,6.505777855636552e-05,0.8740115165710449
1226,56250_3b6024e3_46,0.00032951400498859584,0.9941738843917847
1227,56355_727ca47c_3,0.00024717181804589927,0.9403163194656372
1228,35057_9af89947_1,0.0001703859306871891,0.9732491374015808
1229,120881_a946667f_13,1.81860141310608e-05,0.9749458432197571
1230,143021_c6df0146_5,3.0398885428439826e-05,0.8307256102561951
1231,69240_dc199112_3,0.00016350156511180103,0.8511905670166016
1232,41733_1ec9b00c_15,0.0002824005205184221,0.9411906599998474
1233,30298_24191733_2,1.2532683285826351e-05,0.9133285284042358
1234,30400_8824ce97_18,0.00016745805623941123,0.9650336503982544
1235,37040_ecbcd25e_36,0.000184236720087938,0.9503104090690613
1236,23035_6087bb57_4,8.90730916580651e-06,0.9866700768470764
1237,38675_6e07d74b_26,0.0007060030475258827,0.9902313351631165
1238,31751_e37382e1_9,6.749910971848294e-05,0.9928027987480164
1239,54601_e1da5b93_4,8.671502291690558e-05,0.9982748627662659
1240,142999_171240b6_29,0.00012121930922148749,0.9908112287521362
1241,137646_14bca880_0,0.00019262761634308845,0.9822106957435608
1242,37519_442dc408_1,1.453004551876802e-05,0.9822440147399902
1243,47195_a8cd8bad_6,0.00012634658196475357,0.9919655919075012
1244,22474_b10fea1a_6,0.0003082594193983823,0.9644472002983093
1245,53200_d1e30b87_10,9.769787720870227e-05,0.9829996824264526
1246,41472_f9d73638_9,3.806281529250555e-05,0.9608771800994873
1247,126397_cc08a23d_1,1.0992443094437476e-05,0.9821599125862122
1248,31838_2e4bd173_4,0.000123144724057056,0.9978046417236328
1249,52006_d21e4570_7,0.0002652010880410671,0.9474303722381592
1250,62109_08c31aa8_0,0.00023194021196104586,0.9586705565452576
1251,49403_458914df_0,0.00013332744129002094,0.9212450385093689
1252,122914_76ff1f5e_2,1.134904505306622e-05,-0.010095715522766113
1253,34913_d23e2a24_2,3.830317291431129e-05,0.9828605651855469
1254,104641_2cd02839_15,1.538085052743554e-05,0.955552875995636
1255,131632_6144b102_1,0.00016289166524074972,0.9980607032775879
1256,30850_05d88af9_0,0.00019320618594065309,0.9848402738571167
1257,86296_8a6ed4d3_7,3.804867446888238e-05,0.8828089833259583
1258,34983_439766af_7,0.00025044320500455797,0.9964321255683899
1259,33374_7491cbf8_2,0.00027384425629861653,0.9973504543304443
1260,50694_afd26bd5_10,0.00016814515402074903,0.9981943964958191
1261,50292_e84db1fb_8,4.830786929233e-05,0.8351529240608215
1262,81367_622a9e51_2,0.00010603394912322983,0.9733743667602539
1263,78966_584c5305_0,7.868963439250365e-05,0.9589697122573853
1264,79905_623eae86_1,0.0007464892696589231,0.9938869476318359
1265,63055_6b907478_15,7.312861998798326e-05,0.9941665530204773
1266,135771_b030a25c_4,5.374763350118883e-05,0.9323302507400513
1267,41753_9b4f8d8a_0,9.098189184442163e-05,0.9982136487960815
1268,80784_f7ec5f70_1,0.00025735318195074797,0.9563930034637451
1269,33607_c6f31fa6_10,0.00012797070667147636,0.9843279123306274
1270,22225_a3ce4d29_42,0.00020926148863509297,0.9775120615959167
1271,51938_8b9cba89_5,0.0010405355133116245,0.9781936407089233
1272,44741_f386a08f_4,0.0004577977815642953,0.986412525177002
1273,70021_e673ae54_4,9.57589436438866e-05,0.9984458088874817
1274,55135_f1186d58_7,0.00023078407684806734,0.9793148040771484
1275,31856_2a5a4e32_12,0.0003875407564919442,0.9785021543502808
1276,75303_045fc848_4,0.0001083282331819646,0.9833552837371826
1277,129683_3ad38815_10,0.000899471458978951,0.9894816875457764
1278,21894_93f0d052_24,0.00024338994990102947,0.9803162813186646
1279,143823_1b04bf80_13,0.00014857100904919207,0.9892790913581848
1280,143823_1b04bf80_18,3.929834929294884e-05,0.9619786739349365
1281,111863_c925f4f3_2,4.1544764826539904e-05,0.9603580832481384
1282,104633_d0a15bd3_6,0.00022682220151182264,0.9809801578521729
1283,48832_22363e53_33,0.0001419420586898923,0.9961659908294678
1284,127466_a18ae326_1,0.00032805680530145764,0.8764053583145142
1285,22211_b1ee53f0_12,0.00028494122670963407,0.9880928993225098
1286,137837_9c9f163d_6,4.260401692590676e-05,0.9883968234062195
1287,122755_b830e22d_17,1.2354848877293989e-05,0.8616304397583008
1288,21299_e9cd80a6_12,7.018512405920774e-05,0.9058814644813538
1289,44920_70dd4b80_11,0.00014867977006360888,0.9932735562324524
1290,52987_387431ac_7,0.00022093195002526045,0.9932709336280823
1291,147926_b78316a8_10,3.798565376200713e-05,0.9667201638221741
1292,144653_e3eccdf1_50,2.7888279873877764e-05,0.9814193248748779
1293,56458_c027ed41_0,0.00013545446563512087,0.9831858277320862
1294,23495_6366269c_11,8.77004349604249e-05,0.9982559084892273
1295,70883_e2d6a103_2,0.00013105505786370486,0.9980527758598328
1296,32743_f4c47bbc_34,0.00014997202379163355,0.9125906825065613
1297,30910_38ea5a06_2,6.905204645590857e-05,0.9882888197898865
1298,56476_466fc284_17,0.0003844484454020858,0.9920480251312256
1299,22604_0b4ffb43_62,6.840797141194344e-05,0.9971457719802856
1300,21534_6367be99_0,0.0001588278537383303,0.949931800365448
1301,133026_1085532d_1,6.672259041806683e-05,0.9830430150032043
1302,137828_0b0786fb_1,0.0001374554994981736,0.9973574876785278
1303,55627_971fde61_27,0.00016556610353291035,0.9790992736816406
1304,93869_8b1922a3_0,0.0002371681184740737,0.9808730483055115
1305,24393_9acd18c6_3,0.0001076018888852559,0.9979921579360962
1306,44996_b3e9c266_14,1.1448992154328153e-05,0.9551944732666016
1307,55300_b9675d43_1,9.39259261940606e-05,0.9981558322906494
1308,113352_879844fe_0,0.00011743469804059714,0.9952179789543152
1309,135317_3c58b0d0_9,6.834247324150056e-05,0.936851978302002
1310,115624_fe3eb392_1,0.00024805564316920936,0.9883826971054077
1311,63055_6b907478_21,7.717961125308648e-05,0.9971854090690613
1312,40421_032c052f_0,0.0002607994538266212,0.9603584408760071
1313,143029_70554264_3,3.325433863210492e-05,0.9430314898490906
1314,145117_78f63de3_0,0.00013792091340292245,0.9645281434059143
1315,128996_35f2006e_0,5.327171311364509e-05,0.7336059808731079
1316,54503_fc6c6963_1,0.00011451554746599868,0.9855366945266724
1317,24657_0168dc6b_1,0.0002373881288804114,0.9941895008087158
1318,130524_13ad16a8_0,0.001214472809806466,0.9939946532249451
1319,142670_33c641dc_3,5.1261660701129586e-05,0.980525016784668
1320,65375_674ff0b9_11,0.0006727207801304758,0.3875346779823303
1321,23168_7fdf5427_3,5.642038104269886e-06,-1.577282428741455
1322,41717_ab2075ac_0,3.180365820298903e-05,0.9988322854042053
1323,21739_57582b8f_4,0.00013204793503973633,0.9922528862953186
1324,143293_fc5b0ff7_30,0.00010069805284729227,0.9972538948059082
1325,135906_587b5c3d_0,3.961546826758422e-05,0.9760783910751343
1326,138685_fd9b79cd_0,4.407509186421521e-05,0.9647567868232727
1327,119921_5621fcb4_0,4.986778731108643e-05,0.9915809631347656
1328,49403_458914df_5,0.00015238847117871046,0.9826326370239258
1329,73525_7f6b2f67_2,1.059985333995428e-05,0.9830228090286255
1330,136994_a3a2f50f_3,0.00014191222726367414,0.9840157628059387
1331,31838_2e4bd173_1,0.0016350314253941178,0.9646114110946655
1332,35866_d0233b36_6,8.826054545352235e-05,0.99849534034729
1333,53053_d6b4d71c_9,0.000549215474165976,0.9857408404350281
1334,90220_7baf1e18_1,7.72848361521028e-05,0.8956716060638428
1335,23364_73dd9d4d_10,4.053635348100215e-05,0.9417403936386108
1336,52987_387431ac_3,0.000144838253618218,0.9880712032318115
1337,51859_6b2fd0f1_4,5.28045384271536e-05,0.9706439971923828
1338,51708_867d4509_12,3.774126525968313e-05,0.6730762720108032
1339,93199_2146e709_3,0.00016284371668007225,0.9965474009513855
