case_num,case_name,MSE,R-Square
0000,50417_199cffee_13,0.07713421434164047,0.3991659879684448
0001,48516_2b3135bf_11,0.010650857351720333,0.6398963928222656
0002,41733_1ec9b00c_31,0.008665010333061218,0.15949124097824097
0003,31664_1e85c690_0,0.0049311392940580845,0.7348818778991699
0004,21893_0500d043_18,0.002796016400679946,0.9431539177894592
0005,31607_9a2f8140_6,0.0012358308304101229,0.958518922328949
0006,41774_88a7a483_18,0.004345689434558153,-0.06080496311187744
0007,42143_51b31600_4,5.9648864407790825e-05,0.8794741034507751
0008,23104_3b70eba4_13,0.0020276110153645277,-2.3355214595794678
0009,129075_8fbf62e5_2,0.0001094698891392909,0.7111191749572754
0010,41624_a15f83c1_13,0.0006227756384760141,0.69418865442276
0011,36088_1ea9c8a9_12,0.0052978345192968845,0.8764069080352783
0012,126477_6596d136_14,0.00012089347728760913,0.890419602394104
0013,130441_10c43121_0,0.09983643144369125,0.49140459299087524
0014,133385_e6aa64d8_21,0.00018109381198883057,0.8811908960342407
0015,26398_b99946da_1,0.0248648039996624,0.6729846000671387
0016,61198_0c99f50a_4,5.64597467018757e-05,-2.556776523590088
0017,26661_ab88a525_0,0.00010810912499437109,0.8750511407852173
0018,129075_8fbf62e5_1,0.0003427623596508056,0.6763083934783936
0019,51891_9455ea02_1,0.007417455315589905,0.882298469543457
0020,34770_6bba5bd4_13,0.002182231517508626,0.9571539163589478
0021,21646_a2dd0d00_53,0.0024779143277555704,0.7940304279327393
0022,68909_4ae1bc2e_1,0.0008949283510446548,0.15897196531295776
0023,27866_ece3076e_109,0.0005498539539985359,0.9132953882217407
0024,92134_52f13f49_6,0.00017492803453933448,0.8991873860359192
0025,23342_7193a931_1,0.0006816765526309609,0.05387943983078003
0026,126572_a2d6f794_14,0.00010013332939706743,-9.066438674926758
0027,44344_3e0b0b0c_1,2.4562656108173542e-05,-2.401860237121582
0028,49331_3bf3bb84_4,0.004376250319182873,0.9198928475379944
0029,33971_46bb0373_0,0.003498333040624857,0.5531336069107056
0030,21517_bfe35b4c_1,0.0005312959547154605,0.22940224409103394
0031,23165_369d62aa_6,0.005328173749148846,0.9357336759567261
0032,81846_2907c980_0,0.0067616477608680725,0.6998530626296997
0033,24168_a0ede173_111,0.008729502558708191,0.13778722286224365
0034,53461_a5942665_1,0.0008457836229354143,0.9686309099197388
0035,24907_c72322ea_13,0.001253611990250647,0.5269684791564941
0036,133424_315bcaeb_7,0.00011747544340323657,0.8479819893836975
0037,40490_916e13fe_0,0.004448809660971165,0.8614301085472107
0038,38000_b5822e44_3,0.005173980724066496,0.9215827584266663
0039,138520_f4e0bc0b_63,0.000263516150880605,0.7485933303833008
0040,61294_9255796d_3,0.00027865738957189023,0.4785931706428528
0041,22176_272891b8_0,0.0029534364584833384,-0.4981437921524048
0042,24815_4f2a57e4_1,0.014793268404901028,0.5656142830848694
0043,113343_e692c488_1,6.33653107797727e-05,0.904376745223999
0044,33995_18423507_1,0.0005609483923763037,0.24435126781463623
0045,127897_029949fd_6,0.002111585345119238,0.9577768445014954
0046,123181_4e56fb4f_0,0.003496048040688038,0.9493527412414551
0047,22670_9353c710_1,7.269386696862057e-05,0.5569801330566406
0048,128642_4d72bf31_2,0.0015299610095098615,0.17121487855911255
0049,146667_fe438b5b_6,0.01340210810303688,0.18155211210250854
0050,38260_2a31c6df_2,0.006102243438363075,0.1399943232536316
0051,24443_996411f9_3,0.0016591311432421207,0.9623492956161499
0052,142074_34e02b6d_1,0.0002913714270107448,0.9127383828163147
0053,41501_b627682a_15,0.0016951081342995167,0.8518697023391724
0054,24712_da77fe8f_0,0.003243150655180216,0.9393214583396912
0055,32960_0eaa1de8_26,0.00402357243001461,0.925475001335144
0056,130757_b2c47f8d_2,0.00019994222384411842,-4.975611209869385
0057,104817_6d73dc41_0,0.011554271914064884,-0.29450488090515137
0058,79243_49539d9f_0,0.0034897250588983297,0.924818217754364
0059,82012_c533307b_1,0.0007231383351609111,0.3263710141181946
0060,107649_e651c5ca_1,0.00019302011060062796,-0.3460211753845215
0061,40997_e3c88650_12,0.0037330796476453543,0.904245138168335
0062,143029_70554264_4,0.0032303507905453444,0.5584192276000977
0063,27054_342fcf5c_3,0.00013744071475230157,0.85655277967453
0064,41648_577daf16_17,0.0009980718605220318,0.622180163860321
0065,89720_4e65191c_1,0.008403538726270199,0.7964227199554443
0066,75382_1b589ea9_12,7.104494579834864e-05,0.7969101667404175
0067,120371_433ba1ca_2,0.010652937926352024,0.07093578577041626
0068,49024_b7f02205_13,0.00503922114148736,0.7774244546890259
0069,51022_47816098_7,0.04454077407717705,0.5426329374313354
0070,41634_4f5d0edb_0,5.9405538195278496e-05,0.8812119960784912
0071,23170_6ea8ded5_3,0.004458168987184763,0.9253921508789062
0072,69589_cd2fa794_8,0.008319364860653877,0.4560275077819824
0073,41504_85e300ee_0,0.00634338241070509,0.13387709856033325
0074,128996_42176b10_0,0.0069206771440804005,0.4398534893989563
0075,38920_e81879c2_7,0.0001333194231847301,-159.3460693359375
0076,148051_c59af578_6,0.0015562863554805517,0.9576146006584167
0077,65494_16d62db5_0,0.0003995649458374828,0.4645814299583435
0078,25473_0991d519_0,0.0026200797874480486,0.9384448528289795
0079,75270_25a261ef_5,0.01086568646132946,-0.08417344093322754
0080,49613_1b97c07b_12,0.00021347434085328132,-1.267280101776123
0081,115633_a2c63339_1,0.00022481518681161106,0.9335041046142578
0082,52366_63042db4_1,0.0037467957008630037,0.9147241115570068
0083,30282_88c6933c_5,0.0030646019149571657,0.6333729028701782
0084,53474_f29e4438_12,0.019638611003756523,0.3570600748062134
0085,24026_1dd4094b_21,0.002574315993115306,0.7063480615615845
0086,21225_c081eae3_2,0.004360702354460955,0.42360538244247437
0087,35057_9af89947_8,0.0009162250789813697,0.26400917768478394
0088,43529_4804941b_20,0.0035621733404695988,0.8914421796798706
0089,22103_fd11c71b_3,0.010286091826856136,-0.2844196557998657
0090,51536_a18dc325_0,0.0019256187370046973,0.8978036642074585
0091,24230_636208ab_13,0.005449609365314245,-2.346498966217041
0092,41117_1b3271f2_56,0.011685311794281006,0.8195602893829346
0093,140499_419d5823_0,0.0010351060191169381,0.9105226397514343
0094,115524_a949e82c_2,6.299286906141788e-05,0.7546167373657227
0095,29833_0ed4880f_3,0.006204166915267706,0.8883721828460693
0096,127556_4823a42a_6,0.001991227036342025,0.6655181646347046
0097,23960_48cc0f21_19,0.00011606400948949158,-0.6275447607040405
0098,132987_ba18d2eb_11,0.0005975488456897438,-0.14422643184661865
0099,51337_f8636fd9_30,0.00010029543045675382,0.8866795301437378
0100,40999_cad6be09_18,0.025478456169366837,0.39762747287750244
0101,136886_99fbdef3_0,0.0002614471595734358,0.5513418912887573
0102,30447_4ed3b778_7,0.027327608317136765,0.8993183374404907
0103,55811_bc667b2d_13,0.003143486799672246,-0.19671881198883057
0104,41716_d55164d4_1,0.0008796402253210545,0.6921511888504028
0105,33610_aa697fc9_6,0.0004098096105735749,0.9697508811950684
0106,55095_fa260d33_6,0.014736982993781567,0.6115425825119019
0107,115639_bc0cc622_0,0.011591915041208267,0.1512775421142578
0108,20841_1620ae7d_0,0.010218651965260506,-0.4068413972854614
0109,50823_d1830e58_2,0.009155216626822948,-0.8123313188552856
0110,109762_cb162371_48,0.0015607122331857681,0.45156192779541016
0111,41387_5f752e39_23,0.010930109769105911,0.5957853198051453
0112,121540_629c716f_0,0.0034216761123389006,0.8551536798477173
0113,118539_1dff9cf9_12,2.901068000937812e-05,-1.1217045783996582
0114,30714_dafa62f6_2,0.03216711804270744,0.5791561603546143
0115,79633_bbbde75f_0,0.0164813082665205,0.5980427861213684
0116,33059_531cfd5e_11,0.0035807890817523003,0.4139789938926697
0117,20697_d3e106b4_4,8.990558853838593e-05,0.24492520093917847
0118,136062_0027ff97_6,0.0026921480894088745,0.7516248226165771
0119,146291_6b0c8db3_1,0.03248206526041031,0.24405789375305176
0120,45466_5f662bcb_0,6.008572017890401e-05,0.876284122467041
0121,144500_7f600ab6_0,0.0016683136345818639,0.8457263708114624
0122,44996_b3e9c266_4,0.0004800925962626934,0.8985958695411682
0123,40713_4c9264ef_0,0.0019328051712363958,0.7421185970306396
0124,132384_0fcab1fa_13,0.0016999278450384736,-0.8287427425384521
0125,33738_77d49563_2,0.004211069084703922,-3.8948111534118652
0126,129422_621d0a90_33,0.0005813031457364559,0.7264132499694824
0127,115633_fd3c9b97_32,6.429420318454504e-05,0.7365427017211914
0128,69337_a122ffde_1,0.0020848626736551523,0.786912202835083
0129,37241_29f91452_0,0.001661863294430077,0.961555540561676
0130,141199_9ae000ef_6,0.003861868754029274,-2.2643802165985107
0131,147133_92c04b84_4,0.0012571808183565736,-0.1057060956954956
0132,77687_cbb18594_50,0.004199116490781307,-1.898416519165039
0133,144290_2a679085_11,0.00021749264851678163,0.35945260524749756
0134,130825_c59bbbfb_0,0.008566259406507015,0.7807827591896057
0135,82512_252da752_6,0.0001350304373772815,-207.90658569335938
0136,115624_d0acb46b_24,0.006393566727638245,0.930628776550293
0137,92134_52f13f49_7,0.00013800033775623888,0.9134184718132019
0138,100326_0602c712_7,0.00012867468467447907,0.7971676588058472
0139,134630_f9e85072_0,0.003410927951335907,0.21477830410003662
0140,108943_b07b2543_1,0.003118302673101425,0.4857839345932007
0141,125416_ab456bc3_5,0.014438334852457047,-0.22583746910095215
0142,57222_33b428d7_69,0.0005355115863494575,0.46440738439559937
0143,24650_dad8c8ee_13,0.00481230765581131,0.9147290587425232
0144,41749_14d0599c_1,0.001674819621257484,0.7508603930473328
0145,49396_98ab955d_27,0.000925330154132098,0.3958800435066223
0146,136892_e2a0b32c_4,6.664547981927171e-05,-0.7137014865875244
0147,31962_e5291336_28,0.0017900110688060522,0.9609342217445374
0148,34231_e27353cb_0,8.671565592521802e-05,0.908826470375061
0149,112724_d334de09_0,0.06198811158537865,0.03654676675796509
0150,56486_82b3e23a_21,3.0914245144231245e-05,0.6405150890350342
0151,40500_6055e3d7_17,2.101755490002688e-05,0.2929542660713196
0152,39468_15fb2e60_43,0.0012320842361077666,-1.0104000568389893
0153,141710_17531562_7,0.0018262371886521578,0.9483863115310669
0154,33529_756075a0_12,0.0032269179355353117,0.3678450584411621
0155,54169_3a875f10_8,0.004519429989159107,0.8807955384254456
0156,41023_5445cb61_9,9.988599049393088e-05,0.912152886390686
0157,146380_5c569eeb_2,0.003027563216164708,-0.627233624458313
0158,24195_9791f5d3_38,2.4884517188183963e-05,0.5092889070510864
0159,26573_7f7e176d_2,0.057945165783166885,0.48604506254196167
0160,22734_f6bad9f7_25,0.014925309456884861,0.7595194578170776
0161,48112_9538e204_0,0.0023933418560773134,0.9524919986724854
0162,127545_6fa39158_10,0.06244231015443802,0.5144322514533997
0163,23788_5c0b60c6_0,0.004016428254544735,-1.108978271484375
0164,23792_5b4c1ce0_21,0.005272304639220238,0.8336375951766968
0165,146067_46e58ab3_1,0.08029196411371231,0.4905879497528076
0166,101072_dec6f415_3,0.00048755118041299284,0.7765105366706848
0167,22829_b6649a29_0,4.5045195292914286e-05,0.2531015872955322
0168,55389_a736bd99_0,0.008496072143316269,-3.5130701065063477
0169,30259_d709601c_9,0.03408459946513176,0.029006540775299072
0170,35866_d0233b36_13,0.0003726975992321968,-2.957505702972412
0171,34563_52848c45_5,0.0004357427533250302,0.8236228227615356
0172,44519_90af0df6_7,0.010450506582856178,-2.048539400100708
0173,114111_59282658_8,0.0016130483709275723,0.4480435848236084
0174,45922_26941172_15,0.026630831882357597,0.5542057752609253
0175,41303_bd1def52_3,0.0007735303370282054,0.8044106364250183
0176,22053_de30641b_1,2.294704427185934e-05,0.6487281322479248
0177,22298_51433023_4,0.008449866436421871,0.8158963918685913
0178,23479_81a49137_0,0.0022080019116401672,0.1978856921195984
0179,22225_a3ce4d29_37,0.008606821298599243,0.8808382749557495
0180,135669_490cd2d7_14,0.016757184639573097,0.10119807720184326
0181,32173_8b075b1a_4,0.005631113890558481,0.9087895154953003
0182,145119_24107428_5,0.003407863201573491,0.7415026426315308
0183,41774_88a7a483_36,0.0004070981522090733,0.7907730937004089
0184,133549_1b6c58d6_0,0.006089400500059128,0.8703967332839966
0185,40936_6de8f4f4_0,0.1053292378783226,0.3429354429244995
0186,23008_3d1bb7b2_0,0.024006932973861694,0.6555477380752563
0187,38360_ad61c9b2_1,0.0011855937773361802,0.22969496250152588
0188,136109_3d342d3c_2,0.0020477164071053267,0.9176766872406006
0189,135790_a27f9deb_11,7.567695865873247e-05,0.9061536192893982
0190,140249_7c1c5bba_0,0.0005822538514621556,0.2912296652793884
0191,128996_a3d026d6_0,0.001916482113301754,0.6072632074356079
0192,23235_f9ccb8b0_0,0.0006429966306313872,0.4929242730140686
0193,93671_f7290ded_0,0.001203150604851544,0.28705185651779175
0194,51109_97b211c3_7,0.0022370517253875732,0.7265930771827698
0195,51916_fa226b15_13,0.0005650080856867135,-0.22082841396331787
0196,86268_094d3fab_1,0.0021331729367375374,0.9573454260826111
0197,39637_ca6a9a60_1,0.011042335070669651,-0.36561596393585205
0198,47219_93cb3619_3,0.05794622376561165,-0.020635366439819336
0199,47878_0edb6829_0,0.0045123291201889515,0.9197506308555603
0200,26764_ab35159a_6,0.00754321226850152,0.6989079713821411
0201,34341_d19b12fb_12,0.0005184976616874337,0.42903953790664673
0202,118342_c702e084_6,0.003514822805300355,0.9197097420692444
0203,49886_dd68dccb_4,0.005152284167706966,0.6098909378051758
0204,23493_57512264_5,0.0008317764732055366,-1.62227201461792
0205,31751_e37382e1_5,0.004101036582142115,0.8949535489082336
0206,24338_848cab42_6,0.01416060235351324,-0.11874282360076904
0207,24916_42eacca3_10,0.0014544047880917788,0.214228093624115
0208,137485_a953e1be_2,0.002141627250239253,0.9571781158447266
0209,23706_ef15ef9c_18,0.009669081307947636,0.35862237215042114
0210,143671_eaf4d13b_6,0.01683115027844906,0.743200421333313
0211,53470_39f2e9dc_13,0.0015353652415797114,-0.9457581043243408
0212,145772_59253c6d_3,0.0001301501179113984,0.8166062235832214
0213,51893_d531e2bd_2,0.002491468098014593,0.9457523226737976
0214,39389_d641313f_8,0.014941485598683357,0.42989081144332886
0215,51595_41f3d1a3_5,0.00017394870519638062,0.8348598480224609
0216,51674_a70c1c6c_15,0.0007942017982713878,-2.02567720413208
0217,37617_3f415463_5,0.0006887012859806418,0.4776439070701599
0218,31862_a89f21f9_3,0.002662976738065481,0.9208613038063049
0219,40519_55a097c6_11,0.019586801528930664,-0.14201784133911133
0220,111306_9108c940_0,0.00658584525808692,-0.26033520698547363
0221,136640_16741d62_4,0.002138659590855241,-0.4553658962249756
0222,23155_d7305c5f_2,0.02917778119444847,0.40898597240448
0223,43934_912ff891_41,0.0004378252197057009,-1.0871000289916992
0224,57017_6033d1e5_0,0.0029218823183327913,0.8528990149497986
0225,126913_d253adb7_1,0.00107712356839329,0.5692421793937683
0226,130752_52d74f2f_48,0.0038151287008076906,0.7428202629089355
0227,124177_71283cad_0,0.0023208269849419594,0.8210394382476807
0228,24650_dad8c8ee_18,0.002041761763393879,0.9478079676628113
0229,55199_4d57661f_2,0.008335809223353863,0.5009648203849792
0230,115010_eb737aaf_20,0.0043770261108875275,0.9161841869354248
0231,27855_19c5895a_12,0.0018374460050836205,0.03626590967178345
0232,52772_a6e6e320_0,0.000756119261495769,-0.014706730842590332
0233,90917_3d2d21a9_0,0.019574709236621857,0.5523055791854858
0234,40703_5f4e45d4_7,0.002220554742962122,0.955949068069458
0235,132622_911efd2f_1,0.03866252675652504,0.4212813377380371
0236,43441_e1ab0873_6,0.031053202226758003,0.5097748041152954
0237,34917_61633e20_6,0.0021629370748996735,0.9531075954437256
0238,67221_275ba7e6_4,0.0030849287286400795,0.9381189942359924
0239,130719_e4764a36_10,0.00017320719780400395,0.6223015785217285
0240,136318_130d6a06_20,0.002080243080854416,0.8102578520774841
0241,99636_73c43ebd_10,0.0015169947873800993,0.9590674042701721
0242,29377_3a04cb8d_6,0.001984796952456236,0.7104400396347046
0243,23018_63087a41_47,0.0018757290672510862,0.9486567974090576
0244,26165_100fec74_4,0.0015901040751487017,-4.003250598907471
0245,135934_d2f6bb2e_46,0.0001748911599861458,0.9151013493537903
0246,24039_448afafa_5,0.002362720435485244,0.88612961769104
0247,32775_a79b406b_14,0.015855014324188232,-1.0202102661132812
0248,23686_cba4f679_0,0.006048493552953005,0.42637521028518677
0249,35147_bc9f2c5d_0,0.0050590974278748035,0.18330448865890503
0250,136337_1351909b_2,0.01990809291601181,0.5271328687667847
0251,139222_2c10ca9a_1,0.010411940515041351,0.10429263114929199
0252,139379_fe5c3f64_0,0.0011335352901369333,0.958209753036499
0253,33084_344fec27_2,0.0031242198310792446,0.9411909580230713
0254,24775_d5c98d77_0,2.451028376526665e-05,0.24443048238754272
0255,56344_3a89f085_23,0.010710721835494041,0.007327139377593994
0256,135112_cf8007b8_5,0.016311606392264366,0.5983617305755615
0257,50706_20d07d57_2,0.031262997537851334,0.7004157304763794
0258,51744_cd355565_5,0.018056591972708702,0.45917099714279175
0259,51464_da501c24_0,0.009344116784632206,-0.8417328596115112
0260,126572_a2d6f794_23,5.312583380145952e-05,-0.8386670351028442
0261,70021_e673ae54_2,0.0006622414221055806,0.04581892490386963
0262,25144_31b089b6_5,0.00042030654731206596,0.8096217513084412
0263,24715_55aac5f2_2,0.00011577328405110165,-8.638113975524902
0264,24532_f82f8000_2,0.0028349263593554497,-1.2949817180633545
0265,30664_a3084f71_1,0.0029331783298403025,-0.22632598876953125
0266,81145_5c13a8e9_1,0.0007887829560786486,0.1943368911743164
0267,132037_2abb8c63_10,7.158593507483602e-05,0.6709328889846802
0268,50414_ac159b58_2,0.0021577798761427402,0.9215796589851379
0269,21601_360ce1c7_7,0.003872834611684084,0.9296169281005859
0270,22119_27e3ecbe_9,0.0021585982758551836,0.9330630302429199
0271,145120_74f7316f_0,0.012849182821810246,0.4190695285797119
0272,74574_c302ff1f_0,0.0008784901583567262,-0.153833270072937
0273,52443_085efc00_4,0.0048555913381278515,-0.586561918258667
0274,147546_ede0f31c_3,0.016440553590655327,0.6444774866104126
0275,22492_047b125b_21,0.012882448732852936,0.7010064125061035
0276,72313_5a86e234_0,0.04193229600787163,0.19898730516433716
0277,45589_49e3c7ea_2,0.0011344931554049253,0.9657904505729675
0278,83432_a7f85698_0,0.006329634692519903,0.8578290939331055
0279,32775_a79b406b_0,0.0007149967132136226,-5.8854851722717285
0280,121703_69c4a5ac_3,6.563642818946391e-05,0.762178897857666
0281,80901_e9080573_6,0.0021478410344570875,0.9161801338195801
0282,21809_8bd6b10e_3,0.03478464484214783,0.2343893051147461
0283,49396_98ab955d_15,0.013078846968710423,-0.24705743789672852
0284,33766_14917a4a_19,0.0021767716389149427,0.9515672326087952
0285,26661_ab88a525_8,0.0015595152508467436,0.9562811851501465
0286,44030_17bd5ec9_0,0.0024781643878668547,-2.04642391204834
0287,53221_74fa81cd_7,0.0004986792337149382,0.5689332485198975
0288,21887_3306168f_7,0.009544133208692074,0.04902458190917969
0289,86185_85fde9e6_0,0.003005584003403783,0.5406556725502014
0290,87951_500b1dcd_2,8.922670531319454e-05,0.9044824838638306
0291,22276_69c5036b_11,0.025464631617069244,0.3337504267692566
0292,41721_44151488_5,0.004098026547580957,0.6205466389656067
0293,102293_5d04e48d_0,0.023989398032426834,-0.13819873332977295
0294,77687_cbb18594_20,0.00010327964264433831,0.8567368984222412
0295,133248_1bab99ae_0,0.002342293504625559,-0.032532453536987305
0296,24051_4852a192_2,0.002805190160870552,0.9037163853645325
0297,86806_2993395a_1,0.00041620555566623807,0.6466697454452515
0298,38558_b0d6b3f8_1,0.007332279346883297,0.8495070338249207
0299,140549_7d01813c_0,0.020970048382878304,0.33478885889053345
0300,24559_3c306e71_1,0.002025916473940015,0.6883954405784607
0301,70350_751de4b0_13,0.01041675265878439,-3.2432074546813965
0302,39101_23fec10f_8,0.009586051106452942,-0.01984858512878418
0303,24942_9d1b2ff2_8,0.006629014387726784,0.9227343201637268
0304,30850_05d88af9_3,0.01789971999824047,0.7023488283157349
0305,113358_08641c94_4,0.00961268413811922,0.7012933492660522
0306,21234_8b71bd47_27,0.0015119427116587758,0.4530133605003357
0307,26245_4aac38e1_21,0.0034368967171758413,-6.974064826965332
0308,66072_d301cc88_0,0.0021975403651595116,0.04966473579406738
0309,21894_93f0d052_23,0.0021284904796630144,0.7897629737854004
0310,147816_7fb70c2b_2,0.002509027486667037,0.7368314266204834
0311,49120_4131d1e7_1,0.0029965750873088837,0.4000651240348816
0312,52224_ca16c854_4,0.0075706373900175095,-0.08108687400817871
0313,105762_19e04e0b_1,0.0008821320370770991,-5.963658809661865
0314,30400_8824ce97_36,0.004684886895120144,0.3252013325691223
0315,95199_ffcff41e_0,0.0004094974137842655,0.5804385542869568
0316,50417_199cffee_3,0.0002587972267065197,0.7985785603523254
0317,24544_d06c82dd_5,0.0027269187849014997,0.9548717737197876
0318,22604_565b91f5_2,0.0015048171626403928,0.937214195728302
0319,22788_b6a9e30a_4,0.0010004068026319146,0.7500045895576477
0320,45789_d5126eab_14,0.0035747268702834845,0.2697753310203552
0321,37267_b2be4b50_3,0.00010010726691689342,-9.07308292388916
0322,34330_5eff1ee1_3,0.003506551729515195,0.5907700657844543
0323,137999_d934160e_1,5.2441548177739605e-05,0.5943366289138794
0324,134921_f5efde94_27,0.00018327674479223788,0.8314948678016663
0325,53470_39f2e9dc_8,0.000484527088701725,-4.435752868652344
0326,23497_f292546d_25,0.005924115888774395,0.753783643245697
0327,22289_4b848f64_2,0.0034751221537590027,0.5293447375297546
0328,31392_84b62622_2,0.002533112419769168,0.7888877987861633
0329,51347_1fc6f329_0,0.004752644337713718,-0.06765961647033691
0330,50777_2934de55_6,0.0013643899001181126,0.9513231515884399
0331,32841_954e8c1a_0,0.00024149341334123164,0.750851571559906
0332,31530_6744ae73_3,0.0035994616337120533,0.9471675753593445
0333,65827_d1469ad6_1,0.0006858553970232606,-4.132679462432861
0334,145461_30637b22_8,0.00014387081319000572,-4.7506422996521
0335,31973_093ea963_13,0.0002019028179347515,0.9214011430740356
0336,70355_e5f58cd5_14,0.002454793779179454,0.7605966329574585
0337,77687_cbb18594_40,0.00013474623847287148,0.404676616191864
0338,24392_fce351ea_0,0.0002547096519265324,0.8634504079818726
0339,36853_7efccb8c_3,0.004418982658535242,0.39687061309814453
0340,41644_d15f8e2b_5,0.00038484533433802426,-0.9831998348236084
0341,131762_9b5e5ff5_2,0.009124469012022018,0.44897961616516113
0342,82193_96ef9433_2,0.00308986846357584,0.9518485069274902
0343,31347_386f6298_15,0.012091883458197117,0.7156810760498047
0344,34568_fbe47bf9_0,0.0008119926787912846,-1.3243672847747803
0345,115624_fe3eb392_3,0.0031685158610343933,0.9274886250495911
0346,130446_e7b58dbe_0,0.0217246413230896,0.12350249290466309
0347,104641_2cd02839_33,5.67366587347351e-05,0.8760501742362976
0348,31460_39fdfc6a_7,0.006814899854362011,-0.5339434146881104
0349,95541_ced8f936_0,0.003988238982856274,0.9140440225601196
0350,23126_725969ea_17,0.004276695661246777,0.548145592212677
0351,23676_52069f98_5,0.00013351941015571356,0.49719083309173584
0352,137637_ed9c537d_0,0.0015318875666707754,0.6212186813354492
0353,22474_b10fea1a_2,0.002279584063217044,0.9447841048240662
0354,143017_21d96cc2_10,0.00930140819400549,-0.3408823013305664
0355,105270_34f92afd_1,0.00016831836546771228,0.7639206647872925
0356,95622_0a0787e4_4,0.0033238688483834267,0.950355589389801
0357,55854_13f0399b_0,0.015192210674285889,0.6730166673660278
0358,22118_1e09e0eb_5,0.010396875441074371,0.556583046913147
0359,146717_3e6a84c1_7,0.014782806858420372,0.7784141302108765
0360,63132_330141d7_3,0.0012880227295681834,0.7387819290161133
0361,115633_fd3c9b97_46,8.293477731058374e-05,0.8291751742362976
0362,21644_aa203dc5_29,0.004958084784448147,-0.21698224544525146
0363,79791_00f639ca_15,0.0026167703326791525,0.955944299697876
0364,60711_42b5a13e_1,0.0032187728211283684,0.6435433626174927
0365,137483_cdb8989d_0,0.0011813254095613956,0.9753353595733643
0366,21644_aa203dc5_26,0.006573876831680536,-0.13458919525146484
0367,131876_b2384623_0,0.0009266978013329208,0.40166234970092773
0368,23706_ef15ef9c_10,0.0105663500726223,-0.616478681564331
0369,68948_0d2a01cd_9,0.022007916122674942,0.38274580240249634
0370,145137_4e9eef42_1,0.00212217983789742,0.5731778740882874
0371,30426_2cde26de_20,0.061259545385837555,0.3029196262359619
0372,31378_34c52a73_0,0.007463515270501375,-1.071997880935669
0373,92134_52f13f49_4,0.0001293379464186728,0.9127107858657837
0374,119634_fc722479_1,0.004960023798048496,0.9317577481269836
0375,24032_d6172503_24,0.004083098378032446,-0.7095209360122681
0376,136401_69f29349_4,0.00015765683201607317,-1.4462058544158936
0377,41871_f9a1ad02_26,0.005381678231060505,0.5913635492324829
0378,48220_87941c4e_116,0.003313834313303232,0.5096105933189392
0379,115012_9ed88535_2,0.001578047638759017,0.36971092224121094
0380,69488_025cf0a2_1,0.09817644953727722,0.3344680070877075
0381,147427_69f68da4_3,0.0004298975400160998,-0.19151687622070312
0382,33766_14917a4a_32,0.002940853126347065,0.8942111134529114
0383,51747_3d58eae0_0,0.007555210031569004,-0.014459013938903809
0384,33785_a4c23f61_0,0.08910710364580154,0.6638363599777222
0385,114935_797875fe_2,0.007353433407843113,0.7324801087379456
0386,51775_49ef614a_26,0.0005819163052365184,-0.03463757038116455
0387,38196_ea48fa42_3,0.00026799459010362625,-2.1350789070129395
0388,140413_44177109_21,2.3669053916819394e-05,0.5668356418609619
0389,27676_79237cc5_1,0.001910033985041082,0.37513846158981323
0390,52883_e518d3f4_33,0.0025617468636482954,0.9495359659194946
0391,34347_841c5375_2,0.0005040450487285852,-9.248347282409668
0392,55289_292737cb_0,0.002702980302274227,0.9481075406074524
0393,50606_82cb18e2_0,0.0019908975809812546,0.9217542409896851
0394,30407_efa567f2_4,0.0031393147073686123,0.9243038296699524
0395,31647_ab9ad9dc_13,0.0023095901124179363,0.7762503027915955
0396,24896_58b4730f_17,0.009860481135547161,-0.8391293287277222
0397,23602_5daaccf5_4,0.007623827084898949,0.46750903129577637
0398,27725_5cceaeb7_10,0.002075562486425042,-3.312026023864746
0399,127734_395dcf7d_5,0.009596802294254303,-0.5605056285858154
0400,31957_d864f861_3,0.0068217129446566105,-0.3901536464691162
0401,49415_1671b60c_4,0.0033045136369764805,-2.089833974838257
0402,45110_fae73324_4,0.003018020186573267,0.8389407396316528
0403,22343_34184fd5_18,0.0014248298248276114,-4.424407482147217
0404,22848_cc91b848_38,6.350180046865717e-05,-72.20045471191406
0405,73652_23b21ef2_1,0.04313095286488533,0.1326972246170044
0406,65569_bd890a32_1,0.001257183263078332,-11.058684349060059
0407,48220_87941c4e_111,0.004777001217007637,0.1633700132369995
0408,30394_e30f932c_0,0.009600421413779259,0.4506882429122925
0409,21941_1a683ec2_26,0.004826514981687069,0.7984532117843628
0410,25564_e646fcb3_1,0.00018992579134646803,0.35859614610671997
0411,134053_87a32e31_3,0.00027622151537798345,0.2462877631187439
0412,87950_af56e26e_2,0.008663332089781761,0.3659277558326721
0413,51458_54240b70_17,0.0005429171724244952,0.40032345056533813
0414,40688_effe215a_1,0.003021152690052986,0.9251866340637207
0415,131494_c8a441d0_0,0.0012265489203855395,0.7611543536186218
0416,26768_c4df841f_21,0.0007335693808272481,0.14070719480514526
0417,136892_2d5f55a9_0,0.00424805236980319,0.06845074892044067
0418,54652_d60ac3e0_10,0.013931792229413986,0.24415642023086548
0419,51747_3d58eae0_1,0.001667130389250815,0.31848394870758057
0420,54650_df3655c1_0,0.00010345023474656045,-0.13304591178894043
0421,41125_711db4bf_58,0.010822317562997341,-0.20379817485809326
0422,45418_f603706b_2,0.005890056490898132,-0.48978734016418457
0423,21852_6cf9a734_18,0.08002794533967972,0.31599509716033936
0424,122515_758d8b70_6,3.467567512416281e-05,-27.634719848632812
0425,104081_05ba54fa_2,0.0018994708079844713,0.20225900411605835
0426,41672_cf87e0b6_0,0.004040068481117487,0.37646180391311646
0427,22638_37f9fe91_1,7.952297164592892e-05,0.7650634050369263
0428,24559_3c306e71_3,0.005394164007157087,0.020239055156707764
0429,31589_ac31215d_8,0.0009485044865868986,0.49808019399642944
0430,49603_143b8bd2_35,0.013910798355937004,-0.10097956657409668
0431,127965_c64a91da_0,0.0021376239601522684,0.4467703104019165
0432,36062_f2fb6808_1,0.0005204021581448615,-3.8095579147338867
0433,139280_8874b1ab_18,0.00014526344602927566,0.8604142665863037
0434,30997_24dea167_4,0.0035818552132695913,0.676915168762207
0435,143471_eb185912_5,7.594504859298468e-05,0.22239798307418823
0436,23176_1bf2a2d5_10,0.001783073996193707,0.9262810945510864
0437,98299_b8146029_5,0.00202293717302382,0.8248064517974854
0438,23466_1cf60d09_4,0.004408308770507574,0.8767348527908325
0439,41591_2d0bd0d5_3,0.00391322560608387,0.8624371290206909
0440,134929_9049dcec_1,0.00025501803611405194,0.8632540702819824
0441,41785_e8bf0528_0,0.001970570534467697,0.914132833480835
0442,31460_39fdfc6a_6,0.0017942712875083089,0.9615749716758728
0443,133710_00be7f31_1,0.007932235486805439,0.0898292064666748
0444,24532_f82f8000_0,0.009154443629086018,-1.0136291980743408
0445,21234_8b71bd47_3,0.0001343527837889269,0.7966208457946777
0446,35175_6edc4126_5,0.007758422754704952,0.775181770324707
0447,20495_e8e7e80c_1,0.00014763313811272383,0.827859103679657
0448,76546_c17e95aa_2,0.00029356710729189217,-0.726813793182373
0449,41654_e75f89df_0,0.006142705678939819,0.6665986776351929
0450,109772_f1a0845e_6,0.0025898402091115713,-0.496457576751709
0451,34913_d23e2a24_0,0.0014610515208914876,0.9188264012336731
0452,25203_1cc0cb3c_12,0.003286630380898714,0.9451491236686707
0453,37160_2a95674a_4,0.002563753165304661,0.832642138004303
0454,69240_dc199112_4,0.00815433170646429,-0.5488917827606201
0455,25176_d9130589_0,0.0018364586867392063,0.7586430311203003
0456,69235_fe79a369_0,0.000283717003185302,0.36281508207321167
0457,39468_15fb2e60_9,0.004764494951814413,0.30879300832748413
0458,103284_e25015aa_6,0.00011001808161381632,0.12317067384719849
0459,30377_e18ea3de_0,0.003349422011524439,-1.7134599685668945
0460,66080_f578d52b_4,0.0006842905422672629,-2.5170631408691406
0461,37444_52b27e94_14,0.0042398530058562756,0.3542914390563965
0462,38675_6e07d74b_31,0.002795947715640068,0.9115303754806519
0463,21680_360ba5c7_28,0.008290814235806465,0.39594024419784546
0464,142032_5c32b7db_2,0.003585685743018985,0.9339727163314819
0465,44210_a155c2d1_0,0.02639431692659855,0.41245126724243164
0466,38287_88ec74de_92,0.009830285795032978,-0.45123589038848877
0467,29572_2f9283f2_4,0.0015387734165415168,0.8853763937950134
0468,28300_b3a6ab79_10,0.005552034359425306,0.808022141456604
0469,136129_e6a20c7d_5,0.00016693845100235194,0.7438619136810303
0470,119381_e4d13609_0,0.002899854676797986,0.8902852535247803
0471,30729_b4d83b07_4,2.1712530724471435e-05,0.554137110710144
0472,140413_44177109_11,0.003118468215689063,0.85333251953125
0473,26384_83eddf22_0,0.006057861726731062,0.5374855995178223
0474,82285_e7a738e7_2,0.014274811372160912,-0.18900525569915771
0475,108599_347602af_0,0.0119191724807024,0.6293476819992065
0476,119889_41a6f268_1,0.00032361262128688395,0.522424578666687
0477,55006_94230c00_1,0.002395822200924158,0.9250978231430054
0478,21517_bfe35b4c_10,0.0006090544047765434,0.7201201915740967
0479,20818_098cad7c_6,9.133304411079735e-05,0.9021925926208496
0480,41855_b82e6ae8_6,0.010830161161720753,-0.2519402503967285
0481,137166_90691294_8,0.00087239861022681,0.42064857482910156
0482,69561_f274e705_26,0.0009636034374125302,0.9535433650016785
0483,51579_d0c3e154_0,0.007150127552449703,0.6974419951438904
0484,23676_52069f98_4,0.003979428205639124,0.8746957778930664
0485,31962_e5291336_1,0.005851639900356531,0.8268686532974243
0486,57222_33b428d7_1,0.0011665798956528306,0.13393628597259521
0487,51586_2ad96f8c_17,2.87306284008082e-05,0.6544240117073059
0488,41473_c2137170_32,0.00445601437240839,0.30551332235336304
0489,31123_9a1bfc50_2,0.003142393659800291,0.7626980543136597
0490,23211_3aac9c7e_0,0.0020179261919111013,0.6219054460525513
0491,45798_b573e9da_5,0.013461550697684288,0.30607712268829346
0492,27847_d2436f7c_37,0.00013743356976192445,0.841153085231781
0493,54736_6ee1b513_1,0.0034107824321836233,-1.9467575550079346
0494,132901_7d205bb4_9,0.0003065404307562858,-1.0324184894561768
0495,73762_8c704690_0,0.0021333452314138412,0.7123182415962219
0496,23209_1592b0a4_1,0.002136843977496028,0.8518095016479492
0497,49024_b7f02205_2,0.0002588814531918615,0.34365177154541016
0498,147630_7f858240_15,0.004371738992631435,0.22979527711868286
0499,69337_2c778611_11,0.00020266667706891894,0.8807048797607422
0500,82498_92a00cd6_1,0.0027979956939816475,0.1330643892288208
0501,78775_e2d8b091_1,0.012160340324044228,-0.6493625640869141
0502,40067_95ae6c76_9,0.01031545177102089,-0.10507798194885254
0503,80756_6f2e842f_0,0.002029208932071924,0.5871202945709229
0504,25284_1da7aa8a_0,0.007893699221313,-0.5620107650756836
0505,55605_2f8bc12e_62,0.0021190622355788946,0.9275274872779846
0506,39792_60786b6c_15,0.006097851321101189,0.8775835037231445
0507,34063_0ca1585e_2,0.0017706715734675527,-0.14772963523864746
0508,31664_1e85c690_13,0.0022196753416210413,0.9365327954292297
0509,131193_98f3ac52_1,0.005593794398009777,-1.501922607421875
0510,120221_e2eaa34b_2,0.001439832616597414,0.5059378147125244
0511,130286_1f71bfed_3,0.00171608233358711,0.48876142501831055
0512,118342_e8142153_21,0.0006071669049561024,0.7756199240684509
0513,128043_9f8cd69e_1,0.00012197224714327604,0.8319637775421143
0514,41504_85e300ee_1,6.28272900939919e-05,0.7294673919677734
0515,78863_d59be42e_0,0.008687232621014118,-0.04433143138885498
0516,31733_5118b376_3,0.035851042717695236,0.7441631555557251
0517,22208_e177deb7_5,0.002244953066110611,0.46368294954299927
0518,24026_1dd4094b_43,0.0014965516747906804,-0.3088423013687134
0519,73388_10a40b49_1,0.005024824291467667,0.7041975855827332
0520,138219_cdff4f61_0,0.004738254472613335,-2.1270592212677
0521,49399_dc56d180_1,0.0032533060293644667,0.9391554594039917
0522,41306_8f26e703_3,0.0004543983959592879,0.8433855175971985
0523,51590_034b8b08_14,0.05096946656703949,0.1380416750907898
0524,48402_8c965495_4,0.00044176922529004514,0.3645179271697998
0525,26388_a3367cba_0,0.006353328935801983,0.2080625295639038
0526,28300_b3a6ab79_6,0.003837466472759843,0.8716118335723877
0527,43938_418421a7_0,0.002115827053785324,0.04089498519897461
0528,41520_60018d18_0,6.342339474940673e-05,0.5433452129364014
0529,137869_344b239b_0,0.0002633518015500158,0.38052433729171753
0530,41648_577daf16_0,0.008245549164712429,0.6470423936843872
0531,31347_386f6298_10,0.0031558661721646786,0.9402764439582825
0532,82190_24b1b0fe_12,0.003115534083917737,0.45437854528427124
0533,33741_4a973932_1,0.004497938323765993,0.2542828917503357
0534,42005_3da46d94_0,0.00035300105810165405,-6.9043169021606445
0535,132982_ee1eed2f_0,0.001970374956727028,0.915859580039978
0536,23898_6e740393_29,0.0016377337742596865,-2.227069139480591
0537,105831_88a0fb85_6,0.007327596191316843,0.8401874899864197
0538,31278_749a6317_0,0.0006544026546180248,0.6069178581237793
0539,51586_2ad96f8c_4,0.003645597957074642,-0.6644289493560791
0540,57000_cd1ddece_14,0.005435039289295673,-1.2153346538543701
0541,50692_e7ff2668_8,0.00616096518933773,0.7808745503425598
0542,65346_e89312e5_0,0.0006953115225769579,-0.05079793930053711
0543,38840_0e449caf_4,0.003492258954793215,0.09809637069702148
0544,29573_ca59fbbf_5,0.008148839697241783,0.9178482294082642
0545,30164_c5680724_12,0.022169142961502075,-0.1699235439300537
0546,138620_e21e10ee_0,0.0006982840714044869,0.40490657091140747
0547,50305_caf9cef2_34,0.002483740448951721,-3.297654151916504
0548,83396_fdb2987a_0,0.007826074957847595,0.7178570032119751
0549,28379_7e292343_4,0.006801034323871136,0.850149929523468
0550,33529_756075a0_32,0.002431867178529501,0.8192931413650513
0551,109857_1d24326e_42,2.083971594402101e-05,-0.03851675987243652
0552,22772_2b5f6629_6,0.0028102535288780928,0.9538816809654236
0553,34600_e2685d46_2,0.004459909629076719,0.8370264172554016
0554,122344_ab1b06aa_2,0.012582847848534584,0.7725264430046082
0555,123573_5f5c9584_1,0.0008657831931486726,0.30149251222610474
0556,35166_562b126c_20,0.0008385552791878581,0.9675415754318237
0557,51350_138f893a_1,7.841482147341594e-05,0.2478848695755005
0558,137785_67c3085b_16,0.0033119225408881903,0.9184985160827637
0559,50417_199cffee_12,0.010695427656173706,0.4833011031150818
0560,22194_a5c323b9_3,0.008569450117647648,-0.39808380603790283
0561,42329_df7f540f_18,0.011514494195580482,-0.2009878158569336
0562,41779_25e4203d_6,0.0007805845234543085,-0.1892331838607788
0563,51094_40aa8332_20,0.00756601057946682,0.7160370349884033
0564,109762_cb162371_38,0.011604543775320053,0.38911575078964233
0565,45922_26941172_9,0.008392823860049248,-0.4449632167816162
0566,34587_ed155e93_0,0.0013739272253587842,0.9605254530906677
0567,69589_a468c1b4_0,0.01628256030380726,0.6562049388885498
0568,44921_00dfb467_0,0.00020285516802687198,0.9505192637443542
0569,82672_4705a693_0,0.0013245980953797698,0.409878671169281
0570,26778_a71e88a6_0,0.0002620204468257725,0.2937091588973999
0571,69488_7bfb2b67_0,0.0013972712913528085,0.9611735939979553
0572,22686_afe3a61e_0,0.00024268562265206128,-0.4993668794631958
0573,109772_5faa88e8_5,0.003136781509965658,-1.1456687450408936
0574,43938_418421a7_147,0.0024860987905412912,0.6584656238555908
0575,141694_b5ac3112_3,0.0037970247212797403,-0.4634805917739868
0576,31973_093ea963_16,0.0005550086498260498,0.6515375375747681
0577,26858_e90dc419_25,7.682808063691482e-05,0.5554013252258301
0578,131350_bbdad30d_0,0.000305614375974983,0.8257490396499634
0579,35741_c43475b8_1,0.0027337607461959124,0.0472903847694397
0580,30690_3df2c9e2_1,0.0045099034905433655,0.6154876947402954
0581,122758_5f4efbf0_2,0.0013067824766039848,0.9140198230743408
0582,37822_3be11c62_0,0.0005867334548383951,0.7505272030830383
0583,91174_ee6ee92b_1,0.001301610958762467,0.69504714012146
0584,23676_52069f98_31,0.03962811082601547,0.6008167266845703
0585,27958_fee329eb_1,0.006850983016192913,-0.8583922386169434
0586,144534_3b4fdb09_18,0.0037677111104130745,-0.052787065505981445
0587,30292_0b5e0265_1,0.02686956711113453,0.6342239379882812
0588,111062_e59e2d31_0,0.04764697700738907,0.45851999521255493
0589,135790_a27f9deb_77,0.0012675956822931767,0.7531043291091919
0590,65842_de75838b_10,0.0029207842890173197,0.3889870047569275
0591,22475_9d9601a8_3,0.00035662009031511843,-0.9881342649459839
0592,119884_192e3265_0,0.009378347545862198,-0.39970827102661133
0593,51463_3330e3aa_2,0.013095570728182793,-0.35890817642211914
0594,23231_efe613bb_4,0.004886109847575426,0.7497429847717285
0595,22895_4533b542_2,0.002297208644449711,0.6471543908119202
0596,146219_5661130f_4,0.0064129214733839035,0.860828697681427
0597,38953_19054857_19,0.0014025861164554954,-0.24645769596099854
0598,21847_b2de7eb8_24,0.0024260433856397867,0.835591197013855
0599,51603_034939eb_12,0.0014515516813844442,0.10527199506759644
0600,24843_5231632c_4,0.00014985068992245942,0.9067717790603638
0601,41982_f75ceb8f_4,0.0003383082221262157,-1.5735647678375244
0602,42937_c573c439_2,0.0007644745637662709,-2.2134861946105957
0603,61288_2d594195_0,0.010857773013412952,-16.84916114807129
0604,55006_94230c00_0,0.0018805868458002806,-0.8727995157241821
0605,49898_f42a885e_5,0.005863763391971588,0.8721952438354492
0606,55709_af3825c8_4,0.005988111719489098,0.805101752281189
0607,144117_83c980ca_2,0.00010145115084014833,0.6468382477760315
0608,40417_b8d98f73_7,0.0006368366884998977,0.5762296915054321
0609,53200_d1e30b87_11,0.00516233965754509,-4.660444736480713
0610,147009_977ee378_4,4.323736720834859e-05,0.6181678771972656
0611,63056_a5dfd66b_4,0.00027616324950940907,0.5010237693786621
0612,22205_f48b96b3_10,0.006856303196400404,-0.5613651275634766
0613,51585_b695905b_4,0.0036398135125637054,0.9194070100784302
0614,24084_71f37c00_1,0.002397998236119747,0.5187380313873291
0615,25815_0e853ad9_10,0.0023866083938628435,0.8507595062255859
0616,55030_11a6e3e8_3,0.039490558207035065,0.6431559324264526
0617,23042_1184de03_5,0.002877664053812623,0.9162614941596985
0618,39719_e9629dbd_4,0.00026077614165842533,-1.868347406387329
0619,51256_ed221095_2,0.0006131274858489633,0.31506723165512085
0620,25810_93c8a71a_3,0.002896090503782034,0.8892751336097717
0621,22208_e177deb7_1,0.005700451321899891,0.6011226177215576
0622,115624_d0acb46b_22,0.0047451285645365715,0.9253135323524475
0623,30708_4282508b_0,7.251164788613096e-05,-0.12233006954193115
0624,31117_cd5cdbdb_12,0.00017519481480121613,0.9243642091751099
0625,41733_1ec9b00c_32,7.230704795802012e-05,0.7865461707115173
0626,111387_c4243097_2,0.0006469536456279457,0.1213083267211914
0627,119869_e8f0dd81_19,0.0007116924971342087,0.46439629793167114
0628,34569_590239d6_0,0.003443891415372491,0.8419164419174194
0629,136318_130d6a06_23,0.00016654990031383932,0.7926799654960632
0630,145132_7aea3b66_4,0.014404810033738613,0.8114612698554993
0631,41878_3aeaed3d_0,0.007026832550764084,-0.1426844596862793
0632,34583_a1cf326b_0,0.003733603050932288,0.9316685199737549
0633,116581_d405b783_0,0.014585904777050018,0.8018261194229126
0634,24044_9bbe7992_3,0.00013412564294412732,0.8325961232185364
0635,22194_a5c323b9_2,0.007659531198441982,0.3097003698348999
0636,142076_08d80e12_21,7.159534288803115e-05,0.683236837387085
0637,55817_6ac2912d_7,0.00013680889969691634,-0.4752988815307617
0638,21165_5cb2d287_2,0.00012466360931284726,0.7373150587081909
0639,39796_45dcdc7d_0,0.04193539172410965,0.45613670349121094
0640,33044_7fdd9213_1,0.01997339352965355,0.47071337699890137
0641,23731_3fe5b501_6,0.0001415960578015074,0.7823430299758911
0642,32743_f4c47bbc_31,0.009544025175273418,0.11282616853713989
0643,108775_4908fba2_21,0.0011935275979340076,0.8939340114593506
0644,21941_1a683ec2_19,0.002748647006228566,0.7971346378326416
0645,27682_04277f62_18,0.004538040608167648,0.791595458984375
0646,25815_0e853ad9_4,0.0030168963130563498,0.8053195476531982
0647,30261_723e95cf_2,0.0020273998379707336,0.9145487546920776
0648,21385_601444ba_102,0.0035933859180659056,0.8309731483459473
0649,30368_d7fd30ce_7,0.0008264887728728354,0.6883084774017334
0650,55605_2f8bc12e_3,0.007759532891213894,-0.2666916847229004
0651,24650_dad8c8ee_15,2.1556927094934508e-05,0.3274350166320801
0652,34227_48203345_7,0.0066700768657028675,0.8140433430671692
0653,113348_ac85cba3_1,0.005412913393229246,0.4187053442001343
0654,26552_25c5924a_1,0.001378848566673696,0.4720025658607483
0655,55381_cbaffe9b_0,0.0015739171067252755,0.5642971992492676
0656,55817_6ac2912d_25,0.012993518263101578,0.6546854376792908
0657,138947_0778db40_4,0.0002477906527929008,0.9030983448028564
0658,52788_07f7da63_0,0.0011042504338547587,0.7258847951889038
0659,70355_e5f58cd5_6,0.00017984010628424585,0.6971437931060791
0660,51744_cd355565_8,0.008274040184915066,-0.696345329284668
0661,41227_90e1c07c_16,0.007172422483563423,0.8193790316581726
0662,45359_1768ab3f_42,0.007023927289992571,0.25871556997299194
0663,41783_d1c10326_3,0.0006276253843680024,-1.0190582275390625
0664,32960_0eaa1de8_13,7.830708636902273e-05,-4.653151035308838
0665,34674_32ee1595_3,0.00505773164331913,0.8284547328948975
0666,136885_23632908_1,0.0034108220133930445,-0.217218279838562
0667,136808_00592735_3,0.0012418016558513045,0.7298418283462524
0668,45589_49e3c7ea_5,0.0031860668677836657,0.9344097375869751
0669,141665_0564e852_3,0.0019349735230207443,0.5379394888877869
0670,50897_3be92e2f_18,0.0022713253274559975,0.9469588994979858
0671,84256_4164b724_3,0.00010273180669173598,0.9014309048652649
0672,22994_e6ad8f2b_10,0.0052809021435678005,0.8040066957473755
0673,28295_0dc908b9_8,0.003867149818688631,-0.21132981777191162
0674,23329_6939d5d9_5,0.0006376472883857787,0.2926432490348816
0675,123665_0a0da5c7_3,5.154957398190163e-05,0.5975891947746277
0676,121172_0ac63503_7,0.002571387216448784,0.5130619406700134
0677,50941_2a8a8c76_0,0.0023022498935461044,0.9543440937995911
0678,37846_cde34fcd_66,0.010652144439518452,-0.7877938747406006
0679,56040_9b1307eb_21,0.004406552761793137,0.3136555552482605
0680,146535_229c95bc_1,0.000263440131675452,-0.20704257488250732
0681,50947_49287c16_2,0.0035754989366978407,0.941557765007019
0682,95622_0a0787e4_5,0.00024224691151175648,0.8688978552818298
0683,25432_f13e5110_0,0.0034684317652136087,0.890775740146637
0684,32454_e959e3cf_0,0.0021159793250262737,0.9404503703117371
0685,65858_61e9b51a_18,0.003031970001757145,0.3083200454711914
0686,70350_751de4b0_3,0.014810064807534218,-1.047424077987671
0687,129239_0d49310c_15,0.001199662801809609,0.5427608489990234
0688,31008_8fa25b35_8,0.004469489678740501,0.056232988834381104
0689,55306_795d845b_2,6.123573984950781e-05,0.6108061671257019
0690,29729_e8bb36f1_2,0.0012824875302612782,-0.5112946033477783
0691,67283_4097cbd6_5,0.00036604926572181284,-2.1123504638671875
0692,23904_811e466f_4,0.0007198388339020312,0.3960813879966736
0693,116076_12d31fb7_1,0.001998018939048052,0.6993352174758911
0694,45302_02d7e3bc_0,0.003768215887248516,0.052219271659851074
0695,60977_4bb093ec_1,0.0024293335154652596,0.8917487263679504
0696,49017_76979790_8,0.00406809663400054,0.22893571853637695
0697,146321_0dbae658_10,2.621069324959535e-05,-1.6412909030914307
0698,102194_150e3faf_3,0.0010930070420727134,0.9665236473083496
0699,34769_44655d03_5,0.0005302999052219093,0.4070326089859009
0700,38953_19054857_6,0.0011361323995515704,0.06740027666091919
0701,55397_ad24603f_1,0.0005563237937167287,0.42254334688186646
0702,21908_385686ec_15,0.002172105712816119,0.8951535820960999
0703,60721_57103153_4,0.001600509393028915,-1.5624399185180664
0704,98701_7cd4ec8d_0,0.022086694836616516,0.5988185405731201
0705,91703_642cdf1a_1,0.00472891703248024,0.9110487699508667
0706,26661_ab88a525_5,0.002552101854234934,0.3562275767326355
0707,51940_67bb0219_21,0.0004314708348829299,0.08051103353500366
0708,22543_684108ff_22,0.000660276913549751,0.343880295753479
0709,145250_cde4d039_8,0.0013233416248112917,-0.48983514308929443
0710,20232_e5b060d9_6,0.0005760783678852022,-0.04575979709625244
0711,128043_d4650350_0,0.03901907056570053,0.47604721784591675
0712,140530_30edf2c4_0,0.0016987434355542064,-0.43363451957702637
0713,131814_9af6d05a_0,0.0034000491723418236,0.4887387752532959
0714,26245_4aac38e1_9,0.00044755786075256765,0.8130390644073486
0715,30282_88c6933c_14,0.00836984533816576,0.6788696050643921
0716,32322_71d0035e_1,0.0013769466895610094,0.9293509721755981
0717,131762_d10609a4_1,0.0030294940806925297,0.8631572723388672
0718,54812_5f7b7aba_2,0.0006878476124256849,0.6980288028717041
0719,135830_8fb36dac_4,0.008502436801791191,0.6235216856002808
0720,139280_8874b1ab_4,0.0001387887168675661,0.7018824815750122
0721,49904_639055dd_1,0.0015151503030210733,0.8263376355171204
0722,53601_59d3ecd2_0,0.019659144803881645,0.19403290748596191
0723,50047_54241fe3_12,0.0024505830369889736,0.8103131651878357
0724,136925_70fb0381_3,0.004874859470874071,0.7016825675964355
0725,87488_95f678ce_0,0.027870751917362213,0.38469386100769043
0726,137166_90691294_2,0.00092217797646299,0.38678961992263794
0727,44030_17bd5ec9_11,0.000620934646576643,0.016081035137176514
0728,137396_b5f6bec4_5,0.0031120439525693655,0.9065302014350891
0729,21900_760d2078_10,0.007536752615123987,0.8908255696296692
0730,21185_ac5324ba_5,0.014460192061960697,0.5490187406539917
0731,31132_2320d049_4,0.0028256394434720278,0.9486026167869568
0732,82281_80cdf67c_4,7.089092105161399e-05,0.8211607933044434
0733,38287_88ec74de_15,0.0037853000685572624,0.9266939163208008
0734,136128_831e37a6_0,0.003475276054814458,0.6133835315704346
0735,21330_f0cee934_18,0.00018574796558823436,0.8780800700187683
0736,34109_5a868eae_10,0.002481968142092228,0.7627037167549133
0737,21174_861bd902_2,0.004318589810281992,0.6236064434051514
0738,49783_365bec9e_6,0.0035699899308383465,0.8929046392440796
0739,24429_ace910b3_8,2.4923243472585455e-05,-0.4586038589477539
0740,22772_2b5f6629_4,0.0053290496580302715,-0.36251914501190186
0741,53927_ef5208b9_14,0.014995381236076355,0.37527185678482056
0742,56250_3b6024e3_54,0.0019835070706903934,0.9566536545753479
0743,23522_5c2ec58e_8,0.00817692931741476,0.7423439025878906
0744,121177_93fb3127_10,0.0005763600347563624,-0.04592239856719971
0745,138840_b7f948ea_2,0.0022719199769198895,0.7687623500823975
0746,41125_711db4bf_6,0.012500456534326077,0.7043377161026001
0747,102606_28922dfc_0,0.0036091080401092768,-36.94790267944336
0748,31530_6744ae73_50,0.041203003376722336,0.26490235328674316
0749,50598_eae0df5a_1,5.7687586377142e-05,0.8945173025131226
0750,145726_19ccdbda_12,0.0009082885226234794,0.7087302207946777
0751,41469_b94cf3e4_0,0.004206943325698376,0.13770067691802979
0752,147009_977ee378_1,0.006320512387901545,0.3924751281738281
0753,24267_8a216138_10,0.011350670829415321,0.07848882675170898
0754,63071_3d434a33_16,0.007818777114152908,0.5828374624252319
0755,34436_ffc43a58_4,0.00016995397163555026,0.8533881902694702
0756,50692_e7ff2668_4,0.001654051709920168,0.3372359275817871
0757,146642_883a71d2_9,0.035081617534160614,0.44598132371902466
0758,109772_f1a0845e_7,0.001408762182109058,0.9671260118484497
0759,136640_16741d62_1,0.003969640005379915,-0.007876992225646973
0760,21680_360ba5c7_11,0.0017750283004716039,0.2788321375846863
0761,27729_09d75da1_2,0.0033538448624312878,0.9044666886329651
0762,82148_5df06ed9_19,0.02842675894498825,-0.9746427536010742
0763,55287_8a57a3db_1,0.013425368815660477,0.17408621311187744
0764,53221_74fa81cd_5,0.0005660986062139273,0.7285143136978149
0765,30417_0010bc7c_39,0.004875990096479654,0.6193860769271851
0766,23706_ef15ef9c_40,0.000861080945469439,0.877099335193634
0767,140763_e14274f8_3,0.00011768873810069636,0.9109057188034058
0768,23602_5daaccf5_3,0.0022154899779707193,0.6408495903015137
0769,30282_88c6933c_9,0.0036053797230124474,0.7732008099555969
0770,56824_0fc773f6_0,0.015520296059548855,0.11521929502487183
0771,42410_d3b5588e_1,0.00521747674793005,0.20727592706680298
0772,55055_dd27a8a4_0,0.003726353170350194,0.9317988157272339
0773,115633_a2c63339_6,0.0003388197801541537,0.6249075531959534
0774,73651_a41647f8_5,0.00017675617709755898,0.3148145079612732
0775,33413_060ce192_32,0.003577234223484993,0.7251962423324585
0776,97331_a482fa9b_0,0.0027335151098668575,0.42235267162323
0777,23476_705b76d1_0,0.0008388946298509836,0.9671874642372131
0778,32566_7bfc936b_6,0.036700289696455,0.6531402468681335
0779,41717_eb1c1e6b_0,0.005638381466269493,0.5481622219085693
0780,60720_ef9a0a95_8,0.0006788530736230314,-0.45093047618865967
0781,138700_ab763a46_202,0.00012846798927057534,-69.89614868164062
0782,38287_88ec74de_17,0.01456724014133215,-1.395726203918457
0783,135535_0bd0048d_0,0.020475657656788826,0.6916117668151855
0784,21797_69df08d5_7,0.07560566067695618,0.39805084466934204
0785,65350_b3fa8f4f_47,0.08354362845420837,0.6154900789260864
0786,41714_1d49f4d1_3,0.0019938265904784203,0.777209997177124
0787,66012_a13e1644_1,0.002626048866659403,-0.11362659931182861
0788,22652_564979ff_11,0.0006881529116071761,0.48846369981765747
0789,25127_ecba81df_23,0.0023727186489850283,-0.5484681129455566
0790,47548_db93c988_4,0.0022494865115731955,-4.503024578094482
0791,55927_f8b31711_5,0.007515919394791126,0.598015546798706
0792,31647_ab9ad9dc_2,0.0023327809758484364,0.6846809387207031
0793,41128_ee74f244_8,0.0019461954943835735,0.4673526883125305
0794,20959_d4905d19_4,0.0012375343358144164,0.6963833570480347
0795,52009_a2b75078_3,0.059714701026678085,0.39859116077423096
0796,22201_473a3a65_16,0.0023433975875377655,0.682539165019989
0797,29442_365e23df_30,0.013272094540297985,0.6246144771575928
0798,51859_6b2fd0f1_8,0.003684001974761486,0.874189555644989
0799,140413_44177109_15,0.00041392981074750423,0.6328467130661011
0800,21822_7d3db422_11,0.007525991648435593,0.7908713817596436
0801,24168_a0ede173_100,0.0002105085295625031,0.8480774760246277
0802,145532_c2304f89_1,0.00400792621076107,0.4387599229812622
0803,104641_2cd02839_13,6.558073800988495e-05,0.7458136081695557
0804,23679_81ef9e37_2,0.005473114084452391,-0.30405521392822266
0805,95271_de3df8d5_2,9.57244192250073e-05,0.5390925407409668
0806,41401_e4117da2_0,5.527526082005352e-05,-0.2044215202331543
0807,48006_babdf4af_9,0.008463045582175255,0.9019954800605774
0808,142246_0851be5e_32,0.024763669818639755,0.5890587568283081
0809,33615_7bab1106_4,0.010373519733548164,0.31358522176742554
0810,31117_cd5cdbdb_18,0.005216684658080339,0.921036958694458
0811,34914_8911676d_0,0.003507948713377118,0.7108045220375061
0812,55501_a09e4ced_2,5.8902514865621924e-05,-1.2125678062438965
0813,41128_ee74f244_9,0.004248741548508406,-0.4064422845840454
0814,142246_0851be5e_22,0.004713546019047499,0.1451120376586914
0815,22413_901f5867_0,0.000238635009736754,0.277767539024353
0816,56490_0a0fba77_0,0.00515586044639349,-0.46240031719207764
0817,93676_4f934980_1,0.0006784425349906087,-0.5040309429168701
0818,146642_883a71d2_96,0.0028852964751422405,0.6850740909576416
0819,24032_d6172503_3,0.003293929621577263,0.44159430265426636
0820,44221_25c62f03_1,0.00345867732539773,0.9359397888183594
0821,50315_0f1419bf_33,0.005738666746765375,0.44300585985183716
0822,133389_0938a905_2,0.007700362708419561,-0.954298734664917
0823,24824_cf51e5b6_4,0.002634837059304118,0.5057210922241211
0824,33970_32f36442_3,0.012331206351518631,0.6154599189758301
0825,29359_bbfab271_2,0.003366998629644513,0.40726345777511597
0826,23172_4ab01e83_0,0.002083917148411274,0.949354350566864
0827,98511_1b46a85e_45,0.004956255201250315,0.8607048392295837
0828,98511_1b46a85e_46,0.005120100453495979,0.8494682312011719
0829,34248_cc11976c_0,0.0051611787639558315,0.8093050122261047
0830,104003_46555fb2_0,0.00038117554504424334,0.15236663818359375
0831,34520_035b5e9a_8,0.00324227730743587,-0.11431467533111572
0832,38397_93d5d7de_12,0.02085702121257782,0.7110362648963928
0833,130023_93b3ca95_1,0.0025097187608480453,0.1166372299194336
0834,83213_47c49876_1,0.0015147067606449127,0.8263912200927734
0835,43928_6ca53538_63,0.012489681132137775,0.7095544934272766
0836,82779_b7b722e3_9,0.0029172596987336874,0.6515835523605347
0837,134967_0f27ef51_1,0.00019932768191210926,0.850875973701477
0838,86024_714b24f4_1,0.0008393505704589188,0.9671177268028259
0839,40807_58058731_11,0.002559639047831297,0.613966703414917
0840,26750_cd3cb3ff_0,0.023880571126937866,0.5857549905776978
0841,126913_d253adb7_2,0.002987271873280406,0.410586416721344
0842,24268_2804c9ff_13,0.003383911680430174,0.9119821786880493
0843,45542_320c16fd_3,0.002270620549097657,0.9548581838607788
0844,22342_274ed8a6_1,0.005456873681396246,-0.18181633949279785
0845,133385_e6aa64d8_17,0.00014546544116456062,0.4168752431869507
0846,143509_1dd5212d_3,0.0028325936291366816,0.9164562225341797
0847,47989_3ff0f41d_0,0.01462186872959137,0.5840373039245605
0848,21822_7d3db422_14,0.02575908973813057,0.6280338764190674
0849,21517_bfe35b4c_12,0.0012497821589931846,-1.1816504001617432
0850,52883_e518d3f4_10,0.0020472982432693243,0.6676130294799805
0851,41871_f9a1ad02_14,0.010543232783675194,-0.05474567413330078
0852,37016_455093c1_2,0.00025497228489257395,0.8633117079734802
0853,31117_cd5cdbdb_78,0.08056791871786118,0.3752220869064331
0854,129239_0d49310c_22,5.516976671060547e-05,0.8398184180259705
0855,30400_8824ce97_6,0.013910045847296715,0.7091636657714844
0856,53233_8dbca22c_8,0.004835312720388174,0.6608287692070007
0857,40514_bb61631d_25,0.0015998483868315816,0.6460607051849365
0858,24053_53349e4d_2,0.0003597555332817137,0.5370074510574341
0859,41917_f0c40fa1_16,0.0011264582863077521,0.973351776599884
0860,22543_684108ff_5,0.008945226669311523,0.6453683376312256
0861,138636_c1153075_0,0.00014276374713517725,0.8725635409355164
0862,24448_75004b6c_6,0.0018559352029114962,0.9409102201461792
0863,24831_bbd3e098_8,0.000575134705286473,0.43642234802246094
0864,53221_74fa81cd_3,0.001296115224249661,0.6496256589889526
0865,76879_65a30a82_4,0.00026625546161085367,0.564744770526886
0866,108773_f9384cff_10,7.361506868619472e-05,0.22309160232543945
0867,33671_0e9c6ca3_5,0.001239677774719894,0.9015393853187561
0868,93103_fdb9fcb7_15,0.011108700186014175,0.40058642625808716
0869,137675_d2bd633e_0,0.0021520028822124004,-0.3477829694747925
0870,21893_0500d043_32,0.0025353292003273964,-0.6575102806091309
0871,22110_0bc70e9f_1,0.0030848647002130747,-0.895819902420044
0872,43152_b5472481_1,0.0013064333470538259,0.509406328201294
0873,115717_40314bc2_1,0.011754530481994152,-0.02704787254333496
0874,102943_ca9e7968_0,0.0002118525153491646,0.7117303609848022
0875,136401_69f29349_0,0.00901554524898529,-4.980105400085449
0876,28542_3c922564_0,0.002212150953710079,0.19333332777023315
0877,24267_8a216138_6,0.004329928662627935,0.7625383734703064
0878,84374_272a9731_7,0.003366095246747136,0.5561957359313965
0879,23531_1ecc8346_18,0.04047664627432823,0.6051791906356812
0880,41871_f9a1ad02_30,0.006283118389546871,0.8095647096633911
0881,132461_14abd2d0_0,5.793749733129516e-05,-0.6174520254135132
0882,37617_3f415463_2,0.0006623987574130297,-0.08241057395935059
0883,41696_de0790a1_1,0.00258967955596745,0.9424937963485718
0884,54657_2a66e0de_20,0.010818788781762123,0.0065552592277526855
0885,24425_0dc4b306_0,0.0021835342049598694,0.78615802526474
0886,146667_fe438b5b_0,0.0010911477729678154,0.9585016369819641
0887,23048_8a1a5553_8,0.0002825937990564853,-6.603576183319092
0888,51871_86ebf5b2_17,0.003884573932737112,0.2888646125793457
0889,30664_a3084f71_6,0.006764219142496586,0.58493971824646
0890,139801_97e2ca6a_5,0.003628192935138941,0.2571556568145752
0891,22278_12f1fb79_13,0.009705896489322186,0.36856549978256226
0892,22776_facf9bcf_8,0.003930579870939255,0.8662189245223999
0893,40500_6055e3d7_15,0.0554925911128521,0.44653284549713135
0894,35740_5322d674_13,0.0003589198167901486,0.7816454172134399
0895,39792_60786b6c_12,0.0030872924253344536,0.8879197239875793
0896,115524_4a411f7e_0,0.0007758940919302404,0.8237450122833252
0897,24131_3ea7d5a8_17,0.011444170959293842,0.447984516620636
0898,100326_0602c712_2,0.02231544442474842,0.29116886854171753
0899,34571_25c64838_2,0.009843404404819012,0.4165966510772705
0900,143534_4f65fd1a_0,0.0018309580627828836,0.3809683322906494
0901,101446_95204330_1,0.0034523732028901577,-1.1885826587677002
0902,41749_14d0599c_10,0.0005974515806883574,-0.7436509132385254
0903,55715_525d1d3e_12,0.001207453664392233,-2.581529378890991
0904,45307_b9b4bca0_30,0.03409519046545029,0.7558114528656006
0905,22654_4c426b0f_0,0.001920795883052051,0.7594689726829529
0906,22670_9353c710_4,0.0009856682736426592,0.6977338194847107
0907,99445_94c22a37_11,0.0033355753403156996,0.9504410028457642
0908,132811_57264a28_4,0.003476548008620739,0.715979814529419
0909,23258_87a2ba81_3,0.00017745660443324596,0.7194952964782715
0910,50777_2934de55_22,0.006683435756713152,0.7627534866333008
0911,98418_4185a7fb_0,0.004796802066266537,0.8837910294532776
0912,43441_e1ab0873_2,0.00020992539066355675,-1.5437591075897217
0913,24271_dbc0fd2d_12,0.00019806063210126013,0.9564040303230286
0914,38944_0d0c3fce_0,0.08029624819755554,0.4798048734664917
0915,40624_e1c5c424_11,1.9149949366692454e-05,0.5176891088485718
0916,100028_0c3a8f1c_13,0.004792468156665564,0.9383558630943298
0917,40491_ac67bf4c_13,0.003215894801542163,0.9396775364875793
0918,25416_1deb9c75_0,0.004531873390078545,0.21552354097366333
0919,21657_2651585a_6,0.0018094461411237717,0.9040924310684204
0920,21986_67c5509a_15,0.010416652075946331,-0.29243433475494385
0921,32288_34013274_2,0.006419079843908548,-0.08648324012756348
0922,55373_ddd74d2f_0,0.01800277829170227,-1.3251070976257324
0923,26245_4aac38e1_0,0.002085986780002713,0.8804766535758972
0924,33044_7fdd9213_0,0.0012403830187395215,0.7785314321517944
0925,31530_6744ae73_48,0.06929533928632736,0.3306009769439697
0926,25555_fd3d9a3c_1,0.0002120618155458942,0.7022771835327148
0927,54175_7d864ace_6,0.0032242604065686464,0.2759321331977844
0928,72950_5074f5a3_0,0.0016319459537044168,-0.07880592346191406
0929,129618_2962c248_0,0.01991242915391922,0.6674256920814514
0930,52012_77070fda_10,7.86561649874784e-05,0.8766476511955261
0931,28295_0dc908b9_7,0.004612181801348925,-0.2389591932296753
0932,144419_90e59d67_2,3.859461867250502e-05,0.5734864473342896
0933,22734_f6bad9f7_24,0.010702088475227356,0.6687929034233093
0934,22604_0b4ffb43_14,0.0037263534031808376,0.9317988157272339
0935,81996_b3752ed2_3,9.779891115613282e-05,0.9122334718704224
0936,24504_493cee15_8,0.006335949990898371,0.7477153539657593
0937,39124_28e99e62_1,0.0006759915850125253,0.23936903476715088
0938,29725_0ad4937e_1,0.00016061094356700778,0.7096930146217346
0939,109232_04340d62_6,0.00031945048249326646,-4.8109636306762695
0940,129075_8fbf62e5_0,0.001442478271201253,-0.14155364036560059
0941,102937_18c3cb6a_4,0.008059299550950527,0.7174303531646729
0942,52551_8098346a_5,0.0008698721649125218,-0.5131509304046631
0943,128043_6947b64c_0,0.007063595578074455,0.5922375917434692
0944,119030_292009a7_41,0.0034998455084860325,0.4866088032722473
0945,48526_5aecac8a_0,0.007026919163763523,-0.18324792385101318
0946,32541_86f7df73_4,0.0004665775632020086,0.556130588054657
0947,55114_7bf17f6a_0,0.016800308600068092,-0.2179248332977295
0948,55285_6816da52_1,0.027319911867380142,0.4087315797805786
0949,37683_e2cca100_17,0.00017253019905183464,0.7283702492713928
0950,78775_e2d8b091_15,0.00752669433131814,0.7539037466049194
0951,93199_2146e709_2,0.0019229949684813619,0.7729737758636475
0952,135595_656de97a_14,0.0001521369704278186,0.8909239172935486
0953,24284_3710e946_16,0.0024722106754779816,0.9439913630485535
0954,135521_30553c91_2,0.0003661037771962583,-4.309764862060547
0955,29732_fb15318c_5,0.0008729161345399916,0.17078560590744019
0956,88060_389bdff4_0,0.005402027629315853,0.6712639927864075
0957,27839_4a077326_28,0.010795613750815392,0.7325097322463989
0958,100435_87bf423d_8,0.0036059352569282055,0.9289463758468628
0959,25365_bb0e4ede_44,0.0006770585896447301,0.039754509925842285
0960,146169_144d8264_0,0.050652217119932175,0.726439893245697
0961,23342_7193a931_3,0.00021741035743616521,0.35947972536087036
0962,57000_cd1ddece_12,0.002137167612090707,0.9572716355323792
0963,119790_1ed376f0_3,0.0005703517817892134,0.3775191903114319
0964,72522_e9e87960_4,0.003204059787094593,0.9398611187934875
0965,65366_f618b577_2,0.001623462769202888,-0.41317081451416016
0966,55707_c78416ed_35,0.010743380524218082,0.43855440616607666
0967,70321_eccffc7e_0,0.0012243564706295729,0.6828219890594482
0968,120143_b5756e6b_0,0.011252563446760178,-0.5626698732376099
0969,27726_aca43af4_35,0.00013869484246242791,-5.44390869140625
0970,31361_72aab333_20,0.0014709018869325519,0.5325323939323425
0971,121949_e10b5e85_12,0.004100607708096504,0.8867398500442505
0972,146399_0e4b73c4_13,0.013076559640467167,0.7315500974655151
0973,41134_fc146947_6,0.001428243238478899,0.33229291439056396
0974,21237_7887a24b_35,0.00117965298704803,-3.876896858215332
0975,24885_55e20ddf_3,0.00012097327271476388,0.8804822564125061
0976,34914_8911676d_23,0.0013084813253954053,0.7674513459205627
0977,21803_8a36dcda_12,0.006757179740816355,0.7738947868347168
0978,41306_8f26e703_5,3.339282557135448e-05,0.6395187377929688
0979,25118_f50fdc69_10,6.485516496468335e-05,0.9052761197090149
0980,25473_0991d519_9,0.004483768716454506,0.8877213597297668
0981,126585_86fa26cb_0,8.805250399746001e-05,0.8912564516067505
0982,145691_69484976_9,0.00853818655014038,0.23231405019760132
0983,60729_c51868ec_0,0.0014350998681038618,0.20940124988555908
0984,123929_e7dbad2c_0,0.0058479527942836285,-1.7778449058532715
0985,69649_70b07cac_0,0.0026560768019407988,0.9413291215896606
0986,55135_f1186d58_9,0.000478929141536355,0.4033256769180298
0987,20838_86c931be_2,0.002911009592935443,0.6380741000175476
0988,45242_626509cb_11,0.0017609244678169489,0.22184032201766968
0989,34983_439766af_13,0.008330890908837318,0.9133449792861938
0990,53453_fb0f1640_1,0.01548268273472786,0.5299885869026184
0991,23255_972fbfe6_25,0.0014274013228714466,0.9550071358680725
0992,24168_a0ede173_203,0.1335623562335968,0.25718456506729126
0993,55476_1473d91f_0,0.0019156154012307525,0.023407161235809326
0994,55111_ef389075_1,0.004107360262423754,0.8430131673812866
0995,141710_17531562_1,0.0011927483137696981,0.8998536467552185
0996,96601_b89e6252_1,0.00010681443382054567,0.4319673180580139
0997,135790_a27f9deb_43,0.02751435525715351,0.6474829912185669
0998,121363_746708db_0,0.001206826651468873,0.535659670829773
0999,136886_3aa46890_0,0.0004493140440899879,0.8324682116508484
1000,50315_0f1419bf_19,0.029486410319805145,0.5944147109985352
1001,37846_cde34fcd_14,8.861436072038487e-05,-0.0019042491912841797
1002,24816_ef81ad4c_1,0.002186835976317525,0.21802973747253418
1003,75646_4baf69b2_7,0.01655581407248974,0.7681659460067749
1004,140155_81f9ac63_0,0.005269377026706934,-0.3146491050720215
1005,51603_034939eb_10,0.007392740808427334,0.5904453992843628
1006,30435_c97330d2_0,0.00015664167585782707,0.7351466417312622
1007,27839_4a077326_27,0.0021655831951647997,0.8822500705718994
1008,55627_971fde61_34,0.01197747141122818,0.07402479648590088
1009,134909_ef3d003c_0,0.00013996977941133082,0.8626857995986938
1010,33413_060ce192_51,2.4554239644203335e-05,-2.4020485877990723
1011,22245_ca848576_12,0.0006445735925808549,0.24723970890045166
1012,52039_ba12c3ac_1,0.0021264227107167244,0.9574880003929138
1013,39707_358f88df_2,0.000599690421950072,0.36139118671417236
1014,50014_33f250c8_3,0.09326650947332382,0.14926445484161377
1015,52987_387431ac_1,0.018205968663096428,-0.2500793933868408
1016,33501_b1ee5058_15,0.0021837460808455944,0.9565757513046265
1017,82168_4844bddd_1,0.008401023223996162,-0.13429367542266846
1018,30384_95e72fc2_4,9.016533294925466e-05,0.006965517997741699
1019,23554_a0845d54_2,0.0039235325530171394,-2.279784679412842
1020,23800_65e0a5d1_0,0.00040934429853223264,-0.2900456190109253
1021,41128_ee74f244_0,0.00013073922309558839,0.8687452673912048
1022,143019_22dbd3e6_2,0.013660689815878868,0.566582202911377
1023,79993_6087acd5_8,0.011366833932697773,0.6404057145118713
1024,21422_b2a6bf27_0,0.004541069269180298,0.9251304864883423
1025,25487_dd2c17e8_21,0.000815545383375138,0.2758597731590271
1026,22654_4c426b0f_10,8.622069435659796e-05,0.42099153995513916
1027,30368_d7fd30ce_6,5.12531005369965e-05,-0.09617674350738525
1028,57249_6bd2af3c_2,0.0008477172232232988,0.9687278866767883
1029,57029_3ab80a22_0,0.005422560032457113,-0.07572734355926514
1030,79906_052c7eb4_3,0.010042383335530758,-1.1768317222595215
1031,82996_b8dc67c9_10,0.00012772921763826162,0.8237295150756836
1032,119884_192e3265_1,0.003488020272925496,-0.5907962322235107
1033,21225_c081eae3_10,0.005299781449139118,0.6961524486541748
1034,121949_e10b5e85_1,0.004404834471642971,-0.11460387706756592
1035,81994_ba8916c9_5,0.00014279529568739235,0.875227153301239
1036,22447_4062c6cb_29,0.0026023141108453274,0.956101655960083
1037,55044_ee57bac8_1,0.0002591963857412338,0.015205800533294678
1038,41871_f9a1ad02_13,0.061986666172742844,0.6518583297729492
1039,74688_a5168a45_2,3.0590923415729776e-05,-5.572883605957031
1040,23218_02d26ab4_4,0.00016049110854510218,0.630863606929779
1041,41205_dc60aa5d_0,0.0032832492142915726,0.18377065658569336
1042,41979_ca698776_0,0.0030647781677544117,0.37144243717193604
1043,141453_50ec6f25_7,0.0015282128006219864,0.9567103981971741
1044,97143_5424c420_0,0.001632323139347136,0.5810829997062683
1045,41986_26275a06_2,0.002757840324193239,0.7400286197662354
1046,136800_c5e4d711_2,0.00014078538515605032,0.8075670003890991
1047,101635_11b839a3_5,0.00012327743752393872,-0.009965062141418457
1048,55866_b041060d_0,0.0007894047885201871,0.951683759689331
1049,53846_89405f98_0,0.002325919223949313,0.5247889757156372
1050,27725_5cceaeb7_1,0.010139803402125835,0.08509886264801025
1051,146137_92faaea5_9,0.005583134945482016,0.5526543855667114
1052,41211_11f6b8a0_4,0.0005790897412225604,0.761508047580719
1053,21330_f0cee934_46,0.002140541560947895,0.9572038650512695
1054,127188_5fecd146_4,0.00010856577864615247,0.8508201837539673
1055,135949_06517574_8,3.5870125429937616e-05,0.6281359195709229
1056,68928_0d4e4a2e_24,0.008353633806109428,0.4747233986854553
1057,50410_f8f03667_38,2.6338266252423637e-05,-0.8132562637329102
1058,142999_171240b6_21,0.0011549806222319603,0.14602601528167725
1059,144709_642fc665_0,0.005769296549260616,0.4330337643623352
1060,53232_f8760054_10,0.0006266277050599456,-4.997354030609131
1061,22372_e91792a1_0,6.299315282376483e-05,0.192111074924469
1062,21767_53eaa558_12,0.07522837072610855,0.02786707878112793
1063,32220_1fd19c5e_0,0.0009135974105447531,0.061393797397613525
1064,22886_a6331748_1,0.0018695492763072252,0.8283551931381226
1065,130996_b842b511_12,0.0024987722281366587,0.7696843147277832
1066,55571_74a416b1_1,0.0004138225340284407,-2.5103139877319336
1067,70169_914780d4_1,0.0016460571205243468,0.37318283319473267
1068,23156_7788f78a_6,0.08788598328828812,0.3640727400779724
1069,124496_20e20439_10,0.00011910022294614464,0.7382334470748901
1070,76300_7cb02add_1,0.003689745208248496,0.4536437392234802
1071,21647_6b6cca6f_10,0.0010043310467153788,0.4518285393714905
1072,22734_f6bad9f7_23,0.008980100974440575,0.6259027719497681
1073,94176_0a6c42ab_2,0.00010501928045414388,-18.273279190063477
1074,24048_d731886d_9,0.005325536243617535,0.4129977822303772
1075,25487_dd2c17e8_30,0.003411766141653061,-0.5422394275665283
1076,115717_40314bc2_4,7.441078196279705e-05,0.7579583525657654
1077,125592_875faf40_0,0.011592661961913109,0.46190744638442993
1078,41871_f9a1ad02_44,0.0053578587248921394,0.6214780807495117
1079,146642_883a71d2_8,0.001049723825417459,0.7438850998878479
1080,136883_076fbff9_31,0.0013301906874403358,-3.3999834060668945
1081,60766_fb8715eb_3,0.0016398224979639053,0.8800803422927856
1082,30818_33617072_0,0.016197295859456062,0.17993080615997314
1083,130679_7a357a9c_18,0.010662627406418324,0.3727914094924927
1084,55306_795d845b_0,6.203501834534109e-05,0.8670139312744141
1085,135934_d2f6bb2e_33,0.00012648112897295505,0.8313741683959961
1086,111054_e45a0d40_7,0.0709628313779831,0.31355446577072144
1087,36826_d9269c2e_10,0.008894647471606731,0.395835816860199
1088,37619_ae810a8d_7,4.301570515963249e-05,-18.64601707458496
1089,22343_34184fd5_22,0.0008320392225869,-1.5751960277557373
1090,113020_de552f8d_0,0.00012015120591968298,0.9248654246330261
1091,20216_89b90993_0,0.00753734540194273,0.497861385345459
1092,23325_292b3294_16,0.004654004238545895,0.5572431087493896
1093,23522_5c2ec58e_9,0.00424113217741251,0.6779826879501343
1094,146624_359752bb_20,2.580807813501451e-05,-12.010367393493652
1095,104990_11b4aeee_1,0.00326905376277864,0.9252756237983704
1096,90917_4670b560_0,0.029635926708579063,0.42401885986328125
1097,54818_59adf8c2_5,0.004971143323928118,-3.299140453338623
1098,34109_5a868eae_3,0.0010447310050949454,-0.7044651508331299
1099,23161_e7f63a9f_2,0.011478676460683346,-0.038634538650512695
1100,37160_2a95674a_27,0.003969661891460419,-0.38691282272338867
1101,61280_8bdbc90f_0,0.00373712251894176,0.8657822012901306
1102,55083_dac1f9cc_2,0.0028202859684824944,0.765211820602417
1103,34341_d19b12fb_14,3.6316236219136044e-05,0.6387961506843567
1104,54516_ac9e2ef4_61,0.0019523630617186427,0.6758151650428772
1105,24559_3c306e71_2,0.00048329829587601125,0.0161740779876709
1106,105831_88a0fb85_1,0.003776882542297244,0.8565020561218262
1107,32743_f4c47bbc_19,0.004778828471899033,0.1120266318321228
1108,40500_6055e3d7_18,0.0033341059461236,0.8399544954299927
1109,22862_f5406bb0_0,0.005705674644559622,0.9082133769989014
1110,141081_ae61ec46_0,0.003501221304759383,0.949315071105957
1111,135112_cf8007b8_4,0.018005777150392532,0.7268486618995667
1112,131442_1512d9ff_5,7.162847032304853e-05,0.8484179973602295
1113,145132_7aea3b66_1,0.12023738771677017,0.5449122190475464
1114,41871_f9a1ad02_45,0.004987708292901516,0.03864145278930664
1115,51775_49ef614a_1,0.0018211633432656527,0.48398321866989136
1116,143293_fc5b0ff7_23,0.0007472413708455861,-0.365175724029541
1117,51547_a7e01c38_6,8.103671279968694e-05,0.8838938474655151
1118,114021_44c3c39c_2,7.155558705562726e-05,0.8216085433959961
1119,123766_c5a4cf5e_0,0.000669622328132391,-3.2693519592285156
1120,23031_0d684603_8,0.0017602392472326756,0.24129146337509155
1121,132996_c742ef84_4,0.006393960677087307,0.11272364854812622
1122,137096_5d77f285_1,0.0028377817943692207,0.661290168762207
1123,27072_b4756e8c_2,0.002502605551853776,0.4339887499809265
1124,51915_e704f5dd_2,0.009421571157872677,-0.47334349155426025
1125,132811_57264a28_13,0.002616944955661893,0.9559431076049805
1126,49396_98ab955d_13,0.009098089300096035,-0.01429903507232666
1127,132081_761d26ad_0,0.0015428217593580484,0.9587011933326721
1128,82906_7b72e0e8_2,0.005451814737170935,0.8481135964393616
1129,92649_26fe8262_0,0.0008279660250991583,0.6180047988891602
1130,21803_8a36dcda_11,0.010236908681690693,0.7246588468551636
1131,30637_f6324fc6_5,0.00027318153297528625,-0.8080873489379883
1132,105560_a6f91315_12,3.126602678094059e-05,-3.3791518211364746
1133,41737_d80c34b9_0,0.017772367224097252,-0.0618138313293457
1134,34983_439766af_12,0.0031239334493875504,0.6926952600479126
1135,122755_60c41889_10,7.08442967152223e-05,-0.1353144645690918
1136,76879_65a30a82_2,0.043583739548921585,0.6101459264755249
1137,89816_cef36e57_4,0.002750262850895524,0.9546455144882202
1138,49406_100c707b_3,0.001197707373648882,0.86189866065979
1139,105560_a6f91315_10,2.3299615349969827e-05,0.4969092011451721
1140,129421_483d2957_5,0.00019015614816453308,0.19880568981170654
1141,122740_fc5c94eb_33,0.0015122985932976007,0.9536962509155273
1142,135595_656de97a_5,0.0005519058322533965,0.7984282970428467
1143,35740_5322d674_5,2.9594793886644766e-05,-9.271382331848145
1144,23681_932e722e_18,0.00256827799603343,0.9513869881629944
1145,108244_329b1876_17,0.00011838640057248995,-26.507095336914062
1146,125745_cf468448_6,0.003126563038676977,0.26483672857284546
1147,138838_c9a9e790_6,0.008633734658360481,-0.6782635450363159
1148,102416_b74464a2_4,3.2053801987785846e-05,-11.714315414428711
1149,30426_2cde26de_21,0.0002697532472666353,0.19818586111068726
1150,137837_9c9f163d_5,0.0011527572060003877,-0.21384143829345703
1151,25487_dd2c17e8_15,0.008754072710871696,-0.14106881618499756
1152,21549_18160a0a_4,2.4692961233085953e-05,-2.4856278896331787
1153,21385_601444ba_0,0.0071494621224701405,0.5552382469177246
1154,35233_add576ba_9,0.007953505031764507,0.48054003715515137
1155,55345_c6423351_0,0.00630586501210928,-0.020870208740234375
1156,110697_4b2725f1_0,0.001947695156559348,0.954628586769104
1157,109946_242843a6_1,4.201267074677162e-05,0.009630680084228516
1158,34341_d19b12fb_22,2.8497281164163724e-05,-2.239910364151001
1159,23247_bcd1e84f_21,0.010264381766319275,-1.1552207469940186
1160,131765_29b29f08_6,2.1386518710642122e-05,0.5368707776069641
1161,21395_7d6fda6f_12,0.0028382115997374058,-1.4840261936187744
1162,135460_6471e973_15,0.0006486810161732137,0.7869175672531128
1163,51741_49d61151_7,0.004086178261786699,0.8523529171943665
1164,28382_90b7cc0c_12,0.0009484484326094389,0.6559678316116333
1165,30850_05d88af9_2,0.0034216870553791523,0.8588491082191467
1166,86278_1e55d036_12,0.0002757789916358888,-1.052673578262329
1167,67240_525e92c1_1,0.0025259689427912235,-1.0268723964691162
1168,82002_ef2b4feb_6,0.0027013784274458885,0.9480945467948914
1169,53364_ec8aad42_1,0.015839958563447,0.31938910484313965
1170,135771_b030a25c_17,0.0014413711614906788,-0.6673481464385986
1171,135906_29d7b495_1,5.7492885389365256e-05,0.897211492061615
1172,21822_7d3db422_38,0.0010025474475696683,-0.017122745513916016
1173,81136_5b86c723_1,8.239071030402556e-05,0.3949488401412964
1174,25473_0991d519_2,0.03787444531917572,0.3447459936141968
1175,73405_94381b7c_5,0.0038164774887263775,0.3584916591644287
1176,24009_c40b0d48_2,0.001086113159544766,0.9666457772254944
1177,22162_439af02a_1,0.00259973993524909,0.9488817453384399
1178,146159_f3f80701_0,0.004148151259869337,-0.10603058338165283
1179,51895_5760b481_15,0.065980464220047,0.2977505326271057
1180,33500_e58e287e_1,0.013756237924098969,0.35966724157333374
1181,31838_2e4bd173_0,0.0031416481360793114,-1.1000208854675293
1182,146137_92faaea5_18,7.868563261581585e-05,0.3112375736236572
1183,124879_2257a334_2,8.666357462061569e-05,0.04883420467376709
1184,144145_510eedc2_7,0.005836299620568752,0.8918392658233643
1185,21237_7887a24b_78,0.0016666485462337732,0.8550641536712646
1186,82297_93739ce0_6,0.0012183941435068846,0.5994826555252075
1187,51536_a18dc325_31,0.0014660228043794632,-6.10593318939209
1188,93103_fdb9fcb7_7,0.003946308977901936,0.49061119556427
1189,24590_415f7013_9,0.0022250101901590824,0.5877470374107361
1190,130659_16f2db4c_0,0.000322085281368345,0.8934483528137207
1191,23083_fdb942ac_2,0.0015043278690427542,0.9372329115867615
1192,23954_a8c09819_2,0.0029604188166558743,0.9425898194313049
1193,30417_0010bc7c_13,0.010914333164691925,0.029471218585968018
1194,120535_e304dfca_1,0.0025831968523561954,0.810522735118866
1195,93199_2146e709_9,0.0034262461122125387,0.21324694156646729
1196,23686_cba4f679_15,0.022220926359295845,0.5019470453262329
1197,40807_58058731_20,0.03707066923379898,0.6268842220306396
1198,94410_d32e7520_35,0.01091892272233963,0.7281358242034912
1199,79695_fd8bae0e_0,0.00882930401712656,-1.2451403141021729
1200,129422_621d0a90_35,0.007389915641397238,-2.47076678276062
1201,44932_16cb7f21_5,0.006799720227718353,0.8074142932891846
1202,136550_8a8672e5_1,0.001123217516578734,0.68468177318573
1203,20495_e8e7e80c_3,0.004346136003732681,0.9222674369812012
1204,31962_e5291336_50,0.0019218380330130458,-0.8333112001419067
1205,24888_5be1de05_1,0.00011747332609957084,-1.2342450618743896
1206,34114_7e58a97d_10,0.009156840853393078,0.6479640603065491
1207,108433_37a79370_0,0.009027468040585518,0.2023044228553772
1208,22844_9b75b8e0_1,0.0009582530474290252,0.9602500200271606
1209,115637_b4d41e8a_0,0.003488339250907302,0.6623070240020752
1210,53474_f29e4438_15,0.024367649108171463,0.3068123459815979
1211,26766_1aaa348c_0,0.0018999619642272592,0.730298638343811
1212,51940_67bb0219_7,0.0035701857414096594,0.4165768623352051
1213,41714_1d49f4d1_13,0.00013005440996494144,0.48713546991348267
1214,21815_7090778f_9,0.0063147288747131824,0.4817792773246765
1215,32843_8e5bdf24_0,0.002974423347041011,0.8682113885879517
1216,23686_cba4f679_10,0.010288616642355919,-0.2820955514907837
1217,114425_891ab08d_0,0.0064524151384830475,0.19546115398406982
1218,41786_02d48cdd_5,0.001905677025206387,0.7051104307174683
1219,22895_4533b542_1,0.003290481399744749,0.8114112019538879
1220,49016_cd1b47bf_6,0.014124254696071148,0.5525739789009094
1221,51674_a70c1c6c_3,8.1249738286715e-05,0.87007075548172
1222,52972_6e5a5ada_11,0.010576984845101833,0.5510505437850952
1223,120700_d818883a_8,0.00010446303349453956,0.8585608601570129
1224,34530_9525ffcd_0,0.004123026970773935,0.9224653244018555
1225,24355_99bf3f8f_1,0.0003013188543263823,0.41647690534591675
1226,56250_3b6024e3_46,0.014123604632914066,0.7502806186676025
1227,56355_727ca47c_3,0.002347927540540695,0.4330545663833618
1228,35057_9af89947_1,0.003484624670818448,0.45290863513946533
1229,120881_a946667f_13,0.0001219944388139993,0.8319330215454102
1230,143021_c6df0146_5,0.00010215385555056855,0.4311622977256775
1231,69240_dc199112_3,0.00109690404497087,0.001662909984588623
1232,41733_1ec9b00c_15,0.0016871431143954396,0.6486560106277466
1233,30298_24191733_2,8.341888315044343e-05,0.42310547828674316
1234,30400_8824ce97_18,0.008075620047748089,-0.6862424612045288
1235,37040_ecbcd25e_36,0.0055700079537928104,-0.5022602081298828
1236,23035_6087bb57_4,0.00043540215119719505,0.34841465950012207
1237,38675_6e07d74b_26,0.05093924328684807,0.29517680406570435
1238,31751_e37382e1_9,0.001145307905972004,0.8778800964355469
1239,54601_e1da5b93_4,0.0022584053222090006,0.9550702571868896
1240,142999_171240b6_29,0.009213787503540516,0.3015695810317993
1241,137646_14bca880_0,0.0033167132642120123,0.6936991810798645
1242,37519_442dc408_1,0.0004070545837748796,0.5025708675384521
1243,47195_a8cd8bad_6,0.0011579671408981085,0.9263644218444824
1244,22474_b10fea1a_6,0.0035263048484921455,0.5932970643043518
1245,53200_d1e30b87_10,0.003122040769085288,0.4567359685897827
1246,41472_f9d73638_9,0.001075778272934258,-0.10573720932006836
1247,126397_cc08a23d_1,0.0001198342943098396,0.805516242980957
1248,31838_2e4bd173_4,0.0029687215574085712,0.947075366973877
1249,52006_d21e4570_7,0.0025132857263088226,0.5018028020858765
1250,62109_08c31aa8_0,0.0020189157221466303,0.6402493715286255
1251,49403_458914df_0,0.0016642010305076838,0.016975879669189453
1252,122914_76ff1f5e_2,5.372459418140352e-05,-3.7816343307495117
1253,34913_d23e2a24_2,0.0010567507706582546,0.5271379351615906
1254,104641_2cd02839_15,8.936777885537595e-05,0.7417475581169128
1255,131632_6144b102_1,0.005443769507110119,0.9351887702941895
1256,30850_05d88af9_0,0.007750116754323244,0.39189612865448
1257,86296_8a6ed4d3_7,0.00025951804127544165,0.20067697763442993
1258,34983_439766af_7,0.009665485471487045,0.8623021841049194
1259,33374_7491cbf8_2,0.03131125867366791,0.6970539093017578
1260,50694_afd26bd5_10,0.006513448432087898,0.930055558681488
1261,50292_e84db1fb_8,0.000769643287640065,-1.6263515949249268
1262,81367_622a9e51_2,0.0070817796513438225,-0.77826988697052
1263,78966_584c5305_0,0.0010464899241924286,0.45434021949768066
1264,79905_623eae86_1,0.05918147787451744,0.5153577327728271
1265,63055_6b907478_15,0.0018602737691253424,0.8516061305999756
1266,135771_b030a25c_4,9.222648805007339e-05,0.8838843107223511
1267,41753_9b4f8d8a_0,0.0024640595074743032,0.9516210556030273
1268,80784_f7ec5f70_1,0.0030015853699296713,0.49139899015426636
1269,33607_c6f31fa6_10,0.0035033784806728363,0.570954442024231
1270,22225_a3ce4d29_42,0.005202627275139093,0.4409083127975464
1271,51938_8b9cba89_5,0.014162398874759674,0.7032005190849304
1272,44741_f386a08f_4,0.003302137367427349,0.9019922018051147
1273,70021_e673ae54_4,0.002903925720602274,0.9528685212135315
1274,55135_f1186d58_7,0.010016005486249924,0.10226470232009888
1275,31856_2a5a4e32_12,0.02072986401617527,-0.14993774890899658
1276,75303_045fc848_4,0.0027024114970117807,0.5847724676132202
1277,129683_3ad38815_10,0.0369730107486248,0.5676422119140625
1278,21894_93f0d052_24,0.003538243006914854,0.7138510942459106
1279,143823_1b04bf80_13,0.003830071771517396,0.7236213684082031
1280,143823_1b04bf80_18,0.0005396555061452091,0.47788089513778687
1281,111863_c925f4f3_2,0.0016502018552273512,-0.5746198892593384
1282,104633_d0a15bd3_6,0.01263559702783823,-0.059539794921875
1283,48832_22363e53_33,0.00131565413903445,0.9644628167152405
1284,127466_a18ae326_1,0.002117287367582321,0.20231693983078003
1285,22211_b1ee53f0_12,0.013920578174293041,0.4182881712913513
1286,137837_9c9f163d_6,0.0013264329172670841,0.6387470960617065
1287,122755_b830e22d_17,6.953020783839747e-05,0.22128826379776
1288,21299_e9cd80a6_12,0.00045561051229014993,0.38902443647384644
1289,44920_70dd4b80_11,0.003476104699075222,0.8427368402481079
1290,52987_387431ac_7,0.003217392833903432,0.9020059108734131
1291,147926_b78316a8_10,0.0006013387464918196,0.4731571674346924
1292,144653_e3eccdf1_50,0.0008266714285127819,0.4492272734642029
1293,56458_c027ed41_0,0.0013961002696305513,0.8266997337341309
1294,23495_6366269c_11,0.0023348599206656218,0.9535667300224304
1295,70883_e2d6a103_2,0.04035855829715729,0.4003435969352722
1296,32743_f4c47bbc_34,0.003079354064539075,-0.7947630882263184
1297,30910_38ea5a06_2,0.0026881734374910593,0.5440877079963684
1298,56476_466fc284_17,0.017496533691883087,0.6381000280380249
1299,22604_0b4ffb43_62,0.0015047579072415829,0.9372156262397766
1300,21534_6367be99_0,0.0026472725439816713,0.1654849648475647
1301,133026_1085532d_1,0.0016362076858058572,0.5841710567474365
1302,137828_0b0786fb_1,0.008797453716397285,0.8308727741241455
1303,55627_971fde61_27,0.012792160734534264,-0.6148563623428345
1304,93869_8b1922a3_0,0.007225411478430033,0.4172900319099426
1305,24393_9acd18c6_3,0.003638176480308175,0.9321114420890808
1306,44996_b3e9c266_14,6.383942672982812e-05,0.7501649260520935
1307,55300_b9675d43_1,0.0026323937345296144,0.9483142495155334
1308,113352_879844fe_0,0.0035153499338775873,0.8568518161773682
1309,135317_3c58b0d0_9,0.0006412098882719874,0.4075259566307068
1310,115624_fe3eb392_1,0.009799623861908913,0.5410497188568115
1311,63055_6b907478_21,0.0016099190106615424,0.9412887692451477
1312,40421_032c052f_0,0.001862379489466548,0.7169181108474731
1313,143029_70554264_3,0.0010081795044243336,-0.7271277904510498
1314,145117_78f63de3_0,0.0015545289497822523,0.6001912355422974
1315,128996_35f2006e_0,0.00029547358280979097,-0.47756457328796387
1316,54503_fc6c6963_1,0.0019884291104972363,0.7488614320755005
1317,24657_0168dc6b_1,0.0012057742569595575,0.970486581325531
1318,130524_13ad16a8_0,0.05033692717552185,0.751092791557312
1319,142670_33c641dc_3,0.0028497346211224794,-0.08265233039855957
1320,65375_674ff0b9_11,0.002118316013365984,-0.9285789728164673
1321,23168_7fdf5427_3,3.7600260839099064e-05,-16.175796508789062
1322,41717_ab2075ac_0,0.0013065789826214314,0.9520276784896851
1323,21739_57582b8f_4,0.0020181795116513968,0.8815958499908447
1324,143293_fc5b0ff7_30,0.0030299248173832893,0.9173721075057983
1325,135906_587b5c3d_0,0.0001933654712047428,0.8832373023033142
1326,138685_fd9b79cd_0,0.00010773277608677745,0.9138550758361816
1327,119921_5621fcb4_0,0.0013609498273581266,0.7702352404594421
1328,49403_458914df_5,0.011013607494533062,-0.2551974058151245
1329,73525_7f6b2f67_2,6.053316610632464e-05,0.9030473232269287
1330,136994_a3a2f50f_3,0.0020622864831238985,0.7677148580551147
1331,31838_2e4bd173_1,0.003667802084237337,0.9206141829490662
1332,35866_d0233b36_6,0.0025404132902622223,0.9566912055015564
1333,53053_d6b4d71c_9,0.006977010052651167,0.8188573718070984
1334,90220_7baf1e18_1,0.00017541178385727108,0.7632080316543579
1335,23364_73dd9d4d_10,5.7028075389098376e-05,0.9180381298065186
1336,52987_387431ac_3,0.011704831384122372,0.035998761653900146
1337,51859_6b2fd0f1_4,0.00020412974117789418,0.8865166902542114
1338,51708_867d4509_12,0.00018460636783856899,-0.5991039276123047
1339,93199_2146e709_3,0.0024236191529780626,0.9486144781112671
