case_num,case_name,MSE,R-Square
0,50417_199cffee_13,0.005721178837120533,0.9554350972175598
1,48516_2b3135bf_11,0.0021558350417762995,0.9271116256713867
2,41733_1ec9b00c_31,0.003689202945679426,0.642146110534668
3,31664_1e85c690_0,0.0007136341300792992,0.9616321325302124
4,21893_0500d043_18,0.0009298787917941809,0.9810945391654968
5,31607_9a2f8140_6,0.0007891402347013354,0.9735122323036194
6,41774_88a7a483_18,0.0006854329258203506,0.8326823711395264
7,42143_51b31600_4,7.412179547827691e-05,0.8502302169799805
8,23104_3b70eba4_13,0.0008562731673009694,-0.40861213207244873
9,129075_8fbf62e5_2,0.00010065740934805945,0.734374463558197
10,41624_a15f83c1_13,7.94135921751149e-05,0.9610043168067932
11,36088_1ea9c8a9_12,0.000742720381822437,0.9826731085777283
12,126477_6596d136_14,0.00040856271516531706,0.6296701431274414
13,130441_10c43121_0,0.006435989402234554,0.9672132134437561
14,133385_e6aa64d8_21,0.00023577526735607535,0.8453163504600525
15,26398_b99946da_1,0.004405564162880182,0.9420591592788696
16,61198_0c99f50a_4,2.574901736807078e-05,-0.6221026182174683
17,26661_ab88a525_0,0.00019644504936877638,0.7729554176330566
18,129075_8fbf62e5_1,0.0012840424897149205,-0.21260035037994385
19,51891_9455ea02_1,0.0019187807338312268,0.9695524573326111
20,34770_6bba5bd4_13,0.0004164472338743508,0.9918234348297119
21,21646_a2dd0d00_53,0.0009944660123437643,0.9173378348350525
22,68909_4ae1bc2e_1,0.0001340416056336835,0.8740315437316895
23,27866_ece3076e_109,0.00040762615390121937,0.9357227683067322
24,92134_52f13f49_6,0.00024796780780889094,0.8570939302444458
25,23342_7193a931_1,9.006826439872384e-05,0.8749914169311523
26,126572_a2d6f794_14,3.051841486012563e-05,-2.0680272579193115
27,44344_3e0b0b0c_1,2.3381677237921394e-05,-2.238297939300537
28,49331_3bf3bb84_4,0.0019739768467843533,0.9638664126396179
29,33971_46bb0373_0,0.0013904047664254904,0.8223938941955566
30,21517_bfe35b4c_1,0.00013854990538675338,0.7990456223487854
31,23165_369d62aa_6,0.0011450714664533734,0.9861885905265808
32,81846_2907c980_0,0.001348379417322576,0.9401459693908691
33,24168_a0ede173_111,0.0018860520794987679,0.8137146830558777
34,53461_a5942665_1,0.00019206567958462983,0.9928765296936035
35,24907_c72322ea_13,0.0005059590330347419,0.8090839982032776
36,133424_315bcaeb_7,0.00013382334145717323,0.8268271684646606
37,40490_916e13fe_0,0.00041423545917496085,0.9870975613594055
38,38000_b5822e44_3,0.000890234368853271,0.9865075349807739
39,138520_f4e0bc0b_63,0.00047713282401673496,0.5447931289672852
40,61294_9255796d_3,3.875473339576274e-05,0.9274845123291016
41,22176_272891b8_0,0.00047664932208135724,0.7582175135612488
42,24815_4f2a57e4_1,0.0017407186096534133,0.948885977268219
43,113343_e692c488_1,7.503495726268739e-05,0.8867663145065308
44,33995_18423507_1,0.0004219145921524614,0.4316425323486328
45,127897_029949fd_6,0.00038409754051826894,0.9923195838928223
46,123181_4e56fb4f_0,0.0007221859996207058,0.9895377159118652
47,22670_9353c710_1,3.401359208510257e-05,0.7927101850509644
48,128642_4d72bf31_2,0.000440109841292724,0.7615909576416016
49,146667_fe438b5b_6,0.0018638616893440485,0.886176586151123
50,38260_2a31c6df_2,0.0010427599772810936,0.8530409932136536
51,24443_996411f9_3,0.0015260501531884074,0.9653692841529846
52,142074_34e02b6d_1,0.00013023585779592395,0.9609962105751038
53,41501_b627682a_15,0.0004971297457814217,0.9565573930740356
54,24712_da77fe8f_0,0.0008643023320473731,0.983829140663147
55,32960_0eaa1de8_26,0.0009044082253240049,0.9832484722137451
56,130757_b2c47f8d_2,5.6426244555041194e-05,-0.6863936185836792
57,104817_6d73dc41_0,0.002266151597723365,0.7461073994636536
58,79243_49539d9f_0,0.0013777362182736397,0.9703183770179749
59,82012_c533307b_1,0.00025940965861082077,0.7583507299423218
60,107649_e651c5ca_1,0.0001094504987122491,0.236749529838562
61,40997_e3c88650_12,0.0009445656323805451,0.9757715463638306
62,143029_70554264_4,0.0005594389513134956,0.9235261082649231
63,27054_342fcf5c_3,0.000147495637065731,0.8460584282875061
64,41648_577daf16_17,0.00021008550538681448,0.9204722046852112
65,89720_4e65191c_1,0.000697310664691031,0.9831075072288513
66,75382_1b589ea9_12,5.697705637430772e-05,0.837124764919281
67,120371_433ba1ca_2,0.0005274823633953929,0.9539971947669983
68,49024_b7f02205_13,0.0009843673324212432,0.9565218091011047
69,51022_47816098_7,0.002147373976185918,0.9779496788978577
70,41634_4f5d0edb_0,7.377636211458594e-05,0.8524759411811829
71,23170_6ea8ded5_3,0.000822937348857522,0.9862280488014221
72,69589_cd2fa794_8,0.002683882834389806,0.8245108127593994
73,41504_85e300ee_0,0.0009187489049509168,0.8745543956756592
74,128996_42176b10_0,0.0010199524695053697,0.9174469709396362
75,38920_e81879c2_7,3.3715925383148715e-05,-39.55084991455078
76,148051_c59af578_6,0.0002696385490708053,0.992656409740448
77,65494_16d62db5_0,0.0001792323455447331,0.7598279714584351
78,25473_0991d519_0,0.0010995593620464206,0.9741673469543457
79,75270_25a261ef_5,0.0006837178952991962,0.9317789077758789
80,49613_1b97c07b_12,8.540684211766347e-05,0.09290629625320435
81,115633_a2c63339_1,0.00016550300642848015,0.9510474801063538
82,52366_63042db4_1,0.0010294753592461348,0.9765694737434387
83,30282_88c6933c_5,0.0007691839127801359,0.9079803228378296
84,53474_f29e4438_12,0.0013197293737903237,0.9567939639091492
85,24026_1dd4094b_21,0.0007996833301149309,0.9087802171707153
86,21225_c081eae3_2,0.0010589601006358862,0.8600273728370667
87,35057_9af89947_8,0.0002661888429429382,0.7861742377281189
88,43529_4804941b_20,0.000802572350949049,0.9755414724349976
89,22103_fd11c71b_3,0.0004368945665191859,0.94544517993927
90,51536_a18dc325_0,0.0007732892408967018,0.9589600563049316
91,24230_636208ab_13,0.0006589294061996043,0.5953643321990967
92,41117_1b3271f2_56,0.0027877860702574253,0.9569521546363831
93,140499_419d5823_0,0.00017699305317364633,0.9847002625465393
94,115524_a949e82c_2,5.5066877393983305e-05,0.7854917645454407
95,29833_0ed4880f_3,0.0009461908484809101,0.9829757809638977
96,127556_4823a42a_6,0.00036170403473079205,0.9392417669296265
97,23960_48cc0f21_19,0.00010987751738866791,-0.54079270362854
98,132987_ba18d2eb_11,0.0002776015899144113,0.46842992305755615
99,51337_f8636fd9_30,0.0001982030225917697,0.7760569453239441
100,40999_cad6be09_18,0.0011077270610257983,0.973810613155365
101,136886_99fbdef3_0,0.00011881539830937982,0.7961061000823975
102,30447_4ed3b778_7,0.00719479052349925,0.9734926223754883
103,55811_bc667b2d_13,0.0010849526152014732,0.5869607925415039
104,41716_d55164d4_1,0.0002538552216719836,0.9111579656600952
105,33610_aa697fc9_6,0.00035889222635887563,0.9735092520713806
106,55095_fa260d33_6,0.0014863202814012766,0.9608215689659119
107,115639_bc0cc622_0,0.0019065415253862739,0.8604092001914978
108,20841_1620ae7d_0,0.0009635947644710541,0.8673381805419922
109,50823_d1830e58_2,0.001534401555545628,0.6962558031082153
110,109762_cb162371_48,0.0003408431657589972,0.8802268505096436
111,41387_5f752e39_23,0.0013727099867537618,0.9492347836494446
112,121540_629c716f_0,0.0006187698454596102,0.9738062620162964
113,118539_1dff9cf9_12,2.3994669390958734e-05,-0.7548571825027466
114,30714_dafa62f6_2,0.0026922733522951603,0.964776873588562
115,79633_bbbde75f_0,0.001228032517246902,0.9700499176979065
116,33059_531cfd5e_11,0.0009266291745007038,0.8483507037162781
117,20697_d3e106b4_4,3.7398938729893416e-05,0.6859039068222046
118,136062_0027ff97_6,0.0008081154082901776,0.9254440069198608
119,146291_6b0c8db3_1,0.0029598050750792027,0.9311176538467407
120,45466_5f662bcb_0,7.471528078895062e-05,0.8461620211601257
121,144500_7f600ab6_0,0.00029362787608988583,0.9728474020957947
122,44996_b3e9c266_4,7.710126374149695e-05,0.9837148189544678
123,40713_4c9264ef_0,0.0006088428781367838,0.9187661409378052
124,132384_0fcab1fa_13,0.0002905560832004994,0.6874265670776367
125,33738_77d49563_2,0.000328646507114172,0.6179919242858887
126,129422_621d0a90_33,0.00026102838455699384,0.8771485686302185
127,115633_fd3c9b97_32,6.341579864965752e-05,0.7401421070098877
128,69337_a122ffde_1,0.0003418656997382641,0.9650589227676392
129,37241_29f91452_0,0.0004496134351938963,0.9895989298820496
130,141199_9ae000ef_6,0.0008766729733906686,0.25896137952804565
131,147133_92c04b84_4,0.0006924784393049777,0.3909566402435303
132,77687_cbb18594_50,0.0005660628085024655,0.6092783212661743
133,144290_2a679085_11,5.198232247494161e-05,0.8469045162200928
134,130825_c59bbbfb_0,0.0009711281745694578,0.97514808177948
135,82512_252da752_6,3.297391231171787e-05,-50.0141716003418
136,115624_d0acb46b_24,0.0015386301092803478,0.9833056330680847
137,92134_52f13f49_7,0.00023707821674179286,0.8512569069862366
138,100326_0602c712_7,0.00021668810222763568,0.6584305167198181
139,134630_f9e85072_0,0.0006226160330697894,0.8566690683364868
140,108943_b07b2543_1,0.0005967349861748517,0.9015968441963196
141,125416_ab456bc3_5,0.0007018119795247912,0.9404150247573853
142,57222_33b428d7_69,0.00020480337843764573,0.7951656579971313
143,24650_dad8c8ee_13,0.001324790995568037,0.976525604724884
144,41749_14d0599c_1,0.00040865561459213495,0.9392099976539612
145,49396_98ab955d_27,7.586084393551573e-05,0.9504727721214294
146,136892_e2a0b32c_4,8.214119588956237e-05,-1.1121535301208496
147,31962_e5291336_28,0.000721957825589925,0.9842437505722046
148,34231_e27353cb_0,0.00013188626326154917,0.8613337278366089
149,112724_d334de09_0,0.0017452060710638762,0.9728750586509705
150,56486_82b3e23a_21,2.8881309845019132e-05,0.6641550064086914
151,40500_6055e3d7_17,2.456044421705883e-05,0.17376887798309326
152,39468_15fb2e60_43,0.00026608374901115894,0.5658293962478638
153,141710_17531562_7,0.0006556450389325619,0.9814699292182922
154,33529_756075a0_12,0.0004139927914366126,0.9188985824584961
155,54169_3a875f10_8,0.002196646761149168,0.9420612454414368
156,41023_5445cb61_9,0.00039394860505126417,0.6535326242446899
157,146380_5c569eeb_2,0.0009968825615942478,0.4642024636268616
158,24195_9791f5d3_38,2.7858233806909993e-05,0.45064860582351685
159,26573_7f7e176d_2,0.004184531047940254,0.9628845453262329
160,22734_f6bad9f7_25,0.0020350313279777765,0.9672110676765442
161,48112_9538e204_0,0.00039594003465026617,0.9921405911445618
162,127545_6fa39158_10,0.0049585928209125996,0.9614406824111938
163,23788_5c0b60c6_0,0.0002816279302351177,0.8521205186843872
164,23792_5b4c1ce0_21,0.0022878132294863462,0.9278103113174438
165,146067_46e58ab3_1,0.005369989667087793,0.9659301042556763
166,101072_dec6f415_3,0.0003836230025626719,0.8241503834724426
167,22829_b6649a29_0,7.083667151164263e-05,-0.17454922199249268
168,55389_a736bd99_0,0.0012470065848901868,0.33759647607803345
169,30259_d709601c_9,0.004360780119895935,0.8757712244987488
170,35866_d0233b36_13,7.653519423911348e-05,0.1873077154159546
171,34563_52848c45_5,0.00012832200445700437,0.9480586647987366
172,44519_90af0df6_7,0.0008322525536641479,0.7572218179702759
173,114111_59282658_8,0.00029844764503650367,0.897876501083374
174,45922_26941172_15,0.005185667425394058,0.9131931066513062
175,41303_bd1def52_3,0.00033839914249256253,0.9144347906112671
176,22053_de30641b_1,0.00010088932322105393,-0.5444071292877197
177,22298_51433023_4,0.001892227097414434,0.958772599697113
178,23479_81a49137_0,0.0018409492913633585,0.3312271237373352
179,22225_a3ce4d29_37,0.0028982493095099926,0.959873616695404
180,135669_490cd2d7_14,0.0012449428904801607,0.9332252144813538
181,32173_8b075b1a_4,0.0006738421507179737,0.9890853762626648
182,145119_24107428_5,0.0009469541837461293,0.9281705021858215
183,41774_88a7a483_36,0.00010652674973243847,0.9452508687973022
184,133549_1b6c58d6_0,0.0013862535124644637,0.9704957604408264
185,40936_6de8f4f4_0,0.007426450960338116,0.9536723494529724
186,23008_3d1bb7b2_0,0.0049835070967674255,0.9284964799880981
187,38360_ad61c9b2_1,0.00029491278110072017,0.8083890080451965
188,136109_3d342d3c_2,0.0008651903481222689,0.9652171730995178
189,135790_a27f9deb_11,9.158424654742703e-05,0.886427104473114
190,140249_7c1c5bba_0,0.00026839174097403884,0.6732901334762573
191,128996_a3d026d6_0,0.0011095592053607106,0.7726225852966309
192,23235_f9ccb8b0_0,0.0006701899110339582,0.47147929668426514
193,93671_f7290ded_0,0.00030026750755496323,0.8220711946487427
194,51109_97b211c3_7,0.0004973337636329234,0.9392170906066895
195,51916_fa226b15_13,6.859395944047719e-05,0.8517871499061584
196,86268_094d3fab_1,0.00023779584444127977,0.995245099067688
197,39637_ca6a9a60_1,0.0019877844024449587,0.7541688084602356
198,47219_93cb3619_3,0.006246144417673349,0.889983594417572
199,47878_0edb6829_0,0.0019486263627186418,0.9653447270393372
200,26764_ab35159a_6,0.0015524704940617085,0.9380321502685547
201,34341_d19b12fb_12,9.713613690109923e-05,0.8930354118347168
202,118342_c702e084_6,0.0006562393391504884,0.9850093126296997
203,49886_dd68dccb_4,0.0007077871123328805,0.9464093446731567
204,23493_57512264_5,7.69237958593294e-05,0.7574887871742249
205,31751_e37382e1_5,0.0011958496179431677,0.9693687558174133
206,24338_848cab42_6,0.0036641114857047796,0.7105209231376648
207,24916_42eacca3_10,0.00041631521889939904,0.775077223777771
208,137485_a953e1be_2,0.00037521860213018954,0.9924975037574768
209,23706_ef15ef9c_18,0.001471680123358965,0.9023792743682861
210,143671_eaf4d13b_6,0.0020067808218300343,0.9693817496299744
211,53470_39f2e9dc_13,0.0005090510821901262,0.35488295555114746
212,145772_59253c6d_3,6.330492033157498e-05,0.9107974171638489
213,51893_d531e2bd_2,0.0011075588408857584,0.9758846759796143
214,39389_d641313f_8,0.0028425813652575016,0.891538143157959
215,51595_41f3d1a3_5,0.0001666367461439222,0.8418015241622925
216,51674_a70c1c6c_15,0.0002584219619166106,0.01548779010772705
217,37617_3f415463_5,0.00011681225441861898,0.9114019274711609
218,31862_a89f21f9_3,0.0005712300189770758,0.9830241203308105
219,40519_55a097c6_11,0.001508796587586403,0.9120289087295532
220,111306_9108c940_0,0.001954367384314537,0.6259920597076416
221,136640_16741d62_4,0.0002180926821893081,0.8515871167182922
222,23155_d7305c5f_2,0.008575462736189365,0.826298713684082
223,43934_912ff891_41,0.0001283688616240397,0.38806939125061035
224,57017_6033d1e5_0,0.00021917374397162348,0.9889658093452454
225,126913_d253adb7_1,0.0005595143884420395,0.7762418389320374
226,130752_52d74f2f_48,0.0011275034630671144,0.9239944219589233
227,124177_71283cad_0,0.0005222538020461798,0.9597286581993103
228,24650_dad8c8ee_18,0.0007187057635746896,0.9816282391548157
229,55199_4d57661f_2,0.0032009414862841368,0.8083710670471191
230,115010_eb737aaf_20,0.0017822495428845286,0.9658716320991516
231,27855_19c5895a_12,0.0006274587358348072,0.6709001064300537
232,52772_a6e6e320_0,9.868037886917591e-05,0.8675715923309326
233,90917_3d2d21a9_0,0.0037684834096580744,0.9138107895851135
234,40703_5f4e45d4_7,0.00025563282542862,0.994928777217865
235,132622_911efd2f_1,0.003591379150748253,0.9462425708770752
236,43441_e1ab0873_6,0.014334302395582199,0.773709774017334
237,34917_61633e20_6,0.001202685758471489,0.9739258289337158
238,67221_275ba7e6_4,0.0009005896863527596,0.9819349646568298
239,130719_e4764a36_10,0.00019240671826992184,0.5804347991943359
240,136318_130d6a06_20,0.0008959114784374833,0.9182825684547424
241,99636_73c43ebd_10,0.00039166287751868367,0.9894318580627441
242,29377_3a04cb8d_6,0.0008698749006725848,0.8730948567390442
243,23018_63087a41_47,0.0006158857140690088,0.9831417202949524
244,26165_100fec74_4,0.00017039819795172662,0.46384334564208984
245,135934_d2f6bb2e_46,0.00024680918431840837,0.8801897168159485
246,24039_448afafa_5,0.0010492978617548943,0.9494295120239258
247,32775_a79b406b_14,0.0017053273040801287,0.7827110290527344
248,23686_cba4f679_0,0.0011358277406543493,0.8922808170318604
249,35147_bc9f2c5d_0,0.00214308756403625,0.6540390849113464
250,136337_1351909b_2,0.0033109684009104967,0.921356201171875
251,139222_2c10ca9a_1,0.0007672992069274187,0.9339916110038757
252,139379_fe5c3f64_0,0.00022890504624228925,0.9915609359741211
253,33084_344fec27_2,0.0007693116785958409,0.9855188131332397
254,24775_d5c98d77_0,2.4849579858710058e-05,0.23397111892700195
255,56344_3a89f085_23,0.0005686068907380104,0.9473013281822205
256,135112_cf8007b8_5,0.002798426663503051,0.931094765663147
257,50706_20d07d57_2,0.003305066144093871,0.9683285355567932
258,51744_cd355565_5,0.001687975018285215,0.9494419693946838
259,51464_da501c24_0,0.0018143156776204705,0.6423969268798828
260,126572_a2d6f794_23,3.8614391087321565e-05,-0.33643102645874023
261,70021_e673ae54_2,8.721538324607536e-05,0.8743369579315186
262,25144_31b089b6_5,0.0005784697714261711,0.7379815578460693
263,24715_55aac5f2_2,2.391314228589181e-05,-0.9907667636871338
264,24532_f82f8000_2,0.0011181281879544258,0.09483236074447632
265,30664_a3084f71_1,0.0012374427169561386,0.4826403260231018
266,81145_5c13a8e9_1,0.00029938097577542067,0.6942121982574463
267,132037_2abb8c63_10,4.109414658159949e-05,0.8110979199409485
268,50414_ac159b58_2,0.00044469229760579765,0.9838384985923767
269,21601_360ce1c7_7,0.0007818014710210264,0.9857919216156006
270,22119_27e3ecbe_9,0.0007709076162427664,0.9760945439338684
271,145120_74f7316f_0,0.004179643001407385,0.8110321760177612
272,74574_c302ff1f_0,0.00012782152043655515,0.832115650177002
273,52443_085efc00_4,0.00030663804500363767,0.8998061418533325
274,147546_ede0f31c_3,0.004367971792817116,0.9055438041687012
275,22492_047b125b_21,0.001390795223414898,0.9677205085754395
276,72313_5a86e234_0,0.007803141605108976,0.8509402871131897
277,45589_49e3c7ea_2,0.00010725456377258524,0.9967658519744873
278,83432_a7f85698_0,0.0008573844097554684,0.9807421565055847
279,32775_a79b406b_0,5.15279098181054e-05,0.5037814378738403
280,121703_69c4a5ac_3,6.222891533980146e-05,0.7745254039764404
281,80901_e9080573_6,0.0008226385107263923,0.9678964018821716
282,21809_8bd6b10e_3,0.0034943525679409504,0.9230892658233643
283,49396_98ab955d_15,0.0007546112756244838,0.9280484318733215
284,33766_14917a4a_19,0.0011752202408388257,0.9738515615463257
285,26661_ab88a525_8,0.00015945367340464145,0.9955299496650696
286,44030_17bd5ec9_0,0.0009434038656763732,-0.15973269939422607
287,53221_74fa81cd_7,0.00032370819826610386,0.7201811671257019
288,21887_3306168f_7,0.0028916033916175365,0.7118812799453735
289,86185_85fde9e6_0,0.0004678900877479464,0.9284921884536743
290,87951_500b1dcd_2,0.00011392604938009754,0.8780417442321777
291,22276_69c5036b_11,0.0018096927087754011,0.9526516795158386
292,41721_44151488_5,0.0017294151475653052,0.8398662209510803
293,102293_5d04e48d_0,0.002525681396946311,0.88016676902771
294,77687_cbb18594_20,0.00010412702249595895,0.8555614948272705
295,133248_1bab99ae_0,0.0028696097433567047,-0.2649846076965332
296,24051_4852a192_2,0.0007397694862447679,0.9746086001396179
297,86806_2993395a_1,0.00018395602819509804,0.8438338041305542
298,38558_b0d6b3f8_1,0.00114808592479676,0.9764358401298523
299,140549_7d01813c_0,0.003535906784236431,0.8878340721130371
300,24559_3c306e71_1,0.0007847072556614876,0.879304826259613
301,70350_751de4b0_13,0.002533943625167012,-0.0321880578994751
302,39101_23fec10f_8,0.001946012955158949,0.7929660081863403
303,24942_9d1b2ff2_8,0.0015433302614837885,0.9820114374160767
304,30850_05d88af9_3,0.0020288715604692698,0.9662622809410095
305,113358_08641c94_4,0.0013957523042336106,0.9566280841827393
306,21234_8b71bd47_27,0.0004721514123957604,0.8291863203048706
307,26245_4aac38e1_21,0.0001946466218214482,0.5483934879302979
308,66072_d301cc88_0,0.0008572108927182853,0.6292956471443176
309,21894_93f0d052_23,0.0011195398401468992,0.8894199132919312
310,147816_7fb70c2b_2,0.0005636618589051068,0.9408782720565796
311,49120_4131d1e7_1,0.0002104542509187013,0.9578655958175659
312,52224_ca16c854_4,0.002346389228478074,0.6649356484413147
313,105762_19e04e0b_1,0.00023700311430729926,-0.8709317445755005
314,30400_8824ce97_36,0.0007555751362815499,0.8911689519882202
315,95199_ffcff41e_0,0.00028788147028535604,0.705043375492096
316,50417_199cffee_3,3.559760807547718e-05,0.9722944498062134
317,24544_d06c82dd_5,0.0005343763041310012,0.9911565184593201
318,22604_565b91f5_2,0.0004430718836374581,0.9815136194229126
319,22788_b6a9e30a_4,0.00017285642388742417,0.9568042755126953
320,45789_d5126eab_14,0.0007153524784371257,0.8538719415664673
321,37267_b2be4b50_3,3.0538038117811084e-05,-2.0728256702423096
322,34330_5eff1ee1_3,0.0015876481775194407,0.8147144913673401
323,137999_d934160e_1,3.983028364018537e-05,0.6918915510177612
324,134921_f5efde94_27,7.699655543547124e-05,0.9292091727256775
325,53470_39f2e9dc_8,0.00012343992420937866,-0.38483262062072754
326,23497_f292546d_25,0.002780057257041335,0.8844560980796814
327,22289_4b848f64_2,0.0004948898567818105,0.9329742789268494
328,31392_84b62622_2,0.0007468253024853766,0.9377588033676147
329,51347_1fc6f329_0,0.0009224705281667411,0.7927712202072144
330,50777_2934de55_6,0.00022064510267227888,0.9921281337738037
331,32841_954e8c1a_0,3.4937842428917065e-05,0.9639546871185303
332,31530_6744ae73_3,0.0006277563516050577,0.9907858967781067
333,65827_d1469ad6_1,0.00012402601714711636,0.07183676958084106
334,145461_30637b22_8,8.813860040390864e-05,-2.522977113723755
335,31973_093ea963_13,0.00023875352053437382,0.9070554971694946
336,70355_e5f58cd5_14,0.0007091769366525114,0.9308376312255859
337,77687_cbb18594_40,0.00022561699734069407,0.0031998157501220703
338,24392_fce351ea_0,0.0002733878209255636,0.853437066078186
339,36853_7efccb8c_3,0.000692636298481375,0.9054648280143738
340,41644_d15f8e2b_5,0.00014534668298438191,0.25099384784698486
341,131762_9b5e5ff5_2,0.0009483546018600464,0.9427295327186584
342,82193_96ef9433_2,0.0005787968402728438,0.9909802079200745
343,31347_386f6298_15,0.001580487354658544,0.9628376960754395
344,34568_fbe47bf9_0,0.00017177598783746362,0.5082831382751465
345,115624_fe3eb392_3,0.000812885700725019,0.9813971519470215
346,130446_e7b58dbe_0,0.003116335952654481,0.8742690086364746
347,104641_2cd02839_33,5.410278754425235e-05,0.8818042278289795
348,31460_39fdfc6a_7,0.001417811494320631,0.680869460105896
349,95541_ced8f936_0,0.0004230090416967869,0.9908831715583801
350,23126_725969ea_17,0.0005708161625079811,0.9396904110908508
351,23676_52069f98_5,3.729766103788279e-05,0.8595439791679382
352,137637_ed9c537d_0,0.000522881222423166,0.8707100749015808
353,22474_b10fea1a_2,0.0005950767663307488,0.9855861067771912
354,143017_21d96cc2_10,0.0012541344622150064,0.8192051649093628
355,105270_34f92afd_1,0.00015148805687204003,0.7875264286994934
356,95622_0a0787e4_4,0.0006537849549204111,0.9902352690696716
357,55854_13f0399b_0,0.0019170371815562248,0.9587393999099731
358,22118_1e09e0eb_5,0.0020734714344143867,0.9115684032440186
359,146717_3e6a84c1_7,0.001551964902319014,0.9767369031906128
360,63132_330141d7_3,0.0002897477534133941,0.9412375688552856
361,115633_fd3c9b97_46,0.00032413488952443004,0.33236342668533325
362,21644_aa203dc5_29,0.00033103948226198554,0.9187449812889099
363,79791_00f639ca_15,0.0006317213410511613,0.9893643856048584
364,60711_42b5a13e_1,0.0005891533801332116,0.9347553849220276
365,137483_cdb8989d_0,0.0006958029698580503,0.9854725003242493
366,21644_aa203dc5_26,0.0007145529962144792,0.8766748905181885
367,131876_b2384623_0,0.0006439900025725365,0.5841972827911377
368,23706_ef15ef9c_10,0.0005790709983557463,0.9114116430282593
369,68948_0d2a01cd_9,0.0021471597719937563,0.9397788047790527
370,145137_4e9eef42_1,0.0005888869636692107,0.8815604448318481
371,30426_2cde26de_20,0.003829158842563629,0.9564275145530701
372,31378_34c52a73_0,0.00032469723373651505,0.9098585844039917
373,92134_52f13f49_4,0.0003628829144872725,0.755092978477478
374,119634_fc722479_1,0.001182180130854249,0.9837350249290466
375,24032_d6172503_24,0.0009956944268196821,0.5831203460693359
376,136401_69f29349_4,6.814827065682039e-05,-0.05738961696624756
377,41871_f9a1ad02_26,0.0008146766340360045,0.9381407499313354
378,48220_87941c4e_116,0.0017936486983671784,0.7345714569091797
379,115012_9ed88535_2,0.0009641096694394946,0.6149243116378784
380,69488_025cf0a2_1,0.005236249882727861,0.9645037651062012
381,147427_69f68da4_3,5.5071555834729224e-05,0.8473620414733887
382,33766_14917a4a_32,0.0014540798729285598,0.9476935863494873
383,51747_3d58eae0_0,0.0009531480027362704,0.8720181584358215
384,33785_a4c23f61_0,0.006208895239979029,0.9765764474868774
385,114935_797875fe_2,0.001576554263010621,0.9426445364952087
386,51775_49ef614a_26,7.476488099200651e-05,0.8670693039894104
387,38196_ea48fa42_3,6.434856913983822e-05,0.2472316026687622
388,140413_44177109_21,2.7140700694872066e-05,0.5033014416694641
389,27676_79237cc5_1,0.00044320165761746466,0.8550080060958862
390,52883_e518d3f4_33,0.000423965509980917,0.991648256778717
391,34347_841c5375_2,3.562882193364203e-05,0.2755874991416931
392,55289_292737cb_0,0.00044037410407327116,0.9915456175804138
393,50606_82cb18e2_0,0.000293082557618618,0.988481342792511
394,30407_efa567f2_4,0.00026521788095124066,0.9936049580574036
395,31647_ab9ad9dc_13,0.0005032400949858129,0.9512468576431274
396,24896_58b4730f_17,0.00048037985106930137,0.9104018807411194
397,23602_5daaccf5_4,0.0011947723105549812,0.9165503978729248
398,27725_5cceaeb7_10,0.0002850112214218825,0.40788304805755615
399,127734_395dcf7d_5,0.0014658288564532995,0.7616461515426636
400,31957_d864f861_3,0.0027453466318547726,0.4405432343482971
401,49415_1671b60c_4,0.0006775525398552418,0.3664650321006775
402,45110_fae73324_4,0.0002573317615315318,0.9862672686576843
403,22343_34184fd5_18,0.00023323736968450248,0.11205220222473145
404,22848_cc91b848_38,9.393171239935327e-06,-9.827794075012207
405,73652_23b21ef2_1,0.0007955736364237964,0.9840021133422852
406,65569_bd890a32_1,0.00017239697626791894,-0.653602123260498
407,48220_87941c4e_111,0.0026989819016307592,0.5273082256317139
408,30394_e30f932c_0,0.001356094260700047,0.9224077463150024
409,21941_1a683ec2_26,0.000674728536978364,0.9718245267868042
410,25564_e646fcb3_1,0.00015701624215580523,0.46973592042922974
411,134053_87a32e31_3,0.00010363374167354777,0.7172196507453918
412,87950_af56e26e_2,0.0007515143370255828,0.9449964165687561
413,51458_54240b70_17,0.00014380484935827553,0.8411610126495361
414,40688_effe215a_1,0.00161498854868114,0.9600077271461487
415,131494_c8a441d0_0,0.00039328975253738463,0.9234147667884827
416,26768_c4df841f_21,0.0004942793748341501,0.4210081696510315
417,136892_2d5f55a9_0,0.0023155342787504196,0.4922298789024353
418,54652_d60ac3e0_10,0.002201948780566454,0.8805373311042786
419,51747_3d58eae0_1,0.0008731547859497368,0.6430579423904419
420,54650_df3655c1_0,4.909467315883376e-05,0.46228718757629395
421,41125_711db4bf_58,0.0006302087567746639,0.929900050163269
422,45418_f603706b_2,0.00025134175666607916,0.9364274740219116
423,21852_6cf9a734_18,0.007095640525221825,0.9393530488014221
424,122515_758d8b70_6,4.740778967970982e-05,-38.14873123168945
425,104081_05ba54fa_2,0.0005254597635939717,0.7793170213699341
426,41672_cf87e0b6_0,0.00046209103311412036,0.9286815524101257
427,22638_37f9fe91_1,4.884377267444506e-05,0.8556997179985046
428,24559_3c306e71_3,0.0008355083991773427,0.8482436537742615
429,31589_ac31215d_8,0.00023643455642741174,0.8748859763145447
430,49603_143b8bd2_35,0.0017313291318714619,0.8629727959632874
431,127965_c64a91da_0,0.0005978471017442644,0.8452736139297485
432,36062_f2fb6808_1,8.559573325328529e-05,0.20892399549484253
433,139280_8874b1ab_18,0.00014006566198077053,0.8654088973999023
434,30997_24dea167_4,0.0010425405343994498,0.9059624075889587
435,143471_eb185912_5,4.702817022916861e-05,0.5184781551361084
436,23176_1bf2a2d5_10,0.0024981771130114794,0.8967161178588867
437,98299_b8146029_5,0.000414920796174556,0.9640663862228394
438,23466_1cf60d09_4,0.002095862291753292,0.9413954615592957
439,41591_2d0bd0d5_3,0.0008648483199067414,0.9695976972579956
440,134929_9049dcec_1,0.000273259065579623,0.853472888469696
441,41785_e8bf0528_0,0.0009660391369834542,0.9579050540924072
442,31460_39fdfc6a_6,0.0008378020720556378,0.9820581674575806
443,133710_00be7f31_1,0.0031454842537641525,0.639076828956604
444,24532_f82f8000_0,0.00029063699184916914,0.9360709190368652
445,21234_8b71bd47_3,0.00011915587674593553,0.8196254968643188
446,35175_6edc4126_5,0.0008324912050738931,0.9758766293525696
447,20495_e8e7e80c_1,0.00030086751212365925,0.6491870880126953
448,76546_c17e95aa_2,9.283887629862875e-05,0.45390528440475464
449,41654_e75f89df_0,0.0005345919635146856,0.9709845185279846
450,109772_f1a0845e_6,0.0001512365270173177,0.9126127362251282
451,34913_d23e2a24_0,0.0010209389729425311,0.9432783126831055
452,25203_1cc0cb3c_12,0.0015174257569015026,0.9746755361557007
453,37160_2a95674a_4,0.0009056500275619328,0.940880537033081
454,69240_dc199112_4,0.0007910815766081214,0.8497363328933716
455,25176_d9130589_0,0.00041607042658142745,0.9453178644180298
456,69235_fe79a369_0,0.0003904257609974593,0.12316352128982544
457,39468_15fb2e60_9,0.001683312701061368,0.7557941675186157
458,103284_e25015aa_6,0.00026692234678193927,-1.1273353099822998
459,30377_e18ea3de_0,0.00014466950960922986,0.8827992081642151
460,66080_f578d52b_4,0.00031788315391168,-0.6338309049606323
461,37444_52b27e94_14,0.0006284540286287665,0.9042896032333374
462,38675_6e07d74b_31,0.0009942589094862342,0.9685395956039429
463,21680_360ba5c7_28,0.0006455928669311106,0.9529628157615662
464,142032_5c32b7db_2,0.0010412329575046897,0.9808266162872314
465,44210_a155c2d1_0,0.0029240723233669996,0.934908926486969
466,38287_88ec74de_92,0.0002297347382409498,0.9660844802856445
467,29572_2f9283f2_4,0.0006454912363551557,0.9519171714782715
468,28300_b3a6ab79_10,0.0006081988103687763,0.9789697527885437
469,136129_e6a20c7d_5,0.00011129830818390474,0.8292320966720581
470,119381_e4d13609_0,0.0011682090116664767,0.9558013081550598
471,30729_b4d83b07_4,2.623059663164895e-05,0.461359441280365
472,140413_44177109_11,0.0006729161250405014,0.9683514833450317
473,26384_83eddf22_0,0.0007923180819489062,0.9395069479942322
474,82285_e7a738e7_2,0.0028575705364346504,0.761981725692749
475,108599_347602af_0,0.0019296177197247744,0.9399943947792053
476,119889_41a6f268_1,0.00021115299023222178,0.6883882284164429
477,55006_94230c00_1,0.000623238505795598,0.9805153012275696
478,21517_bfe35b4c_10,0.00013890473928768188,0.9361688494682312
479,20818_098cad7c_6,0.00011239027662668377,0.8796426653862
480,41855_b82e6ae8_6,0.00041048458660952747,0.9525489807128906
481,137166_90691294_8,9.381611016578972e-05,0.9376976490020752
482,69561_f274e705_26,0.00019956585310865194,0.9903786778450012
483,51579_d0c3e154_0,0.0008822003146633506,0.9626696705818176
484,23676_52069f98_4,0.0008336363243870437,0.9737504720687866
485,31962_e5291336_1,0.0006954411510378122,0.9794241189956665
486,57222_33b428d7_1,0.00010358048893976957,0.9231023192405701
487,51586_2ad96f8c_17,2.9099517632857896e-05,0.649986982345581
488,41473_c2137170_32,0.0003630387654993683,0.9434190392494202
489,31123_9a1bfc50_2,0.0011400463990867138,0.9139078855514526
490,23211_3aac9c7e_0,0.0003375110973138362,0.9367612600326538
491,45798_b573e9da_5,0.0032586059533059597,0.8320237398147583
492,27847_d2436f7c_37,0.00011878458462888375,0.8627077341079712
493,54736_6ee1b513_1,0.0009813285432755947,0.15217775106430054
494,132901_7d205bb4_9,0.0004876279563177377,-2.2330615520477295
495,73762_8c704690_0,0.0013119151117280126,0.8230881690979004
496,23209_1592b0a4_1,0.0003795690427068621,0.9736768007278442
497,49024_b7f02205_2,7.330143853323534e-05,0.8141571283340454
498,147630_7f858240_15,0.0005739549524150789,0.8988816738128662
499,69337_2c778611_11,0.0002114390372298658,0.8755412101745605
500,82498_92a00cd6_1,0.001106001203879714,0.6573147773742676
501,78775_e2d8b091_1,0.0006622060318477452,0.910181999206543
502,40067_95ae6c76_9,0.0006782455020584166,0.9273406267166138
503,80756_6f2e842f_0,0.0005879829404875636,0.8803641200065613
504,25284_1da7aa8a_0,0.00042795907938852906,0.9153151512145996
505,55605_2f8bc12e_62,0.0005801497027277946,0.9801586866378784
506,39792_60786b6c_15,0.0010663227876648307,0.9785932302474976
507,34063_0ca1585e_2,0.000726118974853307,0.5293377637863159
508,31664_1e85c690_13,0.0005641057505272329,0.9838705062866211
509,131193_98f3ac52_1,0.000437004491686821,0.804542064666748
510,120221_e2eaa34b_2,0.0015131296822801232,0.4807868003845215
511,130286_1f71bfed_3,0.0013375176349654794,0.6015397310256958
512,118342_e8142153_21,0.00014046682917978615,0.948090136051178
513,128043_9f8cd69e_1,0.0001127818541135639,0.8446249961853027
514,41504_85e300ee_1,4.605891081155278e-05,0.80167156457901
515,78863_d59be42e_0,0.0016618202207610011,0.8002250790596008
516,31733_5118b376_3,0.0028685510624200106,0.9795297384262085
517,22208_e177deb7_5,0.0006166037055663764,0.8526939749717712
518,24026_1dd4094b_43,0.00020926013530697674,0.8169869184494019
519,73388_10a40b49_1,0.0015730904415249825,0.9073950052261353
520,138219_cdff4f61_0,0.0006864306633360684,0.5469831228256226
521,49399_dc56d180_1,0.0008689286187291145,0.9837489724159241
522,41306_8f26e703_3,0.00019945119856856763,0.9312564730644226
523,51590_034b8b08_14,0.004900505766272545,0.9171262383460999
524,48402_8c965495_4,8.682807674631476e-05,0.8750984072685242
525,26388_a3367cba_0,0.002158566378057003,0.7309364080429077
526,28300_b3a6ab79_6,0.0005832635215483606,0.9804860353469849
527,43938_418421a7_0,0.0008118293480947614,0.6319974660873413
528,41520_60018d18_0,4.701751095126383e-05,0.6614692211151123
529,137869_344b239b_0,0.00018343790725339204,0.568503737449646
530,41648_577daf16_0,0.0027443396393209696,0.8825262784957886
531,31347_386f6298_10,0.0007013081340119243,0.9867280125617981
532,82190_24b1b0fe_12,0.0010280992137268186,0.8199496269226074
533,33741_4a973932_1,0.0011991971405223012,0.8011840581893921
534,42005_3da46d94_0,0.00034106860402971506,-6.6371283531188965
535,132982_ee1eed2f_0,0.0007808209047652781,0.9666568040847778
536,23898_6e740393_29,0.00080031220568344,-0.576973557472229
537,105831_88a0fb85_6,0.0019262112909927964,0.9579899311065674
538,31278_749a6317_0,0.00010833684063982219,0.9349249601364136
539,51586_2ad96f8c_4,0.0002875334466807544,0.8687241673469543
540,57000_cd1ddece_14,0.00013346211926545948,0.9456005096435547
541,50692_e7ff2668_8,0.001054360531270504,0.9624998569488525
542,65346_e89312e5_0,0.00014086159353610128,0.7871211767196655
543,38840_0e449caf_4,0.001675449893809855,0.5673017501831055
544,29573_ca59fbbf_5,0.0020520687103271484,0.9793122410774231
545,30164_c5680724_12,0.0011566316243261099,0.9389615058898926
546,138620_e21e10ee_0,0.00011717062443494797,0.9001445770263672
547,50305_caf9cef2_34,0.0014040902024134994,-1.429518699645996
548,83396_fdb2987a_0,0.0013115458423271775,0.952716588973999
549,28379_7e292343_4,0.001550306798890233,0.9658414125442505
550,33529_756075a0_32,0.0023481526877731085,0.8255137801170349
551,109857_1d24326e_42,2.3610127755091526e-05,-0.17657625675201416
552,22772_2b5f6629_6,0.000651578709948808,0.9893071055412292
553,34600_e2685d46_2,0.0004692739457823336,0.9828518629074097
554,122344_ab1b06aa_2,0.0074383048340678215,0.8655298352241516
555,123573_5f5c9584_1,0.0002882872649934143,0.7674119472503662
556,35166_562b126c_20,0.00022643375268671662,0.9912353157997131
557,51350_138f893a_1,4.702958176494576e-05,0.5489161610603333
558,137785_67c3085b_16,0.0012118720915168524,0.9701776504516602
559,50417_199cffee_12,0.0019609821029007435,0.9052644371986389
560,22194_a5c323b9_3,0.0005106513272039592,0.9166885614395142
561,42329_df7f540f_18,0.0004037223698105663,0.9578908681869507
562,41779_25e4203d_6,0.00047336603165604174,0.27881914377212524
563,51094_40aa8332_20,0.0014008005382493138,0.9474260210990906
564,109762_cb162371_38,0.001178150181658566,0.937980055809021
565,45922_26941172_9,0.0004310176591388881,0.9257931709289551
566,34587_ed155e93_0,0.00015067191270645708,0.9956710338592529
567,69589_a468c1b4_0,0.0015448712510988116,0.9673811197280884
568,44921_00dfb467_0,0.00016332088853232563,0.9601625204086304
569,82672_4705a693_0,0.0007097279303707182,0.6838092803955078
570,26778_a71e88a6_0,5.5589702242286876e-05,0.8501548171043396
571,69488_7bfb2b67_0,0.00014855182962492108,0.9958721399307251
572,22686_afe3a61e_0,3.6522833397611976e-05,0.7743536233901978
573,109772_5faa88e8_5,0.0002447048609610647,0.8326132893562317
574,43938_418421a7_147,0.0007850502734072506,0.8921516537666321
575,141694_b5ac3112_3,0.0019431706750765443,0.25104713439941406
576,31973_093ea963_16,0.0001089999932446517,0.9315642714500427
577,26858_e90dc419_25,3.4345091989962384e-05,0.8012473583221436
578,131350_bbdad30d_0,0.0006855070823803544,0.6091471910476685
579,35741_c43475b8_1,0.0004454401496332139,0.8447650671005249
580,30690_3df2c9e2_1,0.0005764247616752982,0.9508543014526367
581,122758_5f4efbf0_2,0.0019808034412562847,0.8696723580360413
582,37822_3be11c62_0,0.0001023484583129175,0.9564825296401978
583,91174_ee6ee92b_1,0.00041876474278979003,0.9018881320953369
584,23676_52069f98_31,0.0033534879330545664,0.9662195444107056
585,27958_fee329eb_1,0.000441576587036252,0.8802182674407959
586,144534_3b4fdb09_18,0.0027402695268392563,0.23430418968200684
587,30292_0b5e0265_1,0.006237631663680077,0.9150869846343994
588,111062_e59e2d31_0,0.0044292970560491085,0.9496636390686035
589,135790_a27f9deb_77,0.0007574845221824944,0.8524610996246338
590,65842_de75838b_10,0.00048490334302186966,0.8985607028007507
591,22475_9d9601a8_3,8.824047108646482e-05,0.5080649852752686
592,119884_192e3265_0,0.001983581343665719,0.7039526700973511
593,51463_3330e3aa_2,0.0020838333293795586,0.7837636470794678
594,23231_efe613bb_4,0.0011799719650298357,0.9395641088485718
595,22895_4533b542_2,0.0006282772519625723,0.9034981727600098
596,146219_5661130f_4,0.0005054202047176659,0.9890315532684326
597,38953_19054857_19,0.00046629508142359555,0.5856103897094727
598,21847_b2de7eb8_24,0.0008672612020745873,0.9412271976470947
599,51603_034939eb_12,0.0001896114117698744,0.8831246495246887
600,24843_5231632c_4,0.00024251067952718586,0.8491241931915283
601,41982_f75ceb8f_4,0.0001112726386054419,0.1535312533378601
602,42937_c573c439_2,0.00011820068903034553,0.5031406879425049
603,61288_2d594195_0,0.0014371657744050026,-1.3625657558441162
604,55006_94230c00_0,0.0003176994505338371,0.6836161613464355
605,49898_f42a885e_5,0.0010004420764744282,0.9781946539878845
606,55709_af3825c8_4,0.0010818622540682554,0.9647880792617798
607,144117_83c980ca_2,0.0001206699016620405,0.5799357891082764
608,40417_b8d98f73_7,0.00016266856982838362,0.8917554616928101
609,53200_d1e30b87_11,0.0004965512780472636,0.45553743839263916
610,147009_977ee378_4,3.032346830877941e-05,0.7322113513946533
611,63056_a5dfd66b_4,0.0003847793850582093,0.30477434396743774
612,22205_f48b96b3_10,0.00047077445196919143,0.8927919864654541
613,51585_b695905b_4,0.0005435939528979361,0.9879637360572815
614,24084_71f37c00_1,0.0003307099686935544,0.9336287379264832
615,25815_0e853ad9_10,0.0004717299889307469,0.9705015420913696
616,55030_11a6e3e8_3,0.004012175835669041,0.9637452363967896
617,23042_1184de03_5,0.0006102804909460247,0.982241153717041
618,39719_e9629dbd_4,7.074955647112802e-05,0.22180640697479248
619,51256_ed221095_2,8.972933574113995e-05,0.8997621536254883
620,25810_93c8a71a_3,0.00041554137715138495,0.9841127991676331
621,22208_e177deb7_1,0.001072807819582522,0.9249324798583984
622,115624_d0acb46b_22,0.000750825391151011,0.9881823062896729
623,30708_4282508b_0,6.568001845153049e-05,-0.01659071445465088
624,31117_cd5cdbdb_12,0.0003337139787618071,0.8559276461601257
625,41733_1ec9b00c_32,4.416046431288123e-05,0.8696362376213074
626,111387_c4243097_2,0.0001405953080393374,0.8090436458587646
627,119869_e8f0dd81_19,6.218945054570213e-05,0.9531975984573364
628,34569_590239d6_0,0.001843123696744442,0.9153958559036255
629,136318_130d6a06_23,0.00011933290079468861,0.8514553308486938
630,145132_7aea3b66_4,0.001139337313361466,0.9850876927375793
631,41878_3aeaed3d_0,0.001665871124714613,0.7291005849838257
632,34583_a1cf326b_0,0.0012701749801635742,0.9767535924911499
633,116581_d405b783_0,0.0020169077906757593,0.9725969433784485
634,24044_9bbe7992_3,0.0004195036890450865,0.47641217708587646
635,22194_a5c323b9_2,0.0009951320243999362,0.910315752029419
636,142076_08d80e12_21,5.757013423135504e-05,0.7452893257141113
637,55817_6ac2912d_7,0.00010450382251292467,-0.1269322633743286
638,21165_5cb2d287_2,4.280793291400187e-05,0.9097972512245178
639,39796_45dcdc7d_0,0.004993360955268145,0.9352407455444336
640,33044_7fdd9213_1,0.0032102284021675587,0.9149302840232849
641,23731_3fe5b501_6,0.00011713969433913007,0.8199366331100464
642,32743_f4c47bbc_31,0.0011740621412172914,0.8908639550209045
643,108775_4908fba2_21,0.000445499928900972,0.9604094624519348
644,21941_1a683ec2_19,0.0009100530878640711,0.9328330755233765
645,27682_04277f62_18,0.0007519436767324805,0.9654678106307983
646,25815_0e853ad9_4,0.000730204104911536,0.9528799057006836
647,30261_723e95cf_2,0.0008687383960932493,0.9633842706680298
648,21385_601444ba_102,0.0011405068216845393,0.946352481842041
649,30368_d7fd30ce_7,0.00019805689225904644,0.9253073334693909
650,55605_2f8bc12e_3,0.0028000653255730867,0.5429081320762634
651,24650_dad8c8ee_15,2.4632250642753206e-05,0.2314864993095398
652,34227_48203345_7,0.0013440643670037389,0.9625285267829895
653,113348_ac85cba3_1,0.0006787602324038744,0.9271076917648315
654,26552_25c5924a_1,0.0002196708956034854,0.9158822298049927
655,55381_cbaffe9b_0,0.00018000642012339085,0.9501693248748779
656,55817_6ac2912d_25,0.0007399905007332563,0.9803341031074524
657,138947_0778db40_4,0.00016018831229303032,0.9373563528060913
658,52788_07f7da63_0,0.0008012510370463133,0.8011002540588379
659,70355_e5f58cd5_6,0.0001917218614835292,0.6771345734596252
660,51744_cd355565_8,0.0011852943571284413,0.7569907307624817
661,41227_90e1c07c_16,0.0007962647941894829,0.9799479246139526
662,45359_1768ab3f_42,0.0037689865566790104,0.6022323369979858
663,41783_d1c10326_3,8.83377724676393e-05,0.7158191204071045
664,32960_0eaa1de8_13,6.272419705055654e-05,-3.5281901359558105
665,34674_32ee1595_3,0.0014793778536841273,0.9498233199119568
666,136885_23632908_1,0.0016742813168093562,0.40250009298324585
667,136808_00592735_3,0.00025783549062907696,0.9439070224761963
668,45589_49e3c7ea_5,0.0011819895589724183,0.975666880607605
669,141665_0564e852_3,0.001256680116057396,0.6999120712280273
670,50897_3be92e2f_18,0.0004728306084871292,0.9889582395553589
671,84256_4164b724_3,0.0005283104837872088,0.49309664964675903
672,22994_e6ad8f2b_10,0.0015508614014834166,0.9424419403076172
673,28295_0dc908b9_8,0.0005544277955777943,0.8263333439826965
674,23329_6939d5d9_5,0.00021319706866052002,0.7634955644607544
675,123665_0a0da5c7_3,2.9895963962189853e-05,0.7666234970092773
676,121172_0ac63503_7,0.0006264132680371404,0.8813774585723877
677,50941_2a8a8c76_0,0.0002733927976805717,0.9945783615112305
678,37846_cde34fcd_66,0.00047335188719443977,0.9205553531646729
679,56040_9b1307eb_21,0.001288348576053977,0.7993327379226685
680,146535_229c95bc_1,4.115363481105305e-05,0.8114402890205383
681,50947_49287c16_2,0.001530295703560114,0.9749870300292969
682,95622_0a0787e4_5,0.0002735743182711303,0.8519437313079834
683,25432_f13e5110_0,0.0010283339070156217,0.9676167964935303
684,32454_e959e3cf_0,0.0012057999847456813,0.9660653471946716
685,65858_61e9b51a_18,0.0013187467120587826,0.6991558074951172
686,70350_751de4b0_3,0.001834775204770267,0.7463506460189819
687,129239_0d49310c_15,0.00034225048148073256,0.8695547580718994
688,31008_8fa25b35_8,0.0003156542079523206,0.933347225189209
689,55306_795d845b_2,4.964341496815905e-05,0.6844831109046936
690,29729_e8bb36f1_2,0.00020145028247497976,0.7626092433929443
691,67283_4097cbd6_5,0.00016572661115787923,-0.4090980291366577
692,23904_811e466f_4,0.00012514737318269908,0.8950058817863464
693,116076_12d31fb7_1,0.0004087554116267711,0.9384899139404297
694,45302_02d7e3bc_0,0.0016804132610559464,0.5773428678512573
695,60977_4bb093ec_1,0.000693001551553607,0.9691197872161865
696,49017_76979790_8,0.0007846875814720988,0.851270854473114
697,146321_0dbae658_10,2.561350993346423e-05,-1.5811116695404053
698,102194_150e3faf_3,0.0001052187435561791,0.9967774152755737
699,34769_44655d03_5,0.0003292963665444404,0.6317894458770752
700,38953_19054857_6,0.0007633453933522105,0.37340420484542847
701,55397_ad24603f_1,0.00010292006481904536,0.8931703567504883
702,21908_385686ec_15,0.0005795042961835861,0.9720276594161987
703,60721_57103153_4,0.0005062521668151021,0.1894824504852295
704,98701_7cd4ec8d_0,0.0026895771734416485,0.95114666223526
705,91703_642cdf1a_1,0.0007774807745590806,0.9853755235671997
706,26661_ab88a525_5,0.002079656347632408,0.47540283203125
707,51940_67bb0219_21,0.00016006013902369887,0.6589027047157288
708,22543_684108ff_22,0.00010494673188077286,0.8957140445709229
709,145250_cde4d039_8,0.0003812859358731657,0.5707433819770813
710,20232_e5b060d9_6,7.35460125724785e-05,0.8664913177490234
711,128043_d4650350_0,0.0028911051340401173,0.9611778855323792
712,140530_30edf2c4_0,0.0008485932485200465,0.28383976221084595
713,131814_9af6d05a_0,0.0006599398911930621,0.9007656574249268
714,26245_4aac38e1_9,0.00042760398355312645,0.8213745355606079
715,30282_88c6933c_14,0.0012638660846278071,0.9515085816383362
716,32322_71d0035e_1,0.00039934093365445733,0.9795104265213013
717,131762_d10609a4_1,0.0016648255987092853,0.9247995615005493
718,54812_5f7b7aba_2,0.00010561637463979423,0.9536334872245789
719,135830_8fb36dac_4,0.002343407366424799,0.8962365984916687
720,139280_8874b1ab_4,3.648912024800666e-05,0.9216215014457703
721,49904_639055dd_1,0.0005426626885309815,0.9378014802932739
722,53601_59d3ecd2_0,0.0031642303802073,0.8702758550643921
723,50047_54241fe3_12,0.0005196738056838512,0.9597747921943665
724,136925_70fb0381_3,0.0005483654094859958,0.9664427638053894
725,87488_95f678ce_0,0.0020487403962761164,0.9547696709632874
726,137166_90691294_2,9.732073522172868e-05,0.935285747051239
727,44030_17bd5ec9_11,8.118651021504775e-05,0.8713536858558655
728,137396_b5f6bec4_5,0.000311426556436345,0.9906463623046875
729,21900_760d2078_10,0.0015113732079043984,0.9781068563461304
730,21185_ac5324ba_5,0.001931309001520276,0.9397667646408081
731,31132_2320d049_4,0.00046477888827212155,0.9915458559989929
732,82281_80cdf67c_4,8.500031981384382e-05,0.7855664491653442
733,38287_88ec74de_15,0.0015794369392096996,0.969412624835968
734,136128_831e37a6_0,0.0006848087068647146,0.9238166213035583
735,21330_f0cee934_18,0.00029249335057102144,0.8080152869224548
736,34109_5a868eae_10,0.0012407919857650995,0.8813702464103699
737,21174_861bd902_2,0.0007026389357633889,0.9387603998184204
738,49783_365bec9e_6,0.0008610747754573822,0.9741688370704651
739,24429_ace910b3_8,2.4404713258263655e-05,-0.42825746536254883
740,22772_2b5f6629_4,0.0005430556484498084,0.8611527681350708
741,53927_ef5208b9_14,0.006865358911454678,0.7139797210693359
742,56250_3b6024e3_54,0.0010091147851198912,0.9779474139213562
743,23522_5c2ec58e_8,0.0014174903044477105,0.9553347229957581
744,121177_93fb3127_10,7.35352368792519e-05,0.8665553331375122
745,138840_b7f948ea_2,0.0012612061109393835,0.8716335296630859
746,41125_711db4bf_6,0.001467467867769301,0.9652912616729736
747,102606_28922dfc_0,0.0007265727035701275,-6.639535903930664
748,31530_6744ae73_50,0.0023444092366844416,0.9581736922264099
749,50598_eae0df5a_1,7.197784725576639e-05,0.8683872818946838
750,145726_19ccdbda_12,0.00027908344054594636,0.9105035662651062
751,41469_b94cf3e4_0,0.0012024417519569397,0.7535349130630493
752,147009_977ee378_1,0.0007697482360526919,0.9260121583938599
753,24267_8a216138_10,0.0007625853177160025,0.9380890130996704
754,63071_3d434a33_16,0.00047648712643422186,0.9745775461196899
755,34436_ffc43a58_4,0.000568824470974505,0.5093001127243042
756,50692_e7ff2668_4,0.000387159816455096,0.8448684215545654
757,146642_883a71d2_9,0.002609684132039547,0.9587871432304382
758,109772_f1a0845e_7,0.0007329462678171694,0.9828963875770569
759,136640_16741d62_1,0.0010845109354704618,0.7246466875076294
760,21680_360ba5c7_11,0.0007616807124577463,0.6905403137207031
761,27729_09d75da1_2,0.0005233208066783845,0.985093355178833
762,82148_5df06ed9_19,0.005307107698172331,0.6313458681106567
763,55287_8a57a3db_1,0.003178404876962304,0.804468035697937
764,53221_74fa81cd_5,0.0005626478814519942,0.7301691770553589
765,30417_0010bc7c_39,0.0007613698835484684,0.9405683875083923
766,23706_ef15ef9c_40,0.00037473341217264533,0.946514904499054
767,140763_e14274f8_3,0.0002731573476921767,0.7932108640670776
768,23602_5daaccf5_3,0.00024925306206569076,0.9595938920974731
769,30282_88c6933c_9,0.0008051139884628356,0.9493536949157715
770,56824_0fc773f6_0,0.001339920680038631,0.9236138463020325
771,42410_d3b5588e_1,0.000698370102327317,0.893892228603363
772,55055_dd27a8a4_0,0.001264907419681549,0.9768491983413696
773,115633_a2c63339_6,0.00046037198626436293,0.4903424382209778
774,73651_a41647f8_5,5.4381547670345753e-05,0.7891929745674133
775,33413_060ce192_32,0.0009406914468854666,0.9277359247207642
776,97331_a482fa9b_0,0.0015398021787405014,0.6746084690093994
777,23476_705b76d1_0,0.00023450038861483335,0.990827739238739
778,32566_7bfc936b_6,0.00447077676653862,0.9577460289001465
779,41717_eb1c1e6b_0,0.002135158283635974,0.8288967609405518
780,60720_ef9a0a95_8,0.0005098239053040743,-0.08966004848480225
781,138700_ab763a46_202,1.9150920707033947e-05,-9.568598747253418
782,38287_88ec74de_17,0.0034931849222630262,0.42551136016845703
783,135535_0bd0048d_0,0.0030647527892142534,0.9538410902023315
784,21797_69df08d5_7,0.012875786982476711,0.8974869251251221
785,65350_b3fa8f4f_47,0.0015825406881049275,0.992716372013092
786,41714_1d49f4d1_3,0.0010458314791321754,0.88313889503479
787,66012_a13e1644_1,0.0003312246408313513,0.8595378398895264
788,22652_564979ff_11,0.0005715679726563394,0.5751267671585083
789,25127_ecba81df_23,0.0004614782810676843,0.6988331079483032
790,47548_db93c988_4,0.00014797037874814123,0.6380131244659424
791,55927_f8b31711_5,0.002110415603965521,0.8871256709098816
792,31647_ab9ad9dc_2,0.0006552779232151806,0.9114269018173218
793,41128_ee74f244_8,0.0007447355310432613,0.7961759567260742
794,20959_d4905d19_4,0.0002449789026286453,0.9398968815803528
795,52009_a2b75078_3,0.004214244429022074,0.9575567841529846
796,22201_473a3a65_16,0.0006729240412823856,0.9088387489318848
797,29442_365e23df_30,0.0018996907165274024,0.9462695121765137
798,51859_6b2fd0f1_8,0.00021690544963348657,0.9925925731658936
799,140413_44177109_15,0.00020544638391584158,0.8177703022956848
800,21822_7d3db422_11,0.0018504606559872627,0.9485803246498108
801,24168_a0ede173_100,0.00021549916709773242,0.8444758057594299
802,145532_c2304f89_1,0.0015374557115137577,0.784706175327301
803,104641_2cd02839_13,6.612230936298147e-05,0.743714451789856
804,23679_81ef9e37_2,0.0005578778800554574,0.8670768737792969
805,95271_de3df8d5_2,4.06224062317051e-05,0.8044054508209229
806,41401_e4117da2_0,5.1374168833717704e-05,-0.11941862106323242
807,48006_babdf4af_9,0.0015203460352495313,0.9823939800262451
808,142246_0851be5e_32,0.0041378457099199295,0.9313344359397888
809,33615_7bab1106_4,0.0005844369297847152,0.961327850818634
810,31117_cd5cdbdb_18,0.000914093223400414,0.9861637353897095
811,34914_8911676d_0,0.0006932111573405564,0.9428516626358032
812,55501_a09e4ced_2,3.69828449038323e-05,-0.3891944885253906
813,41128_ee74f244_9,0.00045321977813728154,0.8499726057052612
814,142246_0851be5e_22,0.0013232481433078647,0.7600046992301941
815,22413_901f5867_0,5.934150976827368e-05,0.8204020261764526
816,56490_0a0fba77_0,0.00032583606662228703,0.9075803756713867
817,93676_4f934980_1,0.00028900010511279106,0.35931921005249023
818,146642_883a71d2_96,0.0010383942862972617,0.8866607546806335
819,24032_d6172503_3,0.00036994158290326595,0.9372854232788086
820,44221_25c62f03_1,0.0010370973031967878,0.9807913303375244
821,50315_0f1419bf_33,0.002768550766631961,0.7312848567962646
822,133389_0938a905_2,0.0002527036122046411,0.935865581035614
823,24824_cf51e5b6_4,0.0015580441104248166,0.7077206969261169
824,33970_32f36442_3,0.0011009004665538669,0.9656691551208496
825,29359_bbfab271_2,0.0012303658295422792,0.7834027409553528
826,23172_4ab01e83_0,0.0003054144617635757,0.9925774931907654
827,98511_1b46a85e_45,0.0015057951677590609,0.9576797485351562
828,98511_1b46a85e_46,0.00120132218580693,0.9646809101104736
829,34248_cc11976c_0,0.0006105487118475139,0.9774414896965027
830,104003_46555fb2_0,0.0004089883586857468,0.0905182957649231
831,34520_035b5e9a_8,0.0001937101478688419,0.9334251880645752
832,38397_93d5d7de_12,0.004608407616615295,0.9361528158187866
833,130023_93b3ca95_1,0.0005932337371632457,0.7911955118179321
834,83213_47c49876_1,0.0005424568662419915,0.9378260970115662
835,43928_6ca53538_63,0.002899872837588191,0.9325639009475708
836,82779_b7b722e3_9,0.0010785013437271118,0.8711915612220764
837,134967_0f27ef51_1,0.00016663713904563338,0.8753328919410706
838,86024_714b24f4_1,0.00023653011885471642,0.9907337427139282
839,40807_58058731_11,0.0004936264012940228,0.9255535006523132
840,26750_cd3cb3ff_0,0.0011079440591856837,0.9807810187339783
841,126913_d253adb7_2,0.00045246718218550086,0.9107244610786438
842,24268_2804c9ff_13,0.0012936226557940245,0.9663519859313965
843,45542_320c16fd_3,0.0004381737962830812,0.9912887215614319
844,22342_274ed8a6_1,0.0010670992778614163,0.7688941955566406
845,133385_e6aa64d8_17,7.527777052018791e-05,0.698235273361206
846,143509_1dd5212d_3,0.0006759902462363243,0.9800625443458557
847,47989_3ff0f41d_0,0.0016832288820296526,0.952115535736084
848,21822_7d3db422_14,0.0029485514387488365,0.9574223756790161
849,21517_bfe35b4c_12,0.00027754553593695164,0.5155097246170044
850,52883_e518d3f4_10,0.0003610112180467695,0.9413883686065674
851,41871_f9a1ad02_14,0.0020295658614486456,0.7969620823860168
852,37016_455093c1_2,0.0002733292058110237,0.8534707427024841
853,31117_cd5cdbdb_78,0.0031777825206518173,0.9753573536872864
854,129239_0d49310c_22,7.262231520144269e-05,0.7891461849212646
855,30400_8824ce97_6,0.002855782862752676,0.9402902126312256
856,53233_8dbca22c_8,0.0010681162821128964,0.9250773787498474
857,40514_bb61631d_25,0.0009283885010518134,0.794609785079956
858,24053_53349e4d_2,7.790652307448909e-05,0.8997370600700378
859,41917_f0c40fa1_16,0.00046099297469481826,0.9890944361686707
860,22543_684108ff_5,0.0022120375651866198,0.9123042225837708
861,138636_c1153075_0,0.00019230280304327607,0.8283430337905884
862,24448_75004b6c_6,0.0005898724775761366,0.981219470500946
863,24831_bbd3e098_8,0.00010246417514281347,0.899594783782959
864,53221_74fa81cd_3,0.0003631878353189677,0.901820719242096
865,76879_65a30a82_4,0.0002202792966272682,0.6399033069610596
866,108773_f9384cff_10,4.671413262258284e-05,0.5069949626922607
867,33671_0e9c6ca3_5,0.00030094015528447926,0.9760980010032654
868,93103_fdb9fcb7_15,0.001108290278352797,0.9401978254318237
869,137675_d2bd633e_0,0.0004467451071832329,0.7202069163322449
870,21893_0500d043_32,0.0005476438673213124,0.6419694423675537
871,22110_0bc70e9f_1,0.001431228476576507,0.12043088674545288
872,43152_b5472481_1,0.00026176043320447206,0.9017033576965332
873,115717_40314bc2_1,0.002178370952606201,0.8096656203269958
874,102943_ca9e7968_0,0.00013343819591682404,0.8184294700622559
875,136401_69f29349_0,0.0014502261765301228,0.03804987668991089
876,28542_3c922564_0,0.0007672840729355812,0.7202078104019165
877,24267_8a216138_6,0.0009467009222134948,0.9480810761451721
878,84374_272a9731_7,0.0006511393585242331,0.9141502380371094
879,23531_1ecc8346_18,0.00665621180087328,0.9350733757019043
880,41871_f9a1ad02_30,0.00159997318405658,0.9515063166618347
881,132461_14abd2d0_0,3.563970312825404e-05,0.005039632320404053
882,37617_3f415463_2,7.366657519014552e-05,0.8796231746673584
883,41696_de0790a1_1,0.0014759933110326529,0.9672242403030396
884,54657_2a66e0de_20,0.0004156926879659295,0.9618286490440369
885,24425_0dc4b306_0,0.0006329348543658853,0.9380142092704773
886,146667_fe438b5b_0,0.00019899762992281467,0.9924317598342896
887,23048_8a1a5553_8,5.371290535549633e-05,-0.44521987438201904
888,51871_86ebf5b2_17,0.0014897381188347936,0.7272788286209106
889,30664_a3084f71_6,0.0010239921975880861,0.9371666312217712
890,139801_97e2ca6a_5,0.00036278495099395514,0.925722599029541
891,22278_12f1fb79_13,0.001586276339367032,0.8968019485473633
892,22776_facf9bcf_8,0.0013602981343865395,0.9537009000778198
893,40500_6055e3d7_15,0.0324883796274662,0.675970196723938
894,35740_5322d674_13,9.729194425744936e-05,0.9408109188079834
895,39792_60786b6c_12,0.000906685832887888,0.9670839309692383
896,115524_4a411f7e_0,0.0006184730445966125,0.8595053553581238
897,24131_3ea7d5a8_17,0.0008819231879897416,0.9574599862098694
898,100326_0602c712_2,0.005016879644244909,0.8406431078910828
899,34571_25c64838_2,0.0020990476477891207,0.8755927085876465
900,143534_4f65fd1a_0,0.00037670991150662303,0.8726375102996826
901,101446_95204330_1,0.00039082494913600385,0.7522420883178711
902,41749_14d0599c_10,9.60950565058738e-05,0.7195484638214111
903,55715_525d1d3e_12,0.00017647496133577079,0.4765428304672241
904,45307_b9b4bca0_30,0.007532808464020491,0.9460502862930298
905,22654_4c426b0f_0,0.0007816643919795752,0.9021163582801819
906,22670_9353c710_4,0.0005542379803955555,0.8300366997718811
907,99445_94c22a37_11,0.0006773170316591859,0.9899365901947021
908,132811_57264a28_4,0.00044807084486819804,0.9633944034576416
909,23258_87a2ba81_3,0.00013285770546644926,0.7899925112724304
910,50777_2934de55_22,0.0007333901012316346,0.9739663600921631
911,98418_4185a7fb_0,0.00025973375886678696,0.9937075972557068
912,43441_e1ab0873_2,5.584372047451325e-05,0.32331687211990356
913,24271_dbc0fd2d_12,0.00016887557285372168,0.9628280997276306
914,38944_0d0c3fce_0,0.0019027515081688762,0.9876731038093567
915,40624_e1c5c424_11,1.889856685011182e-05,0.5240204334259033
916,100028_0c3a8f1c_13,0.0008992445655167103,0.9884332418441772
917,40491_ac67bf4c_13,0.000872650824021548,0.9836311340332031
918,25416_1deb9c75_0,0.0006553400307893753,0.8865593075752258
919,21657_2651585a_6,0.00037919406895525753,0.9799012541770935
920,21986_67c5509a_15,0.00043010589433833957,0.9466351270675659
921,32288_34013274_2,0.0016835862770676613,0.7150388956069946
922,55373_ddd74d2f_0,0.0007642070995643735,0.9013006091117859
923,26245_4aac38e1_0,0.0007118081557564437,0.9592146277427673
924,33044_7fdd9213_0,0.00033465330488979816,0.9402481317520142
925,31530_6744ae73_48,0.002729670610278845,0.9736311435699463
926,25555_fd3d9a3c_1,5.9288453485351056e-05,0.9167623519897461
927,54175_7d864ace_6,0.0003401870490051806,0.9236046671867371
928,72950_5074f5a3_0,0.0005302707431837916,0.6494619250297546
929,129618_2962c248_0,0.0025906211230903864,0.9567318558692932
930,52012_77070fda_10,8.017820800887421e-05,0.8742607235908508
931,28295_0dc908b9_7,0.0007853908464312553,0.7890223264694214
932,144419_90e59d67_2,3.6675406590802595e-05,0.5946959257125854
933,22734_f6bad9f7_24,0.0033591955434530973,0.8960399627685547
934,22604_0b4ffb43_14,0.001264907419681549,0.9768491983413696
935,81996_b3752ed2_3,0.0002658993180375546,0.7613770961761475
936,24504_493cee15_8,0.0016521196812391281,0.9342159628868103
937,39124_28e99e62_1,0.0001744820474414155,0.8036714792251587
938,29725_0ad4937e_1,0.0002838665386661887,0.4869065284729004
939,109232_04340d62_6,6.739627860952169e-05,-0.22597193717956543
940,129075_8fbf62e5_0,0.000575871265027672,0.5442649126052856
941,102937_18c3cb6a_4,0.0007029907428659499,0.9753522276878357
942,52551_8098346a_5,0.0004057636542711407,0.2941702604293823
943,128043_6947b64c_0,0.0015177082968875766,0.9123867750167847
944,119030_292009a7_41,0.0005391809390857816,0.920907735824585
945,48526_5aecac8a_0,0.0009323699050582945,0.8430002331733704
946,32541_86f7df73_4,0.00021333503536880016,0.7970479130744934
947,55114_7bf17f6a_0,0.002617316320538521,0.8102597594261169
948,55285_6816da52_1,0.004663264378905296,0.8990757465362549
949,37683_e2cca100_17,0.00022595295740757138,0.6442620158195496
950,78775_e2d8b091_15,0.002098172903060913,0.9313971996307373
951,93199_2146e709_2,0.0005363674717955291,0.9366771578788757
952,135595_656de97a_14,0.0002430726308375597,0.8257266879081726
953,24284_3710e946_16,0.0005469832685776055,0.9876079559326172
954,135521_30553c91_2,9.304115519626066e-05,-0.34941697120666504
955,29732_fb15318c_5,0.0002403104881523177,0.7717204093933105
956,88060_389bdff4_0,0.0007928416016511619,0.951752245426178
957,27839_4a077326_28,0.0038155619986355305,0.9054592251777649
958,100435_87bf423d_8,0.0014570743078365922,0.9712888598442078
959,25365_bb0e4ede_44,0.00032909904257394373,0.5332518219947815
960,146169_144d8264_0,0.00483345240354538,0.9738957285881042
961,23342_7193a931_3,5.1904287829529494e-05,0.8470829725265503
962,57000_cd1ddece_12,0.00023830513237044215,0.9952355623245239
963,119790_1ed376f0_3,0.00033769788569770753,0.6314371824264526
964,72522_e9e87960_4,0.0008662752225063741,0.9837403893470764
965,65366_f618b577_2,0.0005788743728771806,0.4961089491844177
966,55707_c78416ed_35,0.001554456539452076,0.918764591217041
967,70321_eccffc7e_0,0.0005609223153442144,0.8546892404556274
968,120143_b5756e6b_0,0.002806415781378746,0.6102664470672607
969,27726_aca43af4_35,6.765979924239218e-05,-2.1435458660125732
970,31361_72aab333_20,0.0007868033135309815,0.749945878982544
971,121949_e10b5e85_12,0.000848229683469981,0.9765716195106506
972,146399_0e4b73c4_13,0.0009178663021884859,0.9811570644378662
973,41134_fc146947_6,0.0012345993891358376,0.42282187938690186
974,21237_7887a24b_35,0.0001847722742240876,0.23611831665039062
975,24885_55e20ddf_3,7.86355376476422e-05,0.9223105907440186
976,34914_8911676d_23,0.0003308247833047062,0.9412044882774353
977,21803_8a36dcda_12,0.0018927992787212133,0.9366641044616699
978,41306_8f26e703_5,3.0129856895655394e-05,0.6747430562973022
979,25118_f50fdc69_10,7.666813326068223e-05,0.8880227208137512
980,25473_0991d519_9,0.0010813020635396242,0.9729229807853699
981,126585_86fa26cb_0,0.0001283045276068151,0.841545820236206
982,145691_69484976_9,0.000747275014873594,0.9328109622001648
983,60729_c51868ec_0,0.0006101667531765997,0.66385817527771
984,123929_e7dbad2c_0,0.0012540733441710472,0.4043007493019104
985,69649_70b07cac_0,0.0007661247509531677,0.983076810836792
986,55135_f1186d58_9,0.000102264792076312,0.8725932836532593
987,20838_86c931be_2,0.0007971770246513188,0.9008869528770447
988,45242_626509cb_11,0.0003011733351740986,0.8669102787971497
989,34983_439766af_13,0.0018231506692245603,0.9810362458229065
990,53453_fb0f1640_1,0.003472435986623168,0.894586443901062
991,23255_972fbfe6_25,0.00039503566222265363,0.9875481724739075
992,24168_a0ede173_203,0.009225798770785332,0.9486901164054871
993,55476_1473d91f_0,0.001005494617857039,0.4873925447463989
994,55111_ef389075_1,0.0009768902091309428,0.962662398815155
995,141710_17531562_1,0.0006733823101967573,0.943461000919342
996,96601_b89e6252_1,8.776942559052259e-05,0.5332474708557129
997,135790_a27f9deb_43,0.00909500103443861,0.883473813533783
998,121363_746708db_0,0.0005723032518289983,0.7797998189926147
999,136886_3aa46890_0,0.0001711503427941352,0.9361846446990967
1000,50315_0f1419bf_19,0.001596213667653501,0.9780440926551819
1001,37846_cde34fcd_14,0.00023195070389192551,-1.622514009475708
1002,24816_ef81ad4c_1,0.00022884855570737273,0.9181681871414185
1003,75646_4baf69b2_7,0.0025252869818359613,0.9646379351615906
1004,140155_81f9ac63_0,0.0006512180552817881,0.8375285863876343
1005,51603_034939eb_10,0.0010489444248378277,0.9418889284133911
1006,30435_c97330d2_0,0.00016278393741231412,0.7247611880302429
1007,27839_4a077326_27,0.0004548597789835185,0.975267767906189
1008,55627_971fde61_34,0.0019226429285481572,0.8513609766960144
1009,134909_ef3d003c_0,0.00012968189548701048,0.8727785348892212
1010,33413_060ce192_51,2.339464299438987e-05,-2.2413837909698486
1011,22245_ca848576_12,0.00029240865842439234,0.6585128307342529
1012,52039_ba12c3ac_1,0.00023454758047591895,0.9953108429908752
1013,39707_358f88df_2,0.0007893841830082238,0.15938681364059448
1014,50014_33f250c8_3,0.005356487352401018,0.9511405229568481
1015,52987_387431ac_1,0.0013208613963797688,0.9093054533004761
1016,33501_b1ee5058_15,0.00024618394672870636,0.9951045513153076
1017,82168_4844bddd_1,0.000681718869600445,0.9079553484916687
1018,30384_95e72fc2_4,0.00010641259723342955,-0.17197346687316895
1019,23554_a0845d54_2,0.0003631779400166124,0.6964099407196045
1020,23800_65e0a5d1_0,0.00014506324077956378,0.5428341627120972
1021,41128_ee74f244_0,0.0007551268790848553,0.24189555644989014
1022,143019_22dbd3e6_2,0.0008611371740698814,0.9726783633232117
1023,79993_6087acd5_8,0.0036707038525491953,0.883875846862793
1024,21422_b2a6bf27_0,0.0007468217518180609,0.9876869916915894
1025,25487_dd2c17e8_21,0.0004510387952905148,0.5995129346847534
1026,22654_4c426b0f_10,6.978814781177789e-05,0.5313429832458496
1027,30368_d7fd30ce_6,4.099111174582504e-05,0.12330174446105957
1028,57249_6bd2af3c_2,0.0001889627892524004,0.9930291771888733
1029,57029_3ab80a22_0,0.0011777703184634447,0.766353964805603
1030,79906_052c7eb4_3,0.000698029063642025,0.8486921191215515
1031,82996_b8dc67c9_10,0.00014033949992153794,0.8063269257545471
1032,119884_192e3265_1,0.0008379072532989085,0.6178520917892456
1033,21225_c081eae3_10,0.0020329011604189873,0.8834495544433594
1034,121949_e10b5e85_1,0.0007210992043837905,0.8175323009490967
1035,81994_ba8916c9_5,6.18372650933452e-05,0.9459673166275024
1036,22447_4062c6cb_29,0.0006295474013313651,0.9893801808357239
1037,55044_ee57bac8_1,0.00015878571139182895,0.3967074155807495
1038,41871_f9a1ad02_13,0.006338141858577728,0.9644024968147278
1039,74688_a5168a45_2,5.308264371706173e-05,-10.405539512634277
1040,23218_02d26ab4_4,5.4267751693259925e-05,0.8751818537712097
1041,41205_dc60aa5d_0,0.0006386905442923307,0.841218888759613
1042,41979_ca698776_0,0.0003089554375037551,0.9366360902786255
1043,141453_50ec6f25_7,0.000410557899158448,0.9883701205253601
1044,97143_5424c420_0,0.0003687602002173662,0.9053619503974915
1045,41986_26275a06_2,0.0003751684562303126,0.9646342396736145
1046,136800_c5e4d711_2,0.0003471803793217987,0.5254552960395813
1047,101635_11b839a3_5,2.396448326180689e-05,0.8036681413650513
1048,55866_b041060d_0,0.00026666733901947737,0.98367840051651
1049,53846_89405f98_0,0.0009163095382973552,0.8127878308296204
1050,27725_5cceaeb7_1,0.002093965420499444,0.8110642433166504
1051,146137_92faaea5_9,0.0017989701591432095,0.8558585047721863
1052,41211_11f6b8a0_4,0.0001053186715580523,0.9566256403923035
1053,21330_f0cee934_46,0.00024135084822773933,0.9951746463775635
1054,127188_5fecd146_4,8.967722533270717e-05,0.8767748475074768
1055,135949_06517574_8,2.9326085495995358e-05,0.6959776878356934
1056,68928_0d4e4a2e_24,0.0018052204977720976,0.8864877223968506
1057,50410_f8f03667_38,2.4538372599636205e-05,-0.6893426179885864
1058,142999_171240b6_21,7.454212027369067e-05,0.9448847770690918
1059,144709_642fc665_0,0.0011583537561818957,0.8861650824546814
1060,53232_f8760054_10,0.0002607432834338397,-1.495532512664795
1061,22372_e91792a1_0,4.653361247619614e-05,0.40320509672164917
1062,21767_53eaa558_12,0.0059980470687150955,0.9224907159805298
1063,32220_1fd19c5e_0,0.00011004208499798551,0.8869456052780151
1064,22886_a6331748_1,0.0013794100377708673,0.8733552694320679
1065,130996_b842b511_12,0.0003698516229633242,0.9659101963043213
1066,55571_74a416b1_1,7.234118675114587e-05,0.3863546848297119
1067,70169_914780d4_1,0.00039161002496257424,0.8508752584457397
1068,23156_7788f78a_6,0.006010143086314201,0.9565116763114929
1069,124496_20e20439_10,0.0001018749680952169,0.7760922908782959
1070,76300_7cb02add_1,0.0004371852264739573,0.9352641105651855
1071,21647_6b6cca6f_10,0.000635865202639252,0.652940034866333
1072,22734_f6bad9f7_23,0.0041094087064266205,0.8288083076477051
1073,94176_0a6c42ab_2,2.575907092250418e-05,-3.727339267730713
1074,24048_d731886d_9,0.0006398535333573818,0.9294727444648743
1075,25487_dd2c17e8_30,0.002391842193901539,-0.08119761943817139
1076,115717_40314bc2_4,4.19441785197705e-05,0.8635649681091309
1077,125592_875faf40_0,0.0017618852434679866,0.9182192087173462
1078,41871_f9a1ad02_44,0.0010394887067377567,0.9265622496604919
1079,146642_883a71d2_8,0.00023806761601008475,0.9419155120849609
1080,136883_076fbff9_31,9.03543914319016e-05,0.7011271715164185
1081,60766_fb8715eb_3,0.0014531653141602874,0.8937305212020874
1082,30818_33617072_0,0.003806701861321926,0.8072666525840759
1083,130679_7a357a9c_18,0.002855759346857667,0.8320154547691345
1084,55306_795d845b_0,5.40738292329479e-05,0.8840805292129517
1085,135934_d2f6bb2e_33,0.00014954089419916272,0.8006306290626526
1086,111054_e45a0d40_7,0.013169531710445881,0.8726069927215576
1087,36826_d9269c2e_10,0.0005361136281862855,0.9635847806930542
1088,37619_ae810a8d_7,2.9657732738996856e-05,-12.54520034790039
1089,22343_34184fd5_22,0.0002463569398969412,0.23751497268676758
1090,113020_de552f8d_0,0.00018147710943594575,0.886516273021698
1091,20216_89b90993_0,0.003920549526810646,0.7388126850128174
1092,23325_292b3294_16,0.0013781065354123712,0.8688943386077881
1093,23522_5c2ec58e_9,0.0006017423002049327,0.9543113708496094
1094,146624_359752bb_20,2.6098970920429565e-05,-12.157012939453125
1095,104990_11b4aeee_1,0.0005484356661327183,0.9874637722969055
1096,90917_4670b560_0,0.002760128816589713,0.9463562369346619
1097,54818_59adf8c2_5,0.0006076202844269574,0.4745182394981384
1098,34109_5a868eae_3,0.00012885469186585397,0.7897752523422241
1099,23161_e7f63a9f_2,0.0006476440466940403,0.9413986802101135
1100,37160_2a95674a_27,0.0009955863934010267,0.6521639823913574
1101,61280_8bdbc90f_0,0.0016453887801617384,0.940906286239624
1102,55083_dac1f9cc_2,0.0005998308188281953,0.9500641822814941
1103,34341_d19b12fb_14,3.0266965040937066e-05,0.6989625692367554
1104,54516_ac9e2ef4_61,0.0012186499079689384,0.7976463437080383
1105,24559_3c306e71_2,0.00016135418263729662,0.6715394258499146
1106,105831_88a0fb85_1,0.0010464029619470239,0.9602432250976562
1107,32743_f4c47bbc_19,0.0019892151467502117,0.6303759813308716
1108,40500_6055e3d7_18,0.0008451455505564809,0.9594308733940125
1109,22862_f5406bb0_0,0.0006834967061877251,0.9890046715736389
1110,141081_ae61ec46_0,0.0007238161633722484,0.9895218014717102
1111,135112_cf8007b8_4,0.004036143887788057,0.9387708902359009
1112,131442_1512d9ff_5,0.00012147401866968721,0.7429335117340088
1113,145132_7aea3b66_1,0.006768980994820595,0.9743800163269043
1114,41871_f9a1ad02_45,0.0006190526182763278,0.8806803822517395
1115,51775_49ef614a_1,0.0005103416042402387,0.8553974628448486
1116,143293_fc5b0ff7_23,0.0002673299750313163,0.5116003751754761
1117,51547_a7e01c38_6,5.034091373090632e-05,0.9278735518455505
1118,114021_44c3c39c_2,8.731853449717164e-05,0.7823108434677124
1119,123766_c5a4cf5e_0,0.0002138631825800985,-0.36354053020477295
1120,23031_0d684603_8,0.0006075971759855747,0.7381099462509155
1121,132996_c742ef84_4,0.0017947041196748614,0.7509527206420898
1122,137096_5d77f285_1,0.000693542358931154,0.9172207117080688
1123,27072_b4756e8c_2,0.0007115339976735413,0.8390732407569885
1124,51915_e704f5dd_2,0.0005323013756424189,0.9167588353157043
1125,132811_57264a28_13,0.0006318504456430674,0.9893626570701599
1126,49396_98ab955d_13,0.0016724749002605677,0.8135443925857544
1127,132081_761d26ad_0,0.00018958895816467702,0.9949250221252441
1128,82906_7b72e0e8_2,0.0007646940066479146,0.978695809841156
1129,92649_26fe8262_0,0.00037730878102593124,0.8259226083755493
1130,21803_8a36dcda_11,0.0026542539708316326,0.928608775138855
1131,30637_f6324fc6_5,0.0001798930752556771,-0.19064569473266602
1132,105560_a6f91315_12,2.622797001095023e-05,-2.6735165119171143
1133,41737_d80c34b9_0,0.0009618239710107446,0.9425356388092041
1134,34983_439766af_12,0.000413312780437991,0.9593419432640076
1135,122755_60c41889_10,3.356131855980493e-05,0.462163507938385
1136,76879_65a30a82_2,0.005248642060905695,0.9530512094497681
1137,89816_cef36e57_4,0.0005342079675756395,0.9911903738975525
1138,49406_100c707b_3,0.00017244128684978932,0.9801167249679565
1139,105560_a6f91315_10,2.7274558306089602e-05,0.4110812544822693
1140,129421_483d2957_5,4.8219993914244696e-05,0.7968323230743408
1141,122740_fc5c94eb_33,0.0005288083921186626,0.9838088750839233
1142,135595_656de97a_5,0.00017868407303467393,0.9347394704818726
1143,35740_5322d674_5,2.4882476282073185e-05,-7.635891914367676
1144,23681_932e722e_18,0.00040205655386671424,0.9923897981643677
1145,108244_329b1876_17,1.831711233535316e-05,-3.255983352661133
1146,125745_cf468448_6,0.0007284976309165359,0.8287049531936646
1147,138838_c9a9e790_6,0.0004262529837433249,0.9171430468559265
1148,102416_b74464a2_4,2.5314577214885503e-05,-9.041165351867676
1149,30426_2cde26de_21,6.029412179486826e-05,0.8207818269729614
1150,137837_9c9f163d_5,0.00016710622003301978,0.8240388631820679
1151,25487_dd2c17e8_15,0.0023189911153167486,0.6977260112762451
1152,21549_18160a0a_4,2.3412159862346016e-05,-2.3048312664031982
1153,21385_601444ba_0,0.0017117082607001066,0.8935161232948303
1154,35233_add576ba_9,0.002105250721797347,0.8625016808509827
1155,55345_c6423351_0,0.0005808466812595725,0.9059654474258423
1156,110697_4b2725f1_0,0.00021243772062007338,0.9950512647628784
1157,109946_242843a6_1,3.166650640196167e-05,0.25352197885513306
1158,34341_d19b12fb_22,2.9286726203281432e-05,-2.3296637535095215
1159,23247_bcd1e84f_21,0.0003442869056016207,0.9277098178863525
1160,131765_29b29f08_6,2.579163628979586e-05,0.44147711992263794
1161,21395_7d6fda6f_12,0.0001622249692445621,0.8580193519592285
1162,135460_6471e973_15,0.00036331076989881694,0.8806576132774353
1163,51741_49d61151_7,0.0009031992522068322,0.9673644304275513
1164,28382_90b7cc0c_12,0.0002099138655466959,0.9238576292991638
1165,30850_05d88af9_2,0.0008028707234188914,0.9668800830841064
1166,86278_1e55d036_12,0.0001332852552877739,0.007933497428894043
1167,67240_525e92c1_1,0.0007708033081144094,0.381496787071228
1168,82002_ef2b4feb_6,0.00043958958121947944,0.991553544998169
1169,53364_ec8aad42_1,0.00781487300992012,0.6642107963562012
1170,135771_b030a25c_17,0.0004905339446850121,0.4325605630874634
1171,135906_29d7b495_1,7.182509580161422e-05,0.8715876340866089
1172,21822_7d3db422_38,0.0002345762768527493,0.7620134353637695
1173,81136_5b86c723_1,8.402505045523867e-05,0.38294678926467896
1174,25473_0991d519_2,0.002635734621435404,0.9543999433517456
1175,73405_94381b7c_5,0.0011995568638667464,0.7983675003051758
1176,24009_c40b0d48_2,0.00010528325219638646,0.9967668056488037
1177,22162_439af02a_1,0.0004282491572666913,0.9915794134140015
1178,146159_f3f80701_0,0.0022086300887167454,0.41110819578170776
1179,51895_5760b481_15,0.003015583148226142,0.967904269695282
1180,33500_e58e287e_1,0.002598046325147152,0.8790647387504578
1181,31838_2e4bd173_0,0.002333712065592408,-0.5599596500396729
1182,146137_92faaea5_18,4.654004078474827e-05,0.5926189422607422
1183,124879_2257a334_2,4.899972191196866e-05,0.46220940351486206
1184,144145_510eedc2_7,0.0007501551299355924,0.9860978126525879
1185,21237_7887a24b_78,0.00044301708112470806,0.9614741206169128
1186,82297_93739ce0_6,0.0008772300207056105,0.7116320133209229
1187,51536_a18dc325_31,0.0002935526135843247,-0.42287373542785645
1188,93103_fdb9fcb7_7,0.0009130175458267331,0.8821478486061096
1189,24590_415f7013_9,0.0003486402565613389,0.9354034662246704
1190,130659_16f2db4c_0,0.00018152760458178818,0.9399473667144775
1191,23083_fdb942ac_2,0.00044278439600020647,0.9815251231193542
1192,23954_a8c09819_2,0.00048147383495233953,0.9906629920005798
1193,30417_0010bc7c_13,0.0006425894680432975,0.942859411239624
1194,120535_e304dfca_1,0.0005638893344439566,0.9586387872695923
1195,93199_2146e709_9,0.0008278725435957313,0.8098994493484497
1196,23686_cba4f679_15,0.0032645962201058865,0.9268283247947693
1197,40807_58058731_20,0.002268674783408642,0.9771658182144165
1198,94410_d32e7520_35,0.002128646010532975,0.9470000267028809
1199,79695_fd8bae0e_0,0.0013275400269776583,0.6624293923377991
1200,129422_621d0a90_35,0.0008624769980087876,0.5949268341064453
1201,44932_16cb7f21_5,0.00247701327316463,0.9298445582389832
1202,136550_8a8672e5_1,0.00022688497847411782,0.9363070726394653
1203,20495_e8e7e80c_3,0.0018020982388406992,0.967768669128418
1204,31962_e5291336_50,0.0006512927357107401,0.3787081837654114
1205,24888_5be1de05_1,1.884268749563489e-05,0.6416277885437012
1206,34114_7e58a97d_10,0.002005993388593197,0.9228793382644653
1207,108433_37a79370_0,0.0034738474059849977,0.6930398941040039
1208,22844_9b75b8e0_1,0.00020357781613711268,0.9915552139282227
1209,115637_b4d41e8a_0,0.00104397046379745,0.8989371657371521
1210,53474_f29e4438_15,0.006153014954179525,0.8249648809432983
1211,26766_1aaa348c_0,0.0004801852337550372,0.931837260723114
1212,51940_67bb0219_7,0.001259993645362556,0.7940976619720459
1213,41714_1d49f4d1_13,4.699363125837408e-05,0.8146824836730957
1214,21815_7090778f_9,0.0018028884660452604,0.8520452380180359
1215,32843_8e5bdf24_0,0.002335455734282732,0.8965222835540771
1216,23686_cba4f679_10,0.0007221217383630574,0.9100142121315002
1217,114425_891ab08d_0,0.00357430474832654,0.5543270111083984
1218,41786_02d48cdd_5,0.0009609248954802752,0.8513039350509644
1219,22895_4533b542_1,0.00041957449866458774,0.9759527444839478
1220,49016_cd1b47bf_6,0.004133820533752441,0.8690494298934937
1221,51674_a70c1c6c_3,9.140505426330492e-05,0.8538310527801514
1222,52972_6e5a5ada_11,0.0008601826266385615,0.9634888172149658
1223,120700_d818883a_8,6.218109047040343e-05,0.9158090949058533
1224,34530_9525ffcd_0,0.0017255893908441067,0.9675498008728027
1225,24355_99bf3f8f_1,0.00021939781436230987,0.5751222372055054
1226,56250_3b6024e3_46,0.0019859729800373316,0.9648860096931458
1227,56355_727ca47c_3,0.0008931220509111881,0.7843410968780518
1228,35057_9af89947_1,0.0007738173007965088,0.878509521484375
1229,120881_a946667f_13,0.00011300682672299445,0.8443149328231812
1230,143021_c6df0146_5,8.094382064882666e-05,0.5492690801620483
1231,69240_dc199112_3,0.0005937173846177757,0.45963358879089355
1232,41733_1ec9b00c_15,0.0013127995189279318,0.7266122698783875
1233,30298_24191733_2,4.929968054057099e-05,0.6590614318847656
1234,30400_8824ce97_18,0.0003490374656394124,0.9271186590194702
1235,37040_ecbcd25e_36,0.0005872995243407786,0.8416022658348083
1236,23035_6087bb57_4,7.6936928962823e-05,0.8848628401756287
1237,38675_6e07d74b_26,0.008717657998204231,0.8793777227401733
1238,31751_e37382e1_9,0.00036557295243255794,0.9610203504562378
1239,54601_e1da5b93_4,0.0002638686855789274,0.9947504997253418
1240,142999_171240b6_29,0.0006030141958035529,0.9542898535728455
1241,137646_14bca880_0,0.0009456175030209124,0.9126715660095215
1242,37519_442dc408_1,8.86532143340446e-05,0.8916639089584351
1243,47195_a8cd8bad_6,0.00037313633947633207,0.9762721061706543
1244,22474_b10fea1a_6,0.0013851694529876113,0.840242862701416
1245,53200_d1e30b87_10,0.00022095063468441367,0.9615525603294373
1246,41472_f9d73638_9,0.00021782609110232443,0.7761077880859375
1247,126397_cc08a23d_1,9.077887079911307e-05,0.8526713848114014
1248,31838_2e4bd173_4,0.0004934382741339505,0.991203248500824
1249,52006_d21e4570_7,0.0006242146482691169,0.876264750957489
1250,62109_08c31aa8_0,0.0007349738734774292,0.869035005569458
1251,49403_458914df_0,0.0003647663979791105,0.7845367193222046
1252,122914_76ff1f5e_2,1.681052344792988e-05,-0.49618208408355713
1253,34913_d23e2a24_2,0.0006090130773372948,0.7274861931800842
1254,104641_2cd02839_15,8.945759327616543e-05,0.7414880394935608
1255,131632_6144b102_1,0.0011693482520058751,0.9860782027244568
1256,30850_05d88af9_0,0.0007034022128209472,0.9448083639144897
1257,86296_8a6ed4d3_7,0.00014420032675843686,0.555858850479126
1258,34983_439766af_7,0.0013947980478405952,0.9801292419433594
1259,33374_7491cbf8_2,0.0018493920797482133,0.9821065664291382
1260,50694_afd26bd5_10,0.0016032283892855048,0.9827837944030762
1261,50292_e84db1fb_8,9.812123607844114e-05,0.6651684045791626
1262,81367_622a9e51_2,0.0004656952805817127,0.8830615878105164
1263,78966_584c5305_0,0.00039819240919314325,0.7923749089241028
1264,79905_623eae86_1,0.005096076522022486,0.9582678079605103
1265,63055_6b907478_15,0.0003887649509124458,0.9689882397651672
1266,135771_b030a25c_4,0.00036959603312425315,0.5346683859825134
1267,41753_9b4f8d8a_0,0.00030445217271335423,0.9940224289894104
1268,80784_f7ec5f70_1,0.0009221606305800378,0.8437452912330627
1269,33607_c6f31fa6_10,0.0013678576797246933,0.8324836492538452
1270,22225_a3ce4d29_42,0.00037787164910696447,0.9593926668167114
1271,51938_8b9cba89_5,0.0035645454190671444,0.9252983331680298
1272,44741_f386a08f_4,0.0012738079531118274,0.9621932506561279
1273,70021_e673ae54_4,0.0006590906996279955,0.9893028140068054
1274,55135_f1186d58_7,0.0008695067372173071,0.9220660328865051
1275,31856_2a5a4e32_12,0.0015081847086548805,0.9163371920585632
1276,75303_045fc848_4,0.0005487296730279922,0.9156872630119324
1277,129683_3ad38815_10,0.004635936580598354,0.9457879066467285
1278,21894_93f0d052_24,0.0011497905943542719,0.9070128202438354
1279,143823_1b04bf80_13,0.0006640884676016867,0.9520792961120605
1280,143823_1b04bf80_18,0.0001984636182896793,0.8079855442047119
1281,111863_c925f4f3_2,0.0001460158673580736,0.860671877861023
1282,104633_d0a15bd3_6,0.0011748789111152291,0.9014822244644165
1283,48832_22363e53_33,0.0009063374600373209,0.9755188822746277
1284,127466_a18ae326_1,0.0011081722332164645,0.5824986696243286
1285,22211_b1ee53f0_12,0.001108284923247993,0.9536870718002319
1286,137837_9c9f163d_6,0.00016461237100884318,0.9551679491996765
1287,122755_b830e22d_17,4.638435711967759e-05,0.48051291704177856
1288,21299_e9cd80a6_12,0.0003234998439438641,0.5661853551864624
1289,44920_70dd4b80_11,0.0005479349056258798,0.9752107858657837
1290,52987_387431ac_7,0.0011687814258038998,0.9644017219543457
1291,147926_b78316a8_10,9.976715227821842e-05,0.912592351436615
1292,144653_e3eccdf1_50,0.0001633415959076956,0.8911730647087097
1293,56458_c027ed41_0,0.0005251401453278959,0.9348134994506836
1294,23495_6366269c_11,0.00038831503479741514,0.9922776222229004
1295,70883_e2d6a103_2,0.0021013151854276657,0.9687781929969788
1296,32743_f4c47bbc_34,0.0003532833361532539,0.7940932512283325
1297,30910_38ea5a06_2,0.0004270669596735388,0.9275697469711304
1298,56476_466fc284_17,0.003416610648855567,0.9293305277824402
1299,22604_0b4ffb43_62,0.00044274458196014166,0.9815269708633423
1300,21534_6367be99_0,0.0011391385924071074,0.6409027576446533
1301,133026_1085532d_1,0.0003347440215293318,0.9149274826049805
1302,137828_0b0786fb_1,0.001535127405077219,0.9704878330230713
1303,55627_971fde61_27,0.0004893608274869621,0.9382240772247314
1304,93869_8b1922a3_0,0.0005757363396696746,0.9535683989524841
1305,24393_9acd18c6_3,0.0007240709965117276,0.9864888191223145
1306,44996_b3e9c266_14,4.881913264398463e-05,0.8089467287063599
1307,55300_b9675d43_1,0.00043508451199159026,0.9914573431015015
1308,113352_879844fe_0,0.0005779001512564719,0.9764673709869385
1309,135317_3c58b0d0_9,0.00017518039385322481,0.8381344079971313
1310,115624_fe3eb392_1,0.0035950185265392065,0.8316328525543213
1311,63055_6b907478_21,0.0001972199243027717,0.9928076863288879
1312,40421_032c052f_0,0.0004666662134695798,0.9290667176246643
1313,143029_70554264_3,0.00012702324602287263,0.782394528388977
1314,145117_78f63de3_0,0.00044026371324434876,0.8867686986923218
1315,128996_35f2006e_0,9.386402234667912e-05,0.530617356300354
1316,54503_fc6c6963_1,0.0005321336211636662,0.932791531085968
1317,24657_0168dc6b_1,0.0004645045264624059,0.9886304140090942
1318,130524_13ad16a8_0,0.008485994301736355,0.9580382704734802
1319,142670_33c641dc_3,0.0003004315367434174,0.8858620524406433
1320,65375_674ff0b9_11,0.000945514824707061,0.13917475938796997
1321,23168_7fdf5427_3,2.4551491151214577e-05,-10.215119361877441
1322,41717_ab2075ac_0,0.0001284038880839944,0.9952855110168457
1323,21739_57582b8f_4,0.0003317606169730425,0.9805359840393066
1324,143293_fc5b0ff7_30,0.0006167376996017992,0.9831811785697937
1325,135906_587b5c3d_0,0.0002315619494765997,0.8601725101470947
1326,138685_fd9b79cd_0,0.00045265251537784934,0.6380513906478882
1327,119921_5621fcb4_0,0.0003560244804248214,0.9398935437202454
1328,49403_458914df_5,0.000682913523633033,0.9221698045730591
1329,73525_7f6b2f67_2,7.293121598195285e-05,0.8831900358200073
1330,136994_a3a2f50f_3,0.0003726708237081766,0.9580243229866028
1331,31838_2e4bd173_1,0.003511399496346712,0.9239993691444397
1332,35866_d0233b36_6,0.0006179951597005129,0.9894644618034363
1333,53053_d6b4d71c_9,0.0021569787058979273,0.9439988136291504
1334,90220_7baf1e18_1,0.00022669453755952418,0.6939803957939148
1335,23364_73dd9d4d_10,9.901881276164204e-05,0.8576882481575012
1336,52987_387431ac_3,0.0004395692376419902,0.963797390460968
1337,51859_6b2fd0f1_4,0.00030551801319234073,0.8301511406898499
1338,51708_867d4509_12,0.00011354914022376761,0.01641058921813965
