case_num,case_name,MSE,R-Square
0,50417_199cffee_13,0.0005177122075110674,0.9959673285484314
1,48516_2b3135bf_11,0.00023218845308292657,0.9921497702598572
2,41733_1ec9b00c_31,0.00023050136223901063,0.9776412844657898
3,31664_1e85c690_0,9.509912342764437e-05,0.994887113571167
4,21893_0500d043_18,0.000216896238271147,0.9955902695655823
5,31607_9a2f8140_6,0.00015986661310307682,0.9946340322494507
6,41774_88a7a483_18,0.00011501076369313523,0.9719252586364746
7,42143_51b31600_4,6.924711215106072e-06,0.9860079884529114
8,23104_3b70eba4_13,0.00016035136650316417,0.7362140417098999
9,129075_8fbf62e5_2,1.3555082659877371e-05,0.9642294049263
10,41624_a15f83c1_13,1.873138353403192e-05,0.9908020496368408
11,36088_1ea9c8a9_12,0.0001380452886223793,0.9967795610427856
12,126477_6596d136_14,2.6552084818831645e-05,0.9759326577186584
13,130441_10c43121_0,0.0005355734610930085,0.9972716569900513
14,133385_e6aa64d8_21,2.1244801246211864e-05,0.9860620498657227
15,26398_b99946da_1,0.0004122530808672309,0.9945781826972961
16,61198_0c99f50a_4,6.347299859044142e-06,0.600141167640686
17,26661_ab88a525_0,2.0078356101294048e-05,0.9767941236495972
18,129075_8fbf62e5_1,3.102756090811454e-05,0.9706987738609314
19,51891_9455ea02_1,0.0003544887586031109,0.9943749308586121
20,34770_6bba5bd4_13,8.169958891812712e-05,0.9983959197998047
21,21646_a2dd0d00_53,9.246933041140437e-05,0.9923137426376343
22,68909_4ae1bc2e_1,2.0285940991016105e-05,0.9809358716011047
23,27866_ece3076e_109,2.0336090528871864e-05,0.996793270111084
24,92134_52f13f49_6,2.5522194846416824e-05,0.9852913022041321
25,23342_7193a931_1,1.0125995686394162e-05,0.9859458208084106
26,126572_a2d6f794_14,2.145217649740516e-06,0.784340500831604
27,44344_3e0b0b0c_1,6.210183300936478e-07,0.9139906764030457
28,49331_3bf3bb84_4,5.877843068446964e-05,0.9989240765571594
29,33971_46bb0373_0,9.524320921627805e-05,0.9878339171409607
30,21517_bfe35b4c_1,2.402637983323075e-05,0.965151846408844
31,23165_369d62aa_6,0.00010397933510830626,0.998745858669281
32,81846_2907c980_0,0.00019061197235714644,0.9915388226509094
33,24168_a0ede173_111,8.592337690060958e-05,0.9915133714675903
34,53461_a5942665_1,2.4097293135127984e-05,0.9991062879562378
35,24907_c72322ea_13,6.191520515130833e-05,0.9766372442245483
36,133424_315bcaeb_7,2.0232020688126795e-05,0.9738189578056335
37,40490_916e13fe_0,7.50910330680199e-05,0.9976611137390137
38,38000_b5822e44_3,0.00011826208356069401,0.9982076287269592
39,138520_f4e0bc0b_63,3.6387573345564306e-05,0.9652845859527588
40,61294_9255796d_3,9.373305147164501e-06,0.9824612140655518
41,22176_272891b8_0,0.0001105481424019672,0.9439239501953125
42,24815_4f2a57e4_1,0.0001719122810754925,0.9949520230293274
43,113343_e692c488_1,7.641225238330662e-06,0.9884687662124634
44,33995_18423507_1,5.679012610926293e-05,0.9234985113143921
45,127897_029949fd_6,6.660899089183658e-05,0.9986680746078491
46,123181_4e56fb4f_0,0.0001503313542343676,0.9978221654891968
47,22670_9353c710_1,5.299766598909628e-06,0.9677014946937561
48,128642_4d72bf31_2,2.6640975193004124e-05,0.9855684638023376
49,146667_fe438b5b_6,0.00013618654338642955,0.991683304309845
50,38260_2a31c6df_2,0.00021529485820792615,0.9696578979492188
51,24443_996411f9_3,0.00044313521357253194,0.9899439215660095
52,142074_34e02b6d_1,4.342511965660378e-05,0.9869948029518127
53,41501_b627682a_15,8.786933904048055e-05,0.9923213720321655
54,24712_da77fe8f_0,4.767255813931115e-05,0.999108076095581
55,32960_0eaa1de8_26,0.00011337002069922164,0.997900128364563
56,130757_b2c47f8d_2,1.8001133867073804e-05,0.46200573444366455
57,104817_6d73dc41_0,4.310383155825548e-05,0.9951707720756531
58,79243_49539d9f_0,0.0004736896662507206,0.9897949695587158
59,82012_c533307b_1,5.120606510899961e-05,0.9522997140884399
60,107649_e651c5ca_1,2.226925607828889e-05,0.8447058796882629
61,40997_e3c88650_12,0.00014907440345268697,0.9961761832237244
62,143029_70554264_4,0.00012356795195955783,0.9831085801124573
63,27054_342fcf5c_3,2.609576768008992e-05,0.9727637767791748
64,41648_577daf16_17,3.119697794318199e-05,0.9881904125213623
65,89720_4e65191c_1,9.957709698937833e-05,0.9975877404212952
66,75382_1b589ea9_12,7.259335234266473e-06,0.9792484045028687
67,120371_433ba1ca_2,0.00012130408140365034,0.9894208312034607
68,49024_b7f02205_13,0.0003098941233474761,0.9863123893737793
69,51022_47816098_7,0.0003881998418364674,0.9960137605667114
70,41634_4f5d0edb_0,6.900367679918418e-06,0.9862019419670105
71,23170_6ea8ded5_3,0.00017921329708769917,0.9970008730888367
72,69589_cd2fa794_8,0.00026497882208786905,0.9826740026473999
73,41504_85e300ee_0,0.00012906912888865918,0.9823769330978394
74,128996_42176b10_0,0.00030228166724555194,0.9755339026451111
75,38920_e81879c2_7,6.870079232612625e-06,-7.262787818908691
76,148051_c59af578_6,4.6533194108633325e-05,0.9987326860427856
77,65494_16d62db5_0,6.002929148962721e-05,0.9195604920387268
78,25473_0991d519_0,0.00012757087824866176,0.997002899646759
79,75270_25a261ef_5,0.00018420741253066808,0.9816198348999023
80,49613_1b97c07b_12,1.8829499822459184e-05,0.8000146150588989
81,115633_a2c63339_1,4.6796805690974e-05,0.9861584305763245
82,52366_63042db4_1,0.00011432790051912889,0.9973979592323303
83,30282_88c6933c_5,0.00016162640531547368,0.9806641936302185
84,53474_f29e4438_12,0.00010312406811863184,0.9966238737106323
85,24026_1dd4094b_21,0.00015663597150705755,0.9821325540542603
86,21225_c081eae3_2,0.00020205863984301686,0.9732920527458191
87,35057_9af89947_8,7.26533544366248e-05,0.9416385889053345
88,43529_4804941b_20,5.931903433520347e-05,0.9981922507286072
89,22103_fd11c71b_3,9.851106005953625e-05,0.9876989722251892
90,51536_a18dc325_0,0.0001684834569459781,0.9910582304000854
91,24230_636208ab_13,9.458531712880358e-05,0.9419170022010803
92,41117_1b3271f2_56,0.00018158844613935798,0.9971959590911865
93,140499_419d5823_0,5.368679921957664e-05,0.9953591823577881
94,115524_a949e82c_2,7.973193532961886e-06,0.9689410924911499
95,29833_0ed4880f_3,5.689626050298102e-05,0.9989762902259827
96,127556_4823a42a_6,8.189973596017808e-05,0.9862426519393921
97,23960_48cc0f21_19,9.344234968011733e-06,0.8689674735069275
98,132987_ba18d2eb_11,3.0598166631534696e-05,0.9414085745811462
99,51337_f8636fd9_30,1.1658153198368382e-05,0.9868278503417969
100,40999_cad6be09_18,0.00042515574023127556,0.9899482727050781
101,136886_99fbdef3_0,2.2040203475626186e-05,0.9621777534484863
102,30447_4ed3b778_7,8.743235230213031e-05,0.9996778964996338
103,55811_bc667b2d_13,0.00028172763995826244,0.8927468657493591
104,41716_d55164d4_1,4.0368668123846874e-05,0.9858721494674683
105,33610_aa697fc9_6,6.321722321445122e-05,0.9953337907791138
106,55095_fa260d33_6,0.00025841291062533855,0.9931883811950684
107,115639_bc0cc622_0,9.355225483886898e-05,0.9931504130363464
108,20841_1620ae7d_0,0.00022517175239045173,0.9689997434616089
109,50823_d1830e58_2,0.00019768837955780327,0.960866391658783
110,109762_cb162371_48,9.006739128381014e-05,0.9683501124382019
111,41387_5f752e39_23,7.414991705445573e-05,0.9972578287124634
112,121540_629c716f_0,0.00013390682579483837,0.9943314790725708
113,118539_1dff9cf9_12,2.680510533537017e-06,0.8039600849151611
114,30714_dafa62f6_2,0.0006167029496282339,0.991931676864624
115,79633_bbbde75f_0,0.0003751151089090854,0.9908514618873596
116,33059_531cfd5e_11,8.446154242847115e-05,0.9861772656440735
117,20697_d3e106b4_4,1.0678698345145676e-05,0.9103146195411682
118,136062_0027ff97_6,0.00012948059884365648,0.9880542159080505
119,146291_6b0c8db3_1,0.00027885951567441225,0.9935101866722107
120,45466_5f662bcb_0,6.996160664130002e-06,0.9855949878692627
121,144500_7f600ab6_0,5.103972944198176e-05,0.9952802062034607
122,44996_b3e9c266_4,2.1609870600514114e-05,0.9954355955123901
123,40713_4c9264ef_0,0.00012772309128195047,0.9829587340354919
124,132384_0fcab1fa_13,0.00010018196189776063,0.8922265768051147
125,33738_77d49563_2,4.786280624102801e-05,0.9443657994270325
126,129422_621d0a90_33,3.8493053580168635e-05,0.9818834662437439
127,115633_fd3c9b97_32,8.787179467617534e-06,0.9639929533004761
128,69337_a122ffde_1,0.00011854023614432663,0.9878843426704407
129,37241_29f91452_0,0.0001414463622495532,0.9967278838157654
130,141199_9ae000ef_6,0.0002338536869501695,0.8023269772529602
131,147133_92c04b84_4,0.00011614832328632474,0.8978461027145386
132,77687_cbb18594_50,9.79448959697038e-05,0.9323940873146057
133,144290_2a679085_11,7.551206635980634e-06,0.9777606129646301
134,130825_c59bbbfb_0,0.0001967590069398284,0.9949647784233093
135,82512_252da752_6,6.550312718900386e-06,-9.134037017822266
136,115624_d0acb46b_24,0.0001033620210364461,0.9988784790039062
137,92134_52f13f49_7,2.035359102592338e-05,0.987230122089386
138,100326_0602c712_7,1.8461230865796097e-05,0.970899224281311
139,134630_f9e85072_0,0.0001273002417292446,0.9706945419311523
140,108943_b07b2543_1,0.00014449484297074378,0.9761724472045898
141,125416_ab456bc3_5,9.841622522799298e-05,0.9916443228721619
142,57222_33b428d7_69,5.960776616120711e-05,0.9403831958770752
143,24650_dad8c8ee_13,0.00016982558008749038,0.9969907999038696
144,41749_14d0599c_1,5.655618224409409e-05,0.9915869235992432
145,49396_98ab955d_27,2.6614643502398394e-05,0.9826241135597229
146,136892_e2a0b32c_4,4.57901660411153e-06,0.8822565674781799
147,31962_e5291336_28,0.00017811836733017117,0.9961127042770386
148,34231_e27353cb_0,1.3820500498695765e-05,0.9854689836502075
149,112724_d334de09_0,0.0003362404531799257,0.9947739839553833
150,56486_82b3e23a_21,3.484721446511685e-06,0.9594780802726746
151,40500_6055e3d7_17,2.5167498733935645e-06,0.9153347015380859
152,39468_15fb2e60_43,0.0001255815295735374,0.7950877547264099
153,141710_17531562_7,0.00015539757441729307,0.9956080913543701
154,33529_756075a0_12,0.00016208188026212156,0.9682480692863464
155,54169_3a875f10_8,0.0005860303062945604,0.9845428466796875
156,41023_5445cb61_9,2.972837319248356e-05,0.973854660987854
157,146380_5c569eeb_2,0.00012052828969899565,0.9352192878723145
158,24195_9791f5d3_38,8.090465598797891e-06,0.8404598236083984
159,26573_7f7e176d_2,0.00016178880468942225,0.9985649585723877
160,22734_f6bad9f7_25,0.00019464590877760202,0.996863842010498
161,48112_9538e204_0,5.775524550699629e-05,0.9988535642623901
162,127545_6fa39158_10,0.0006313842604868114,0.9950901865959167
163,23788_5c0b60c6_0,4.6984194341348484e-05,0.9753291606903076
164,23792_5b4c1ce0_21,0.00012799132673535496,0.9959613680839539
165,146067_46e58ab3_1,0.0003505016502458602,0.9977762699127197
166,101072_dec6f415_3,4.9612848670221865e-05,0.9772578477859497
167,22829_b6649a29_0,1.4524231119139586e-05,0.7591724395751953
168,55389_a736bd99_0,8.950661140261218e-05,0.9524545669555664
169,30259_d709601c_9,0.0003363336727488786,0.9904186129570007
170,35866_d0233b36_13,2.237173066532705e-05,0.762444794178009
171,34563_52848c45_5,3.296980503364466e-05,0.9866546988487244
172,44519_90af0df6_7,0.00013468516408465803,0.9607107043266296
173,114111_59282658_8,2.495688386261463e-05,0.9914602041244507
174,45922_26941172_15,0.00021602313790936023,0.9963838458061218
175,41303_bd1def52_3,2.415993185422849e-05,0.9938911199569702
176,22053_de30641b_1,1.558656367706135e-05,0.761401891708374
177,22298_51433023_4,0.0002585926849860698,0.9943658709526062
178,23479_81a49137_0,9.042975580086932e-05,0.967149019241333
179,22225_a3ce4d29_37,0.0002909709874074906,0.9959715008735657
180,135669_490cd2d7_14,2.8665846912190318e-05,0.998462438583374
181,32173_8b075b1a_4,0.0001649154000915587,0.9973287582397461
182,145119_24107428_5,0.0003131440025754273,0.9762470126152039
183,41774_88a7a483_36,1.829420762078371e-05,0.9905977249145508
184,133549_1b6c58d6_0,0.00015754047490190715,0.9966470003128052
185,40936_6de8f4f4_0,0.000691229070071131,0.9956879615783691
186,23008_3d1bb7b2_0,0.0002301852364325896,0.9966973066329956
187,38360_ad61c9b2_1,7.576875213999301e-05,0.9507714509963989
188,136109_3d342d3c_2,0.00011105258454335853,0.9955354332923889
189,135790_a27f9deb_11,1.3289901289681438e-05,0.9835193157196045
190,140249_7c1c5bba_0,8.044615969993174e-05,0.902073860168457
191,128996_a3d026d6_0,0.0002387528365943581,0.9510733485221863
192,23235_f9ccb8b0_0,0.0004274599486961961,0.662899374961853
193,93671_f7290ded_0,6.90403685439378e-05,0.959088921546936
194,51109_97b211c3_7,0.0001680211425991729,0.9794648885726929
195,51916_fa226b15_13,1.938424065883737e-05,0.9581159353256226
196,86268_094d3fab_1,6.003297312417999e-05,0.9987995624542236
197,39637_ca6a9a60_1,0.0004412657581269741,0.9454282522201538
198,47219_93cb3619_3,0.0003534885763656348,0.9937738180160522
199,47878_0edb6829_0,7.711219950579107e-05,0.9986286163330078
200,26764_ab35159a_6,0.0003017308481503278,0.9879562258720398
201,34341_d19b12fb_12,1.1342989637341816e-05,0.9875093102455139
202,118342_c702e084_6,8.529787010047585e-05,0.9980515241622925
203,49886_dd68dccb_4,0.00016521249199286103,0.9874908328056335
204,23493_57512264_5,3.155641024932265e-05,0.9005147218704224
205,31751_e37382e1_5,0.000384723098250106,0.9901454448699951
206,24338_848cab42_6,0.0003556424053385854,0.9719028472900391
207,24916_42eacca3_10,7.882138743298128e-05,0.9574151039123535
208,137485_a953e1be_2,6.457849667640403e-05,0.9987087249755859
209,23706_ef15ef9c_18,0.000390801636967808,0.9740769863128662
210,143671_eaf4d13b_6,0.0006091482355259359,0.9907059669494629
211,53470_39f2e9dc_13,0.00016682535351719707,0.7885833382606506
212,145772_59253c6d_3,1.6292702639475465e-05,0.9770420789718628
213,51893_d531e2bd_2,0.0001446123351342976,0.9968513250350952
214,39389_d641313f_8,0.0008590877405367792,0.9672205448150635
215,51595_41f3d1a3_5,4.592488403432071e-05,0.9564006924629211
216,51674_a70c1c6c_15,5.754136145696975e-05,0.7807841897010803
217,37617_3f415463_5,1.6434596545877866e-05,0.9875349402427673
218,31862_a89f21f9_3,8.823224197840318e-05,0.9973779320716858
219,40519_55a097c6_11,0.00024318757641594857,0.9858208298683167
220,111306_9108c940_0,0.0001462839136365801,0.9720056056976318
221,136640_16741d62_4,8.900167449610308e-05,0.9394340515136719
222,23155_d7305c5f_2,0.0005571917863562703,0.9887137413024902
223,43934_912ff891_41,0.00010032718273578212,0.5217432379722595
224,57017_6033d1e5_0,0.00011212908430024981,0.9943549036979675
225,126913_d253adb7_1,0.00012684946705121547,0.949271023273468
226,130752_52d74f2f_48,0.00022420055756811053,0.9848865270614624
227,124177_71283cad_0,7.682624709559605e-05,0.9940758943557739
228,24650_dad8c8ee_18,0.0002094279188895598,0.9946465492248535
229,55199_4d57661f_2,0.0003140654880553484,0.9811980128288269
230,115010_eb737aaf_20,5.333380977390334e-05,0.9989787340164185
231,27855_19c5895a_12,5.3961255616741255e-05,0.9716975092887878
232,52772_a6e6e320_0,1.8090337107423693e-05,0.9757229089736938
233,90917_3d2d21a9_0,0.00045343246893025935,0.9896295070648193
234,40703_5f4e45d4_7,5.7927099987864494e-05,0.9988508820533752
235,132622_911efd2f_1,0.00037791088107042015,0.9943432807922363
236,43441_e1ab0873_6,0.00020428141579031944,0.9967750906944275
237,34917_61633e20_6,0.00016647926531732082,0.9963907599449158
238,67221_275ba7e6_4,0.00017519878747407347,0.9964856505393982
239,130719_e4764a36_10,1.54903009388363e-05,0.9662215709686279
240,136318_130d6a06_20,0.00018956154235638678,0.9827098250389099
241,99636_73c43ebd_10,9.376119123771787e-05,0.9974700808525085
242,29377_3a04cb8d_6,5.683306881110184e-05,0.9917086958885193
243,23018_63087a41_47,0.00014877913054078817,0.9959275722503662
244,26165_100fec74_4,3.4434204280842096e-05,0.8916530609130859
245,135934_d2f6bb2e_46,4.8495869123144075e-05,0.9764583110809326
246,24039_448afafa_5,9.952794789569452e-05,0.9952033162117004
247,32775_a79b406b_14,0.00020887187565676868,0.9733859896659851
248,23686_cba4f679_0,0.00012990055256523192,0.9876805543899536
249,35147_bc9f2c5d_0,0.0002172435779357329,0.9649301171302795
250,136337_1351909b_2,0.0005284647922962904,0.9874476194381714
251,139222_2c10ca9a_1,3.550234032445587e-05,0.996945858001709
252,139379_fe5c3f64_0,3.939917587558739e-05,0.9985474348068237
253,33084_344fec27_2,5.262348713586107e-05,0.9990094304084778
254,24775_d5c98d77_0,3.267745114499121e-06,0.8992664217948914
255,56344_3a89f085_23,9.143877105088905e-05,0.991525411605835
256,135112_cf8007b8_5,0.00023965236323419958,0.9940990805625916
257,50706_20d07d57_2,0.00033275785972364247,0.9968112707138062
258,51744_cd355565_5,0.00017915086937136948,0.9946340918540955
259,51464_da501c24_0,0.00020866734848823398,0.9588714838027954
260,126572_a2d6f794_23,2.9152647584851366e-06,0.8991037011146545
261,70021_e673ae54_2,9.848301488091238e-06,0.9858102202415466
262,25144_31b089b6_5,6.425557512557134e-05,0.9708953499794006
263,24715_55aac5f2_2,6.7966834649269e-06,0.43417680263519287
264,24532_f82f8000_2,5.291582419886254e-05,0.957162618637085
265,30664_a3084f71_1,0.0001426017115591094,0.9403799772262573
266,81145_5c13a8e9_1,7.992303289938718e-05,0.9183666110038757
267,132037_2abb8c63_10,6.345065685309237e-06,0.9708329439163208
268,50414_ac159b58_2,6.627807306358591e-05,0.9975912570953369
269,21601_360ce1c7_7,7.724639726802707e-05,0.9985961318016052
270,22119_27e3ecbe_9,0.0001352340477751568,0.9958064556121826
271,145120_74f7316f_0,0.0004066799592692405,0.9816133975982666
272,74574_c302ff1f_0,2.863963891286403e-05,0.9623839259147644
273,52443_085efc00_4,5.7125733292195946e-05,0.9813342094421387
274,147546_ede0f31c_3,0.0005695404834114015,0.9876838326454163
275,22492_047b125b_21,0.0003103814960923046,0.9927962422370911
276,72313_5a86e234_0,0.00033493837690912187,0.9936018586158752
277,45589_49e3c7ea_2,2.8982813091715798e-05,0.9991260766983032
278,83432_a7f85698_0,5.472339762491174e-05,0.9987708330154419
279,32775_a79b406b_0,2.4049062631092966e-05,0.7684053182601929
280,121703_69c4a5ac_3,8.359011189895682e-06,0.9697127342224121
281,80901_e9080573_6,0.0004235475498717278,0.9834709763526917
282,21809_8bd6b10e_3,0.0002258759195683524,0.9950284957885742
283,49396_98ab955d_15,0.00018690140859689564,0.9821791052818298
284,33766_14917a4a_19,0.00034379123826511204,0.992350697517395
285,26661_ab88a525_8,3.221929364372045e-05,0.9990967512130737
286,44030_17bd5ec9_0,5.320579293766059e-05,0.9345937371253967
287,53221_74fa81cd_7,0.00011630106746451929,0.899467408657074
288,21887_3306168f_7,0.00035602806019596756,0.9645254611968994
289,86185_85fde9e6_0,0.00016286050959024578,0.9751099944114685
290,87951_500b1dcd_2,1.1915542017959524e-05,0.9872443675994873
291,22276_69c5036b_11,0.000281176675343886,0.9926433563232422
292,41721_44151488_5,0.00021415267838165164,0.980170726776123
293,102293_5d04e48d_0,0.00012772167974617332,0.9939401149749756
294,77687_cbb18594_20,1.08247586467769e-05,0.9849845767021179
295,133248_1bab99ae_0,0.0005078680696897209,0.7761210203170776
296,24051_4852a192_2,0.00018864414596464485,0.9935250878334045
297,86806_2993395a_1,3.180660860380158e-05,0.972998321056366
298,38558_b0d6b3f8_1,7.455369632225484e-05,0.9984698295593262
299,140549_7d01813c_0,9.39207457122393e-05,0.9970206618309021
300,24559_3c306e71_1,0.00026358169270679355,0.9594587087631226
301,70350_751de4b0_13,0.00025005798670463264,0.8981402516365051
302,39101_23fec10f_8,0.0002812732709571719,0.9700756669044495
303,24942_9d1b2ff2_8,0.0001769895461620763,0.9979370832443237
304,30850_05d88af9_3,0.0001606579899089411,0.9973284602165222
305,113358_08641c94_4,0.0002425050624879077,0.9924643635749817
306,21234_8b71bd47_27,0.0001288626663153991,0.9533804059028625
307,26245_4aac38e1_21,4.898374027106911e-05,0.8863511085510254
308,66072_d301cc88_0,0.00013093020243104547,0.9433786869049072
309,21894_93f0d052_23,0.00013783310714643449,0.9863858222961426
310,147816_7fb70c2b_2,0.00021283111709635705,0.9776764512062073
311,49120_4131d1e7_1,5.3269755881046876e-05,0.9893350005149841
312,52224_ca16c854_4,0.00017582371947355568,0.9748923778533936
313,105762_19e04e0b_1,3.9939568523550406e-05,0.6847121715545654
314,30400_8824ce97_36,0.00013643682177644223,0.9803479909896851
315,95199_ffcff41e_0,7.922998338472098e-05,0.9188228249549866
316,50417_199cffee_3,1.5142419215408154e-05,0.9882146716117859
317,24544_d06c82dd_5,0.00010114386532222852,0.9983261823654175
318,22604_565b91f5_2,6.277891952777281e-05,0.9973806738853455
319,22788_b6a9e30a_4,1.815526411519386e-05,0.9954631328582764
320,45789_d5126eab_14,0.0001237297838088125,0.9747251868247986
321,37267_b2be4b50_3,2.146855422324734e-06,0.7839771509170532
322,34330_5eff1ee1_3,0.00017641394515521824,0.9794117212295532
323,137999_d934160e_1,6.102397946960991e-06,0.9527946710586548
324,134921_f5efde94_27,2.5111281502177007e-05,0.9769126176834106
325,53470_39f2e9dc_8,2.9078182706143707e-05,0.6737812757492065
326,23497_f292546d_25,0.00042354356264695525,0.9823967814445496
327,22289_4b848f64_2,9.53722556005232e-05,0.9870831966400146
328,31392_84b62622_2,0.0001429995900252834,0.9880822896957397
329,51347_1fc6f329_0,0.0001773215626599267,0.9601655006408691
330,50777_2934de55_6,4.9429829232394695e-05,0.9982365369796753
331,32841_954e8c1a_0,6.017803571012337e-06,0.9937914609909058
332,31530_6744ae73_3,0.00017019835649989545,0.9975018501281738
333,65827_d1469ad6_1,3.963380731875077e-05,0.7033957242965698
334,145461_30637b22_8,1.1377293958503287e-05,0.5452395677566528
335,31973_093ea963_13,4.471162174013443e-05,0.9825941920280457
336,70355_e5f58cd5_14,0.00012564192002173513,0.9877467751502991
337,77687_cbb18594_40,3.6163761251373217e-05,0.8402246236801147
338,24392_fce351ea_0,2.7286254407954402e-05,0.9853718876838684
339,36853_7efccb8c_3,0.0001529976143501699,0.9791179895401001
340,41644_d15f8e2b_5,4.174231071374379e-05,0.7848919034004211
341,131762_9b5e5ff5_2,0.00012753374176099896,0.9922983050346375
342,82193_96ef9433_2,9.972324914997444e-05,0.9984459280967712
343,31347_386f6298_15,0.00034093507565557957,0.9919835329055786
344,34568_fbe47bf9_0,6.451290391851217e-05,0.8153287768363953
345,115624_fe3eb392_3,0.0001688024349277839,0.9961369633674622
346,130446_e7b58dbe_0,0.0002483100979588926,0.9899817109107971
347,104641_2cd02839_33,9.54587994783651e-06,0.9791455864906311
348,31460_39fdfc6a_7,0.00012867026089224964,0.9710380434989929
349,95541_ced8f936_0,9.559753380017355e-05,0.9979396462440491
350,23126_725969ea_17,8.878522203303874e-05,0.990619421005249
351,23676_52069f98_5,5.7248475968663115e-06,0.9784412980079651
352,137637_ed9c537d_0,0.00012290327867958695,0.9696103930473328
353,22474_b10fea1a_2,0.00014839787036180496,0.9964055418968201
354,143017_21d96cc2_10,0.00033032853389158845,0.9523801803588867
355,105270_34f92afd_1,1.9002807675860822e-05,0.9733471274375916
356,95622_0a0787e4_4,0.00010645431757438928,0.9984100461006165
357,55854_13f0399b_0,0.0002682272170204669,0.9942269325256348
358,22118_1e09e0eb_5,0.00020300249161664397,0.9913421273231506
359,146717_3e6a84c1_7,0.000630384252872318,0.9905508756637573
360,63132_330141d7_3,3.6000044929096475e-05,0.9926989674568176
361,115633_fd3c9b97_46,4.305649781599641e-05,0.9113144278526306
362,21644_aa203dc5_29,6.632246368099004e-05,0.9837208986282349
363,79791_00f639ca_15,7.461055065505207e-05,0.9987438917160034
364,60711_42b5a13e_1,0.00020413714810274541,0.9773932099342346
365,137483_cdb8989d_0,9.07086578081362e-05,0.9981061220169067
366,21644_aa203dc5_26,0.00015424519369844347,0.9733787178993225
367,131876_b2384623_0,6.386531458701938e-05,0.9587643146514893
368,23706_ef15ef9c_10,0.00017519333050586283,0.9731982946395874
369,68948_0d2a01cd_9,0.0003217126941308379,0.9909769296646118
370,145137_4e9eef42_1,0.0001116985222324729,0.9775347113609314
371,30426_2cde26de_20,0.00015739545051474124,0.9982089996337891
372,31378_34c52a73_0,7.193318015197292e-05,0.9800301194190979
373,92134_52f13f49_4,4.123446706216782e-05,0.9721711874008179
374,119634_fc722479_1,0.00015821546548977494,0.997823178768158
375,24032_d6172503_24,0.0003315397771075368,0.8611901998519897
376,136401_69f29349_4,1.4405187357624527e-05,0.7764889001846313
377,41871_f9a1ad02_26,0.00018031765648629516,0.9863082766532898
378,48220_87941c4e_116,7.712404476478696e-05,0.9885870218276978
379,115012_9ed88535_2,7.24452911526896e-05,0.971064567565918
380,69488_025cf0a2_1,0.0002447052102070302,0.9983411431312561
381,147427_69f68da4_3,2.457415212120395e-05,0.931889533996582
382,33766_14917a4a_32,0.00017273379489779472,0.9937863945960999
383,51747_3d58eae0_0,0.00014469058078248054,0.980571985244751
384,33785_a4c23f61_0,0.0004912224248982966,0.9981468319892883
385,114935_797875fe_2,0.0004890674026682973,0.9822075963020325
386,51775_49ef614a_26,7.36345009499928e-06,0.9869078993797302
387,38196_ea48fa42_3,2.113256232405547e-05,0.7527850866317749
388,140413_44177109_21,3.610887915783678e-06,0.9339175820350647
389,27676_79237cc5_1,0.0001224109873874113,0.9599536657333374
390,52883_e518d3f4_33,5.570400389842689e-05,0.9989026784896851
391,34347_841c5375_2,2.8120466595282778e-05,0.42824888229370117
392,55289_292737cb_0,9.260225488105789e-05,0.9982221722602844
393,50606_82cb18e2_0,6.520419265143573e-05,0.9974373579025269
394,30407_efa567f2_4,7.228473259601742e-05,0.998257040977478
395,31647_ab9ad9dc_13,0.00012435154349077493,0.9879530072212219
396,24896_58b4730f_17,0.0001868494291556999,0.9651497602462769
397,23602_5daaccf5_4,0.00035751506220549345,0.9750291109085083
398,27725_5cceaeb7_10,2.342071275052149e-05,0.9513429403305054
399,127734_395dcf7d_5,0.0004607039736583829,0.9250863790512085
400,31957_d864f861_3,0.0001404582435498014,0.971376895904541
401,49415_1671b60c_4,0.00019188851001672447,0.8205776214599609
402,45110_fae73324_4,0.00011787098628701642,0.9937097430229187
403,22343_34184fd5_18,0.00010031052806880325,0.6181122064590454
404,22848_cc91b848_38,9.013568273985584e-07,-0.03902137279510498
405,73652_23b21ef2_1,0.00017544184811413288,0.9964721202850342
406,65569_bd890a32_1,1.732956116029527e-05,0.8337778449058533
407,48220_87941c4e_111,0.00011895287752849981,0.9791669249534607
408,30394_e30f932c_0,0.00019205872376915067,0.9890108704566956
409,21941_1a683ec2_26,0.00018155580619350076,0.9924185276031494
410,25564_e646fcb3_1,1.710418837319594e-05,0.9422369599342346
411,134053_87a32e31_3,2.4071294319583103e-05,0.9343178272247314
412,87950_af56e26e_2,0.00013774004764854908,0.9899187684059143
413,51458_54240b70_17,4.476759204408154e-05,0.9505521655082703
414,40688_effe215a_1,0.00019819453882519156,0.9950920939445496
415,131494_c8a441d0_0,5.904792487854138e-05,0.9885016083717346
416,26768_c4df841f_21,0.00014345458475872874,0.8319593667984009
417,136892_2d5f55a9_0,0.00011748348333640024,0.9742372035980225
418,54652_d60ac3e0_10,0.000450105027994141,0.9755803942680359
419,51747_3d58eae0_1,0.00011592958617256954,0.9526084661483765
420,54650_df3655c1_0,1.3609777852252591e-05,0.8509379625320435
421,41125_711db4bf_58,0.00025365626788698137,0.9717850685119629
422,45418_f603706b_2,0.00013620882236864418,0.9655483365058899
423,21852_6cf9a734_18,0.00043356753303669393,0.9962942600250244
424,122515_758d8b70_6,9.121996299654711e-06,-6.532824993133545
425,104081_05ba54fa_2,8.609778160462156e-05,0.9638406038284302
426,41672_cf87e0b6_0,0.00014160452701617032,0.9781449437141418
427,22638_37f9fe91_1,4.785826149600325e-06,0.9858611226081848
428,24559_3c306e71_3,0.00015222790534608066,0.9723502993583679
429,31589_ac31215d_8,7.65447475714609e-05,0.9594948291778564
430,49603_143b8bd2_35,0.0002043751155724749,0.983824610710144
431,127965_c64a91da_0,0.00010978001228068024,0.9715883135795593
432,36062_f2fb6808_1,2.4004217266337946e-05,0.7781529426574707
433,139280_8874b1ab_18,1.972790232684929e-05,0.9810431599617004
434,30997_24dea167_4,0.00023944141867104918,0.9784022569656372
435,143471_eb185912_5,5.545671683648834e-06,0.9432178139686584
436,23176_1bf2a2d5_10,0.0001417673338437453,0.9941388368606567
437,98299_b8146029_5,0.00011011305468855426,0.9904637932777405
438,23466_1cf60d09_4,0.0002580591826699674,0.9927841424942017
439,41591_2d0bd0d5_3,0.0001322184834862128,0.9953520894050598
440,134929_9049dcec_1,2.7298856366542168e-05,0.9853618144989014
441,41785_e8bf0528_0,0.0002643000043462962,0.988483190536499
442,31460_39fdfc6a_6,0.00018274619651492685,0.9960864186286926
443,133710_00be7f31_1,0.00016887238598428667,0.9806230068206787
444,24532_f82f8000_0,9.845236490946263e-05,0.978344202041626
445,21234_8b71bd47_3,1.5395327864098363e-05,0.9766950011253357
446,35175_6edc4126_5,0.0002047684247372672,0.9940663576126099
447,20495_e8e7e80c_1,2.932570168923121e-05,0.9658061265945435
448,76546_c17e95aa_2,4.390210233395919e-05,0.7417600154876709
449,41654_e75f89df_0,0.00012790458276867867,0.9930578470230103
450,109772_f1a0845e_6,8.058120147325099e-05,0.9534386992454529
451,34913_d23e2a24_0,0.00015436220564879477,0.9914239048957825
452,25203_1cc0cb3c_12,0.0002222598559455946,0.9962906837463379
453,37160_2a95674a_4,0.0002577962295617908,0.9831714630126953
454,69240_dc199112_4,0.00025623454712331295,0.9513289928436279
455,25176_d9130589_0,5.366253026295453e-05,0.9929473996162415
456,69235_fe79a369_0,9.694681648397818e-05,0.7822722792625427
457,39468_15fb2e60_9,0.00013439457688946277,0.9805027842521667
458,103284_e25015aa_6,2.2479487597593106e-05,0.8208415508270264
459,30377_e18ea3de_0,2.7323971153236926e-05,0.9778640866279602
460,66080_f578d52b_4,4.82156356156338e-05,0.752185046672821
461,37444_52b27e94_14,9.881507867248729e-05,0.9849509596824646
462,38675_6e07d74b_31,0.0003116819425486028,0.9901377558708191
463,21680_360ba5c7_28,0.00016215878713410348,0.9881852865219116
464,142032_5c32b7db_2,0.00019336468540132046,0.9964393377304077
465,44210_a155c2d1_0,0.00044948465074412525,0.9899942874908447
466,38287_88ec74de_92,7.352245302172378e-05,0.9891459345817566
467,29572_2f9283f2_4,0.00010261074203299358,0.9923564791679382
468,28300_b3a6ab79_10,0.0002282734785694629,0.9921067953109741
469,136129_e6a20c7d_5,1.6028749087126926e-05,0.9754066467285156
470,119381_e4d13609_0,0.0003101215697824955,0.9882667064666748
471,30729_b4d83b07_4,3.387106744412449e-06,0.9304463863372803
472,140413_44177109_11,0.00011646543862298131,0.9945223927497864
473,26384_83eddf22_0,0.00014539698895532638,0.9888989925384521
474,82285_e7a738e7_2,0.00016267673345282674,0.9864500164985657
475,108599_347602af_0,0.00015016872202977538,0.9953301548957825
476,119889_41a6f268_1,4.631306728697382e-05,0.9316529035568237
477,55006_94230c00_1,8.3742561400868e-05,0.9973819255828857
478,21517_bfe35b4c_10,2.794636384351179e-05,0.9871577620506287
479,20818_098cad7c_6,1.6876803783816285e-05,0.9819268584251404
480,41855_b82e6ae8_6,0.0001286032929783687,0.9851337671279907
481,137166_90691294_8,1.7071915863198228e-05,0.9886627197265625
482,69561_f274e705_26,4.72972787974868e-05,0.9977197051048279
483,51579_d0c3e154_0,0.00014988557086326182,0.9936575889587402
484,23676_52069f98_4,0.00017898419173434377,0.9943641424179077
485,31962_e5291336_1,0.00016873002459760755,0.9950078129768372
486,57222_33b428d7_1,2.803138158924412e-05,0.9791896343231201
487,51586_2ad96f8c_17,4.306056780478684e-06,0.9482061266899109
488,41473_c2137170_32,0.00014662709145341069,0.97714763879776
489,31123_9a1bfc50_2,6.381365528795868e-05,0.9951810240745544
490,23211_3aac9c7e_0,9.400458657182753e-05,0.982386589050293
491,45798_b573e9da_5,0.00032718514557927847,0.9831340909004211
492,27847_d2436f7c_37,1.2774047718266957e-05,0.9852356314659119
493,54736_6ee1b513_1,4.8234829591820017e-05,0.9583273530006409
494,132901_7d205bb4_9,7.736160478089005e-05,0.48707854747772217
495,73762_8c704690_0,8.725473162485287e-05,0.9882336854934692
496,23209_1592b0a4_1,6.480289448518306e-05,0.9955059289932251
497,49024_b7f02205_2,1.5202855138340965e-05,0.9614558219909668
498,147630_7f858240_15,9.90949702099897e-05,0.9825416207313538
499,69337_2c778611_11,4.227981116855517e-05,0.9751129746437073
500,82498_92a00cd6_1,0.00010682184802135453,0.9669021368026733
501,78775_e2d8b091_1,0.00016022584168240428,0.9782678484916687
502,40067_95ae6c76_9,0.0001509684807388112,0.9838269948959351
503,80756_6f2e842f_0,9.23582847462967e-05,0.9812080264091492
504,25284_1da7aa8a_0,0.0001236027746926993,0.9755414128303528
505,55605_2f8bc12e_62,0.00012660271022468805,0.9956701397895813
506,39792_60786b6c_15,0.0002469924802426249,0.99504154920578
507,34063_0ca1585e_2,0.00016033294377848506,0.8960739374160767
508,31664_1e85c690_13,0.00013147320714779198,0.9962407946586609
509,131193_98f3ac52_1,7.369946251856163e-05,0.9670366048812866
510,120221_e2eaa34b_2,0.00027279567439109087,0.90639328956604
511,130286_1f71bfed_3,0.00017594681412447244,0.9475836157798767
512,118342_e8142153_21,5.504445289261639e-05,0.9796581864356995
513,128043_9f8cd69e_1,1.33222511067288e-05,0.9816464781761169
514,41504_85e300ee_1,6.867019692435861e-06,0.9704307913780212
515,78863_d59be42e_0,0.0002192128449678421,0.97364741563797
516,31733_5118b376_3,0.0004720612778328359,0.9966313242912292
517,22208_e177deb7_5,0.00019353376410435885,0.9537649750709534
518,24026_1dd4094b_43,8.24948656372726e-05,0.9278522729873657
519,73388_10a40b49_1,0.00019857929146382958,0.9883099794387817
520,138219_cdff4f61_0,9.78916505118832e-05,0.9353954195976257
521,49399_dc56d180_1,4.658228499465622e-05,0.9991288185119629
522,41306_8f26e703_3,5.129503915668465e-05,0.9823204874992371
523,51590_034b8b08_14,0.00013643319834955037,0.9976927638053894
524,48402_8c965495_4,1.0366044080001302e-05,0.9850885272026062
525,26388_a3367cba_0,0.00010446371015859768,0.9869787096977234
526,28300_b3a6ab79_6,0.00014624002506025136,0.9951072931289673
527,43938_418421a7_0,9.414267697138712e-05,0.9573251008987427
528,41520_60018d18_0,7.411152637359919e-06,0.9466389417648315
529,137869_344b239b_0,2.48747892328538e-05,0.9414876699447632
530,41648_577daf16_0,0.0005122795118950307,0.9780714511871338
531,31347_386f6298_10,5.952249193796888e-05,0.9988735318183899
532,82190_24b1b0fe_12,0.00036320395884104073,0.9363923072814941
533,33741_4a973932_1,0.00018475325487088412,0.9693695902824402
534,42005_3da46d94_0,5.312149733072147e-05,-0.1894841194152832
535,132982_ee1eed2f_0,0.0001761402963893488,0.9924783110618591
536,23898_6e740393_29,4.631277988664806e-05,0.9087430834770203
537,105831_88a0fb85_6,6.185992970131338e-05,0.998650848865509
538,31278_749a6317_0,2.4693372324691154e-05,0.9851673245429993
539,51586_2ad96f8c_4,5.233291449258104e-05,0.9761069416999817
540,57000_cd1ddece_14,5.5337444791803136e-05,0.9774443507194519
541,50692_e7ff2668_8,0.00019774751854129136,0.9929667711257935
542,65346_e89312e5_0,1.7964428479899652e-05,0.972851037979126
543,38840_0e449caf_4,6.479086732724681e-05,0.9832672476768494
544,29573_ca59fbbf_5,0.00023929931921884418,0.9975875020027161
545,30164_c5680724_12,9.7011259640567e-05,0.9948804378509521
546,138620_e21e10ee_0,1.2765927749569528e-05,0.989120602607727
547,50305_caf9cef2_34,0.0001713780511636287,0.7034618854522705
548,83396_fdb2987a_0,0.00022635560890194029,0.9918395280838013
549,28379_7e292343_4,0.00037117727333679795,0.9918217062950134
550,33529_756075a0_32,0.0002588652423582971,0.9807642698287964
551,109857_1d24326e_42,1.6678326346664107e-06,0.9168859720230103
552,22772_2b5f6629_6,7.747979543637484e-05,0.9987285137176514
553,34600_e2685d46_2,6.418724660761654e-05,0.9976544976234436
554,122344_ab1b06aa_2,0.0003053491236642003,0.9944798946380615
555,123573_5f5c9584_1,7.922596705611795e-05,0.936081051826477
556,35166_562b126c_20,2.5404335247003473e-05,0.9990166425704956
557,51350_138f893a_1,5.585833605437074e-06,0.9464235305786133
558,137785_67c3085b_16,0.00020247929205652326,0.9950172901153564
559,50417_199cffee_12,0.00026506793801672757,0.9871944785118103
560,22194_a5c323b9_3,0.0001297523849643767,0.9788312315940857
561,42329_df7f540f_18,0.00012342803529463708,0.9871261715888977
562,41779_25e4203d_6,8.590766083216295e-05,0.8691182732582092
563,51094_40aa8332_20,0.00024830290931276977,0.9906808137893677
564,109762_cb162371_38,0.00010378051229054108,0.994536817073822
565,45922_26941172_9,0.00010808775550685823,0.9813908934593201
566,34587_ed155e93_0,3.8443467929027975e-05,0.9988954663276672
567,69589_a468c1b4_0,0.00019124271057080477,0.9959620237350464
568,44921_00dfb467_0,5.947646786808036e-05,0.9854924082756042
569,82672_4705a693_0,7.666856254218146e-05,0.9658434391021729
570,26778_a71e88a6_0,7.055795322230551e-06,0.9809806942939758
571,69488_7bfb2b67_0,3.164950612699613e-05,0.9991205334663391
572,22686_afe3a61e_0,3.90858986065723e-05,0.7585184574127197
573,109772_5faa88e8_5,8.80143852555193e-05,0.9397950768470764
574,43938_418421a7_147,0.00018571598047856241,0.974486768245697
575,141694_b5ac3112_3,0.00011840339720947668,0.954364001750946
576,31973_093ea963_16,5.040633550379425e-05,0.9683523774147034
577,26858_e90dc419_25,4.7496728257101495e-06,0.9725139737129211
578,131350_bbdad30d_0,5.5314980272669345e-05,0.968461275100708
579,35741_c43475b8_1,0.00011232034012209624,0.9608566164970398
580,30690_3df2c9e2_1,0.00031099753687158227,0.9734845161437988
581,122758_5f4efbf0_2,5.082919233245775e-05,0.9966557025909424
582,37822_3be11c62_0,3.029228355444502e-05,0.9871200323104858
583,91174_ee6ee92b_1,6.519769522128627e-05,0.9847249388694763
584,23676_52069f98_31,0.00022905576042830944,0.9976926445960999
585,27958_fee329eb_1,0.00011823998647741973,0.9679263234138489
586,144534_3b4fdb09_18,0.00021577597362920642,0.9397071003913879
587,30292_0b5e0265_1,0.00036192662082612514,0.9950730800628662
588,111062_e59e2d31_0,0.00047578365774825215,0.9945930242538452
589,135790_a27f9deb_77,4.912190343020484e-05,0.9904322624206543
590,65842_de75838b_10,6.414730887627229e-05,0.9865807294845581
591,22475_9d9601a8_3,2.9921049645054154e-05,0.8331920504570007
592,119884_192e3265_0,0.00020190319628454745,0.969866156578064
593,51463_3330e3aa_2,0.00036008190363645554,0.962634801864624
594,23231_efe613bb_4,0.00019121007062494755,0.9902065992355347
595,22895_4533b542_2,7.938929047668353e-05,0.9878060221672058
596,146219_5661130f_4,7.45919969631359e-05,0.9983811974525452
597,38953_19054857_19,0.00015200491179712117,0.8649154901504517
598,21847_b2de7eb8_24,0.00039087430923245847,0.9735110998153687
599,51603_034939eb_12,4.386730870464817e-05,0.9729604721069336
600,24843_5231632c_4,2.221829527115915e-05,0.9861770868301392
601,41982_f75ceb8f_4,1.894100205390714e-05,0.8559128046035767
602,42937_c573c439_2,3.4138065529987216e-05,0.8564998507499695
603,61288_2d594195_0,0.0001714149402687326,0.7182098627090454
604,55006_94230c00_0,0.00010561392991803586,0.894823431968689
605,49898_f42a885e_5,0.0001562538673169911,0.9965943098068237
606,55709_af3825c8_4,0.00016232872440014035,0.9947165846824646
607,144117_83c980ca_2,2.420894270471763e-05,0.9157261848449707
608,40417_b8d98f73_7,1.764129046932794e-05,0.9882609248161316
609,53200_d1e30b87_11,3.264065526309423e-05,0.9642099142074585
610,147009_977ee378_4,4.226637884130469e-06,0.9626742601394653
611,63056_a5dfd66b_4,4.0213555621448904e-05,0.9273414611816406
612,22205_f48b96b3_10,0.00011087435996159911,0.9747509360313416
613,51585_b695905b_4,7.440496847266331e-05,0.9983525276184082
614,24084_71f37c00_1,0.00011142218863824382,0.977638304233551
615,25815_0e853ad9_10,7.555858610430732e-05,0.9952751398086548
616,55030_11a6e3e8_3,0.0007072850130498409,0.993608832359314
617,23042_1184de03_5,0.0001185429937322624,0.996550440788269
618,39719_e9629dbd_4,1.5083027392392978e-05,0.834097683429718
619,51256_ed221095_2,2.4955192202469334e-05,0.9721222519874573
620,25810_93c8a71a_3,0.00010645010479493067,0.9959301352500916
621,22208_e177deb7_1,0.00024373497581109405,0.9829451441764832
622,115624_d0acb46b_22,0.00011356851609889418,0.998212456703186
623,30708_4282508b_0,5.653066182276234e-06,0.9125022292137146
624,31117_cd5cdbdb_12,4.0660826925886795e-05,0.9824457168579102
625,41733_1ec9b00c_32,9.325613063992932e-06,0.9724703431129456
626,111387_c4243097_2,8.271148544736207e-06,0.9887661337852478
627,119869_e8f0dd81_19,1.6592251995461993e-05,0.9875130653381348
628,34569_590239d6_0,0.00022866437211632729,0.9895037412643433
629,136318_130d6a06_23,1.2972331205673981e-05,0.9838521480560303
630,145132_7aea3b66_4,0.00014155710232444108,0.998147189617157
631,41878_3aeaed3d_0,0.00034948234679177403,0.9431681036949158
632,34583_a1cf326b_0,4.751773667521775e-05,0.999130368232727
633,116581_d405b783_0,0.00024096918059512973,0.9967260360717773
634,24044_9bbe7992_3,3.703774564201012e-05,0.9537727236747742
635,22194_a5c323b9_2,0.0003945106000173837,0.9644455313682556
636,142076_08d80e12_21,1.0744520295702387e-05,0.9524624347686768
637,55817_6ac2912d_7,3.9463389839511365e-05,0.5744407176971436
638,21165_5cb2d287_2,5.0978828767256346e-06,0.9892579913139343
639,39796_45dcdc7d_0,0.0004667243920266628,0.9939470291137695
640,33044_7fdd9213_1,0.00027836376102641225,0.9926234483718872
641,23731_3fe5b501_6,1.3225595466792583e-05,0.9796700477600098
642,32743_f4c47bbc_31,0.00010260176350129768,0.9904625415802002
643,108775_4908fba2_21,6.412302900571376e-05,0.9943015575408936
644,21941_1a683ec2_19,0.0001536248018965125,0.9886616468429565
645,27682_04277f62_18,0.0001849759864853695,0.9915052056312561
646,25815_0e853ad9_4,7.368317892542109e-05,0.9952452182769775
647,30261_723e95cf_2,9.687159035820514e-05,0.995917022228241
648,21385_601444ba_102,0.00016559407231397927,0.9922107458114624
649,30368_d7fd30ce_7,8.331548451678827e-05,0.9685794711112976
650,55605_2f8bc12e_3,9.832208161242306e-05,0.983949601650238
651,24650_dad8c8ee_15,2.7872158625541488e-06,0.913040280342102
652,34227_48203345_7,0.00010858038149308413,0.9969728589057922
653,113348_ac85cba3_1,0.00014857696078252047,0.9840442538261414
654,26552_25c5924a_1,4.398559394758195e-05,0.9831567406654358
655,55381_cbaffe9b_0,2.6316069124732167e-05,0.9927150011062622
656,55817_6ac2912d_25,0.00014904463023412973,0.9960390329360962
657,138947_0778db40_4,3.271448440500535e-05,0.9872065782546997
658,52788_07f7da63_0,3.454667967162095e-05,0.9914242625236511
659,70355_e5f58cd5_6,8.980368875199929e-06,0.984876811504364
660,51744_cd355565_8,0.00022147448908071965,0.9545932412147522
661,41227_90e1c07c_16,0.00023859215434640646,0.9939916133880615
662,45359_1768ab3f_42,0.00031966890674084425,0.9662631154060364
663,41783_d1c10326_3,2.197400499426294e-05,0.9293100833892822
664,32960_0eaa1de8_13,1.3278278856887482e-05,0.04141348600387573
665,34674_32ee1595_3,0.00020708967349492013,0.9929760694503784
666,136885_23632908_1,8.9861816377379e-05,0.9679310321807861
667,136808_00592735_3,3.5193428630009294e-05,0.992343544960022
668,45589_49e3c7ea_5,5.022258119424805e-05,0.9989660978317261
669,141665_0564e852_3,0.00011101740528829396,0.9734897017478943
670,50897_3be92e2f_18,4.00074350181967e-05,0.9990656971931458
671,84256_4164b724_3,2.584214053058531e-05,0.9752050042152405
672,22994_e6ad8f2b_10,0.00038224837044253945,0.9858133792877197
673,28295_0dc908b9_8,4.9411479267291725e-05,0.9845225811004639
674,23329_6939d5d9_5,5.295861774357036e-05,0.941251814365387
675,123665_0a0da5c7_3,4.136435109103331e-06,0.9677097797393799
676,121172_0ac63503_7,0.00016288107144646347,0.9691555500030518
677,50941_2a8a8c76_0,6.378371472237632e-05,0.9987351298332214
678,37846_cde34fcd_66,0.00015246660041157156,0.974410891532898
679,56040_9b1307eb_21,0.00026031225570477545,0.9594549536705017
680,146535_229c95bc_1,2.3563738068332896e-05,0.8920345306396484
681,50947_49287c16_2,0.00024451225181110203,0.9960033893585205
682,95622_0a0787e4_5,2.9377633836702444e-05,0.9841010570526123
683,25432_f13e5110_0,7.446901145158336e-05,0.997654914855957
684,32454_e959e3cf_0,0.00021068999194540083,0.9940705895423889
685,65858_61e9b51a_18,0.0002075604279525578,0.9526494741439819
686,70350_751de4b0_3,0.0006013789679855108,0.9168620705604553
687,129239_0d49310c_15,3.804649895755574e-05,0.9854989647865295
688,31008_8fa25b35_8,6.695837510051206e-05,0.9858612418174744
689,55306_795d845b_2,9.248195055988617e-06,0.9412215948104858
690,29729_e8bb36f1_2,0.00011378597264410928,0.8659136295318604
691,67283_4097cbd6_5,8.032310870476067e-05,0.31704914569854736
692,23904_811e466f_4,1.680953755567316e-05,0.985897421836853
693,116076_12d31fb7_1,7.629777974216267e-05,0.9885185956954956
694,45302_02d7e3bc_0,0.0001528697757748887,0.961550235748291
695,60977_4bb093ec_1,0.0001498857600381598,0.9933210611343384
696,49017_76979790_8,0.00016858725575730205,0.9680460691452026
697,146321_0dbae658_10,1.5202117538137827e-06,0.846805989742279
698,102194_150e3faf_3,2.8849690352217294e-05,0.9991164207458496
699,34769_44655d03_5,4.2375573684694245e-05,0.9526167511940002
700,38953_19054857_6,0.00015678965428378433,0.8712984323501587
701,55397_ad24603f_1,1.2564743883558549e-05,0.9869579672813416
702,21908_385686ec_15,0.00016679914551787078,0.9919487237930298
703,60721_57103153_4,8.458933007204905e-05,0.864571213722229
704,98701_7cd4ec8d_0,0.0003210675495211035,0.9941681623458862
705,91703_642cdf1a_1,9.349390893476084e-05,0.9982413649559021
706,26661_ab88a525_5,3.957307126256637e-05,0.9900175929069519
707,51940_67bb0219_21,4.556361091090366e-05,0.9029013514518738
708,22543_684108ff_22,1.7553626094013453e-05,0.9825568795204163
709,145250_cde4d039_8,2.1270503566483967e-05,0.9760534167289734
710,20232_e5b060d9_6,7.360995368799195e-06,0.986637532711029
711,128043_d4650350_0,0.00019894581055268645,0.997328519821167
712,140530_30edf2c4_0,0.00012585506192408502,0.8937861323356628
713,131814_9af6d05a_0,0.00014526410086546093,0.9781568050384521
714,26245_4aac38e1_9,6.385507003869861e-05,0.9733254313468933
715,30282_88c6933c_14,0.00019281158165540546,0.9926022887229919
716,32322_71d0035e_1,8.383686508750543e-05,0.9956984519958496
717,131762_d10609a4_1,0.00014537194510921836,0.9934335350990295
718,54812_5f7b7aba_2,3.736453800229356e-05,0.9835966229438782
719,135830_8fb36dac_4,0.00034044633503071964,0.9849254488945007
720,139280_8874b1ab_4,6.7112414399161935e-06,0.9855842590332031
721,49904_639055dd_1,4.5506778405979276e-05,0.9947841167449951
722,53601_59d3ecd2_0,0.0002782745868898928,0.9885915517807007
723,50047_54241fe3_12,6.593781290575862e-05,0.9948961138725281
724,136925_70fb0381_3,0.0001396635198034346,0.9914532899856567
725,87488_95f678ce_0,0.0002076848759315908,0.9954149127006531
726,137166_90691294_2,1.833232818171382e-05,0.9878097772598267
727,44030_17bd5ec9_11,8.578073902754113e-06,0.9864073991775513
728,137396_b5f6bec4_5,4.4685326429316774e-05,0.9986578822135925
729,21900_760d2078_10,0.0002705500810407102,0.9960809350013733
730,21185_ac5324ba_5,0.0002775200118776411,0.9913447499275208
731,31132_2320d049_4,7.211865158751607e-05,0.9986881613731384
732,82281_80cdf67c_4,8.405912012676708e-06,0.9787940979003906
733,38287_88ec74de_15,5.375024920795113e-05,0.9989590644836426
734,136128_831e37a6_0,0.00010245954763377085,0.9886016249656677
735,21330_f0cee934_18,5.777783735538833e-05,0.9620761871337891
736,34109_5a868eae_10,0.00010290212230756879,0.9901617169380188
737,21174_861bd902_2,0.00010766740160761401,0.9906160831451416
738,49783_365bec9e_6,0.00016187934670597315,0.9951438307762146
739,24429_ace910b3_8,2.07126959139714e-06,0.8787813782691956
740,22772_2b5f6629_4,0.00025948791881091893,0.9336547255516052
741,53927_ef5208b9_14,0.00040948030073195696,0.9829404950141907
742,56250_3b6024e3_54,0.00017009313160087913,0.9962828755378723
743,23522_5c2ec58e_8,0.0004115752235520631,0.9870312213897705
744,121177_93fb3127_10,7.358074981311802e-06,0.9866472482681274
745,138840_b7f948ea_2,0.0001356304856017232,0.98619544506073
746,41125_711db4bf_6,0.00030225381487980485,0.9928510785102844
747,102606_28922dfc_0,2.6344672733102925e-05,0.7229993939399719
748,31530_6744ae73_50,0.00026510425959713757,0.995270311832428
749,50598_eae0df5a_1,6.716068583045853e-06,0.9877195358276367
750,145726_19ccdbda_12,6.661700899712741e-05,0.9786372780799866
751,41469_b94cf3e4_0,0.00020609918283298612,0.9577557444572449
752,147009_977ee378_1,0.00011909037857549265,0.9885531067848206
753,24267_8a216138_10,0.00012921953748445958,0.9895092248916626
754,63071_3d434a33_16,5.807058187201619e-05,0.9969016909599304
755,34436_ffc43a58_4,3.1771112844580784e-05,0.9725924730300903
756,50692_e7ff2668_4,0.00010917594045167789,0.9562541246414185
757,146642_883a71d2_9,0.00026773809804581106,0.9957718253135681
758,109772_f1a0845e_7,0.0001810123649192974,0.9957759976387024
759,136640_16741d62_1,9.179027256323025e-05,0.9766947627067566
760,21680_360ba5c7_11,7.791522511979565e-05,0.9683442115783691
761,27729_09d75da1_2,0.00021914385433774441,0.9937577247619629
762,82148_5df06ed9_19,0.00047617347445338964,0.9669229984283447
763,55287_8a57a3db_1,0.00020760712504852563,0.9872282147407532
764,53221_74fa81cd_5,6.729236338287592e-05,0.9677283763885498
765,30417_0010bc7c_39,0.0002721351629588753,0.9787574410438538
766,23706_ef15ef9c_40,2.7911190045415424e-05,0.996016263961792
767,140763_e14274f8_3,2.395801857346669e-05,0.9818629622459412
768,23602_5daaccf5_3,3.588873005355708e-05,0.9941821098327637
769,30282_88c6933c_9,0.00016841839533299208,0.9894055128097534
770,56824_0fc773f6_0,0.0002136353141395375,0.987821102142334
771,42410_d3b5588e_1,6.277612556004897e-05,0.9904620051383972
772,55055_dd27a8a4_0,4.748681385535747e-05,0.99913090467453
773,115633_a2c63339_6,8.01599962869659e-05,0.9112583994865417
774,73651_a41647f8_5,6.798264166718582e-06,0.973646879196167
775,33413_060ce192_32,0.00016345658514183015,0.987443208694458
776,97331_a482fa9b_0,0.0003153510333504528,0.9333599209785461
777,23476_705b76d1_0,2.6469930162420496e-05,0.9989646673202515
778,32566_7bfc936b_6,0.0007181292166933417,0.993212878704071
779,41717_eb1c1e6b_0,0.00022543981322087348,0.981934130191803
780,60720_ef9a0a95_8,0.0001395708241034299,0.7016916275024414
781,138700_ab763a46_202,1.0401702184026362e-06,0.42597323656082153
782,38287_88ec74de_17,0.00015340540267061442,0.9747709631919861
783,135535_0bd0048d_0,0.0003032579552382231,0.9954325556755066
784,21797_69df08d5_7,0.0004620710969902575,0.9963211417198181
785,65350_b3fa8f4f_47,0.00020692583348136395,0.9990476369857788
786,41714_1d49f4d1_3,0.00015333984629251063,0.9828658103942871
787,66012_a13e1644_1,7.114831532817334e-05,0.969828188419342
788,22652_564979ff_11,0.0003215899341739714,0.7609471082687378
789,25127_ecba81df_23,0.00017645694606471807,0.884841799736023
790,47548_db93c988_4,1.4773416296520736e-05,0.9638590812683105
791,55927_f8b31711_5,0.00022724279551766813,0.9878460764884949
792,31647_ab9ad9dc_2,0.00017184059834107757,0.9767725467681885
793,41128_ee74f244_8,0.00031864401535131037,0.9127914905548096
794,20959_d4905d19_4,2.1225241653155535e-05,0.9947925806045532
795,52009_a2b75078_3,0.0003472443204373121,0.9965027570724487
796,22201_473a3a65_16,0.00023362520732916892,0.9683507084846497
797,29442_365e23df_30,0.00016002960910554975,0.9954737424850464
798,51859_6b2fd0f1_8,5.6936736655188724e-05,0.9980555772781372
799,140413_44177109_15,6.076562567614019e-05,0.9461012482643127
800,21822_7d3db422_11,0.00019119944772683084,0.994687020778656
801,24168_a0ede173_100,1.7183609088533558e-05,0.987598717212677
802,145532_c2304f89_1,0.00013824649795424193,0.9806410074234009
803,104641_2cd02839_13,9.188478543364909e-06,0.9643861055374146
804,23679_81ef9e37_2,0.00011459374218247831,0.9726962447166443
805,95271_de3df8d5_2,6.755088179488666e-06,0.967474639415741
806,41401_e4117da2_0,1.1608311069721822e-05,0.7470604181289673
807,48006_babdf4af_9,0.00013468562974594533,0.9984403252601624
808,142246_0851be5e_32,0.00025944889057427645,0.9956945776939392
809,33615_7bab1106_4,0.0001381002803100273,0.9908618927001953
810,31117_cd5cdbdb_18,0.00012090103700757027,0.9981699585914612
811,34914_8911676d_0,9.762038826011121e-05,0.9919521808624268
812,55501_a09e4ced_2,2.6154748411499895e-06,0.9017543792724609
813,41128_ee74f244_9,6.275969644775614e-05,0.9792249202728271
814,142246_0851be5e_22,0.0002668798842933029,0.9515964388847351
815,22413_901f5867_0,4.025938324048184e-06,0.9878154397010803
816,56490_0a0fba77_0,5.370040889829397e-05,0.9847685098648071
817,93676_4f934980_1,9.056585986400023e-05,0.7992256283760071
818,146642_883a71d2_96,0.0001614897628314793,0.9823736548423767
819,24032_d6172503_3,7.178275700425729e-05,0.9878309965133667
820,44221_25c62f03_1,4.9716196372173727e-05,0.999079167842865
821,50315_0f1419bf_33,0.00022304059530142695,0.9783517122268677
822,133389_0938a905_2,8.505109144607559e-05,0.9784145951271057
823,24824_cf51e5b6_4,0.00013626925647258759,0.9744367599487305
824,33970_32f36442_3,7.050607382552698e-05,0.9978013038635254
825,29359_bbfab271_2,0.00010934223246295005,0.9807510375976562
826,23172_4ab01e83_0,0.00010358178406022489,0.9974826574325562
827,98511_1b46a85e_45,0.0001429695839760825,0.9959818720817566
828,98511_1b46a85e_46,0.00014179068966768682,0.995831310749054
829,34248_cc11976c_0,0.0002131061046384275,0.9921261668205261
830,104003_46555fb2_0,6.308993033599108e-05,0.8597047328948975
831,34520_035b5e9a_8,4.9801557906903327e-05,0.9828840494155884
832,38397_93d5d7de_12,0.00023902059183456004,0.9966884851455688
833,130023_93b3ca95_1,0.0001762310421327129,0.937970757484436
834,83213_47c49876_1,4.553237522486597e-05,0.9947813153266907
835,43928_6ca53538_63,0.0003379104600753635,0.9921419620513916
836,82779_b7b722e3_9,0.0001952955062733963,0.9766753315925598
837,134967_0f27ef51_1,3.3460441045463085e-05,0.9749670624732971
838,86024_714b24f4_1,2.668321758392267e-05,0.9989546537399292
839,40807_58058731_11,9.164152288576588e-05,0.9861790537834167
840,26750_cd3cb3ff_0,0.00021942777675576508,0.9961937069892883
841,126913_d253adb7_2,0.0001634769287193194,0.9677446484565735
842,24268_2804c9ff_13,0.00019067690300289541,0.9950403571128845
843,45542_320c16fd_3,6.948356167413294e-05,0.9986186027526855
844,22342_274ed8a6_1,0.00014665533672086895,0.9682382941246033
845,133385_e6aa64d8_17,1.6102405425044708e-05,0.935450553894043
846,143509_1dd5212d_3,0.0001788920781109482,0.9947237968444824
847,47989_3ff0f41d_0,0.00037901924224570394,0.9892176389694214
848,21822_7d3db422_14,0.0003996916057076305,0.9942283630371094
849,21517_bfe35b4c_12,8.773067384026945e-05,0.8468551635742188
850,52883_e518d3f4_10,4.93091247335542e-05,0.9919944405555725
851,41871_f9a1ad02_14,0.00025654875207692385,0.9743348360061646
852,37016_455093c1_2,2.7291858714306727e-05,0.985369086265564
853,31117_cd5cdbdb_78,0.0001707721530692652,0.9986757040023804
854,129239_0d49310c_22,1.2598746252479032e-05,0.9634203910827637
855,30400_8824ce97_6,0.0003440963919274509,0.9928054809570312
856,53233_8dbca22c_8,0.0002687055675778538,0.9811517596244812
857,40514_bb61631d_25,0.00010396356810815632,0.976999819278717
858,24053_53349e4d_2,4.9144073273055255e-05,0.9367533326148987
859,41917_f0c40fa1_16,0.00011717477900674567,0.9972280263900757
860,22543_684108ff_5,0.0005140972789376974,0.9796187281608582
861,138636_c1153075_0,2.3321004846366122e-05,0.979182779788971
862,24448_75004b6c_6,8.947017340688035e-05,0.9971514344215393
863,24831_bbd3e098_8,1.014763256534934e-05,0.9900562763214111
864,53221_74fa81cd_3,6.319589738268405e-05,0.9829164743423462
865,76879_65a30a82_4,4.455861198948696e-05,0.927158772945404
866,108773_f9384cff_10,5.594066351477522e-06,0.9409621357917786
867,33671_0e9c6ca3_5,3.744260175153613e-05,0.9970261454582214
868,93103_fdb9fcb7_15,9.505318303126842e-05,0.9948710203170776
869,137675_d2bd633e_0,0.0001386716030538082,0.9131510257720947
870,21893_0500d043_32,0.00026898589567281306,0.8241463303565979
871,22110_0bc70e9f_1,9.242910891771317e-05,0.9431971907615662
872,43152_b5472481_1,3.3113828976638615e-05,0.9875650405883789
873,115717_40314bc2_1,0.00014724890934303403,0.9871341586112976
874,102943_ca9e7968_0,1.8012624423136003e-05,0.9754900336265564
875,136401_69f29349_0,0.00022227650333661586,0.8525617122650146
876,28542_3c922564_0,9.993484854931012e-05,0.9635584950447083
877,24267_8a216138_6,0.00023425511608365923,0.9871529936790466
878,84374_272a9731_7,0.0003113581333309412,0.9589488506317139
879,23531_1ecc8346_18,0.000482135103084147,0.9952971339225769
880,41871_f9a1ad02_30,0.00036123840254731476,0.9890512228012085
881,132461_14abd2d0_0,3.943673618778121e-06,0.889903724193573
882,37617_3f415463_2,8.433124094153754e-06,0.9862196445465088
883,41696_de0790a1_1,7.913775334600359e-05,0.9982426762580872
884,54657_2a66e0de_20,0.00010707197361625731,0.990168035030365
885,24425_0dc4b306_0,0.00011288576206425205,0.9889446496963501
886,146667_fe438b5b_0,4.249103949405253e-05,0.9983839988708496
887,23048_8a1a5553_8,1.5061715203046333e-05,0.5947437882423401
888,51871_86ebf5b2_17,0.00010504420060897246,0.98076993227005
889,30664_a3084f71_6,0.00024415418738499284,0.9850184321403503
890,139801_97e2ca6a_5,7.439610635628924e-05,0.9847679734230042
891,22278_12f1fb79_13,0.00022183996043168008,0.9855678081512451
892,22776_facf9bcf_8,0.00027831780607812107,0.9905271530151367
893,40500_6055e3d7_15,0.0031455119606107473,0.9686275720596313
894,35740_5322d674_13,2.6508007067604922e-05,0.9838734269142151
895,39792_60786b6c_12,0.00014972197823226452,0.9945645332336426
896,115524_4a411f7e_0,8.688260277267545e-05,0.9802634119987488
897,24131_3ea7d5a8_17,0.00022559266653843224,0.9891183972358704
898,100326_0602c712_2,0.00031156622571870685,0.9901033639907837
899,34571_25c64838_2,0.0002509400947019458,0.9851271510124207
900,143534_4f65fd1a_0,8.916423394111916e-05,0.9698542952537537
901,101446_95204330_1,3.840496719931252e-05,0.9756537079811096
902,41749_14d0599c_10,1.6945845345617272e-05,0.9505438804626465
903,55715_525d1d3e_12,5.725933442590758e-05,0.8301582932472229
904,45307_b9b4bca0_30,0.00021558860316872597,0.9984559416770935
905,22654_4c426b0f_0,0.00019641472317744046,0.9754040241241455
906,22670_9353c710_4,8.246841025538743e-05,0.9747101664543152
907,99445_94c22a37_11,0.0001472002622904256,0.9978129267692566
908,132811_57264a28_4,0.00010468008258612826,0.9914480447769165
909,23258_87a2ba81_3,1.2861181858170312e-05,0.9796704053878784
910,50777_2934de55_22,0.0001298215356655419,0.9953916072845459
911,98418_4185a7fb_0,0.00013021298218518496,0.9968454241752625
912,43441_e1ab0873_2,1.3984689758217428e-05,0.8305413126945496
913,24271_dbc0fd2d_12,6.447786290664226e-05,0.985807478427887
914,38944_0d0c3fce_0,0.000146990452776663,0.9990477561950684
915,40624_e1c5c424_11,5.077053629065631e-06,0.8721292614936829
916,100028_0c3a8f1c_13,0.00016305205645039678,0.9979026913642883
917,40491_ac67bf4c_13,8.564818563172594e-05,0.9983934164047241
918,25416_1deb9c75_0,0.0001454341982025653,0.9748250246047974
919,21657_2651585a_6,8.57111081131734e-05,0.9954569935798645
920,21986_67c5509a_15,9.657953341957182e-05,0.9880170226097107
921,32288_34013274_2,0.00022284600709099323,0.9622814655303955
922,55373_ddd74d2f_0,0.00038503092946484685,0.9502722024917603
923,26245_4aac38e1_0,8.035710925469175e-05,0.9953956604003906
924,33044_7fdd9213_0,5.523270374396816e-05,0.9901382923126221
925,31530_6744ae73_48,0.00019697081006597728,0.9980972409248352
926,25555_fd3d9a3c_1,1.7708816812955774e-05,0.9751378297805786
927,54175_7d864ace_6,9.269500151276588e-05,0.9791836142539978
928,72950_5074f5a3_0,0.00010397736332379282,0.9312652349472046
929,129618_2962c248_0,0.0005986733012832701,0.9900010228157043
930,52012_77070fda_10,6.747263796569314e-06,0.989418625831604
931,28295_0dc908b9_7,8.836654160404578e-05,0.9762623310089111
932,144419_90e59d67_2,1.5738010915811174e-05,0.8260774612426758
933,22734_f6bad9f7_24,0.00037627058918587863,0.9883552193641663
934,22604_0b4ffb43_14,4.748681385535747e-05,0.99913090467453
935,81996_b3752ed2_3,2.568633499322459e-05,0.976948618888855
936,24504_493cee15_8,0.00034669318119995296,0.9861953854560852
937,39124_28e99e62_1,4.4698284909827635e-05,0.9497051239013672
938,29725_0ad4937e_1,1.6457706806249917e-05,0.9702523946762085
939,109232_04340d62_6,5.016784416511655e-05,0.0874219536781311
940,129075_8fbf62e5_0,0.00012065906776115298,0.9045124053955078
941,102937_18c3cb6a_4,0.00010497686162125319,0.9963193535804749
942,52551_8098346a_5,0.00013117067283019423,0.7718273401260376
943,128043_6947b64c_0,0.0002425362035864964,0.9859990477561951
944,119030_292009a7_41,9.273237810702994e-05,0.9863971471786499
945,48526_5aecac8a_0,0.00014971737982705235,0.9747893810272217
946,32541_86f7df73_4,0.00011543998698471114,0.8901784420013428
947,55114_7bf17f6a_0,0.0002965895982924849,0.9784989953041077
948,55285_6816da52_1,0.0006495109410025179,0.9859430193901062
949,37683_e2cca100_17,3.1799521821085364e-05,0.9499351382255554
950,78775_e2d8b091_15,0.0002973219961859286,0.9902786016464233
951,93199_2146e709_2,7.092579471645877e-05,0.9916266202926636
952,135595_656de97a_14,3.225921682314947e-05,0.9768714308738708
953,24284_3710e946_16,8.478638483211398e-05,0.9980791211128235
954,135521_30553c91_2,3.055552951991558e-05,0.556839644908905
955,29732_fb15318c_5,5.5064701882656664e-05,0.9476920366287231
956,88060_389bdff4_0,0.00022664188873022795,0.986207902431488
957,27839_4a077326_28,0.0002573860401753336,0.9936225414276123
958,100435_87bf423d_8,5.207930735195987e-05,0.9989737868309021
959,25365_bb0e4ede_44,6.407052569556981e-05,0.9091312885284424
960,146169_144d8264_0,0.0001447370450478047,0.9992182850837708
961,23342_7193a931_3,7.554167495982256e-06,0.9777444005012512
962,57000_cd1ddece_12,5.84494810027536e-05,0.9988313913345337
963,119790_1ed376f0_3,3.995032238890417e-05,0.9563983082771301
964,72522_e9e87960_4,8.420881204074249e-05,0.998419463634491
965,65366_f618b577_2,7.275957614183426e-05,0.9366651773452759
966,55707_c78416ed_35,0.00031376330298371613,0.9836028218269348
967,70321_eccffc7e_0,0.0001530867739347741,0.9603418111801147
968,120143_b5756e6b_0,0.00027275230968371034,0.9621222615242004
969,27726_aca43af4_35,1.5984394849510863e-05,0.25734806060791016
970,31361_72aab333_20,0.00016286973550450057,0.9482383131980896
971,121949_e10b5e85_12,0.00014305270451586694,0.9960488080978394
972,146399_0e4b73c4_13,9.23839324968867e-05,0.9981034398078918
973,41134_fc146947_6,0.00018651607388164848,0.9128032922744751
974,21237_7887a24b_35,6.038409628672525e-05,0.7503613233566284
975,24885_55e20ddf_3,2.207784382335376e-05,0.9781877994537354
976,34914_8911676d_23,4.1906361730070785e-05,0.9925522208213806
977,21803_8a36dcda_12,0.00033232462010346353,0.988879919052124
978,41306_8f26e703_5,5.165966285858303e-06,0.9442325234413147
979,25118_f50fdc69_10,8.107145731628407e-06,0.9881591200828552
980,25473_0991d519_9,0.00011652033572318032,0.9970821738243103
981,126585_86fa26cb_0,2.7474152375361882e-05,0.9660698175430298
982,145691_69484976_9,0.00011450405872892588,0.9897047281265259
983,60729_c51868ec_0,0.00010606087744235992,0.9415708780288696
984,123929_e7dbad2c_0,0.0001829709071898833,0.9130867123603821
985,69649_70b07cac_0,4.117975549888797e-05,0.9990903735160828
986,55135_f1186d58_9,1.4753803952771705e-05,0.9816189408302307
987,20838_86c931be_2,7.104623364284635e-05,0.9911668300628662
988,45242_626509cb_11,6.055402627680451e-05,0.9732409119606018
989,34983_439766af_13,0.00021264463430270553,0.99778813123703
990,53453_fb0f1640_1,0.00034363914164714515,0.9895680546760559
991,23255_972fbfe6_25,9.495089761912823e-05,0.9970070719718933
992,24168_a0ede173_203,0.000840809487272054,0.9953237771987915
993,55476_1473d91f_0,0.00016911036800593138,0.9137864708900452
994,55111_ef389075_1,0.0002567135379649699,0.9901881814002991
995,141710_17531562_1,0.00011088894825661555,0.9906894564628601
996,96601_b89e6252_1,2.3421833247994073e-05,0.8754441142082214
997,135790_a27f9deb_43,0.0023405097890645266,0.9700131416320801
998,121363_746708db_0,0.00011186965275555849,0.9569568634033203
999,136886_3aa46890_0,4.919051571050659e-05,0.9816587567329407
1000,50315_0f1419bf_19,0.00021051066869404167,0.9971044063568115
1001,37846_cde34fcd_14,2.343172309338115e-05,0.735072910785675
1002,24816_ef81ad4c_1,7.410295074805617e-05,0.9735022187232971
1003,75646_4baf69b2_7,0.0005759209743700922,0.9919352531433105
1004,140155_81f9ac63_0,9.309829329140484e-05,0.9767730236053467
1005,51603_034939eb_10,0.00011693941632984206,0.9935216307640076
1006,30435_c97330d2_0,1.746521593304351e-05,0.9704694151878357
1007,27839_4a077326_27,0.00010737317643361166,0.9941617846488953
1008,55627_971fde61_34,0.00032920256489887834,0.974549412727356
1009,134909_ef3d003c_0,1.87939585885033e-05,0.981562614440918
1010,33413_060ce192_51,6.37106438716728e-07,0.9117273688316345
1011,22245_ca848576_12,8.785476529737934e-05,0.8973994851112366
1012,52039_ba12c3ac_1,5.8572077250573784e-05,0.9988290071487427
1013,39707_358f88df_2,4.807312143384479e-05,0.9488070607185364
1014,50014_33f250c8_3,0.00021975873096380383,0.9979954361915588
1015,52987_387431ac_1,0.0002688394451979548,0.9815406203269958
1016,33501_b1ee5058_15,5.752131619374268e-05,0.9988561868667603
1017,82168_4844bddd_1,5.9948706621071324e-05,0.9919058084487915
1018,30384_95e72fc2_4,1.2576452718349174e-05,0.8614894151687622
1019,23554_a0845d54_2,4.913879820378497e-05,0.9589235782623291
1020,23800_65e0a5d1_0,7.930061838123947e-05,0.750084638595581
1021,41128_ee74f244_0,6.131449481472373e-05,0.9384437203407288
1022,143019_22dbd3e6_2,0.0001992223405977711,0.9936792254447937
1023,79993_6087acd5_8,0.00033709692070260644,0.989335834980011
1024,21422_b2a6bf27_0,8.591052755946293e-05,0.9985835552215576
1025,25487_dd2c17e8_21,6.22698207735084e-05,0.944709300994873
1026,22654_4c426b0f_10,1.9357732526259497e-05,0.8700046539306641
1027,30368_d7fd30ce_6,4.9397053771826904e-06,0.8943519592285156
1028,57249_6bd2af3c_2,2.4325492631760426e-05,0.9991026520729065
1029,57029_3ab80a22_0,0.00013884363579563797,0.9724562168121338
1030,79906_052c7eb4_3,0.0001775715354597196,0.9615088105201721
1031,82996_b8dc67c9_10,1.738752325763926e-05,0.9760046601295471
1032,119884_192e3265_1,0.00010912273864960298,0.9502319097518921
1033,21225_c081eae3_10,0.00044521037489175797,0.9744751453399658
1034,121949_e10b5e85_1,0.000106102364952676,0.9731517434120178
1035,81994_ba8916c9_5,2.059171674773097e-05,0.9820072054862976
1036,22447_4062c6cb_29,7.439540058840066e-05,0.9987450242042542
1037,55044_ee57bac8_1,2.5506014935672283e-05,0.903092086315155
1038,41871_f9a1ad02_13,0.0010407485533505678,0.9941547513008118
1039,74688_a5168a45_2,5.40934752280009e-06,-0.16227316856384277
1040,23218_02d26ab4_4,7.509535862482153e-06,0.9827277660369873
1041,41205_dc60aa5d_0,4.2988827772205696e-05,0.9893128275871277
1042,41979_ca698776_0,5.1099694246659055e-05,0.9895199537277222
1043,141453_50ec6f25_7,9.756181680131704e-05,0.9972363710403442
1044,97143_5424c420_0,6.70913650537841e-05,0.9827817678451538
1045,41986_26275a06_2,2.239501009171363e-05,0.9978889226913452
1046,136800_c5e4d711_2,2.185068660764955e-05,0.9701333045959473
1047,101635_11b839a3_5,8.045468348427676e-06,0.9340865612030029
1048,55866_b041060d_0,6.054118421161547e-05,0.9962944984436035
1049,53846_89405f98_0,0.00025548573466949165,0.9478014707565308
1050,27725_5cceaeb7_1,0.00031653355108574033,0.9714395999908447
1051,146137_92faaea5_9,5.1270581025164574e-05,0.9958919882774353
1052,41211_11f6b8a0_4,3.388650293345563e-05,0.9860442280769348
1053,21330_f0cee934_46,5.9702513681259006e-05,0.998806357383728
1054,127188_5fecd146_4,8.539502232451923e-06,0.9882659316062927
1055,135949_06517574_8,3.970885700255167e-06,0.9588339924812317
1056,68928_0d4e4a2e_24,0.00026428146520629525,0.983381986618042
1057,50410_f8f03667_38,2.221177965111565e-06,0.8470831513404846
1058,142999_171240b6_21,2.1281757653923705e-05,0.984264612197876
1059,144709_642fc665_0,0.0002367918350500986,0.9767297506332397
1060,53232_f8760054_10,3.168831244693138e-05,0.6967161893844604
1061,22372_e91792a1_0,5.661267550749471e-06,0.9273940920829773
1062,21767_53eaa558_12,0.00028001671307720244,0.9963815212249756
1063,32220_1fd19c5e_0,2.9609127523144707e-05,0.969580352306366
1064,22886_a6331748_1,7.65853255870752e-05,0.9929686188697815
1065,130996_b842b511_12,5.2069954108446836e-05,0.9952006340026855
1066,55571_74a416b1_1,2.3822378352633677e-05,0.7979229688644409
1067,70169_914780d4_1,0.00012785481521859765,0.9513130187988281
1068,23156_7788f78a_6,0.00018775355420075357,0.9986414313316345
1069,124496_20e20439_10,2.1929741706117056e-05,0.9518013000488281
1070,76300_7cb02add_1,0.00010811083484441042,0.9839915633201599
1071,21647_6b6cca6f_10,7.671274215681478e-05,0.9581295847892761
1072,22734_f6bad9f7_23,0.0002883804845623672,0.9879865050315857
1073,94176_0a6c42ab_2,1.7205850326718064e-06,0.6842359304428101
1074,24048_d731886d_9,5.3507930715568364e-05,0.9941021203994751
1075,25487_dd2c17e8_30,0.0002637261350173503,0.8807864189147949
1076,115717_40314bc2_4,4.025353973702295e-06,0.9869064092636108
1077,125592_875faf40_0,0.00021670159185305238,0.989941418170929
1078,41871_f9a1ad02_44,0.00018302802345715463,0.9870694279670715
1079,146642_883a71d2_8,2.7664909794111736e-05,0.9932502508163452
1080,136883_076fbff9_31,1.4809593267273158e-05,0.9510130882263184
1081,60766_fb8715eb_3,9.01057937880978e-05,0.993410587310791
1082,30818_33617072_0,0.00016215661889873445,0.9917899966239929
1083,130679_7a357a9c_18,0.0003053588152397424,0.9820378422737122
1084,55306_795d845b_0,9.011880138132256e-06,0.9806810021400452
1085,135934_d2f6bb2e_33,1.5553010598523542e-05,0.9792645573616028
1086,111054_e45a0d40_7,0.0011904763523489237,0.9884841442108154
1087,36826_d9269c2e_10,0.0001247040054295212,0.9915295243263245
1088,37619_ae810a8d_7,1.8670856434255256e-06,0.147269606590271
1089,22343_34184fd5_22,6.388052861439064e-05,0.8022871017456055
1090,113020_de552f8d_0,4.2813644540729e-05,0.9732272028923035
1091,20216_89b90993_0,0.0007368174847215414,0.95091313123703
1092,23325_292b3294_16,0.00016525493992958218,0.9842785596847534
1093,23522_5c2ec58e_9,7.100898073986173e-05,0.994608461856842
1094,146624_359752bb_20,1.6244422340605524e-06,0.1810862421989441
1095,104990_11b4aeee_1,7.688382174819708e-05,0.9982425570487976
1096,90917_4670b560_0,0.0005086730816401541,0.9901137948036194
1097,54818_59adf8c2_5,0.000173162596183829,0.8502456545829773
1098,34109_5a868eae_3,3.337468297104351e-05,0.9455496072769165
1099,23161_e7f63a9f_2,7.034375448711216e-05,0.9936349987983704
1100,37160_2a95674a_27,0.00018049516074825078,0.9369389414787292
1101,61280_8bdbc90f_0,0.00012504225014708936,0.995509147644043
1102,55083_dac1f9cc_2,8.709550456842408e-05,0.9927493333816528
1103,34341_d19b12fb_14,4.0369982343690936e-06,0.9598477482795715
1104,54516_ac9e2ef4_61,0.0003678238426800817,0.9389237761497498
1105,24559_3c306e71_2,3.624920282163657e-05,0.9262093305587769
1106,105831_88a0fb85_1,0.00021246996766421944,0.991927444934845
1107,32743_f4c47bbc_19,0.00020746354130096734,0.9614503383636475
1108,40500_6055e3d7_18,0.00012923615577165037,0.9937963485717773
1109,22862_f5406bb0_0,0.00024342353572137654,0.9960840940475464
1110,141081_ae61ec46_0,0.0001505330001236871,0.9978208541870117
1111,135112_cf8007b8_4,0.00040585792157799006,0.9938430786132812
1112,131442_1512d9ff_5,1.818937926145736e-05,0.9615071415901184
1113,145132_7aea3b66_1,0.00034947655512951314,0.9986772537231445
1114,41871_f9a1ad02_45,0.00012906843039672822,0.9751226305961609
1115,51775_49ef614a_1,0.00013265326560940593,0.9624134302139282
1116,143293_fc5b0ff7_23,4.140171586186625e-05,0.924360990524292
1117,51547_a7e01c38_6,1.065393826138461e-05,0.9847354888916016
1118,114021_44c3c39c_2,8.982106919575017e-06,0.9776071906089783
1119,123766_c5a4cf5e_0,2.0562365534715354e-05,0.8688992857933044
1120,23031_0d684603_8,0.00010831522376975045,0.9533133506774902
1121,132996_c742ef84_4,0.0002442986879032105,0.966099202632904
1122,137096_5d77f285_1,4.938140045851469e-05,0.9941059947013855
1123,27072_b4756e8c_2,0.0001186543595395051,0.9731640815734863
1124,51915_e704f5dd_2,0.00010074028978124261,0.9842462539672852
1125,132811_57264a28_13,7.449497934430838e-05,0.998745858669281
1126,49396_98ab955d_13,0.00019925279775634408,0.9777863621711731
1127,132081_761d26ad_0,3.447530252742581e-05,0.9990771412849426
1128,82906_7b72e0e8_2,0.00016343459719792008,0.9954467415809631
1129,92649_26fe8262_0,5.1838578656315804e-05,0.9760834574699402
1130,21803_8a36dcda_11,0.0003075449203606695,0.9917280077934265
1131,30637_f6324fc6_5,2.9110093237250112e-05,0.8073310852050781
1132,105560_a6f91315_12,1.7125458953159978e-06,0.7601390480995178
1133,41737_d80c34b9_0,4.007126699434593e-05,0.9976059198379517
1134,34983_439766af_12,5.826333290315233e-05,0.9942685961723328
1135,122755_60c41889_10,1.7821490473579615e-05,0.71440190076828
1136,76879_65a30a82_2,0.0005103176808916032,0.9954352378845215
1137,89816_cef36e57_4,0.00010055970051325858,0.9983416795730591
1138,49406_100c707b_3,2.3622889784746803e-05,0.9972761869430542
1139,105560_a6f91315_10,4.102463208255358e-06,0.9114186763763428
1140,129421_483d2957_5,8.242490366683342e-06,0.965271532535553
1141,122740_fc5c94eb_33,0.00014020196977071464,0.9957072734832764
1142,135595_656de97a_5,4.456718670553528e-05,0.9837228059768677
1143,35740_5322d674_5,1.055804773386626e-06,0.6335647702217102
1144,23681_932e722e_18,6.996579031692818e-05,0.9986756443977356
1145,108244_329b1876_17,1.7510416228105896e-06,0.5931452512741089
1146,125745_cf468448_6,6.73118483973667e-05,0.9841726422309875
1147,138838_c9a9e790_6,0.00011996352259302512,0.9766809344291687
1148,102416_b74464a2_4,2.716254584811395e-06,-0.07741725444793701
1149,30426_2cde26de_21,4.082567556906724e-06,0.9878649711608887
1150,137837_9c9f163d_5,2.366125409025699e-05,0.9750849604606628
1151,25487_dd2c17e8_15,0.00030964778852649033,0.9596382975578308
1152,21549_18160a0a_4,6.230650342331501e-07,0.9120489358901978
1153,21385_601444ba_0,0.00022419904416892678,0.9860527515411377
1154,35233_add576ba_9,0.000407443760195747,0.9733889698982239
1155,55345_c6423351_0,0.00015269352297764271,0.9752801060676575
1156,110697_4b2725f1_0,8.115698437904939e-05,0.9981094598770142
1157,109946_242843a6_1,8.253066880570259e-06,0.8054495453834534
1158,34341_d19b12fb_22,2.2348269794747466e-06,0.7459182739257812
1159,23247_bcd1e84f_21,0.00010323716560378671,0.978323221206665
1160,131765_29b29f08_6,3.3019914553733543e-06,0.9284947514533997
1161,21395_7d6fda6f_12,6.538121670018882e-05,0.9427778124809265
1162,135460_6471e973_15,7.48481834307313e-05,0.97541344165802
1163,51741_49d61151_7,0.00012076152779627591,0.9956364631652832
1164,28382_90b7cc0c_12,2.1167683371459134e-05,0.992321789264679
1165,30850_05d88af9_2,0.0001871911808848381,0.9922780394554138
1166,86278_1e55d036_12,4.3864794861292467e-05,0.6735062599182129
1167,67240_525e92c1_1,0.00012505086488090456,0.8996574878692627
1168,82002_ef2b4feb_6,9.250424773199484e-05,0.9982225894927979
1169,53364_ec8aad42_1,0.0006633021985180676,0.9714992642402649
1170,135771_b030a25c_17,9.686215344117954e-05,0.8879518508911133
1171,135906_29d7b495_1,6.706009116896894e-06,0.9880107045173645
1172,21822_7d3db422_38,5.984630843158811e-05,0.9392836093902588
1173,81136_5b86c723_1,1.543135294923559e-05,0.886677086353302
1174,25473_0991d519_2,0.0005218712612986565,0.9909712672233582
1175,73405_94381b7c_5,0.0002280893240822479,0.9616606831550598
1176,24009_c40b0d48_2,2.8805918191210367e-05,0.9991154074668884
1177,22162_439af02a_1,5.524154403246939e-05,0.9989137649536133
1178,146159_f3f80701_0,0.0001790012465789914,0.9522725343704224
1179,51895_5760b481_15,0.0004898991319350898,0.9947858452796936
1180,33500_e58e287e_1,0.00020134251099079847,0.9906278252601624
1181,31838_2e4bd173_0,0.0001412891288055107,0.9055559039115906
1182,146137_92faaea5_18,6.971260972932214e-06,0.9389781355857849
1183,124879_2257a334_2,2.371430855419021e-05,0.7397264242172241
1184,144145_510eedc2_7,6.313204357866198e-05,0.9988300204277039
1185,21237_7887a24b_78,0.00011917998926946893,0.9896358251571655
1186,82297_93739ce0_6,0.0001803352643037215,0.9407191872596741
1187,51536_a18dc325_31,9.510676318313926e-05,0.539009690284729
1188,93103_fdb9fcb7_7,4.146153514739126e-05,0.9946481585502625
1189,24590_415f7013_9,3.969045064877719e-05,0.9926460981369019
1190,130659_16f2db4c_0,5.816464181407355e-05,0.9807580709457397
1191,23083_fdb942ac_2,6.261579983402044e-05,0.9973874092102051
1192,23954_a8c09819_2,5.342068106983788e-05,0.9989640116691589
1193,30417_0010bc7c_13,0.00014234028640203178,0.9873427748680115
1194,120535_e304dfca_1,0.0001343100011581555,0.9901483654975891
1195,93199_2146e709_9,0.0003178352490067482,0.9270169734954834
1196,23686_cba4f679_15,0.0002978118718601763,0.9933249354362488
1197,40807_58058731_20,0.0001957987406058237,0.9980292916297913
1198,94410_d32e7520_35,0.0002402492391411215,0.9940181970596313
1199,79695_fd8bae0e_0,0.0003004083700943738,0.9236112833023071
1200,129422_621d0a90_35,0.00020725774811580777,0.9026588201522827
1201,44932_16cb7f21_5,0.0004957221099175513,0.9859598875045776
1202,136550_8a8672e5_1,2.2322275981423445e-05,0.9937335252761841
1203,20495_e8e7e80c_3,6.58737335470505e-05,0.9988217949867249
1204,31962_e5291336_50,0.00012267277634236962,0.8829779624938965
1205,24888_5be1de05_1,6.361851319525158e-06,0.8790028691291809
1206,34114_7e58a97d_10,0.0001703498128335923,0.9934508800506592
1207,108433_37a79370_0,0.00017669680528342724,0.9843865036964417
1208,22844_9b75b8e0_1,5.779100683867e-05,0.9976027011871338
1209,115637_b4d41e8a_0,6.455467519117519e-05,0.9937506914138794
1210,53474_f29e4438_15,0.0003204775566700846,0.9908833503723145
1211,26766_1aaa348c_0,0.00013357012358028442,0.9810395836830139
1212,51940_67bb0219_7,0.00015899131540209055,0.974018394947052
1213,41714_1d49f4d1_13,5.4591869229625445e-06,0.9784719347953796
1214,21815_7090778f_9,0.00021366856526583433,0.9824652075767517
1215,32843_8e5bdf24_0,0.0006601446657441556,0.9707508087158203
1216,23686_cba4f679_10,0.000162439449923113,0.9797579050064087
1217,114425_891ab08d_0,0.00023087309091351926,0.9712128639221191
1218,41786_02d48cdd_5,0.00010570624726824462,0.9836427569389343
1219,22895_4533b542_1,0.00013131530431564897,0.992473840713501
1220,49016_cd1b47bf_6,0.0003540538309607655,0.9887843132019043
1221,51674_a70c1c6c_3,5.044496901973616e-06,0.9919331669807434
1222,52972_6e5a5ada_11,0.00022084044758230448,0.9906262159347534
1223,120700_d818883a_8,1.545394661661703e-05,0.9790759086608887
1224,34530_9525ffcd_0,0.00014848788850940764,0.9972076416015625
1225,24355_99bf3f8f_1,6.813606159994379e-05,0.868050217628479
1226,56250_3b6024e3_46,0.00022631100728176534,0.9959986209869385
1227,56355_727ca47c_3,0.00017995115194935352,0.9565478563308716
1228,35057_9af89947_1,0.00013991644664201885,0.9780328869819641
1229,120881_a946667f_13,1.3285056411405094e-05,0.981697678565979
1230,143021_c6df0146_5,2.7904887247132137e-05,0.844613254070282
1231,69240_dc199112_3,0.000130440152133815,0.8812810778617859
1232,41733_1ec9b00c_15,0.00022113751037977636,0.9539485573768616
1233,30298_24191733_2,7.123054729163414e-06,0.9507395625114441
1234,30400_8824ce97_18,0.00012014318053843454,0.9749132990837097
1235,37040_ecbcd25e_36,0.00014096946688368917,0.9619798064231873
1236,23035_6087bb57_4,8.151641850417946e-06,0.9878009557723999
1237,38675_6e07d74b_26,0.0003540008037816733,0.9951018691062927
1238,31751_e37382e1_9,4.541039015748538e-05,0.9951580762863159
1239,54601_e1da5b93_4,6.157612369861454e-05,0.9987750053405762
1240,142999_171240b6_29,7.420421752613038e-05,0.9943751096725464
1241,137646_14bca880_0,0.0001662306603975594,0.9846484661102295
1242,37519_442dc408_1,1.4219571312423795e-05,0.9826233983039856
1243,47195_a8cd8bad_6,8.352274016942829e-05,0.9946887493133545
1244,22474_b10fea1a_6,0.00023836971377022564,0.9725078344345093
1245,53200_d1e30b87_10,7.462585926987231e-05,0.9870144128799438
1246,41472_f9d73638_9,2.4356599169550464e-05,0.9749650955200195
1247,126397_cc08a23d_1,8.11585323390318e-06,0.9868284463882446
1248,31838_2e4bd173_4,9.383052383782342e-05,0.9983272552490234
1249,52006_d21e4570_7,0.00020772824063897133,0.9588229656219482
1250,62109_08c31aa8_0,0.00018335689674131572,0.9673276543617249
1251,49403_458914df_0,0.00010368378571001813,0.938755214214325
1252,122914_76ff1f5e_2,5.835593583469745e-06,0.48061639070510864
1253,34913_d23e2a24_2,3.0391314794542268e-05,0.986400842666626
1254,104641_2cd02839_15,1.1026128959201742e-05,0.9681370258331299
1255,131632_6144b102_1,0.00010622396803228185,0.9987353682518005
1256,30850_05d88af9_0,0.00015336489013861865,0.9879664182662964
1257,86296_8a6ed4d3_7,2.7480544304125942e-05,0.9153591394424438
1258,34983_439766af_7,0.00018457972328178585,0.9973704218864441
1259,33374_7491cbf8_2,0.00017547888273838907,0.998302161693573
1260,50694_afd26bd5_10,0.00010503064549993724,0.9988721609115601
1261,50292_e84db1fb_8,4.186608566669747e-05,0.8571350574493408
1262,81367_622a9e51_2,8.154812530847266e-05,0.9795228838920593
1263,78966_584c5305_0,5.311062341206707e-05,0.9723070859909058
1264,79905_623eae86_1,0.0006248949212022126,0.9948827028274536
1265,63055_6b907478_15,5.5505155614810064e-05,0.9955723285675049
1266,135771_b030a25c_4,2.4344211851712316e-05,0.9693499803543091
1267,41753_9b4f8d8a_0,6.807495083194226e-05,0.9986634254455566
1268,80784_f7ec5f70_1,0.00021460081916302443,0.9636371731758118
1269,33607_c6f31fa6_10,9.279559162678197e-05,0.9886356592178345
1270,22225_a3ce4d29_42,0.0001394863211316988,0.9850103259086609
1271,51938_8b9cba89_5,0.0009176113526336849,0.9807697534561157
1272,44741_f386a08f_4,0.000382123573217541,0.9886585474014282
1273,70021_e673ae54_4,7.898061448941007e-05,0.9987181425094604
1274,55135_f1186d58_7,0.00013566073903348297,0.9878407120704651
1275,31856_2a5a4e32_12,0.000303412030916661,0.9831689596176147
1276,75303_045fc848_4,9.078409493668005e-05,0.9860509634017944
1277,129683_3ad38815_10,0.0005047963932156563,0.9940969944000244
1278,21894_93f0d052_24,0.00022080994676798582,0.9821423888206482
1279,143823_1b04bf80_13,9.007535118144006e-05,0.9935001730918884
1280,143823_1b04bf80_18,2.702033452806063e-05,0.9738577008247375
1281,111863_c925f4f3_2,3.5269018553663045e-05,0.9663463830947876
1282,104633_d0a15bd3_6,0.00018665127572603524,0.9843486547470093
1283,48832_22363e53_33,0.00010795961134135723,0.9970839023590088
1284,127466_a18ae326_1,0.00024085828044917434,0.909257173538208
1285,22211_b1ee53f0_12,0.00023850453726481646,0.9900333881378174
1286,137837_9c9f163d_6,2.6540614271652885e-05,0.9927716851234436
1287,122755_b830e22d_17,5.562456408370053e-06,0.9377025961875916
1288,21299_e9cd80a6_12,5.035082722315565e-05,0.9324793219566345
1289,44920_70dd4b80_11,0.00011798490595538169,0.9946622252464294
1290,52987_387431ac_7,0.00017580518033355474,0.9946454167366028
1291,147926_b78316a8_10,3.4400680306134745e-05,0.9698609709739685
1292,144653_e3eccdf1_50,2.6948047889163718e-05,0.9820457696914673
1293,56458_c027ed41_0,0.00010490191198186949,0.9869783520698547
1294,23495_6366269c_11,5.84905719733797e-05,0.9988368153572083
1295,70883_e2d6a103_2,7.359979645116255e-05,0.9989064335823059
1296,32743_f4c47bbc_34,0.00012149619578849524,0.9291874766349792
1297,30910_38ea5a06_2,4.6856515837134793e-05,0.9920531511306763
1298,56476_466fc284_17,0.00032445142278447747,0.9932889938354492
1299,22604_0b4ffb43_62,6.2430182879325e-05,0.9973951578140259
1300,21534_6367be99_0,0.000128549785586074,0.9594765305519104
1301,133026_1085532d_1,4.667252869694494e-05,0.9881385564804077
1302,137828_0b0786fb_1,0.00011469441960798576,0.997795045375824
1303,55627_971fde61_27,0.00012030114885419607,0.9848134517669678
1304,93869_8b1922a3_0,0.00021211421699263155,0.9828935861587524
1305,24393_9acd18c6_3,7.593020563945174e-05,0.9985831379890442
1306,44996_b3e9c266_14,7.431704034388531e-06,0.9709160923957825
1307,55300_b9675d43_1,5.4865093261469156e-05,0.9989227652549744
1308,113352_879844fe_0,0.00010443872452015057,0.9957471489906311
1309,135317_3c58b0d0_9,4.510051803663373e-05,0.9583274126052856
1310,115624_fe3eb392_1,0.00016759878781158477,0.9921507835388184
1311,63055_6b907478_21,5.13533923367504e-05,0.9981272220611572
1312,40421_032c052f_0,0.0001969205040950328,0.9700680375099182
1313,143029_70554264_3,2.245119321742095e-05,0.9615384936332703
1314,145117_78f63de3_0,0.0001197732999571599,0.969195544719696
1315,128996_35f2006e_0,4.255552630638704e-05,0.787194013595581
1316,54503_fc6c6963_1,9.706382115837187e-05,0.9877408146858215
1317,24657_0168dc6b_1,0.00016310384671669453,0.9960077404975891
1318,130524_13ad16a8_0,0.0004064360982738435,0.9979902505874634
1319,142670_33c641dc_3,3.65298728866037e-05,0.9861218333244324
1320,65375_674ff0b9_11,0.0004944567335769534,0.5498316287994385
1321,23168_7fdf5427_3,2.395177034486551e-06,-0.0941166877746582
1322,41717_ab2075ac_0,2.5487379389232956e-05,0.9990642070770264
1323,21739_57582b8f_4,8.963860454969108e-05,0.9947410225868225
1324,143293_fc5b0ff7_30,6.762570410501212e-05,0.9981558322906494
1325,135906_587b5c3d_0,2.598499304440338e-05,0.9843090772628784
1326,138685_fd9b79cd_0,3.354303044034168e-05,0.9731784462928772
1327,119921_5621fcb4_0,3.5189936170354486e-05,0.9940590262413025
1328,49403_458914df_5,0.00014112182543613017,0.9839166402816772
1329,73525_7f6b2f67_2,6.957256573514314e-06,0.9888569116592407
1330,136994_a3a2f50f_3,0.0001216591990669258,0.9862969517707825
1331,31838_2e4bd173_1,0.0011832755990326405,0.9743891954421997
1332,35866_d0233b36_6,7.354932313319296e-05,0.9987461566925049
1333,53053_d6b4d71c_9,0.000507743563503027,0.9868175387382507
1334,90220_7baf1e18_1,4.665138476411812e-05,0.9370243549346924
1335,23364_73dd9d4d_10,2.523820694477763e-05,0.9637271761894226
1336,52987_387431ac_3,0.00011039632227038965,0.9909078478813171
1337,51859_6b2fd0f1_4,3.178315091645345e-05,0.9823305606842041
1338,51708_867d4509_12,1.9103787053609267e-05,0.8345184922218323
1339,93199_2146e709_3,0.00011828497372334823,0.9974921345710754
