case_num,case_name,MSE,R-Square
0000,50417_199cffee_13,0.11228250712156296,0.12537968158721924
0001,48516_2b3135bf_11,0.01465938612818718,0.504368782043457
0002,41733_1ec9b00c_31,0.016388509422540665,-0.5896905660629272
0003,31664_1e85c690_0,0.008328394964337349,0.5522316098213196
0004,21893_0500d043_18,0.01684481091797352,0.6575263738632202
0005,31607_9a2f8140_6,0.012774850241839886,0.5712077021598816
0006,41774_88a7a483_18,0.010924057103693485,-1.6666181087493896
0007,42143_51b31600_4,0.000761823495849967,-0.5393332242965698
0008,23104_3b70eba4_13,0.0017326617380604148,-1.8503150939941406
0009,129075_8fbf62e5_2,0.0009170583798550069,-1.4200317859649658
0010,41624_a15f83c1_13,0.0015133152483031154,0.25689297914505005
0011,36088_1ea9c8a9_12,0.02114686369895935,0.5066652894020081
0012,126477_6596d136_14,0.003134929807856679,-1.8415663242340088
0013,130441_10c43121_0,0.19360913336277008,0.013699591159820557
0014,133385_e6aa64d8_21,0.0034758979454636574,-1.2804110050201416
0015,26398_b99946da_1,0.058392222970724106,0.23204076290130615
0016,61198_0c99f50a_4,0.0002833859180100262,-16.852371215820312
0017,26661_ab88a525_0,0.0021941266022622585,-1.5358974933624268
0018,129075_8fbf62e5_1,0.01006043516099453,-8.500687599182129
0019,51891_9455ea02_1,0.02580706588923931,0.5904886722564697
0020,34770_6bba5bd4_13,0.02018374763429165,0.6037107706069946
0021,21646_a2dd0d00_53,0.007274031639099121,0.395366907119751
0022,68909_4ae1bc2e_1,0.0006198860937729478,0.4174487590789795
0023,27866_ece3076e_109,0.0015492159873247147,0.7557092905044556
0024,92134_52f13f49_6,0.0042443848215043545,-1.446077585220337
0025,23342_7193a931_1,0.0005706562078557909,0.20796805620193481
0026,126572_a2d6f794_14,0.00012158278696006164,-11.222761154174805
0027,44344_3e0b0b0c_1,0.00017653487157076597,-23.44959259033203
0028,49331_3bf3bb84_4,0.021766332909464836,0.6015678644180298
0029,33971_46bb0373_0,0.006421629339456558,0.17972058057785034
0030,21517_bfe35b4c_1,0.0020539402030408382,-1.9790585041046143
0031,23165_369d62aa_6,0.040422048419713974,0.5124450325965881
0032,81846_2907c980_0,0.007772820070385933,0.6549675464630127
0033,24168_a0ede173_111,0.0191019419580698,-0.8866982460021973
0034,53461_a5942665_1,0.0046664332039654255,0.8269277811050415
0035,24907_c72322ea_13,0.0019998366478830576,0.24539178609848022
0036,133424_315bcaeb_7,0.0012545421486720443,-0.6234288215637207
0037,40490_916e13fe_0,0.010216312482953072,0.6817860007286072
0038,38000_b5822e44_3,0.029725654050707817,0.5494756102561951
0039,138520_f4e0bc0b_63,0.008150504902005196,-6.775960445404053
0040,61294_9255796d_3,0.0010193834314122796,-0.907408595085144
0041,22176_272891b8_0,0.0019043762004002929,0.03399670124053955
0042,24815_4f2a57e4_1,0.033197809010744095,0.025188028812408447
0043,113343_e692c488_1,0.0009531111572869122,-0.4383201599121094
0044,33995_18423507_1,0.001062873867340386,-0.43178820610046387
0045,127897_029949fd_6,0.01963726244866848,0.6073341965675354
0046,123181_4e56fb4f_0,0.03215423971414566,0.5341814756393433
0047,22670_9353c710_1,0.00012887951743323356,0.21456658840179443
0048,128642_4d72bf31_2,0.0036523255985230207,-0.9784773588180542
0049,146667_fe438b5b_6,0.02739068493247032,-0.672710657119751
0050,38260_2a31c6df_2,0.010956748388707638,-0.5441641807556152
0051,24443_996411f9_3,0.014007740654051304,0.682121992111206
0052,142074_34e02b6d_1,0.0008944239234551787,0.7321326732635498
0053,41501_b627682a_15,0.009194524958729744,0.1965188980102539
0054,24712_da77fe8f_0,0.021000321954488754,0.6070891618728638
0055,32960_0eaa1de8_26,0.021991131827235222,0.5926779508590698
0056,130757_b2c47f8d_2,0.0003903838514816016,-10.667280197143555
0057,104817_6d73dc41_0,0.014627980068325996,-0.6388734579086304
0058,79243_49539d9f_0,0.01529052946716547,0.6705846786499023
0059,82012_c533307b_1,0.000663524609990418,0.38190335035324097
0060,107649_e651c5ca_1,0.0005148946074768901,-2.5906054973602295
0061,40997_e3c88650_12,0.013334848918020725,0.6579561233520508
0062,143029_70554264_4,0.004590542986989021,0.3724844455718994
0063,27054_342fcf5c_3,0.0020781278144568205,-1.1689472198486328
0064,41648_577daf16_17,0.003084077499806881,-0.16747677326202393
0065,89720_4e65191c_1,0.014605002477765083,0.6461911797523499
0066,75382_1b589ea9_12,0.0005808538408018649,-0.6604350805282593
0067,120371_433ba1ca_2,0.007170190569013357,0.3746732473373413
0068,49024_b7f02205_13,0.008240117691457272,0.6360451579093933
0069,51022_47816098_7,0.08223654329776764,0.15555375814437866
0070,41634_4f5d0edb_0,0.0007679961854591966,-0.5356940031051636
0071,23170_6ea8ded5_3,0.027067676186561584,0.5470200777053833
0072,69589_cd2fa794_8,0.020102741196751595,-0.3144439458847046
0073,41504_85e300ee_0,0.008747709915041924,-0.19440877437591553
0074,128996_42176b10_0,0.035376496613025665,-1.863306999206543
0075,38920_e81879c2_7,6.589893746422604e-05,-78.2580337524414
0076,148051_c59af578_6,0.009230509400367737,0.7486075162887573
0077,65494_16d62db5_0,0.0007856080192141235,-0.05271780490875244
0078,25473_0991d519_0,0.013081635348498821,0.6926651000976562
0079,75270_25a261ef_5,0.008080950006842613,0.1936863660812378
0080,49613_1b97c07b_12,0.0005221457686275244,-4.5456342697143555
0081,115633_a2c63339_1,0.006437829229980707,-0.904181957244873
0082,52366_63042db4_1,0.01532493531703949,0.6512093544006348
0083,30282_88c6933c_5,0.008936882019042969,-0.06914472579956055
0084,53474_f29e4438_12,0.02142206020653248,0.29867249727249146
0085,24026_1dd4094b_21,0.009859062731266022,-0.12462210655212402
0086,21225_c081eae3_2,0.03971986100077629,-4.250143527984619
0087,35057_9af89947_8,0.0014080904657021165,-0.13109934329986572
0088,43529_4804941b_20,0.009955993853509426,0.696589469909668
0089,22103_fd11c71b_3,0.01082305796444416,-0.35147035121917725
0090,51536_a18dc325_0,0.003302574623376131,0.8247259259223938
0091,24230_636208ab_13,0.01933847926557064,-10.875383377075195
0092,41117_1b3271f2_56,0.03321356698870659,0.48712992668151855
0093,140499_419d5823_0,0.002896790625527501,0.7495935559272766
0094,115524_a949e82c_2,0.0005260220495983958,-1.0490729808807373
0095,29833_0ed4880f_3,0.024042179808020592,0.5674235224723816
0096,127556_4823a42a_6,0.0037133777514100075,0.3762351870536804
0097,23960_48cc0f21_19,0.000376878771930933,-4.284903526306152
0098,132987_ba18d2eb_11,0.0006600142223760486,-0.26383936405181885
0099,51337_f8636fd9_30,0.0018504430772736669,-1.090754508972168
0100,40999_cad6be09_18,0.052009668201208115,-0.22963476181030273
0101,136886_99fbdef3_0,0.0007545319967903197,-0.29481935501098633
0102,30447_4ed3b778_7,0.3459446430206299,-0.27454519271850586
0103,55811_bc667b2d_13,0.002799197332933545,-0.06564855575561523
0104,41716_d55164d4_1,0.002986209001392126,-0.045087337493896484
0105,33610_aa697fc9_6,0.005293360445648432,0.6092833876609802
0106,55095_fa260d33_6,0.04150216653943062,-0.0939704179763794
0107,115639_bc0cc622_0,0.02680353820323944,-0.9624682664871216
0108,20841_1620ae7d_0,0.007542593404650688,-0.03841805458068848
0109,50823_d1830e58_2,0.012270431965589523,-1.4290072917938232
0110,109762_cb162371_48,0.0031182460952550173,-0.09575927257537842
0111,41387_5f752e39_23,0.02124486304819584,0.2143276333808899
0112,121540_629c716f_0,0.009115969762206078,0.614102840423584
0113,118539_1dff9cf9_12,0.00018324282427784055,-12.401517868041992
0114,30714_dafa62f6_2,0.07307744771242142,0.04392439126968384
0115,79633_bbbde75f_0,0.023448167368769646,0.42813026905059814
0116,33059_531cfd5e_11,0.005391577258706093,0.11763089895248413
0117,20697_d3e106b4_4,0.0005129356286488473,-3.307905673980713
0118,136062_0027ff97_6,0.004943277686834335,0.5439375638961792
0119,146291_6b0c8db3_1,0.04542218893766403,-0.05709230899810791
0120,45466_5f662bcb_0,0.0007517487392760813,-0.5478427410125732
0121,144500_7f600ab6_0,0.003964570350944996,0.6333850026130676
0122,44996_b3e9c266_4,0.002593959216028452,0.4521094560623169
0123,40713_4c9264ef_0,0.004869242664426565,0.35032910108566284
0124,132384_0fcab1fa_13,0.0008764957310631871,0.05708634853363037
0125,33738_77d49563_2,0.0062009007669985294,-6.207727432250977
0126,129422_621d0a90_33,0.0024894115049391985,-0.17162644863128662
0127,115633_fd3c9b97_32,0.0005003545666113496,-1.0502943992614746
0128,69337_a122ffde_1,0.008129135705530643,0.16914457082748413
0129,37241_29f91452_0,0.013278119266033173,0.6928325891494751
0130,141199_9ae000ef_6,0.009646689519286156,-7.154202461242676
0131,147133_92c04b84_4,0.0014946499140933156,-0.31456315517425537
0132,77687_cbb18594_50,0.028122439980506897,-18.41135597229004
0133,144290_2a679085_11,0.00023553628125227988,0.3063114881515503
0134,130825_c59bbbfb_0,0.013297065161168575,0.6597177982330322
0135,82512_252da752_6,6.431443034671247e-05,-98.50132751464844
0136,115624_d0acb46b_24,0.047234032303094864,0.4875032901763916
0137,92134_52f13f49_7,0.003792686853557825,-1.3795349597930908
0138,100326_0602c712_7,0.0015449179336428642,-1.4352829456329346
0139,134630_f9e85072_0,0.004996641539037228,-0.15026509761810303
0140,108943_b07b2543_1,0.0036569745279848576,0.39695554971694946
0141,125416_ab456bc3_5,0.014416399411857128,-0.2239750623703003
0142,57222_33b428d7_69,0.000749450467992574,0.25043612718582153
0143,24650_dad8c8ee_13,0.03241680935025215,0.4255955219268799
0144,41749_14d0599c_1,0.0033450890332460403,0.5023976564407349
0145,49396_98ab955d_27,0.00414772005751729,-1.707920789718628
0146,136892_e2a0b32c_4,0.0003245456318836659,-7.345267295837402
0147,31962_e5291336_28,0.01448999997228384,0.6837655901908875
0148,34231_e27353cb_0,0.0018067279597744346,-0.8996087312698364
0149,112724_d334de09_0,0.06589103490114212,-0.024114608764648438
0150,56486_82b3e23a_21,0.00012652712757699192,-0.47131502628326416
0151,40500_6055e3d7_17,0.00015413069922942668,-4.185068607330322
0152,39468_15fb2e60_43,0.0005819175858050585,0.050481200218200684
0153,141710_17531562_7,0.015346327796578407,0.5662771463394165
0154,33529_756075a0_12,0.01571519859135151,-2.078615427017212
0155,54169_3a875f10_8,0.01666896417737007,0.5603395700454712
0156,41023_5445cb61_9,0.0031139026395976543,-1.7385952472686768
0157,146380_5c569eeb_2,0.010191930457949638,-4.477888107299805
0158,24195_9791f5d3_38,0.00013972767919767648,-1.7553646564483643
0159,26573_7f7e176d_2,0.09645666182041168,0.1444605588912964
0160,22734_f6bad9f7_25,0.039754871279001236,0.3594590425491333
0161,48112_9538e204_0,0.01992568001151085,0.6044738292694092
0162,127545_6fa39158_10,0.17140156030654907,-0.332863450050354
0163,23788_5c0b60c6_0,0.02121977135539055,-10.142247200012207
0164,23792_5b4c1ce0_21,0.010537005960941315,0.6675150394439697
0165,146067_46e58ab3_1,0.1208866611123085,0.23303502798080444
0166,101072_dec6f415_3,0.0017664663027971983,0.19026631116867065
0167,22829_b6649a29_0,0.00019423963385634124,-2.2207047939300537
0168,55389_a736bd99_0,0.026232445612549782,-12.934540748596191
0169,30259_d709601c_9,0.04298072308301926,-0.22442388534545898
0170,35866_d0233b36_13,0.0005678744055330753,-5.029999256134033
0171,34563_52848c45_5,0.004038778133690357,-0.6347905397415161
0172,44519_90af0df6_7,0.009590107016265392,-1.7975504398345947
0173,114111_59282658_8,0.00425848551094532,-0.45717787742614746
0174,45922_26941172_15,0.07271253317594528,-0.2171916961669922
0175,41303_bd1def52_3,0.0021306327544152737,0.46126335859298706
0176,22053_de30641b_1,0.00021036715770605952,-2.2202866077423096
0177,22298_51433023_4,0.028247684240341187,0.3845463991165161
0178,23479_81a49137_0,0.02132614701986313,-6.747279644012451
0179,22225_a3ce4d29_37,0.03445279970765114,0.5229997634887695
0180,135669_490cd2d7_14,0.029269563034176826,-0.5699259042739868
0181,32173_8b075b1a_4,0.024454433470964432,0.603896975517273
0182,145119_24107428_5,0.0049301087856292725,0.6260354518890381
0183,41774_88a7a483_36,0.0022944833617657423,-0.1792430877685547
0184,133549_1b6c58d6_0,0.025826415047049522,0.4503254294395447
0185,40936_6de8f4f4_0,0.1339844912290573,0.16417831182479858
0186,23008_3d1bb7b2_0,0.0534413643181324,0.23322153091430664
0187,38360_ad61c9b2_1,0.001011679763905704,0.3426905870437622
0188,136109_3d342d3c_2,0.00916874036192894,0.6313937902450562
0189,135790_a27f9deb_11,0.0011391595471650362,-0.4126628637313843
0190,140249_7c1c5bba_0,0.0004782947071362287,0.4177778363227844
0191,128996_a3d026d6_0,0.009073051624000072,-0.8593031167984009
0192,23235_f9ccb8b0_0,0.0064814952202141285,-4.111393928527832
0193,93671_f7290ded_0,0.0022520250640809536,-0.3344773054122925
0194,51109_97b211c3_7,0.0016715098172426224,0.7957122325897217
0195,51916_fa226b15_13,0.0002896085206884891,0.37423497438430786
0196,86268_094d3fab_1,0.018536025658249855,0.629356861114502
0197,39637_ca6a9a60_1,0.008844955824315548,-0.09386396408081055
0198,47219_93cb3619_3,0.073065847158432,-0.2869448661804199
0199,47878_0edb6829_0,0.023004744201898575,0.5908727645874023
0200,26764_ab35159a_6,0.01187131553888321,0.5261489748954773
0201,34341_d19b12fb_12,0.0010620265966281295,-0.1694849729537964
0202,118342_c702e084_6,0.016826098784804344,0.6156357526779175
0203,49886_dd68dccb_4,0.012728596106171608,0.036244869232177734
0204,23493_57512264_5,0.0001975471095647663,0.37720978260040283
0205,31751_e37382e1_5,0.013060755096375942,0.6654539108276367
0206,24338_848cab42_6,0.008851584047079086,0.30069035291671753
0207,24916_42eacca3_10,0.001860293559730053,-0.005061626434326172
0208,137485_a953e1be_2,0.01959567330777645,0.608183741569519
0209,23706_ef15ef9c_18,0.011434916406869888,0.24148952960968018
0210,143671_eaf4d13b_6,0.040618330240249634,0.3802698254585266
0211,53470_39f2e9dc_13,0.0007811696850694716,0.0100288987159729
0212,145772_59253c6d_3,0.0017980608390644193,-1.5336370468139648
0213,51893_d531e2bd_2,0.01535617746412754,0.6656440496444702
0214,39389_d641313f_8,0.036697834730148315,-0.4002472162246704
0215,51595_41f3d1a3_5,0.002397379372268915,-1.2759788036346436
0216,51674_a70c1c6c_15,0.00017453907639719546,0.3350570797920227
0217,37617_3f415463_5,0.0011941184056922793,0.09430253505706787
0218,31862_a89f21f9_3,0.012596199288964272,0.625664472579956
0219,40519_55a097c6_11,0.018939075991511345,-0.10425198078155518
0220,111306_9108c940_0,0.020366692915558815,-2.89758038520813
0221,136640_16741d62_4,0.0027995859272778034,-0.9051288366317749
0222,23155_d7305c5f_2,0.05538031831383705,-0.12176263332366943
0223,43934_912ff891_41,0.0001681807916611433,0.19828706979751587
0224,57017_6033d1e5_0,0.005689979065209627,0.7135403156280518
0225,126913_d253adb7_1,0.0038658424746245146,-0.5460082292556763
0226,130752_52d74f2f_48,0.011611995287239552,0.21722954511642456
0227,124177_71283cad_0,0.006312909536063671,0.5132073163986206
0228,24650_dad8c8ee_18,0.019086480140686035,0.5121064782142639
0229,55199_4d57661f_2,0.00822464283555746,0.5076199769973755
0230,115010_eb737aaf_20,0.021921923384070396,0.5802163481712341
0231,27855_19c5895a_12,0.0014947474701330066,0.21601009368896484
0232,52772_a6e6e320_0,0.00309358281083405,-3.151566505432129
0233,90917_3d2d21a9_0,0.03742240369319916,0.14410990476608276
0234,40703_5f4e45d4_7,0.01882077567279339,0.6266371607780457
0235,132622_911efd2f_1,0.05704662203788757,0.14609956741333008
0236,43441_e1ab0873_6,0.052026424556970596,0.17867839336395264
0237,34917_61633e20_6,0.015994584187865257,0.6532379984855652
0238,67221_275ba7e6_4,0.023137858137488365,0.5358744859695435
0239,130719_e4764a36_10,0.0013637661468237638,-1.9738502502441406
0240,136318_130d6a06_20,0.006640645209699869,0.3942965865135193
0241,99636_73c43ebd_10,0.015635358169674873,0.5781161785125732
0242,29377_3a04cb8d_6,0.011616167612373829,-0.6946707963943481
0243,23018_63087a41_47,0.010295902378857136,0.7181764841079712
0244,26165_100fec74_4,0.0021601710468530655,-5.796961784362793
0245,135934_d2f6bb2e_46,0.0037650091107934713,-0.8276746273040771
0246,24039_448afafa_5,0.019989527761936188,0.036612510681152344
0247,32775_a79b406b_14,0.006810873281210661,0.13217371702194214
0248,23686_cba4f679_0,0.0061913589015603065,0.41282618045806885
0249,35147_bc9f2c5d_0,0.008196488954126835,-0.32316792011260986
0250,136337_1351909b_2,0.019840765744447708,0.5287320613861084
0251,139222_2c10ca9a_1,0.017216473817825317,-0.4810805320739746
0252,139379_fe5c3f64_0,0.004805094096809626,0.8228496313095093
0253,33084_344fec27_2,0.020767483860254288,0.6090813875198364
0254,24775_d5c98d77_0,0.00015609164256602526,-3.811779499053955
0255,56344_3a89f085_23,0.007376894820481539,0.3163071870803833
0256,135112_cf8007b8_5,0.03196387737989426,0.21295833587646484
0257,50706_20d07d57_2,0.0739726573228836,0.2911413908004761
0258,51744_cd355565_5,0.019980864599347115,0.4015353322029114
0259,51464_da501c24_0,0.013416684232652187,-1.6444392204284668
0260,126572_a2d6f794_23,0.0001915091124828905,-5.628065586090088
0261,70021_e673ae54_2,0.0005426295683719218,0.21815991401672363
0262,25144_31b089b6_5,0.005537349730730057,-1.5081477165222168
0263,24715_55aac5f2_2,0.00012955031706951559,-9.785051345825195
0264,24532_f82f8000_2,0.011293533258140087,-8.142548561096191
0265,30664_a3084f71_1,0.0041970061138272285,-0.7547169923782349
0266,81145_5c13a8e9_1,0.0016795803094282746,-0.7155237197875977
0267,132037_2abb8c63_10,0.000445925397798419,-1.049835443496704
0268,50414_ac159b58_2,0.006593853235244751,0.7603592276573181
0269,21601_360ce1c7_7,0.022872738540172577,0.5843217372894287
0270,22119_27e3ecbe_9,0.008452428504824638,0.7378947734832764
0271,145120_74f7316f_0,0.027802536264061928,-0.2569936513900757
0272,74574_c302ff1f_0,0.0026682193856686354,-2.5045130252838135
0273,52443_085efc00_4,0.01080417726188898,-2.530259370803833
0274,147546_ede0f31c_3,0.030721575021743774,0.33565419912338257
0275,22492_047b125b_21,0.02645787224173546,0.3859292268753052
0276,72313_5a86e234_0,0.05661937966942787,-0.0815730094909668
0277,45589_49e3c7ea_2,0.007708804216235876,0.7675483822822571
0278,83432_a7f85698_0,0.019698718562722206,0.5575441122055054
0279,32775_a79b406b_0,0.0016261158743873239,-14.659648895263672
0280,121703_69c4a5ac_3,0.0005608894280157983,-1.032275915145874
0281,80901_e9080573_6,0.006715366151183844,0.7379317283630371
0282,21809_8bd6b10e_3,0.03369021415710449,0.2584778070449829
0283,49396_98ab955d_15,0.014260150492191315,-0.35969388484954834
0284,33766_14917a4a_19,0.015591956675052643,0.6530818939208984
0285,26661_ab88a525_8,0.009814498946070671,0.7248642444610596
0286,44030_17bd5ec9_0,0.019391130656003952,-22.837646484375
0287,53221_74fa81cd_7,0.0011427105637267232,0.012221693992614746
0288,21887_3306168f_7,0.032077811658382416,-2.196226119995117
0289,86185_85fde9e6_0,0.00565609335899353,0.13557755947113037
0290,87951_500b1dcd_2,0.0015810189070180058,-0.6924862861633301
0291,22276_69c5036b_11,0.047018662095069885,-0.23018324375152588
0292,41721_44151488_5,0.012474684976041317,-0.1550830602645874
0293,102293_5d04e48d_0,0.06605137884616852,-2.1338675022125244
0294,77687_cbb18594_20,0.001324558281339705,-0.8373450040817261
0295,133248_1bab99ae_0,0.013151664286851883,-4.797531604766846
0296,24051_4852a192_2,0.007561640813946724,0.7404589653015137
0297,86806_2993395a_1,0.0011205660412088037,0.048715412616729736
0298,38558_b0d6b3f8_1,0.02349468506872654,0.5177781581878662
0299,140549_7d01813c_0,0.04222925379872322,-0.3395949602127075
0300,24559_3c306e71_1,0.0050597419030964375,0.2217651605606079
0301,70350_751de4b0_13,0.02348337322473526,-8.565823554992676
0302,39101_23fec10f_8,0.010334642603993416,-0.09949040412902832
0303,24942_9d1b2ff2_8,0.04309427738189697,0.4977067708969116
0304,30850_05d88af9_3,0.03668845444917679,0.38991445302963257
0305,113358_08641c94_4,0.03155140578746796,0.01956474781036377
0306,21234_8b71bd47_27,0.0031986706890165806,-0.15720665454864502
0307,26245_4aac38e1_21,0.00040769335464574397,0.0540962815284729
0308,66072_d301cc88_0,0.0048091718927025795,-1.0797460079193115
0309,21894_93f0d052_23,0.004958640784025192,0.5102210640907288
0310,147816_7fb70c2b_2,0.007662347052246332,0.19630658626556396
0311,49120_4131d1e7_1,0.003811807604506612,0.23684996366500854
0312,52224_ca16c854_4,0.01847965456545353,-1.6388943195343018
0313,105762_19e04e0b_1,0.0024929342325776815,-18.679529190063477
0314,30400_8824ce97_36,0.008874860592186451,-0.2783113718032837
0315,95199_ffcff41e_0,0.0007172414916567504,0.2651311755180359
0316,50417_199cffee_3,0.0013229470932856202,-0.0296475887298584
0317,24544_d06c82dd_5,0.025106804445385933,0.584503173828125
0318,22604_565b91f5_2,0.010226038284599781,0.5733367204666138
0319,22788_b6a9e30a_4,0.002059480408206582,0.48534876108169556
0320,45789_d5126eab_14,0.004570810589939356,0.06630110740661621
0321,37267_b2be4b50_3,0.00012155056901974604,-11.230770111083984
0322,34330_5eff1ee1_3,0.009043538011610508,-0.055420517921447754
0323,137999_d934160e_1,0.00028958957409486175,-1.2401297092437744
0324,134921_f5efde94_27,0.0011087374296039343,-0.019376158714294434
0325,53470_39f2e9dc_8,0.0002448063460178673,-1.7464032173156738
0326,23497_f292546d_25,0.014131542295217514,0.41266900300979614
0327,22289_4b848f64_2,0.0037591131404042244,0.4908822178840637
0328,31392_84b62622_2,0.005742867011576891,0.52138352394104
0329,51347_1fc6f329_0,0.008555854670703411,-0.9220333099365234
0330,50777_2934de55_6,0.006370238959789276,0.772731363773346
0331,32841_954e8c1a_0,0.001539318123832345,-0.588112473487854
0332,31530_6744ae73_3,0.0311850868165493,0.5422694683074951
0333,65827_d1469ad6_1,0.0021235207095742226,-14.891616821289062
0334,145461_30637b22_8,0.0001511152950115502,-5.040210247039795
0335,31973_093ea963_13,0.007363335695117712,-1.8664777278900146
0336,70355_e5f58cd5_14,0.030547229573130608,-1.979114055633545
0337,77687_cbb18594_40,0.000567856477573514,-1.5088510513305664
0338,24392_fce351ea_0,0.0048284828662872314,-1.588545322418213
0339,36853_7efccb8c_3,0.007985829375684261,-0.08995413780212402
0340,41644_d15f8e2b_5,0.00022253287897910923,-0.14676499366760254
0341,131762_9b5e5ff5_2,0.005780597683042288,0.6509137153625488
0342,82193_96ef9433_2,0.028048301115632057,0.5629042983055115
0343,31347_386f6298_15,0.026823855936527252,0.3692852854728699
0344,34568_fbe47bf9_0,0.0006752266199328005,-0.9328680038452148
0345,115624_fe3eb392_3,0.020163608714938164,0.5385565757751465
0346,130446_e7b58dbe_0,0.026785748079419136,-0.08069181442260742
0347,104641_2cd02839_33,0.000724680139683187,-0.5831737518310547
0348,31460_39fdfc6a_7,0.02736935205757618,-5.160477161407471
0349,95541_ced8f936_0,0.019893314689397812,0.5712519884109497
0350,23126_725969ea_17,0.010463142767548561,-0.10548365116119385
0351,23676_52069f98_5,0.00013733409286942333,0.48282545804977417
0352,137637_ed9c537d_0,0.0018201906932517886,0.549931526184082
0353,22474_b10fea1a_2,0.01379529107362032,0.6658517122268677
0354,143017_21d96cc2_10,0.007230749353766441,-0.04237806797027588
0355,105270_34f92afd_1,0.0017354200826957822,-1.4340591430664062
0356,95622_0a0787e4_4,0.030295655131340027,0.5475121736526489
0357,55854_13f0399b_0,0.022411689162254333,0.5176311731338501
0358,22118_1e09e0eb_5,0.009391125291585922,0.5994773507118225
0359,146717_3e6a84c1_7,0.056447651237249374,0.15388184785842896
0360,63132_330141d7_3,0.006025880575180054,-0.22208154201507568
0361,115633_fd3c9b97_46,0.002879277104511857,-4.930588245391846
0362,21644_aa203dc5_29,0.013578386977314949,-2.3328704833984375
0363,79791_00f639ca_15,0.02439410611987114,0.5893032550811768
0364,60711_42b5a13e_1,0.01933079957962036,-1.1407511234283447
0365,137483_cdb8989d_0,0.019114676862955093,0.6009085774421692
0366,21644_aa203dc5_26,0.01711215265095234,-1.9533963203430176
0367,131876_b2384623_0,0.0032017037738114595,-1.067232608795166
0368,23706_ef15ef9c_10,0.013980570249259472,-1.138798475265503
0369,68948_0d2a01cd_9,0.029802270233631134,0.16413825750350952
0370,145137_4e9eef42_1,0.002796449698507786,0.43756574392318726
0371,30426_2cde26de_20,0.07787380367517471,0.11386382579803467
0372,31378_34c52a73_0,0.012250557541847229,-2.400961399078369
0373,92134_52f13f49_4,0.0037992550060153008,-1.564089298248291
0374,119634_fc722479_1,0.03494846820831299,0.5191633701324463
0375,24032_d6172503_24,0.0021102307364344597,0.11648374795913696
0376,136401_69f29349_4,0.00041701283771544695,-5.470377445220947
0377,41871_f9a1ad02_26,0.012984226457774639,0.014094173908233643
0378,48220_87941c4e_116,0.0036492205690592527,0.4599792957305908
0379,115012_9ed88535_2,0.00404916238039732,-0.6172786951065063
0380,69488_025cf0a2_1,0.16920551657676697,-0.14703357219696045
0381,147427_69f68da4_3,0.0002713541907723993,0.2479066252708435
0382,33766_14917a4a_32,0.009438153356313705,0.6604890823364258
0383,51747_3d58eae0_0,0.012192641384899616,-0.6371396780014038
0384,33785_a4c23f61_0,0.21944133937358856,0.1721401810646057
0385,114935_797875fe_2,0.017090829089283943,0.3782310485839844
0386,51775_49ef614a_26,0.00040875401464290917,0.27324211597442627
0387,38196_ea48fa42_3,0.0003213388554286212,-2.7591159343719482
0388,140413_44177109_21,0.00013468819088302553,-1.4649114608764648
0389,27676_79237cc5_1,0.0035874617751687765,-0.17362666130065918
0390,52883_e518d3f4_33,0.020267127081751823,0.6007564067840576
0391,34347_841c5375_2,0.0011879707453772426,-23.15406608581543
0392,55289_292737cb_0,0.020040713250637054,0.6152534484863281
0393,50606_82cb18e2_0,0.006064587272703648,0.7616510987281799
0394,30407_efa567f2_4,0.017229823395609856,0.5845489501953125
0395,31647_ab9ad9dc_13,0.005964183248579502,0.42219871282577515
0396,24896_58b4730f_17,0.014139853417873383,-1.6372971534729004
0397,23602_5daaccf5_4,0.007949228398501873,0.4447811245918274
0398,27725_5cceaeb7_10,0.010396486148238182,-20.598926544189453
0399,127734_395dcf7d_5,0.0057146078906953335,0.07076561450958252
0400,31957_d864f861_3,0.01427273079752922,-1.9085493087768555
0401,49415_1671b60c_4,0.015295429155230522,-13.301753044128418
0402,45110_fae73324_4,0.003484053071588278,0.8140705227851868
0403,22343_34184fd5_18,0.0002949713380075991,-0.12297248840332031
0404,22848_cc91b848_38,7.349406951107085e-05,-83.7188491821289
0405,73652_23b21ef2_1,0.08125515282154083,-0.6339267492294312
0406,65569_bd890a32_1,0.021645428612828255,-206.61923217773438
0407,48220_87941c4e_111,0.008445151150226593,-0.4790588617324829
0408,30394_e30f932c_0,0.021537581458687782,-0.23232567310333252
0409,21941_1a683ec2_26,0.006710170302540064,0.7197951078414917
0410,25564_e646fcb3_1,0.00040913649718277156,-0.3817065954208374
0411,134053_87a32e31_3,0.00025679581449367106,0.29929375648498535
0412,87950_af56e26e_2,0.006114841904491186,0.552452564239502
0413,51458_54240b70_17,0.00111096678301692,-0.22711288928985596
0414,40688_effe215a_1,0.014641616493463516,0.637427031993866
0415,131494_c8a441d0_0,0.0024077610578387976,0.5311371088027954
0416,26768_c4df841f_21,0.0009331466862931848,-0.09307479858398438
0417,136892_2d5f55a9_0,0.006540917791426182,-0.43434834480285645
0418,54652_d60ac3e0_10,0.023375369608402252,-0.26818740367889404
0419,51747_3d58eae0_1,0.002173131797462702,0.11163264513015747
0420,54650_df3655c1_0,0.00043759841355495155,-3.7928271293640137
0421,41125_711db4bf_58,0.013783922418951988,-0.5332262516021729
0422,45418_f603706b_2,0.012688159942626953,-2.20924973487854
0423,21852_6cf9a734_18,0.10616925358772278,0.09256333112716675
0424,122515_758d8b70_6,0.00019296466780360788,-158.3477020263672
0425,104081_05ba54fa_2,0.0037671076133847237,-0.5821124315261841
0426,41672_cf87e0b6_0,0.003157499711960554,0.5126761198043823
0427,22638_37f9fe91_1,0.0005185588379390538,-0.5319905281066895
0428,24559_3c306e71_3,0.005773479118943214,-0.04865729808807373
0429,31589_ac31215d_8,0.004295445512980223,-1.273019790649414
0430,49603_143b8bd2_35,0.0076551553793251514,0.3941275477409363
0431,127965_c64a91da_0,0.003807886503636837,0.014496564865112305
0432,36062_f2fb6808_1,0.0004890267155133188,-3.5195860862731934
0433,139280_8874b1ab_18,0.0022017410956323147,-1.115684986114502
0434,30997_24dea167_4,0.009176230989396572,0.17230021953582764
0435,143471_eb185912_5,0.00023806777608115226,-1.4375782012939453
0436,23176_1bf2a2d5_10,0.014618909917771816,0.39560019969940186
0437,98299_b8146029_5,0.008186287246644497,0.291038453578949
0438,23466_1cf60d09_4,0.016195079311728477,0.5471530556678772
0439,41591_2d0bd0d5_3,0.01243137288838625,0.5629959106445312
0440,134929_9049dcec_1,0.00483026634901762,-1.590087890625
0441,41785_e8bf0528_0,0.004697480704635382,0.7953082323074341
0442,31460_39fdfc6a_6,0.015332041308283806,0.6716582775115967
0443,133710_00be7f31_1,0.013053500093519688,-0.4978015422821045
0444,24532_f82f8000_0,0.01332905050367117,-1.9318838119506836
0445,21234_8b71bd47_3,0.001590658794157207,-1.4078905582427979
0446,35175_6edc4126_5,0.017600923776626587,0.48997247219085693
0447,20495_e8e7e80c_1,0.002417495707049966,-1.8188109397888184
0448,76546_c17e95aa_2,0.00011923154670512304,0.29865890741348267
0449,41654_e75f89df_0,0.006528346333652735,0.6456676125526428
0450,109772_f1a0845e_6,0.018132220953702927,-9.477132797241211
0451,34913_d23e2a24_0,0.005766258575022221,0.6796361207962036
0452,25203_1cc0cb3c_12,0.02758699096739292,0.5395979881286621
0453,37160_2a95674a_4,0.00759864179417491,0.5039723515510559
0454,69240_dc199112_4,0.00922991894185543,-0.7531965970993042
0455,25176_d9130589_0,0.009251756593585014,-0.21591389179229736
0456,69235_fe79a369_0,0.0011613720562309027,-1.6082637310028076
0457,39468_15fb2e60_9,0.004569160286337137,0.3371310830116272
0458,103284_e25015aa_6,0.0006710628513246775,-4.348280906677246
0459,30377_e18ea3de_0,0.021804025396704674,-16.66404914855957
0460,66080_f578d52b_4,0.005418408662080765,-26.849111557006836
0461,37444_52b27e94_14,0.00555752357468009,0.1536167860031128
0462,38675_6e07d74b_31,0.01107487827539444,0.6495676636695862
0463,21680_360ba5c7_28,0.006000608671456575,0.5628021955490112
0464,142032_5c32b7db_2,0.024869902059435844,0.5420421361923218
0465,44210_a155c2d1_0,0.05041666328907013,-0.12229633331298828
0466,38287_88ec74de_92,0.005922291427850723,0.12569761276245117
0467,29572_2f9283f2_4,0.0023857743944972754,0.8222830891609192
0468,28300_b3a6ab79_10,0.009116931818425655,0.6847553253173828
0469,136129_e6a20c7d_5,0.001467498717829585,-1.251621961593628
0470,119381_e4d13609_0,0.0064689768478274345,0.7552490830421448
0471,30729_b4d83b07_4,0.00014154225937090814,-1.9065449237823486
0472,140413_44177109_11,0.006575027480721474,0.6907639503479004
0473,26384_83eddf22_0,0.011369415558874607,0.1319514513015747
0474,82285_e7a738e7_2,0.016161417588591576,-0.3461480140686035
0475,108599_347602af_0,0.03956644982099533,-0.23040390014648438
0476,119889_41a6f268_1,0.0030200148466974497,-3.4568252563476562
0477,55006_94230c00_1,0.011830665171146393,0.6301300525665283
0478,21517_bfe35b4c_10,0.002463004784658551,-0.13182878494262695
0479,20818_098cad7c_6,0.0013819386949762702,-0.4799007177352905
0480,41855_b82e6ae8_6,0.010304024443030357,-0.19112014770507812
0481,137166_90691294_8,0.0029526473954319954,-0.9608243703842163
0482,69561_f274e705_26,0.0027226647362113,0.8687365651130676
0483,51579_d0c3e154_0,0.018474595621228218,0.21824651956558228
0484,23676_52069f98_4,0.010912475176155567,0.6563879251480103
0485,31962_e5291336_1,0.01100518275052309,0.6743918061256409
0486,57222_33b428d7_1,0.0024509713985025883,-0.8195902109146118
0487,51586_2ad96f8c_17,0.00013177184155210853,-0.5849698781967163
0488,41473_c2137170_32,0.02272615022957325,-2.5419561862945557
0489,31123_9a1bfc50_2,0.006510865408927202,0.5083234906196594
0490,23211_3aac9c7e_0,0.005922661162912846,-0.10971641540527344
0491,45798_b573e9da_5,0.027096804231405258,-0.3967999219894409
0492,27847_d2436f7c_37,0.0018546788487583399,-1.1436541080474854
0493,54736_6ee1b513_1,0.0013866400113329291,-0.19799256324768066
0494,132901_7d205bb4_9,0.0007666205056011677,-4.0828328132629395
0495,73762_8c704690_0,0.018772542476654053,-1.5314784049987793
0496,23209_1592b0a4_1,0.0069410474970936775,0.5186371803283691
0497,49024_b7f02205_2,0.00020112494530621916,0.4900832176208496
0498,147630_7f858240_15,0.0053307185880839825,0.06084400415420532
0499,69337_2c778611_11,0.002882032422348857,-0.6964428424835205
0500,82498_92a00cd6_1,0.0021664630621671677,0.3287394642829895
0501,78775_e2d8b091_1,0.009482218883931637,-0.28611671924591064
0502,40067_95ae6c76_9,0.008105522021651268,0.13166826963424683
0503,80756_6f2e842f_0,0.025208380073308945,-4.129106044769287
0504,25284_1da7aa8a_0,0.012713160365819931,-1.5156891345977783
0505,55605_2f8bc12e_62,0.00728604244068265,0.7508152723312378
0506,39792_60786b6c_15,0.029289118945598602,0.41201072931289673
0507,34063_0ca1585e_2,0.001274916692636907,0.17361319065093994
0508,31664_1e85c690_13,0.012307507917284966,0.648091197013855
0509,131193_98f3ac52_1,0.005824246443808079,-1.6049962043762207
0510,120221_e2eaa34b_2,0.0026633101515471935,0.08611547946929932
0511,130286_1f71bfed_3,0.0031823606695979834,0.05194199085235596
0512,118342_e8142153_21,0.003717022482305765,-0.3736351728439331
0513,128043_9f8cd69e_1,0.0013385984348133206,-0.8441329002380371
0514,41504_85e300ee_1,0.00047609201283194125,-1.050039529800415
0515,78863_d59be42e_0,0.00937107764184475,-0.1265397071838379
0516,31733_5118b376_3,0.09652911126613617,0.3111579418182373
0517,22208_e177deb7_5,0.0032032597810029984,0.23474442958831787
0518,24026_1dd4094b_43,0.0016969353891909122,-0.4840923547744751
0519,73388_10a40b49_1,0.016436582431197166,0.03240782022476196
0520,138219_cdff4f61_0,0.012382728047668934,-7.172106742858887
0521,49399_dc56d180_1,0.02102338895201683,0.6068126559257507
0522,41306_8f26e703_3,0.004686631727963686,-0.6153101921081543
0523,51590_034b8b08_14,0.07666753977537155,-0.29654526710510254
0524,48402_8c965495_4,0.0007162003312259912,-0.030249476432800293
0525,26388_a3367cba_0,0.012246992439031601,-0.5265778303146362
0526,28300_b3a6ab79_6,0.011114007793366909,0.6281642913818359
0527,43938_418421a7_0,0.001484885928221047,0.3269007205963135
0528,41520_60018d18_0,0.0003113217535428703,-1.2415478229522705
0529,137869_344b239b_0,0.0019687172025442123,-3.6309633255004883
0530,41648_577daf16_0,0.012973173521459103,0.44467252492904663
0531,31347_386f6298_10,0.020699307322502136,0.6082736253738403
0532,82190_24b1b0fe_12,0.004372889641672373,0.23417866230010986
0533,33741_4a973932_1,0.004635228309780359,0.23152148723602295
0534,42005_3da46d94_0,0.0019179277587682009,-41.9457893371582
0535,132982_ee1eed2f_0,0.005549703724682331,0.7630124688148499
0536,23898_6e740393_29,0.01399585697799921,-26.578107833862305
0537,105831_88a0fb85_6,0.017406724393367767,0.6203649640083313
0538,31278_749a6317_0,0.0020765599329024553,-0.24733400344848633
0539,51586_2ad96f8c_4,0.016614623367786407,-6.585547924041748
0540,57000_cd1ddece_14,0.01217739935964346,-3.963536262512207
0541,50692_e7ff2668_8,0.011637945659458637,0.5860761404037476
0542,65346_e89312e5_0,0.0024886797182261944,-2.76104736328125
0543,38840_0e449caf_4,0.0031234771013259888,0.19333720207214355
0544,29573_ca59fbbf_5,0.053253863006830215,0.4631262421607971
0545,30164_c5680724_12,0.030243057757616043,-0.5960049629211426
0546,138620_e21e10ee_0,0.001452430384233594,-0.23779404163360596
0547,50305_caf9cef2_34,0.023390978574752808,-39.4737663269043
0548,83396_fdb2987a_0,0.009288793429732323,0.665123462677002
0549,28379_7e292343_4,0.024737030267715454,0.45495855808258057
0550,33529_756075a0_32,0.008274882100522518,0.38511115312576294
0551,109857_1d24326e_42,0.00016520802455488592,-7.232900619506836
0552,22772_2b5f6629_6,0.025645535439252853,0.5791379809379578
0553,34600_e2685d46_2,0.014572740532457829,0.4674842953681946
0554,122344_ab1b06aa_2,0.03263156861066818,0.4100843071937561
0555,123573_5f5c9584_1,0.0010685514425858855,0.13790053129196167
0556,35166_562b126c_20,0.004202557262033224,0.8373292684555054
0557,51350_138f893a_1,0.0002520341076888144,-1.4173829555511475
0558,137785_67c3085b_16,0.014767401851713657,0.6365962028503418
0559,50417_199cffee_12,0.018133146688342094,0.12398290634155273
0560,22194_a5c323b9_3,0.011171067133545876,-0.8225308656692505
0561,42329_df7f540f_18,0.011723039671778679,-0.222739577293396
0562,41779_25e4203d_6,0.0028290015179663897,-3.310029983520508
0563,51094_40aa8332_20,0.015183527022600174,0.43014097213745117
0564,109762_cb162371_38,0.019284309819340706,-0.01516115665435791
0565,45922_26941172_9,0.012546277604997158,-1.1600487232208252
0566,34587_ed155e93_0,0.008910400792956352,0.7439936399459839
0567,69589_a468c1b4_0,0.03657829761505127,0.22767424583435059
0568,44921_00dfb467_0,0.0077684358693659306,-0.8948895931243896
0569,82672_4705a693_0,0.003903250442817807,-0.7389359474182129
0570,26778_a71e88a6_0,0.0002593978133518249,0.3007786273956299
0571,69488_7bfb2b67_0,0.00929940864443779,0.7415944337844849
0572,22686_afe3a61e_0,0.00014594499953091145,0.09831863641738892
0573,109772_5faa88e8_5,0.008359086699783802,-4.71790885925293
0574,43938_418421a7_147,0.014026956632733345,-0.9269900321960449
0575,141694_b5ac3112_3,0.003067717421799898,-0.18238484859466553
0576,31973_093ea963_16,0.0020683566108345985,-0.2986189126968384
0577,26858_e90dc419_25,0.00012831646017730236,0.2574416995048523
0578,131350_bbdad30d_0,0.007582113146781921,-3.323063373565674
0579,35741_c43475b8_1,0.002727180253714323,0.04958373308181763
0580,30690_3df2c9e2_1,0.00512352492660284,0.5631705522537231
0581,122758_5f4efbf0_2,0.0025452561676502228,0.8325340151786804
0582,37822_3be11c62_0,0.0032517423387616873,-0.38260602951049805
0583,91174_ee6ee92b_1,0.011199681088328362,-1.6239597797393799
0584,23676_52069f98_31,0.09217491745948792,0.07150042057037354
0585,27958_fee329eb_1,0.01443568803369999,-2.915813446044922
0586,144534_3b4fdb09_18,0.01005826611071825,-1.810516357421875
0587,30292_0b5e0265_1,0.04859090968966484,0.33853083848953247
0588,111062_e59e2d31_0,0.07205351442098618,0.1811540722846985
0589,135790_a27f9deb_77,0.010465627536177635,-1.0384407043457031
0590,65842_de75838b_10,0.004481201525777578,0.06255578994750977
0591,22475_9d9601a8_3,0.00027215888258069754,-0.5172684192657471
0592,119884_192e3265_0,0.014746529050171375,-1.2009034156799316
0593,51463_3330e3aa_2,0.02097153104841709,-1.176185131072998
0594,23231_efe613bb_4,0.008808412589132786,0.5488501787185669
0595,22895_4533b542_2,0.0032456673216074705,0.5014734268188477
0596,146219_5661130f_4,0.020664284005761147,0.5515499114990234
0597,38953_19054857_19,0.0007725637988187373,0.3134339451789856
0598,21847_b2de7eb8_24,0.00493573909625411,0.6655133962631226
0599,51603_034939eb_12,0.0020630971994251013,-0.27168118953704834
0600,24843_5231632c_4,0.003837179858237505,-1.387265920639038
0601,41982_f75ceb8f_4,0.00012514898844528943,0.04797172546386719
0602,42937_c573c439_2,0.00016141735250130296,0.3214784860610962
0603,61288_2d594195_0,0.014382479712367058,-22.643449783325195
0604,55006_94230c00_0,0.0010824662167578936,-0.07798373699188232
0605,49898_f42a885e_5,0.016204942017793655,0.6468020677566528
0606,55709_af3825c8_4,0.010663731023669243,0.6529218554496765
0607,144117_83c980ca_2,0.00029447258566506207,-0.025089025497436523
0608,40417_b8d98f73_7,0.0010151804890483618,0.3244682550430298
0609,53200_d1e30b87_11,0.007204145658761263,-6.899260997772217
0610,147009_977ee378_4,0.0001218378747580573,-0.07595860958099365
0611,63056_a5dfd66b_4,0.0028131837025284767,-4.082906246185303
0612,22205_f48b96b3_10,0.003422178328037262,0.2206776738166809
0613,51585_b695905b_4,0.015219730325043201,0.6630038022994995
0614,24084_71f37c00_1,0.01912051811814308,-2.837357759475708
0615,25815_0e853ad9_10,0.004329389426857233,0.7292726039886475
0616,55030_11a6e3e8_3,0.0841345265507698,0.2397446632385254
0617,23042_1184de03_5,0.01433359645307064,0.582899808883667
0618,39719_e9629dbd_4,0.00020845612743869424,-1.292865514755249
0619,51256_ed221095_2,0.0009244635002687573,-0.0327303409576416
0620,25810_93c8a71a_3,0.008802494965493679,0.6634584665298462
0621,22208_e177deb7_1,0.004735172726213932,0.6686660051345825
0622,115624_d0acb46b_22,0.026897914707660675,0.5766372084617615
0623,30708_4282508b_0,0.00024780991952866316,-2.8355844020843506
0624,31117_cd5cdbdb_12,0.003984874580055475,-0.7203660011291504
0625,41733_1ec9b00c_32,0.0005241963663138449,-0.547452449798584
0626,111387_c4243097_2,0.0022878039162606,-2.107292652130127
0627,119869_e8f0dd81_19,0.0016468227840960026,-0.23936176300048828
0628,34569_590239d6_0,0.00829336978495121,0.6193127632141113
0629,136318_130d6a06_23,0.001747882110066712,-1.1757500171661377
0630,145132_7aea3b66_4,0.04246753081679344,0.44415968656539917
0631,41878_3aeaed3d_0,0.0049314238131046295,0.19806522130966187
0632,34583_a1cf326b_0,0.02185250073671341,0.6000609397888184
0633,116581_d405b783_0,0.07217814773321152,0.019339382648468018
0634,24044_9bbe7992_3,0.0022659674286842346,-1.8281824588775635
0635,22194_a5c323b9_2,0.006323665380477905,0.43009257316589355
0636,142076_08d80e12_21,0.0004822798946406692,-1.1337769031524658
0637,55817_6ac2912d_7,0.000266292568994686,-1.8716049194335938
0638,21165_5cb2d287_2,0.001872120425105095,-2.944838523864746
0639,39796_45dcdc7d_0,0.05817706510424614,0.2454972267150879
0640,33044_7fdd9213_1,0.04322751984000206,-0.14551126956939697
0641,23731_3fe5b501_6,0.0015739236259832978,-1.4193849563598633
0642,32743_f4c47bbc_31,0.06645668298006058,-5.177543640136719
0643,108775_4908fba2_21,0.005205616820603609,0.5373890399932861
0644,21941_1a683ec2_19,0.003971955273300409,0.7068477272987366
0645,27682_04277f62_18,0.00691154645755887,0.682594895362854
0646,25815_0e853ad9_4,0.003558727912604809,0.7703551054000854
0647,30261_723e95cf_2,0.008253542706370354,0.6521281003952026
0648,21385_601444ba_102,0.00679534999653697,0.6803581118583679
0649,30368_d7fd30ce_7,0.0022391630336642265,0.15555047988891602
0650,55605_2f8bc12e_3,0.01936173439025879,-2.160673141479492
0651,24650_dad8c8ee_15,0.00015095400158315897,-3.7096872329711914
0652,34227_48203345_7,0.014042679220438004,0.6085007786750793
0653,113348_ac85cba3_1,0.005591132678091526,0.39956629276275635
0654,26552_25c5924a_1,0.004229404032230377,-0.6195502281188965
0655,55381_cbaffe9b_0,0.0030556698329746723,0.1541079878807068
0656,55817_6ac2912d_25,0.012485620565712452,0.6681832671165466
0657,138947_0778db40_4,0.006907326169312,-1.7011971473693848
0658,52788_07f7da63_0,0.00391244376078248,0.02878880500793457
0659,70355_e5f58cd5_6,0.0008014043560251594,-0.3495892286300659
0660,51744_cd355565_8,0.04748212918639183,-8.734795570373535
0661,41227_90e1c07c_16,0.013423880562186241,0.6619504690170288
0662,45359_1768ab3f_42,0.010185686871409416,-0.0749671459197998
0663,41783_d1c10326_3,0.00023466818674933165,0.24507713317871094
0664,32960_0eaa1de8_13,0.00013823481276631355,-8.979456901550293
0665,34674_32ee1595_3,0.016747059300541878,0.4319826364517212
0666,136885_23632908_1,0.013135133311152458,-3.687528133392334
0667,136808_00592735_3,0.005792279727756977,-0.26013004779815674
0668,45589_49e3c7ea_5,0.017435193061828613,0.6410689353942871
0669,141665_0564e852_3,0.010528624057769775,-1.5141746997833252
0670,50897_3be92e2f_18,0.013551641255617142,0.6835352778434753
0671,84256_4164b724_3,0.0031034413259476423,-1.9776899814605713
0672,22994_e6ad8f2b_10,0.016303131356835365,0.3949319124221802
0673,28295_0dc908b9_8,0.016014110296964645,-4.016193389892578
0674,23329_6939d5d9_5,0.0006922544562257826,0.23206627368927002
0675,123665_0a0da5c7_3,0.00011857575736939907,0.07436352968215942
0676,121172_0ac63503_7,0.00765342079102993,-0.44931185245513916
0677,50941_2a8a8c76_0,0.018941273912787437,0.6243758201599121
0678,37846_cde34fcd_66,0.004241484217345715,0.28813397884368896
0679,56040_9b1307eb_21,0.017483197152614594,-1.7231025695800781
0680,146535_229c95bc_1,6.967384251765907e-05,0.6807650327682495
0681,50947_49287c16_2,0.027199726551771164,0.5554153323173523
0682,95622_0a0787e4_5,0.004756910260766745,-1.5744030475616455
0683,25432_f13e5110_0,0.013834549114108086,0.5643366575241089
0684,32454_e959e3cf_0,0.010370442643761635,0.7081463932991028
0685,65858_61e9b51a_18,0.010626789182424545,-1.4242777824401855
0686,70350_751de4b0_3,0.025759581476449966,-2.561145067214966
0687,129239_0d49310c_15,0.0014853548491373658,0.4338722825050354
0688,31008_8fa25b35_8,0.005823273677378893,-0.22962892055511475
0689,55306_795d845b_2,0.0003509190573822707,-1.2303240299224854
0690,29729_e8bb36f1_2,0.0007030741544440389,0.17149126529693604
0691,67283_4097cbd6_5,0.0005114817759022117,-3.3488969802856445
0692,23904_811e466f_4,0.0014955562073737383,-0.2547173500061035
0693,116076_12d31fb7_1,0.005858864169567823,0.11834949254989624
0694,45302_02d7e3bc_0,0.02201138436794281,-4.5362982749938965
0695,60977_4bb093ec_1,0.007885792292654514,0.6486084461212158
0696,49017_76979790_8,0.0053605553694069386,-0.016036152839660645
0697,146321_0dbae658_10,0.00020132573263254017,-19.28789520263672
0698,102194_150e3faf_3,0.007431419100612402,0.7723923921585083
0699,34769_44655d03_5,0.0009073533001355827,-0.014578580856323242
0700,38953_19054857_6,0.0010053820442408323,0.17472726106643677
0701,55397_ad24603f_1,0.0011550529161468148,-0.19892942905426025
0702,21908_385686ec_15,0.01057689730077982,0.4894587993621826
0703,60721_57103153_4,0.002212935360148549,-2.5429437160491943
0704,98701_7cd4ec8d_0,0.03380454704165459,0.3859761357307434
0705,91703_642cdf1a_1,0.025222478434443474,0.525563657283783
0706,26661_ab88a525_5,0.004367380402982235,-0.10167980194091797
0707,51940_67bb0219_21,0.00039577018469572067,0.15659111738204956
0708,22543_684108ff_22,0.001175441313534975,-0.16804051399230957
0709,145250_cde4d039_8,0.0056062666699290276,-5.311607360839844
0710,20232_e5b060d9_6,0.0004032800788991153,0.2679223418235779
0711,128043_d4650350_0,0.05914122611284256,0.2058444619178772
0712,140530_30edf2c4_0,0.005866961553692818,-3.951352596282959
0713,131814_9af6d05a_0,0.007890484295785427,-0.18648231029510498
0714,26245_4aac38e1_9,0.0025098228361457586,-0.04844260215759277
0715,30282_88c6933c_14,0.011150320991873741,0.5721895694732666
0716,32322_71d0035e_1,0.003465836402028799,0.8221732378005981
0717,131762_d10609a4_1,0.019798610359430313,0.10569369792938232
0718,54812_5f7b7aba_2,0.001807976863346994,0.20628207921981812
0719,135830_8fb36dac_4,0.007532940711826086,0.6664499044418335
0720,139280_8874b1ab_4,0.0016700859414413571,-2.5873374938964844
0721,49904_639055dd_1,0.005103763192892075,0.4150206446647644
0722,53601_59d3ecd2_0,0.019693193957209587,0.19263702630996704
0723,50047_54241fe3_12,0.004032196942716837,0.6878887414932251
0724,136925_70fb0381_3,0.005047237034887075,0.691133975982666
0725,87488_95f678ce_0,0.03417288139462471,0.24556094408035278
0726,137166_90691294_2,0.0030422653071582317,-1.0229811668395996
0727,44030_17bd5ec9_11,0.0004769651568494737,0.2442118525505066
0728,137396_b5f6bec4_5,0.0131495026871562,0.6050565242767334
0729,21900_760d2078_10,0.028278648853302002,0.5903666615486145
0730,21185_ac5324ba_5,0.015062456019222736,0.5302354097366333
0731,31132_2320d049_4,0.021603846922516823,0.6070336103439331
0732,82281_80cdf67c_4,0.0006522859912365675,-0.645546555519104
0733,38287_88ec74de_15,0.019632618874311447,0.6197948455810547
0734,136128_831e37a6_0,0.004815227817744017,0.4643170237541199
0735,21330_f0cee934_18,0.004377140197902918,-1.8730361461639404
0736,34109_5a868eae_10,0.0035021346993744373,0.6651675701141357
0737,21174_861bd902_2,0.006754676345735788,0.4112854599952698
0738,49783_365bec9e_6,0.0124724255874753,0.6258425116539001
0739,24429_ace910b3_8,0.00016095925820991397,-8.419952392578125
0740,22772_2b5f6629_4,0.008109710179269314,-1.0734717845916748
0741,53927_ef5208b9_14,0.031955305486917496,-0.33130180835723877
0742,56250_3b6024e3_54,0.014499353244900703,0.6831400990486145
0743,23522_5c2ec58e_8,0.01598048023879528,0.49645304679870605
0744,121177_93fb3127_10,0.0004033452132716775,0.26804816722869873
0745,138840_b7f948ea_2,0.0068206945434212685,0.30578482151031494
0746,41125_711db4bf_6,0.01882907748222351,0.5546524524688721
0747,102606_28922dfc_0,0.0013345553306862712,-13.032157897949219
0748,31530_6744ae73_50,0.05777767300605774,-0.03080427646636963
0749,50598_eae0df5a_1,0.0008178544230759144,-0.4954606294631958
0750,145726_19ccdbda_12,0.0018196257296949625,0.4164828658103943
0751,41469_b94cf3e4_0,0.011518234387040138,-1.360898733139038
0752,147009_977ee378_1,0.009984799660742283,0.040265440940856934
0753,24267_8a216138_10,0.007554503623396158,0.38668298721313477
0754,63071_3d434a33_16,0.00699789822101593,0.6266345977783203
0755,34436_ffc43a58_4,0.003625685116276145,-2.1277194023132324
0756,50692_e7ff2668_4,0.0019123596139252186,0.23373419046401978
0757,146642_883a71d2_9,0.04617389291524887,0.27080899477005005
0758,109772_f1a0845e_7,0.021168602630496025,0.5060224533081055
0759,136640_16741d62_1,0.007127619348466396,-0.8096762895584106
0760,21680_360ba5c7_11,0.0031932950951159,-0.29738879203796387
0761,27729_09d75da1_2,0.01881582848727703,0.46403664350509644
0762,82148_5df06ed9_19,0.03330057114362717,-1.3131983280181885
0763,55287_8a57a3db_1,0.00961808580905199,0.4083060622215271
0764,53221_74fa81cd_5,0.006653517950326204,-2.1908488273620605
0765,30417_0010bc7c_39,0.0048874192871153355,0.618493914604187
0766,23706_ef15ef9c_40,0.002331860363483429,0.6671774387359619
0767,140763_e14274f8_3,0.0032626099418848753,-1.4699039459228516
0768,23602_5daaccf5_3,0.00466997129842639,0.24295645952224731
0769,30282_88c6933c_9,0.007306981366127729,0.5403486490249634
0770,56824_0fc773f6_0,0.013386759907007217,0.2368478775024414
0771,42410_d3b5588e_1,0.004260318819433451,0.3527029752731323
0772,55055_dd27a8a4_0,0.0218349602073431,0.600368082523346
0773,115633_a2c63339_6,0.007399136200547218,-7.191257476806641
0774,73651_a41647f8_5,0.0006284578703343868,-1.4361817836761475
0775,33413_060ce192_32,0.006701039616018534,0.48522496223449707
0776,97331_a482fa9b_0,0.004692302085459232,0.008421182632446289
0777,23476_705b76d1_0,0.00409289076924324,0.8399106860160828
0778,32566_7bfc936b_6,0.06617561727762222,0.37456464767456055
0779,41717_eb1c1e6b_0,0.0059069860726594925,0.5266373157501221
0780,60720_ef9a0a95_8,0.0019631115719676018,-3.195809841156006
0781,138700_ab763a46_202,7.548099529230967e-05,-40.65483093261719
0782,38287_88ec74de_17,0.0218737181276083,-2.59734845161438
0783,135535_0bd0048d_0,0.049582336097955704,0.25322985649108887
0784,21797_69df08d5_7,0.11706515401601791,0.06796306371688843
0785,65350_b3fa8f4f_47,0.2411303073167801,-0.1098031997680664
0786,41714_1d49f4d1_3,0.01288672536611557,-0.439961314201355
0787,66012_a13e1644_1,0.0029059413354843855,-0.23232042789459229
0788,22652_564979ff_11,0.0021737508941441774,-0.6158506870269775
0789,25127_ecba81df_23,0.001721552456729114,-0.12350833415985107
0790,47548_db93c988_4,0.01285509392619133,-30.448020935058594
0791,55927_f8b31711_5,0.01631198450922966,0.12756329774856567
0792,31647_ab9ad9dc_2,0.01018101442605257,-0.3761547803878784
0793,41128_ee74f244_8,0.003773052478209138,-0.032633304595947266
0794,20959_d4905d19_4,0.005747417453676462,-0.41007137298583984
0795,52009_a2b75078_3,0.11611269414424896,-0.16941392421722412
0796,22201_473a3a65_16,0.005010597873479128,0.3212127089500427
0797,29442_365e23df_30,0.023904846981167793,0.3238797187805176
0798,51859_6b2fd0f1_8,0.005244093481451273,0.8209116458892822
0799,140413_44177109_15,0.0016470683040097356,-0.4609396457672119
0800,21822_7d3db422_11,0.017585203051567078,0.5113509893417358
0801,24168_a0ede173_100,0.0030651059933006763,-1.2120652198791504
0802,145532_c2304f89_1,0.005931344348937273,0.16941875219345093
0803,104641_2cd02839_13,0.0005261023761704564,-1.0391366481781006
0804,23679_81ef9e37_2,0.023384708911180496,-4.571773529052734
0805,95271_de3df8d5_2,0.00015659671043977141,0.24599593877792358
0806,41401_e4117da2_0,0.00015537410217802972,-2.3855271339416504
0807,48006_babdf4af_9,0.04275048151612282,0.5049370527267456
0808,142246_0851be5e_32,0.051938556134700775,0.13810449838638306
0809,33615_7bab1106_4,0.008076769299805164,0.46556103229522705
0810,31117_cd5cdbdb_18,0.02981526590883732,0.5486972332000732
0811,34914_8911676d_0,0.004023248329758644,0.6683231592178345
0812,55501_a09e4ced_2,0.00017995224334299564,-5.759584426879883
0813,41128_ee74f244_9,0.004048703238368034,-0.3402245044708252
0814,142246_0851be5e_22,0.013131898827850819,-1.3817105293273926
0815,22413_901f5867_0,0.0009123203926719725,-1.7611513137817383
0816,56490_0a0fba77_0,0.014629659242928028,-3.149533748626709
0817,93676_4f934980_1,0.000573209545109421,-0.27074122428894043
0818,146642_883a71d2_96,0.005044969730079174,0.4493488669395447
0819,24032_d6172503_3,0.007518296130001545,-0.274544358253479
0820,44221_25c62f03_1,0.021386751905083656,0.6038832664489746
0821,50315_0f1419bf_33,0.01428146567195654,-0.3861570358276367
0822,133389_0938a905_2,0.010252341628074646,-1.601973295211792
0823,24824_cf51e5b6_4,0.006927042733877897,-0.2994697093963623
0824,33970_32f36442_3,0.03191636875271797,0.004710137844085693
0825,29359_bbfab271_2,0.005886051803827286,-0.03619813919067383
0826,23172_4ab01e83_0,0.017297985032200813,0.5796053409576416
0827,98511_1b46a85e_45,0.020793288946151733,0.41560620069503784
0828,98511_1b46a85e_46,0.0198635496199131,0.4160084128379822
0829,34248_cc11976c_0,0.010989139787852764,0.5939737558364868
0830,104003_46555fb2_0,0.0007843277999199927,-0.7441370487213135
0831,34520_035b5e9a_8,0.007694871164858341,-1.6445941925048828
0832,38397_93d5d7de_12,0.05242503434419632,0.2736770510673523
0833,130023_93b3ca95_1,0.004993630573153496,-0.7576420307159424
0834,83213_47c49876_1,0.005103429779410362,0.41506826877593994
0835,43928_6ca53538_63,0.039590269327163696,0.07933467626571655
0836,82779_b7b722e3_9,0.014151136390864849,-0.6901097297668457
0837,134967_0f27ef51_1,0.001993851736187935,-0.4916703701019287
0838,86024_714b24f4_1,0.004076660145074129,0.8402934074401855
0839,40807_58058731_11,0.009210207499563694,-0.3890420198440552
0840,26750_cd3cb3ff_0,0.05095658823847771,0.11608010530471802
0841,126913_d253adb7_2,0.01648765243589878,-2.2531509399414062
0842,24268_2804c9ff_13,0.012871312908828259,0.6652085185050964
0843,45542_320c16fd_3,0.019943397492170334,0.6035085916519165
0844,22342_274ed8a6_1,0.018351398408412933,-2.9744338989257812
0845,133385_e6aa64d8_17,0.0010876258602365851,-3.3599467277526855
0846,143509_1dd5212d_3,0.009801468811929226,0.710918128490448
0847,47989_3ff0f41d_0,0.03146286681294441,0.10494482517242432
0848,21822_7d3db422_14,0.04051758721470833,0.41491836309432983
0849,21517_bfe35b4c_12,0.0004152549372520298,0.27512073516845703
0850,52883_e518d3f4_10,0.0065809329971671104,-0.06844055652618408
0851,41871_f9a1ad02_14,0.015937160700559616,-0.594354510307312
0852,37016_455093c1_2,0.004830076824873686,-1.5893597602844238
0853,31117_cd5cdbdb_78,0.11609498411417007,0.09972131252288818
0854,129239_0d49310c_22,0.0006888075731694698,-0.999904990196228
0855,30400_8824ce97_6,0.03618964925408363,0.24333351850509644
0856,53233_8dbca22c_8,0.005336138419806957,0.6256985068321228
0857,40514_bb61631d_25,0.0045893448404967785,-0.015314698219299316
0858,24053_53349e4d_2,0.000917926779948175,-0.18133914470672607
0859,41917_f0c40fa1_16,0.013189012184739113,0.6879923343658447
0860,22543_684108ff_5,0.016127467155456543,0.3606298565864563
0861,138636_c1153075_0,0.0026640468277037144,-1.3780319690704346
0862,24448_75004b6c_6,0.012030581943690777,0.6169670820236206
0863,24831_bbd3e098_8,0.0011863070540130138,-0.1624687910079956
0864,53221_74fa81cd_3,0.004416682291775942,-0.19394636154174805
0865,76879_65a30a82_4,0.0008027887670323253,-0.31234121322631836
0866,108773_f9384cff_10,0.00023341098858509213,-1.4633400440216064
0867,33671_0e9c6ca3_5,0.004339961800724268,0.6553012132644653
0868,93103_fdb9fcb7_15,0.024078352376818657,-0.29924213886260986
0869,137675_d2bd633e_0,0.0026854737661778927,-0.6818917989730835
0870,21893_0500d043_32,0.0044736298732459545,-1.9247040748596191
0871,22110_0bc70e9f_1,0.006419520825147629,-2.94515061378479
0872,43152_b5472481_1,0.0022315066307783127,0.1620214581489563
0873,115717_40314bc2_1,0.013654815033078194,-0.19308459758758545
0874,102943_ca9e7968_0,0.0007587216095998883,-0.03239929676055908
0875,136401_69f29349_0,0.057296499609947205,-37.005367279052734
0876,28542_3c922564_0,0.0035262892488390207,-0.2858705520629883
0877,24267_8a216138_6,0.008611809462308884,0.5277117490768433
0878,84374_272a9731_7,0.008524696342647076,-0.12394225597381592
0879,23531_1ecc8346_18,0.07109472900629044,0.3065216541290283
0880,41871_f9a1ad02_30,0.034244731068611145,-0.037925124168395996
0881,132461_14abd2d0_0,0.00021089983056299388,-4.887730598449707
0882,37617_3f415463_2,0.00042275324813090265,0.3091886639595032
0883,41696_de0790a1_1,0.013802934437990189,0.693493127822876
0884,54657_2a66e0de_20,0.007376024499535561,0.32269006967544556
0885,24425_0dc4b306_0,0.011196774430572987,-0.09654355049133301
0886,146667_fe438b5b_0,0.004533862229436636,0.8275688290596008
0887,23048_8a1a5553_8,0.00010496740287635475,-1.8242926597595215
0888,51871_86ebf5b2_17,0.02751866541802883,-4.037745475769043
0889,30664_a3084f71_6,0.005907502956688404,0.6375088095664978
0890,139801_97e2ca6a_5,0.00377747043967247,0.22659224271774292
0891,22278_12f1fb79_13,0.01533648744225502,0.0022572875022888184
0892,22776_facf9bcf_8,0.008447165600955486,0.7124925255775452
0893,40500_6055e3d7_15,0.11377675086259842,-0.13477659225463867
0894,35740_5322d674_13,0.0020143676083534956,-0.22547245025634766
0895,39792_60786b6c_12,0.01159221027046442,0.5791592597961426
0896,115524_4a411f7e_0,0.00773884542286396,-0.7579847574234009
0897,24131_3ea7d5a8_17,0.010582752525806427,0.48953551054000854
0898,100326_0602c712_2,0.028839420527219772,0.08394032716751099
0899,34571_25c64838_2,0.007809837348759174,0.5371230244636536
0900,143534_4f65fd1a_0,0.002185242250561714,0.2611877918243408
0901,101446_95204330_1,0.00687943072989583,-3.361116886138916
0902,41749_14d0599c_10,0.00041016816976480186,-0.19706785678863525
0903,55715_525d1d3e_12,0.0005946958553977311,-0.7639774084091187
0904,45307_b9b4bca0_30,0.13925302028656006,0.0026746392250061035
0905,22654_4c426b0f_0,0.003983619622886181,0.5011526346206665
0906,22670_9353c710_4,0.009176494553685188,-1.8140747547149658
0907,99445_94c22a37_11,0.03083242103457451,0.5419007539749146
0908,132811_57264a28_4,0.004444408696144819,0.6369093656539917
0909,23258_87a2ba81_3,0.0009030388901010156,-0.4274287223815918
0910,50777_2934de55_22,0.011540294624865055,0.5903462171554565
0911,98418_4185a7fb_0,0.018569178879261017,0.5501368045806885
0912,43441_e1ab0873_2,7.249247573781759e-05,0.12157648801803589
0913,24271_dbc0fd2d_12,0.008682447485625744,-0.9111301898956299
0914,38944_0d0c3fce_0,0.11088903993368149,0.28161096572875977
0915,40624_e1c5c424_11,0.00014769764675293118,-2.7199151515960693
0916,100028_0c3a8f1c_13,0.03671817481517792,0.5277044773101807
0917,40491_ac67bf4c_13,0.022257838398218155,0.5824963450431824
0918,25416_1deb9c75_0,0.007106988690793514,-0.23023414611816406
0919,21657_2651585a_6,0.003918095491826534,0.7923258543014526
0920,21986_67c5509a_15,0.010945264250040054,-0.35802125930786133
0921,32288_34013274_2,0.01673305779695511,-1.8322107791900635
0922,55373_ddd74d2f_0,0.019855722784996033,-1.5644195079803467
0923,26245_4aac38e1_0,0.00644814595580101,0.6305326223373413
0924,33044_7fdd9213_0,0.010737930424511433,-0.9172415733337402
0925,31530_6744ae73_48,0.09189887344837189,0.11224889755249023
0926,25555_fd3d9a3c_1,0.0017462944379076362,-1.4516985416412354
0927,54175_7d864ace_6,0.0024817544035613537,0.44267570972442627
0928,72950_5074f5a3_0,0.003086799755692482,-1.040544033050537
0929,129618_2962c248_0,0.05344490334391594,0.10737144947052002
0930,52012_77070fda_10,0.0008480841061100364,-0.3300057649612427
0931,28295_0dc908b9_7,0.016521595418453217,-3.4381561279296875
0932,144419_90e59d67_2,0.0002527311153244227,-1.7929604053497314
0933,22734_f6bad9f7_24,0.022902075201272964,0.2912289500236511
0934,22604_0b4ffb43_14,0.0218349602073431,0.600368082523346
0935,81996_b3752ed2_3,0.002242232672870159,-1.0122203826904297
0936,24504_493cee15_8,0.01345615554600954,0.46420323848724365
0937,39124_28e99e62_1,0.0005263901548460126,0.4077017903327942
0938,29725_0ad4937e_1,0.0017309080576524138,-2.128645181655884
0939,109232_04340d62_6,0.00019476977468002588,-2.542959213256836
0940,129075_8fbf62e5_0,0.0007854111609049141,0.37843847274780273
0941,102937_18c3cb6a_4,0.008762451820075512,0.6927769780158997
0942,52551_8098346a_5,0.0011387811973690987,-0.9809207916259766
0943,128043_6947b64c_0,0.0075117661617696285,0.5663658380508423
0944,119030_292009a7_41,0.0038630859926342964,0.4333251714706421
0945,48526_5aecac8a_0,0.00875877309590578,-0.4748711585998535
0946,32541_86f7df73_4,0.0011196366976946592,-0.06514441967010498
0947,55114_7bf17f6a_0,0.018112875521183014,-0.3130784034729004
0948,55285_6816da52_1,0.050542447715997696,-0.09385979175567627
0949,37683_e2cca100_17,0.0017870235024020076,-1.8134713172912598
0950,78775_e2d8b091_15,0.01182206068187952,0.6134605407714844
0951,93199_2146e709_2,0.003655138658359647,0.5684791803359985
0952,135595_656de97a_14,0.0034548863768577576,-1.4770147800445557
0953,24284_3710e946_16,0.018365895375609398,0.5839153528213501
0954,135521_30553c91_2,0.000576136982999742,-7.355969429016113
0955,29732_fb15318c_5,0.0006539270980283618,0.37881118059158325
0956,88060_389bdff4_0,0.005785132292658091,0.6479504108428955
0957,27839_4a077326_28,0.0200478695333004,0.5032602548599243
0958,100435_87bf423d_8,0.01898905634880066,0.6258276700973511
0959,25365_bb0e4ede_44,0.007344141602516174,-9.41590690612793
0960,146169_144d8264_0,0.15209780633449554,0.1785573959350586
0961,23342_7193a931_3,0.00023551052436232567,0.30615419149398804
0962,57000_cd1ddece_12,0.018545206636190414,0.6292261481285095
0963,119790_1ed376f0_3,0.0008580922149121761,0.06347990036010742
0964,72522_e9e87960_4,0.022164665162563324,0.5839782953262329
0965,65366_f618b577_2,0.0009521686006337404,0.17116862535476685
0966,55707_c78416ed_35,0.010152164846658707,0.4694511890411377
0967,70321_eccffc7e_0,0.012665536254644394,-2.2810940742492676
0968,120143_b5756e6b_0,0.01342797465622425,-0.8647743463516235
0969,27726_aca43af4_35,0.0001451925199944526,-5.745798110961914
0970,31361_72aab333_20,0.003753453027456999,-0.1928856372833252
0971,121949_e10b5e85_12,0.016575049608945847,0.5421916246414185
0972,146399_0e4b73c4_13,0.04958510771393776,-0.017937302589416504
0973,41134_fc146947_6,0.004285563249140978,-1.0035109519958496
0974,21237_7887a24b_35,0.0004508031706791371,-0.8637011051177979
0975,24885_55e20ddf_3,0.0017066746950149536,-0.6861401796340942
0976,34914_8911676d_23,0.006096328608691692,-0.08346438407897949
0977,21803_8a36dcda_12,0.011263404972851276,0.6231098175048828
0978,41306_8f26e703_5,0.00012675777543336153,-0.36837172508239746
0979,25118_f50fdc69_10,0.0009794741636142135,-0.4305661916732788
0980,25473_0991d519_9,0.011760792694985867,0.7054964303970337
0981,126585_86fa26cb_0,0.0013252877397462726,-0.6367110013961792
0982,145691_69484976_9,0.010668209753930569,0.04079926013946533
0983,60729_c51868ec_0,0.002164124045521021,-0.19221925735473633
0984,123929_e7dbad2c_0,0.03250259906053543,-14.439107894897461
0985,69649_70b07cac_0,0.015077199786901474,0.6669551134109497
0986,55135_f1186d58_9,0.0009015679825097322,-0.12321937084197998
0987,20838_86c931be_2,0.002916102297604084,0.6374409198760986
0988,45242_626509cb_11,0.0015718807699158788,0.30537956953048706
0989,34983_439766af_13,0.049149297177791595,0.48876601457595825
0990,53453_fb0f1640_1,0.03048700839281082,0.07449877262115479
0991,23255_972fbfe6_25,0.008978305384516716,0.7169965505599976
0992,24168_a0ede173_203,0.18824578821659088,-0.04694080352783203
0993,55476_1473d91f_0,0.0025632758624851704,-0.3067742586135864
0994,55111_ef389075_1,0.00916798785328865,0.6495916843414307
0995,141710_17531562_1,0.0038925581611692905,0.6731703281402588
0996,96601_b89e6252_1,0.000881374697200954,-3.6870970726013184
0997,135790_a27f9deb_43,0.08291209489107132,-0.0622791051864624
0998,121363_746708db_0,0.00233564805239439,0.10133272409439087
0999,136886_3aa46890_0,0.0033575939014554024,-0.25191664695739746
1000,50315_0f1419bf_19,0.045084863901138306,0.379858136177063
1001,37846_cde34fcd_14,0.0003431231598369777,-2.8794679641723633
1002,24816_ef81ad4c_1,0.004040231928229332,-0.44470882415771484
1003,75646_4baf69b2_7,0.05417315289378166,0.2414034605026245
1004,140155_81f9ac63_0,0.012267759069800377,-2.0606653690338135
1005,51603_034939eb_10,0.007816526107490063,0.5669678449630737
1006,30435_c97330d2_0,0.0021844063885509968,-2.6934447288513184
1007,27839_4a077326_27,0.004016094375401735,0.781631588935852
1008,55627_971fde61_34,0.024431977421045303,-0.8888298273086548
1009,134909_ef3d003c_0,0.0020836107432842255,-1.0440788269042969
1010,33413_060ce192_51,0.0001764947664923966,-23.453771591186523
1011,22245_ca848576_12,0.0010736174881458282,-0.2538158893585205
1012,52039_ba12c3ac_1,0.018537241965532303,0.6293988227844238
1013,39707_358f88df_2,0.006090609356760979,-5.485874176025391
1014,50014_33f250c8_3,0.08504756540060043,0.2242339849472046
1015,52987_387431ac_1,0.02274441160261631,-0.5617032051086426
1016,33501_b1ee5058_15,0.01872928813099861,0.6275640726089478
1017,82168_4844bddd_1,0.012881594710052013,-0.7392537593841553
1018,30384_95e72fc2_4,8.006066491361707e-05,0.11825311183929443
1019,23554_a0845d54_2,0.009209021925926208,-6.69806432723999
1020,23800_65e0a5d1_0,0.000497068336699158,-0.5665074586868286
1021,41128_ee74f244_0,0.0032612269278615713,-2.2740864753723145
1022,143019_22dbd3e6_2,0.04161117970943451,-0.3202134370803833
1023,79993_6087acd5_8,0.011478506028652191,0.6368728876113892
1024,21422_b2a6bf27_0,0.02514716051518917,0.5853936672210693
1025,25487_dd2c17e8_21,0.0010320530273020267,0.08361804485321045
1026,22654_4c426b0f_10,0.0007082257652655244,-3.7560362815856934
1027,30368_d7fd30ce_6,0.00024660860071890056,-4.274346351623535
1028,57249_6bd2af3c_2,0.004729108884930611,0.825543999671936
1029,57029_3ab80a22_0,0.011002794839441776,-1.1827342510223389
1030,79906_052c7eb4_3,0.00391345052048564,0.15170300006866455
1031,82996_b8dc67c9_10,0.001665298594161868,-1.298166275024414
1032,119884_192e3265_1,0.02361210808157921,-9.768874168395996
1033,21225_c081eae3_10,0.006948771420866251,0.6016124486923218
1034,121949_e10b5e85_1,0.004457831382751465,-0.12801432609558105
1035,81994_ba8916c9_5,0.0011850933078676462,-0.03552055358886719
1036,22447_4062c6cb_29,0.024295883253216743,0.5901533961296082
1037,55044_ee57bac8_1,0.0012807209277525544,-3.865988254547119
1038,41871_f9a1ad02_13,0.16084931790828705,0.09660661220550537
1039,74688_a5168a45_2,0.0001634574873605743,-34.12110137939453
1040,23218_02d26ab4_4,0.00021291793382260948,0.510279655456543
1041,41205_dc60aa5d_0,0.011552873067557812,-1.8720920085906982
1042,41979_ca698776_0,0.0025660649407655,0.4737238883972168
1043,141453_50ec6f25_7,0.015100501477718353,0.5722486972808838
1044,97143_5424c420_0,0.006123404949903488,-0.571501612663269
1045,41986_26275a06_2,0.006271886173635721,0.4087725877761841
1046,136800_c5e4d711_2,0.0020123724825680256,-1.7506182193756104
1047,101635_11b839a3_5,0.00012880220310762525,-0.05522739887237549
1048,55866_b041060d_0,0.00580805167555809,0.6445127129554749
1049,53846_89405f98_0,0.0051720039919018745,-0.05669760704040527
1050,27725_5cceaeb7_1,0.009863607585430145,0.11001962423324585
1051,146137_92faaea5_9,0.021559569984674454,-0.727448582649231
1052,41211_11f6b8a0_4,0.0034816977567970753,-0.4339001178741455
1053,21330_f0cee934_46,0.018550746142864227,0.6291124820709229
1054,127188_5fecd146_4,0.0010451929410919547,-0.4361957311630249
1055,135949_06517574_8,0.00012274881009943783,-0.27253174781799316
1056,68928_0d4e4a2e_24,0.019113702699542046,-0.20186984539031982
1057,50410_f8f03667_38,0.0001626576849957928,-10.19815731048584
1058,142999_171240b6_21,0.002686135470867157,-0.9860849380493164
1059,144709_642fc665_0,0.01451240386813879,-0.42617785930633545
1060,53232_f8760054_10,0.0002703144564293325,-1.5871367454528809
1061,22372_e91792a1_0,0.0003471086092758924,-3.4516777992248535
1062,21767_53eaa558_12,0.08170592784881592,-0.055838704109191895
1063,32220_1fd19c5e_0,0.00034009868977591395,0.6505914926528931
1064,22886_a6331748_1,0.005469623487442732,0.4978296160697937
1065,130996_b842b511_12,0.004405603744089603,0.5939286947250366
1066,55571_74a416b1_1,9.090858657145873e-05,0.22885382175445557
1067,70169_914780d4_1,0.002618587575852871,0.0028440356254577637
1068,23156_7788f78a_6,0.10404239594936371,0.24716776609420776
1069,124496_20e20439_10,0.0004303210589569062,0.05421125888824463
1070,76300_7cb02add_1,0.004338337108492851,0.3576039671897888
1071,21647_6b6cca6f_10,0.008953525684773922,-3.88690185546875
1072,22734_f6bad9f7_23,0.016297178342938423,0.32108455896377563
1073,94176_0a6c42ab_2,0.00010208853927906603,-17.73542594909668
1074,24048_d731886d_9,0.011375251226127148,-0.253826379776001
1075,25487_dd2c17e8_30,0.014387156814336777,-5.503505706787109
1076,115717_40314bc2_4,0.00048211621469818056,-0.5682163238525391
1077,125592_875faf40_0,0.024158582091331482,-0.12136054039001465
1078,41871_f9a1ad02_44,0.011897558346390724,0.15946155786514282
1079,146642_883a71d2_8,0.004604110028594732,-0.12332522869110107
1080,136883_076fbff9_31,0.0004141532408539206,-0.3699294328689575
1081,60766_fb8715eb_3,0.006275813095271587,0.541051983833313
1082,30818_33617072_0,0.033651549369096756,-0.7037781476974487
1083,130679_7a357a9c_18,0.016582615673542023,0.024559497833251953
1084,55306_795d845b_0,0.0007288119522854686,-0.5623726844787598
1085,135934_d2f6bb2e_33,0.0018658146727830172,-1.4875221252441406
1086,111054_e45a0d40_7,0.118749238550663,-0.1486983299255371
1087,36826_d9269c2e_10,0.007168743759393692,0.5130668878555298
1088,37619_ae810a8d_7,0.00020553107606247067,-92.86959838867188
1089,22343_34184fd5_22,0.0002906128647737205,0.10054105520248413
1090,113020_de552f8d_0,0.0038366513326764107,-1.3991870880126953
1091,20216_89b90993_0,0.016666347160935402,-0.11031341552734375
1092,23325_292b3294_16,0.012298599816858768,-0.17002248764038086
1093,23522_5c2ec58e_9,0.00562364561483264,0.5730123519897461
1094,146624_359752bb_20,0.00019466747471597046,-97.1357650756836
1095,104990_11b4aeee_1,0.01632346212863922,0.6268764734268188
1096,90917_4670b560_0,0.04655153676867485,0.09526002407073975
1097,54818_59adf8c2_5,0.0011925747385248542,-0.03136157989501953
1098,34109_5a868eae_3,0.00280566094443202,-3.577399730682373
1099,23161_e7f63a9f_2,0.014449087902903557,-0.3074086904525757
1100,37160_2a95674a_27,0.003884929697960615,-0.3573092222213745
1101,61280_8bdbc90f_0,0.011284035630524158,0.5947368144989014
1102,55083_dac1f9cc_2,0.012315992265939713,-0.02530372142791748
1103,34341_d19b12fb_14,0.00012498872820287943,-0.24314677715301514
1104,54516_ac9e2ef4_61,0.007222927175462246,-0.1993483304977417
1105,24559_3c306e71_2,0.0004853587015531957,0.011979758739471436
1106,105831_88a0fb85_1,0.009444724768400192,0.6411594748497009
1107,32743_f4c47bbc_19,0.011010989546775818,-1.0459961891174316
1108,40500_6055e3d7_18,0.012710806913673878,0.3898492455482483
1109,22862_f5406bb0_0,0.026448847725987434,0.5745200514793396
1110,141081_ae61ec46_0,0.03219348564743996,0.5339553356170654
1111,135112_cf8007b8_4,0.05362892150878906,0.18643826246261597
1112,131442_1512d9ff_5,0.0009355648653581738,-0.9798665046691895
1113,145132_7aea3b66_1,0.23517540097236633,0.10988211631774902
1114,41871_f9a1ad02_45,0.0048919133841991425,0.057105422019958496
1115,51775_49ef614a_1,0.021085839718580246,-4.9745588302612305
1116,143293_fc5b0ff7_23,0.0009675704641267657,-0.7677069902420044
1117,51547_a7e01c38_6,0.0009689892176538706,-0.3883291482925415
1118,114021_44c3c39c_2,0.0006728640291839838,-0.6774814128875732
1119,123766_c5a4cf5e_0,0.0006054339464753866,-2.8601019382476807
1120,23031_0d684603_8,0.0054346430115401745,-1.3424713611602783
1121,132996_c742ef84_4,0.005161588545888662,0.2837373614311218
1122,137096_5d77f285_1,0.013433516025543213,-0.6033873558044434
1123,27072_b4756e8c_2,0.005704062059521675,-0.2900807857513428
1124,51915_e704f5dd_2,0.005219367332756519,0.18379640579223633
1125,132811_57264a28_13,0.024394098669290543,0.5893193483352661
1126,49396_98ab955d_13,0.010720739141106606,-0.19519972801208496
1127,132081_761d26ad_0,0.010110010392963886,0.7293715476989746
1128,82906_7b72e0e8_2,0.018477940931916237,0.4852083921432495
1129,92649_26fe8262_0,0.002160712843760848,0.003120899200439453
1130,21803_8a36dcda_11,0.011737329885363579,0.6843021512031555
1131,30637_f6324fc6_5,0.00013793609105050564,0.0870521068572998
1132,105560_a6f91315_12,0.0002049533650279045,-27.705978393554688
1133,41737_d80c34b9_0,0.02639954537153244,-0.5772464275360107
1134,34983_439766af_12,0.0008209461229853332,0.9192426204681396
1135,122755_60c41889_10,7.089512655511498e-05,-0.13612902164459229
1136,76879_65a30a82_2,0.08427121490240097,0.24619871377944946
1137,89816_cef36e57_4,0.025272520259022713,0.5832316875457764
1138,49406_100c707b_3,0.003608754137530923,0.5838934779167175
1139,105560_a6f91315_10,0.00013737946574110538,-1.9663300514221191
1140,129421_483d2957_5,0.00016143750690389425,0.31980735063552856
1141,122740_fc5c94eb_33,0.012243389151990414,0.6251303553581238
1142,135595_656de97a_5,0.004297778941690922,-0.5696711540222168
1143,35740_5322d674_5,0.00018571768305264413,-63.456520080566406
1144,23681_932e722e_18,0.020095083862543106,0.6196353435516357
1145,108244_329b1876_17,9.26932116271928e-05,-20.53727912902832
1146,125745_cf468448_6,0.0024569372180849314,0.4222889542579651
1147,138838_c9a9e790_6,0.012818929739296436,-1.49180006980896
1148,102416_b74464a2_4,0.0001906573015730828,-74.62525939941406
1149,30426_2cde26de_21,0.0008734961156733334,-1.5963785648345947
1150,137837_9c9f163d_5,0.0008135727257467806,0.1433163285255432
1151,25487_dd2c17e8_15,0.02008150890469551,-1.6175684928894043
1152,21549_18160a0a_4,0.0001767600915627554,-23.951236724853516
1153,21385_601444ba_0,0.008847543969750404,0.44960206747055054
1154,35233_add576ba_9,0.006919780280441046,0.5480546951293945
1155,55345_c6423351_0,0.010363258421421051,-0.6777304410934448
1156,110697_4b2725f1_0,0.016972212120890617,0.6046338081359863
1157,109946_242843a6_1,7.678952533751726e-05,-0.8101680278778076
1158,34341_d19b12fb_22,0.00016991731536109,-18.31822395324707
1159,23247_bcd1e84f_21,0.013270856812596321,-1.7864928245544434
1160,131765_29b29f08_6,0.00014324020594358444,-2.1018943786621094
1161,21395_7d6fda6f_12,0.022499535232782364,-18.69178009033203
1162,135460_6471e973_15,0.0021937377750873566,0.27938854694366455
1163,51741_49d61151_7,0.005156419705599546,0.8136816024780273
1164,28382_90b7cc0c_12,0.004664989188313484,-0.6921385526657104
1165,30850_05d88af9_2,0.00978139042854309,0.5964996218681335
1166,86278_1e55d036_12,0.0005755427991971374,-3.283870220184326
1167,67240_525e92c1_1,0.002869880059733987,-1.3028314113616943
1168,82002_ef2b4feb_6,0.020016901195049286,0.6153867840766907
1169,53364_ec8aad42_1,0.024111760780215263,-0.03603339195251465
1170,135771_b030a25c_17,0.0039989096112549305,-3.6258554458618164
1171,135906_29d7b495_1,0.0008316530729644,-0.48686909675598145
1172,21822_7d3db422_38,0.003353815758600831,-2.402574300765991
1173,81136_5b86c723_1,0.00012100858293706551,0.11135154962539673
1174,25473_0991d519_2,0.05129588767886162,0.11254578828811646
1175,73405_94381b7c_5,0.016795514151453972,-1.8231432437896729
1176,24009_c40b0d48_2,0.007384343072772026,0.7732288241386414
1177,22162_439af02a_1,0.020333560183644295,0.6001845598220825
1178,146159_f3f80701_0,0.014436371624469757,-2.849200963973999
1179,51895_5760b481_15,0.07822756469249725,0.16740107536315918
1180,33500_e58e287e_1,0.010761798359453678,0.4990540146827698
1181,31838_2e4bd173_0,0.015388083644211292,-9.286097526550293
1182,146137_92faaea5_18,0.00046888409997336566,-3.1043038368225098
1183,124879_2257a334_2,0.0002254683495266363,-1.4746010303497314
1184,144145_510eedc2_7,0.023345332592725754,0.567354679107666
1185,21237_7887a24b_78,0.005455430131405592,0.5255823731422424
1186,82297_93739ce0_6,0.0021914856042712927,0.27960264682769775
1187,51536_a18dc325_31,0.0006466740742325783,-2.1344826221466064
1188,93103_fdb9fcb7_7,0.007204059511423111,0.07010132074356079
1189,24590_415f7013_9,0.005317880772054195,0.014695703983306885
1190,130659_16f2db4c_0,0.00504579022526741,-0.6692391633987427
1191,23083_fdb942ac_2,0.010224285535514355,0.5733984708786011
1192,23954_a8c09819_2,0.020919928327202797,0.5943083167076111
1193,30417_0010bc7c_13,0.007739573251456022,0.31177854537963867
1194,120535_e304dfca_1,0.005425130482763052,0.6020671129226685
1195,93199_2146e709_9,0.007469213102012873,-0.715120792388916
1196,23686_cba4f679_15,0.022303204983472824,0.5001028776168823
1197,40807_58058731_20,0.07215260714292526,0.27378493547439575
1198,94410_d32e7520_35,0.014615040272474289,0.6361082196235657
1199,79695_fd8bae0e_0,0.02296573854982853,-4.839792728424072
1200,129422_621d0a90_35,0.017112523317337036,-7.037112236022949
1201,44932_16cb7f21_5,0.016139166429638863,0.5428970456123352
1202,136550_8a8672e5_1,0.0054766214452683926,-0.5374393463134766
1203,20495_e8e7e80c_3,0.022773263975977898,0.5926902294158936
1204,31962_e5291336_50,0.0020292294211685658,-0.9357558488845825
1205,24888_5be1de05_1,9.550827962812036e-05,-0.8164880275726318
1206,34114_7e58a97d_10,0.014639322645962238,0.43718934059143066
1207,108433_37a79370_0,0.04099703207612038,-2.622627019882202
1208,22844_9b75b8e0_1,0.0038618778344243765,0.839802622795105
1209,115637_b4d41e8a_0,0.00881514884531498,0.14663881063461304
1210,53474_f29e4438_15,0.033928126096725464,0.034845054149627686
1211,26766_1aaa348c_0,0.008773173205554485,-0.24536001682281494
1212,51940_67bb0219_7,0.0022169197909533978,0.6377213001251221
1213,41714_1d49f4d1_13,0.00017755408771336079,0.2998223900794983
1214,21815_7090778f_9,0.01962094008922577,-0.6102002859115601
1215,32843_8e5bdf24_0,0.00855982955545187,0.6207371950149536
1216,23686_cba4f679_10,0.01492389664053917,-0.8597116470336914
1217,114425_891ab08d_0,0.007871869020164013,0.01847231388092041
1218,41786_02d48cdd_5,0.007855132222175598,-0.21552419662475586
1219,22895_4533b542_1,0.006463225930929184,0.6295703053474426
1220,49016_cd1b47bf_6,0.01726607047021389,0.45304805040359497
1221,51674_a70c1c6c_3,0.0017705209320411086,-1.831300973892212
1222,52972_6e5a5ada_11,0.008895635604858398,0.6224168539047241
1223,120700_d818883a_8,0.0017392440931871533,-1.3548729419708252
1224,34530_9525ffcd_0,0.023515446111559868,0.5577853322029114
1225,24355_99bf3f8f_1,0.0011243843473494053,-1.1774415969848633
1226,56250_3b6024e3_46,0.030127834528684616,0.4673098921775818
1227,56355_727ca47c_3,0.037931930273771286,-8.159283638000488
1228,35057_9af89947_1,0.0044170888140797615,0.30651038885116577
1229,120881_a946667f_13,0.0013386666541919112,-0.8442286252975464
1230,143021_c6df0146_5,0.00025144542451016605,-0.40015900135040283
1231,69240_dc199112_3,0.0011250951793044806,-0.023995041847229004
1232,41733_1ec9b00c_15,0.014243239536881447,-1.9661245346069336
1233,30298_24191733_2,0.0003295239876024425,-1.278867483139038
1234,30400_8824ce97_18,0.012261835858225822,-1.5603516101837158
1235,37040_ecbcd25e_36,0.014350366778671741,-2.8703689575195312
1236,23035_6087bb57_4,0.0006860807770863175,-0.026729345321655273
1237,38675_6e07d74b_26,0.08554575592279434,-0.18365776538848877
1238,31751_e37382e1_9,0.0037846090272068977,0.596461296081543
1239,54601_e1da5b93_4,0.018810085952281952,0.6257833242416382
1240,142999_171240b6_29,0.016077371314167976,-0.21870887279510498
1241,137646_14bca880_0,0.007290339563041925,0.32673192024230957
1242,37519_442dc408_1,0.0008674233686178923,-0.06000924110412598
1243,47195_a8cd8bad_6,0.0025207980070263147,0.8397014737129211
1244,22474_b10fea1a_6,0.008386816829442978,0.03271472454071045
1245,53200_d1e30b87_10,0.0018649294506758451,0.6754850149154663
1246,41472_f9d73638_9,0.0021763253025710583,-1.2369329929351807
1247,126397_cc08a23d_1,0.001008326536975801,-0.6364525556564331
1248,31838_2e4bd173_4,0.02252919040620327,0.5983625650405884
1249,52006_d21e4570_7,0.00467723747715354,0.07285243272781372
1250,62109_08c31aa8_0,0.010936243459582329,-0.9487296342849731
1251,49403_458914df_0,0.00524799432605505,-2.099928855895996
1252,122914_76ff1f5e_2,0.00015482095477636904,-12.779483795166016
1253,34913_d23e2a24_2,0.0066208974458277225,-1.9626390933990479
1254,104641_2cd02839_15,0.0007306194165721536,-1.1113228797912598
1255,131632_6144b102_1,0.04125354066491127,0.5088526010513306
1256,30850_05d88af9_0,0.006064666900783777,0.5241429805755615
1257,86296_8a6ed4d3_7,0.0015730885788798332,-3.845158100128174
1258,34983_439766af_7,0.024610130116343498,0.6493957042694092
1259,33374_7491cbf8_2,0.06693917512893677,0.3523428440093994
1260,50694_afd26bd5_10,0.0479448176920414,0.4851464033126831
1261,50292_e84db1fb_8,0.0001696561957942322,0.42106056213378906
1262,81367_622a9e51_2,0.015089993365108967,-2.7891719341278076
1263,78966_584c5305_0,0.007725232280790806,-3.028083324432373
1264,79905_623eae86_1,0.09186901152133942,0.24767661094665527
1265,63055_6b907478_15,0.004461001604795456,0.6441462635993958
1266,135771_b030a25c_4,0.003441107925027609,-3.3324499130249023
1267,41753_9b4f8d8a_0,0.019393589347600937,0.6192294359207153
1268,80784_f7ec5f70_1,0.0030710941646248102,0.47962111234664917
1269,33607_c6f31fa6_10,0.03394462913274765,-3.1570706367492676
1270,22225_a3ce4d29_42,0.0046853115782141685,0.49650079011917114
1271,51938_8b9cba89_5,0.04197879880666733,0.12025600671768188
1272,44741_f386a08f_4,0.010391075164079666,0.691591739654541
1273,70021_e673ae54_4,0.026203209534287453,0.5747150778770447
1274,55135_f1186d58_7,0.04505374655127525,-3.03817081451416
1275,31856_2a5a4e32_12,0.020324526354670525,-0.12745273113250732
1276,75303_045fc848_4,0.009438857436180115,-0.4502873420715332
1277,129683_3ad38815_10,0.06579510867595673,0.23060011863708496
1278,21894_93f0d052_24,0.004440006334334612,0.6409226655960083
1279,143823_1b04bf80_13,0.006924336310476065,0.5003387928009033
1280,143823_1b04bf80_18,0.0009454209357500076,0.08530110120773315
1281,111863_c925f4f3_2,0.0005763499066233635,0.4500478506088257
1282,104633_d0a15bd3_6,0.022267647087574005,-0.8672215938568115
1283,48832_22363e53_33,0.01068050879985094,0.7115085124969482
1284,127466_a18ae326_1,0.0035195776727050543,-0.3259927034378052
1285,22211_b1ee53f0_12,0.010825240053236485,0.5476359128952026
1286,137837_9c9f163d_6,0.0031852764077484608,0.1324925422668457
1287,122755_b830e22d_17,0.00022296409588307142,-1.497112512588501
1288,21299_e9cd80a6_12,0.004857247695326805,-5.513589382171631
1289,44920_70dd4b80_11,0.009637444280087948,0.5639903545379639
1290,52987_387431ac_7,0.009243955835700035,0.7184511423110962
1291,147926_b78316a8_10,0.0018066941993311048,-0.5828747749328613
1292,144653_e3eccdf1_50,0.000932911119889468,0.3784446716308594
1293,56458_c027ed41_0,0.00685689365491271,0.14884233474731445
1294,23495_6366269c_11,0.019847678020596504,0.6052901744842529
1295,70883_e2d6a103_2,0.050503648817539215,0.24960559606552124
1296,32743_f4c47bbc_34,0.002633852418512106,-0.5351079702377319
1297,30910_38ea5a06_2,0.0022666940931230783,0.6155703067779541
1298,56476_466fc284_17,0.059626106172800064,-0.23331201076507568
1299,22604_0b4ffb43_62,0.010222929529845715,0.5734593868255615
1300,21534_6367be99_0,0.003170951269567013,0.00040262937545776367
1301,133026_1085532d_1,0.0027519254945218563,0.3006203770637512
1302,137828_0b0786fb_1,0.028061889111995697,0.46052229404449463
1303,55627_971fde61_27,0.009079363197088242,-0.14616036415100098
1304,93869_8b1922a3_0,0.006339616607874632,0.48872697353363037
1305,24393_9acd18c6_3,0.021671727299690247,0.595604419708252
1306,44996_b3e9c266_14,0.000520082307048142,-1.0353379249572754
1307,55300_b9675d43_1,0.020402157679200172,0.5994135141372681
1308,113352_879844fe_0,0.005199167877435684,0.7882852554321289
1309,135317_3c58b0d0_9,0.0008561068098060787,0.20896244049072266
1310,115624_fe3eb392_1,0.013698657043278217,0.35844457149505615
1311,63055_6b907478_21,0.007421054877340794,0.7293658256530762
1312,40421_032c052f_0,0.00401958916336298,0.3890221118927002
1313,143029_70554264_3,0.0007095414912328124,-0.21552634239196777
1314,145117_78f63de3_0,0.030490893870592117,-6.84194278717041
1315,128996_35f2006e_0,0.00023640369181521237,-0.182175874710083
1316,54503_fc6c6963_1,0.004129014443606138,0.4785054922103882
1317,24657_0168dc6b_1,0.011841043829917908,0.710169792175293
1318,130524_13ad16a8_0,0.2340776026248932,-0.15747249126434326
1319,142670_33c641dc_3,0.016783682629466057,-5.376345634460449
1320,65375_674ff0b9_11,0.0014945028815418482,-0.36064064502716064
1321,23168_7fdf5427_3,0.0001952300954144448,-88.18109893798828
1322,41717_ab2075ac_0,0.005723957438021898,0.7898394465446472
1323,21739_57582b8f_4,0.004607229959219694,0.729699432849884
1324,143293_fc5b0ff7_30,0.01374406460672617,0.6251910924911499
1325,135906_587b5c3d_0,0.00395787600427866,-1.3899424076080322
1326,138685_fd9b79cd_0,0.0033768077846616507,-1.70015287399292
1327,119921_5621fcb4_0,0.0062210047617554665,-0.05027210712432861
1328,49403_458914df_5,0.010982758365571499,-0.25168144702911377
1329,73525_7f6b2f67_2,0.0009069325751625001,-0.45258474349975586
1330,136994_a3a2f50f_3,0.0036049061454832554,0.5939622521400452
1331,31838_2e4bd173_1,0.018422100692987442,0.601272463798523
1332,35866_d0233b36_6,0.02380184829235077,0.5942274332046509
1333,53053_d6b4d71c_9,0.024043336510658264,0.37576794624328613
1334,90220_7baf1e18_1,0.0047518364153802395,-5.414601802825928
1335,23364_73dd9d4d_10,0.0011072518536821008,-0.5913635492324829
1336,52987_387431ac_3,0.00829030480235815,0.3172166347503662
1337,51859_6b2fd0f1_4,0.004535405430942774,-1.5214009284973145
1338,51708_867d4509_12,0.0004839065077248961,-3.191711902618408
1339,93199_2146e709_3,0.019340721890330315,0.5899385213851929
