case_num,case_name,MSE,R-Square
0,50417_199cffee_13,0.009990852326154709,0.9221766591072083
1,48516_2b3135bf_11,0.005825151223689318,0.8030526638031006
2,41733_1ec9b00c_31,0.004110782872885466,0.6012527942657471
3,31664_1e85c690_0,0.00304937525652349,0.836053192615509
4,21893_0500d043_18,0.0020006210543215275,0.9593251347541809
5,31607_9a2f8140_6,0.0014919722452759743,0.9499214291572571
6,41774_88a7a483_18,0.0008969324408099055,0.7810542583465576
7,42143_51b31600_4,0.000138412433443591,0.7203251719474792
8,23104_3b70eba4_13,0.0004043382650706917,0.33484333753585815
9,129075_8fbf62e5_2,0.00025166815612465143,0.3358711004257202
10,41624_a15f83c1_13,0.000294077442958951,0.8555945158004761
11,36088_1ea9c8a9_12,0.0005688791279681027,0.9867286086082458
12,126477_6596d136_14,0.0007752553792670369,0.29729217290878296
13,130441_10c43121_0,0.013676975853741169,0.9303255677223206
14,133385_e6aa64d8_21,0.0003505768836475909,0.7699991464614868
15,26398_b99946da_1,0.006511222571134567,0.9143661260604858
16,61198_0c99f50a_4,0.00010720135469455272,-5.753329277038574
17,26661_ab88a525_0,0.0004776900459546596,0.44790196418762207
18,129075_8fbf62e5_1,0.0013163635740056634,-0.24312305450439453
19,51891_9455ea02_1,0.0024158074520528316,0.9616655111312866
20,34770_6bba5bd4_13,0.0005100240814499557,0.9899861216545105
21,21646_a2dd0d00_53,0.0017179781571030617,0.8571979999542236
22,68909_4ae1bc2e_1,0.0002000654931180179,0.8119841814041138
23,27866_ece3076e_109,0.0004418220487423241,0.9303305745124817
24,92134_52f13f49_6,0.00039857550291344523,0.7702972888946533
25,23342_7193a931_1,0.00010878223838517442,0.8490176796913147
26,126572_a2d6f794_14,3.657959678093903e-05,-2.6773598194122314
27,44344_3e0b0b0c_1,2.3057586076902226e-05,-2.1934120655059814
28,49331_3bf3bb84_4,0.002808082615956664,0.9485981464385986
29,33971_46bb0373_0,0.0007268282352015376,0.9071571826934814
30,21517_bfe35b4c_1,0.0002903455460909754,0.5788794755935669
31,23165_369d62aa_6,0.0016592299798503518,0.9799870252609253
32,81846_2907c980_0,0.002191567560657859,0.9027171730995178
33,24168_a0ede173_111,0.004308145493268967,0.5744845867156982
34,53461_a5942665_1,0.0006531180697493255,0.9757766723632812
35,24907_c72322ea_13,0.0014975157100707293,0.4349350333213806
36,133424_315bcaeb_7,0.0001812693226383999,0.7654300928115845
37,40490_916e13fe_0,0.004038393963128328,0.8742135763168335
38,38000_b5822e44_3,0.0032903358805924654,0.9501314163208008
39,138520_f4e0bc0b_63,0.000452255888376385,0.5685268640518188
40,61294_9255796d_3,7.034928421489894e-05,0.8683666586875916
41,22176_272891b8_0,0.0011437624925747514,0.41982144117355347
42,24815_4f2a57e4_1,0.0032914113253355026,0.9033518433570862
43,113343_e692c488_1,0.00017229767399840057,0.739989161491394
44,33995_18423507_1,0.00039929969352670014,0.4621068239212036
45,127897_029949fd_6,0.00044373032869771123,0.9911271929740906
46,123181_4e56fb4f_0,0.0010738848941400647,0.9844426512718201
47,22670_9353c710_1,4.697026815847494e-05,0.7137479782104492
48,128642_4d72bf31_2,0.0007949048886075616,0.5693972706794739
49,146667_fe438b5b_6,0.00984891690313816,0.3985404372215271
50,38260_2a31c6df_2,0.0012775750365108252,0.8199478983879089
51,24443_996411f9_3,0.0015840079868212342,0.9640540480613708
52,142074_34e02b6d_1,0.0006433592061512172,0.8073229789733887
53,41501_b627682a_15,0.0019775163382291794,0.8271909952163696
54,24712_da77fe8f_0,0.0019275391241535544,0.9639362096786499
55,32960_0eaa1de8_26,0.0014709698734804988,0.9727545380592346
56,130757_b2c47f8d_2,4.179128518444486e-05,-0.24900317192077637
57,104817_6d73dc41_0,0.010922646149992943,-0.2237393856048584
58,79243_49539d9f_0,0.0024256971664726734,0.9477413892745972
59,82012_c533307b_1,0.00031763582956045866,0.7041109800338745
60,107649_e651c5ca_1,8.211649401346222e-05,0.4273625612258911
61,40997_e3c88650_12,0.0021977529395371675,0.9436268210411072
62,143029_70554264_4,0.001270836335606873,0.826279878616333
63,27054_342fcf5c_3,0.00029355412698350847,0.6936168074607849
64,41648_577daf16_17,0.00033492111833766103,0.8732156753540039
65,89720_4e65191c_1,0.0020609810017049313,0.9500723481178284
66,75382_1b589ea9_12,0.00015233829617500305,0.5645240545272827
67,120371_433ba1ca_2,0.0012654890306293964,0.8896341323852539
68,49024_b7f02205_13,0.0025319047272205353,0.8881691694259644
69,51022_47816098_7,0.007335885427892208,0.9246714115142822
70,41634_4f5d0edb_0,0.00013914043665863574,0.7217731475830078
71,23170_6ea8ded5_3,0.002435645554214716,0.9592392444610596
72,69589_cd2fa794_8,0.003498711623251438,0.7712321877479553
73,41504_85e300ee_0,0.006982362829148769,0.046630918979644775
74,128996_42176b10_0,0.0031501997727900743,0.7450287938117981
75,38920_e81879c2_7,2.1488283891812898e-05,-24.84440803527832
76,148051_c59af578_6,0.0005060994299128652,0.9862164258956909
77,65494_16d62db5_0,0.00021376500080805272,0.7135540843009949
78,25473_0991d519_0,0.0016652604099363089,0.960877001285553
79,75270_25a261ef_5,0.0013513813028112054,0.8651597499847412
80,49613_1b97c07b_12,6.047510396456346e-05,0.35770273208618164
81,115633_a2c63339_1,0.00062204321147874,0.8160119652748108
82,52366_63042db4_1,0.002414482645690441,0.94504714012146
83,30282_88c6933c_5,0.00193692441098392,0.7682801485061646
84,53474_f29e4438_12,0.003917747642844915,0.8717385530471802
85,24026_1dd4094b_21,0.002739573363214731,0.6874971985816956
86,21225_c081eae3_2,0.001583628123626113,0.7906771302223206
87,35057_9af89947_8,0.00036632330738939345,0.7057375907897949
88,43529_4804941b_20,0.0035612767096608877,0.8914694786071777
89,22103_fd11c71b_3,0.0014863749966025352,0.8143970370292664
90,51536_a18dc325_0,0.0007591682951897383,0.9597094655036926
91,24230_636208ab_13,0.0005611542146652937,0.65540611743927
92,41117_1b3271f2_56,0.011802692897617817,0.8177477121353149
93,140499_419d5823_0,0.0014158269623294473,0.8776120543479919
94,115524_a949e82c_2,0.00012992622214369476,0.49388372898101807
95,29833_0ed4880f_3,0.000902715080883354,0.9837579727172852
96,127556_4823a42a_6,0.00039867169107310474,0.9330320358276367
97,23960_48cc0f21_19,0.00012483827595133334,-0.750584602355957
98,132987_ba18d2eb_11,0.0002317173348274082,0.5562921762466431
99,51337_f8636fd9_30,0.00020059874805156142,0.7733501195907593
100,40999_cad6be09_18,0.0019370963564142585,0.9542023539543152
101,136886_99fbdef3_0,0.00022467410599347204,0.6144465804100037
102,30447_4ed3b778_7,0.00617097457870841,0.9772645831108093
103,55811_bc667b2d_13,0.0024122882168740034,0.08164691925048828
104,41716_d55164d4_1,0.00034139957278966904,0.8805199861526489
105,33610_aa697fc9_6,0.0006456620176322758,0.9523420333862305
106,55095_fa260d33_6,0.004936701618134975,0.8698717355728149
107,115639_bc0cc622_0,0.004867259878665209,0.6436350345611572
108,20841_1620ae7d_0,0.0014974259538576007,0.7938435673713684
109,50823_d1830e58_2,0.0013429579557850957,0.7341532707214355
110,109762_cb162371_48,0.0006027285708114505,0.7881997227668762
111,41387_5f752e39_23,0.0018209075788035989,0.9326596260070801
112,121540_629c716f_0,0.0010921620996668935,0.9537665843963623
113,118539_1dff9cf9_12,1.873912879091222e-05,-0.370491623878479
114,30714_dafa62f6_2,0.005820457823574543,0.9238506555557251
115,79633_bbbde75f_0,0.003169595031067729,0.9226977825164795
116,33059_531cfd5e_11,0.0010837308363988996,0.8226399421691895
117,20697_d3e106b4_4,0.00015104735211934894,-0.2685757875442505
118,136062_0027ff97_6,0.0011201348388567567,0.8966573476791382
119,146291_6b0c8db3_1,0.006945054512470961,0.8383705615997314
120,45466_5f662bcb_0,0.0001372603583149612,0.7173823714256287
121,144500_7f600ab6_0,0.0007580163073725998,0.9299041032791138
122,44996_b3e9c266_4,0.0009737422806210816,0.7943282127380371
123,40713_4c9264ef_0,0.0007202216656878591,0.9039055705070496
124,132384_0fcab1fa_13,0.0008345959358848631,0.10216110944747925
125,33738_77d49563_2,0.00023690893431194127,0.7246246933937073
126,129422_621d0a90_33,0.000248297379584983,0.8831403255462646
127,115633_fd3c9b97_32,0.0001238693221239373,0.4924226999282837
128,69337_a122ffde_1,0.0009203547379001975,0.9059332013130188
129,37241_29f91452_0,0.0007463646470569074,0.9827340841293335
130,141199_9ae000ef_6,0.003166449023410678,-1.6765522956848145
131,147133_92c04b84_4,0.0007466840324923396,0.34328216314315796
132,77687_cbb18594_50,0.002018590457737446,-0.39332056045532227
133,144290_2a679085_11,6.595978629775345e-05,0.8057388663291931
134,130825_c59bbbfb_0,0.0016309181228280067,0.9582635164260864
135,82512_252da752_6,2.2498394173453562e-05,-33.807430267333984
136,115624_d0acb46b_24,0.002315187593922019,0.9748798608779907
137,92134_52f13f49_7,0.000366189400665462,0.7702524662017822
138,100326_0602c712_7,0.0005558201228268445,0.12385040521621704
139,134630_f9e85072_0,0.0023228737991303205,0.4652566909790039
140,108943_b07b2543_1,0.0009299326338805258,0.8466517329216003
141,125416_ab456bc3_5,0.0013570968294516206,0.8847803473472595
142,57222_33b428d7_69,0.00031713637872599065,0.682815670967102
143,24650_dad8c8ee_13,0.0021249542478471994,0.9623472094535828
144,41749_14d0599c_1,0.0005445359856821597,0.9189969897270203
145,49396_98ab955d_27,0.00014028845180291682,0.9084099531173706
146,136892_e2a0b32c_4,4.738659845315851e-05,-0.2184845209121704
147,31962_e5291336_28,0.001524504041299224,0.9667287468910217
148,34231_e27353cb_0,0.0003491255338303745,0.6329265236854553
149,112724_d334de09_0,0.005010634195059538,0.9221220016479492
150,56486_82b3e23a_21,3.488384754746221e-05,0.5943547487258911
151,40500_6055e3d7_17,2.8643731639022008e-05,0.0364040732383728
152,39468_15fb2e60_43,0.0005371986189857125,0.12344944477081299
153,141710_17531562_7,0.0011126992758363485,0.9685525298118591
154,33529_756075a0_12,0.001330773695372045,0.7393007278442383
155,54169_3a875f10_8,0.002752194879576564,0.9274081587791443
156,41023_5445cb61_9,0.0007206413429230452,0.36621493101119995
157,146380_5c569eeb_2,0.0007416537264361978,0.6013810634613037
158,24195_9791f5d3_38,4.1029616113519296e-05,0.19091516733169556
159,26573_7f7e176d_2,0.01965474896132946,0.8256686925888062
160,22734_f6bad9f7_25,0.0056341420859098434,0.9092212319374084
161,48112_9538e204_0,0.000453158252639696,0.9910047650337219
162,127545_6fa39158_10,0.0020494430791586637,0.9840629696846008
163,23788_5c0b60c6_0,0.00039425186696462333,0.7929830551147461
164,23792_5b4c1ce0_21,0.0023578093387186527,0.925601601600647
165,146067_46e58ab3_1,0.006057441234588623,0.9615685939788818
166,101072_dec6f415_3,0.0004134600458201021,0.8104733228683472
167,22829_b6649a29_0,0.0001244328886969015,-1.0632328987121582
168,55389_a736bd99_0,0.0006900199223309755,0.6334649324417114
169,30259_d709601c_9,0.013797479681670666,0.6069408655166626
170,35866_d0233b36_13,0.00014844654651824385,-0.5762861967086792
171,34563_52848c45_5,0.0002944997395388782,0.8807942867279053
172,44519_90af0df6_7,0.0013378761941567063,0.609725296497345
173,114111_59282658_8,0.0003838314733002335,0.8686597347259521
174,45922_26941172_15,0.0047155022621154785,0.9210635423660278
175,41303_bd1def52_3,0.0009832665091380477,0.7513782382011414
176,22053_de30641b_1,5.166951086721383e-05,0.20904654264450073
177,22298_51433023_4,0.0017088509630411863,0.9627679586410522
178,23479_81a49137_0,0.0025480431504547596,0.0743567943572998
179,22225_a3ce4d29_37,0.005558699835091829,0.9230396151542664
180,135669_490cd2d7_14,0.007490739692002535,0.5982206463813782
181,32173_8b075b1a_4,0.0034943583887070417,0.9433997869491577
182,145119_24107428_5,0.0016048471443355083,0.8782671689987183
183,41774_88a7a483_36,0.00032768581877462566,0.8315868377685547
184,133549_1b6c58d6_0,0.0024037580005824566,0.9488397836685181
185,40936_6de8f4f4_0,0.015997223556041718,0.9002061486244202
186,23008_3d1bb7b2_0,0.006363477557897568,0.9086965918540955
187,38360_ad61c9b2_1,0.0006138603785075247,0.6011620759963989
188,136109_3d342d3c_2,0.0017581097781658173,0.9293196201324463
189,135790_a27f9deb_11,0.000223139111767523,0.7232869863510132
190,140249_7c1c5bba_0,0.000370367692084983,0.5491560697555542
191,128996_a3d026d6_0,0.002443097298964858,0.49934613704681396
192,23235_f9ccb8b0_0,0.0007803624612279236,0.38459575176239014
193,93671_f7290ded_0,0.0003955605789087713,0.7656036019325256
194,51109_97b211c3_7,0.00121406395919621,0.851620078086853
195,51916_fa226b15_13,9.854220115812495e-05,0.7870771884918213
196,86268_094d3fab_1,0.0005777206970378757,0.9884480237960815
197,39637_ca6a9a60_1,0.0037919804453849792,0.531042218208313
198,47219_93cb3619_3,0.028901655226945877,0.4909408688545227
199,47878_0edb6829_0,0.0030240893829613924,0.9462181925773621
200,26764_ab35159a_6,0.004226213786751032,0.8313080072402954
201,34341_d19b12fb_12,0.0001210791160701774,0.8666698336601257
202,118342_c702e084_6,0.002594252582639456,0.9407386183738708
203,49886_dd68dccb_4,0.0023751931730657816,0.8201605081558228
204,23493_57512264_5,0.000256972765782848,0.18986350297927856
205,31751_e37382e1_5,0.0020859146025031805,0.946570098400116
206,24338_848cab42_6,0.00613756338134408,0.515108585357666
207,24916_42eacca3_10,0.0009617134928703308,0.48041462898254395
208,137485_a953e1be_2,0.0004487998376134783,0.9910262227058411
209,23706_ef15ef9c_18,0.0033225228544324636,0.7796075940132141
210,143671_eaf4d13b_6,0.0026398783084005117,0.9597223401069641
211,53470_39f2e9dc_13,0.001086456817574799,-0.37685954570770264
212,145772_59253c6d_3,0.00012184771912870929,0.8283051252365112
213,51893_d531e2bd_2,0.0011176156112924218,0.9756657481193542
214,39389_d641313f_8,0.007882688194513321,0.6992271542549133
215,51595_41f3d1a3_5,0.00035283633042126894,0.6650308966636658
216,51674_a70c1c6c_15,0.0004613481287378818,-0.7576017379760742
217,37617_3f415463_5,0.0001594376954017207,0.8790720105171204
218,31862_a89f21f9_3,0.002612136537209153,0.9223721623420715
219,40519_55a097c6_11,0.0035171823110431433,0.794929027557373
220,111306_9108c940_0,0.0013305392349138856,0.745374321937561
221,136640_16741d62_4,0.0012174466392025352,0.17152297496795654
222,23155_d7305c5f_2,0.013425396755337715,0.728060245513916
223,43934_912ff891_41,0.00018822401762008667,0.10274159908294678
224,57017_6033d1e5_0,0.0008785892860032618,0.9557677507400513
225,126913_d253adb7_1,0.0006884001777507365,0.7246984839439392
226,130752_52d74f2f_48,0.0015518238069489598,0.8953907489776611
227,124177_71283cad_0,0.0021812263876199722,0.8318041563034058
228,24650_dad8c8ee_18,0.001395124476402998,0.9643374681472778
229,55199_4d57661f_2,0.011558200232684612,0.3080517649650574
230,115010_eb737aaf_20,0.002617279998958111,0.9498816132545471
231,27855_19c5895a_12,0.0023279786109924316,-0.22101664543151855
232,52772_a6e6e320_0,0.0003833838563878089,0.4855015277862549
233,90917_3d2d21a9_0,0.01032283529639244,0.7639057636260986
234,40703_5f4e45d4_7,0.0007867731037549675,0.9843921661376953
235,132622_911efd2f_1,0.007116064429283142,0.8934834003448486
236,43441_e1ab0873_6,0.04375702515244484,0.30922430753707886
237,34917_61633e20_6,0.002336857607588172,0.9493370056152344
238,67221_275ba7e6_4,0.002207486890256405,0.9557197093963623
239,130719_e4764a36_10,0.0004497974878177047,0.01916438341140747
240,136318_130d6a06_20,0.0017135163070634007,0.8437075614929199
241,99636_73c43ebd_10,0.0006874179816804826,0.9814516305923462
242,29377_3a04cb8d_6,0.0013960849028080702,0.7963266372680664
243,23018_63087a41_47,0.0013090005377307534,0.9641695022583008
244,26165_100fec74_4,0.0002926716988440603,0.07911068201065063
245,135934_d2f6bb2e_46,0.0004374271084088832,0.7876567244529724
246,24039_448afafa_5,0.0016494697192683816,0.9205044507980347
247,32775_a79b406b_14,0.001980107743293047,0.7476990818977356
248,23686_cba4f679_0,0.0009645234094932675,0.9085268974304199
249,35147_bc9f2c5d_0,0.002688691485673189,0.5659616589546204
250,136337_1351909b_2,0.009030384942889214,0.7855057120323181
251,139222_2c10ca9a_1,0.0027496134862303734,0.7634592056274414
252,139379_fe5c3f64_0,0.0003532997507136315,0.986974835395813
253,33084_344fec27_2,0.0017845705151557922,0.9664079546928406
254,24775_d5c98d77_0,1.8489685317035764e-05,0.43002521991729736
255,56344_3a89f085_23,0.00135810486972332,0.8741304278373718
256,135112_cf8007b8_5,0.005098063498735428,0.8744711875915527
257,50706_20d07d57_2,0.010709460824728012,0.8973743319511414
258,51744_cd355565_5,0.0021562413312494755,0.9354165196418762
259,51464_da501c24_0,0.0017487723380327225,0.6553155779838562
260,126572_a2d6f794_23,4.956249540555291e-05,-0.7153410911560059
261,70021_e673ae54_2,0.00010516398469917476,0.848475992679596
262,25144_31b089b6_5,0.0006991896079853177,0.6833014488220215
263,24715_55aac5f2_2,1.9594363038777374e-05,-0.6312286853790283
264,24532_f82f8000_2,0.0011249365052208304,0.08932071924209595
265,30664_a3084f71_1,0.0014321310445666313,0.40124350786209106
266,81145_5c13a8e9_1,0.0002914581564255059,0.7023046016693115
267,132037_2abb8c63_10,0.00010609106539050117,0.5123192667961121
268,50414_ac159b58_2,0.0022802152670919895,0.9171299934387207
269,21601_360ce1c7_7,0.0016307965852320194,0.970362663269043
270,22119_27e3ecbe_9,0.001640958129428327,0.9491147994995117
271,145120_74f7316f_0,0.010277984663844109,0.5353171825408936
272,74574_c302ff1f_0,0.00048509836778976023,0.3628583550453186
273,52443_085efc00_4,0.0004597060033120215,0.8497912883758545
274,147546_ede0f31c_3,0.00885658897459507,0.8084786534309387
275,22492_047b125b_21,0.003241202561184764,0.9247736930847168
276,72313_5a86e234_0,0.028405264019966125,0.4573877453804016
277,45589_49e3c7ea_2,0.00020340214541647583,0.9938666224479675
278,83432_a7f85698_0,0.0018430304480716586,0.9586034417152405
279,32775_a79b406b_0,0.00010088513954542577,0.02846670150756836
280,121703_69c4a5ac_3,0.00014233319961931556,0.48428279161453247
281,80901_e9080573_6,0.001185310655273497,0.953743040561676
282,21809_8bd6b10e_3,0.0182714331895113,0.5978454351425171
283,49396_98ab955d_15,0.001927378587424755,0.8162260055541992
284,33766_14917a4a_19,0.0014689898816868663,0.9673152565956116
285,26661_ab88a525_8,0.0002710323315113783,0.9924020171165466
286,44030_17bd5ec9_0,0.0008801909280009568,-0.08202457427978516
287,53221_74fa81cd_7,0.00047583135892637074,0.5886833667755127
288,21887_3306168f_7,0.0036393131595104933,0.6373796463012695
289,86185_85fde9e6_0,0.0015916316770017147,0.7567504644393921
290,87951_500b1dcd_2,0.00030300882644951344,0.6756279468536377
291,22276_69c5036b_11,0.0034885555505752563,0.9087263941764832
292,41721_44151488_5,0.0025564266834408045,0.7632898092269897
293,102293_5d04e48d_0,0.014788205735385418,0.2983601689338684
294,77687_cbb18594_20,0.0003512401308398694,0.5127815008163452
295,133248_1bab99ae_0,0.0021026586182415485,0.07310366630554199
296,24051_4852a192_2,0.0009924032492563128,0.9659373760223389
297,86806_2993395a_1,0.00029277114663273096,0.751457154750824
298,38558_b0d6b3f8_1,0.0011415336048230529,0.9765703678131104
299,140549_7d01813c_0,0.05803705006837845,-0.841049313545227
300,24559_3c306e71_1,0.0015944259939715266,0.7547626495361328
301,70350_751de4b0_13,0.004116878379136324,-0.676987886428833
302,39101_23fec10f_8,0.002563558518886566,0.7272660732269287
303,24942_9d1b2ff2_8,0.0042486065067350864,0.9504795670509338
304,30850_05d88af9_3,0.01586710661649704,0.7361488342285156
305,113358_08641c94_4,0.0017983992584049702,0.9441161751747131
306,21234_8b71bd47_27,0.0010457909666001797,0.6216565370559692
307,26245_4aac38e1_21,0.00033557109418325126,0.22142964601516724
308,66072_d301cc88_0,0.0008529483457095921,0.6311390399932861
309,21894_93f0d052_23,0.0012979119783267379,0.8718015551567078
310,147816_7fb70c2b_2,0.0012815812369808555,0.8655766248703003
311,49120_4131d1e7_1,0.0004636110970750451,0.9071818590164185
312,52224_ca16c854_4,0.006075708661228418,0.1323888897895813
313,105762_19e04e0b_1,0.00020981347188353539,-0.6562933921813965
314,30400_8824ce97_36,0.0007122576935216784,0.8974083065986633
315,95199_ffcff41e_0,0.0002298330800840631,0.7645183801651001
316,50417_199cffee_3,0.00021854494116269052,0.8299068212509155
317,24544_d06c82dd_5,0.0009069416555576026,0.9849908947944641
318,22604_565b91f5_2,0.001200370374135673,0.949916660785675
319,22788_b6a9e30a_4,0.0011951447231695056,0.7013407945632935
320,45789_d5126eab_14,0.0010129602160304785,0.7930783033370972
321,37267_b2be4b50_3,3.6585468478733674e-05,-2.681335687637329
322,34330_5eff1ee1_3,0.0016525679966434836,0.8071380853652954
323,137999_d934160e_1,5.960924318060279e-05,0.5388907194137573
324,134921_f5efde94_27,0.000201678485609591,0.814576268196106
325,53470_39f2e9dc_8,5.4847907449584454e-05,0.38467907905578613
326,23497_f292546d_25,0.002758369082584977,0.8853574991226196
327,22289_4b848f64_2,0.001559768570587039,0.7887518405914307
328,31392_84b62622_2,0.002368767512962222,0.8025844693183899
329,51347_1fc6f329_0,0.001666386378929019,0.6256539821624756
330,50777_2934de55_6,0.0002866627764888108,0.9897728562355042
331,32841_954e8c1a_0,7.857484160922468e-05,0.9189344644546509
332,31530_6744ae73_3,0.0013791417004540563,0.9797571301460266
333,65827_d1469ad6_1,9.150624100584537e-05,0.3152022957801819
334,145461_30637b22_8,6.652776937698945e-05,-1.6591732501983643
335,31973_093ea963_13,0.0005167083581909537,0.7988502979278564
336,70355_e5f58cd5_14,0.0012217110488563776,0.8808528184890747
337,77687_cbb18594_40,0.00011251994146732613,0.5028748512268066
338,24392_fce351ea_0,0.00044856398017145693,0.7595252394676208
339,36853_7efccb8c_3,0.0009122007759287953,0.8754973411560059
340,41644_d15f8e2b_5,0.00013787634088657796,0.289490282535553
341,131762_9b5e5ff5_2,0.0025219626259058714,0.8477004170417786
342,82193_96ef9433_2,0.001315565314143896,0.9794986248016357
343,31347_386f6298_15,0.0016101468354463577,0.9621403217315674
344,34568_fbe47bf9_0,0.0002193379623349756,0.372134804725647
345,115624_fe3eb392_3,0.0025629831943660975,0.9413462281227112
346,130446_e7b58dbe_0,0.01388278417289257,0.4398882985115051
347,104641_2cd02839_33,0.00017854251200333238,0.6099467873573303
348,31460_39fdfc6a_7,0.0014509328175336123,0.6734142899513245
349,95541_ced8f936_0,0.001837354153394699,0.9604007005691528
350,23126_725969ea_17,0.0015324796549975872,0.8380858302116394
351,23676_52069f98_5,6.566353840753436e-05,0.7527233958244324
352,137637_ed9c537d_0,0.0008321086643263698,0.7942490577697754
353,22474_b10fea1a_2,0.0011767190881073475,0.9714975953102112
354,143017_21d96cc2_10,0.001697350642643869,0.7553115487098694
355,105270_34f92afd_1,0.00030128061189316213,0.5774309039115906
356,95622_0a0787e4_4,0.0016051994170993567,0.9760251641273499
357,55854_13f0399b_0,0.00474080303683877,0.897963285446167
358,22118_1e09e0eb_5,0.005879404488950968,0.7492489218711853
359,146717_3e6a84c1_7,0.0026342773344367743,0.960513710975647
360,63132_330141d7_3,0.0008264786447398365,0.8323855996131897
361,115633_fd3c9b97_46,0.0005804600077681243,-0.19560205936431885
362,21644_aa203dc5_29,0.0005577744450420141,0.8630920052528381
363,79791_00f639ca_15,0.0009183736983686686,0.9845383763313293
364,60711_42b5a13e_1,0.0009432137594558299,0.8955456614494324
365,137483_cdb8989d_0,0.0011107256868854165,0.9768093824386597
366,21644_aa203dc5_26,0.0014268008526414633,0.7537475824356079
367,131876_b2384623_0,0.0006182253709994256,0.6008326411247253
368,23706_ef15ef9c_10,0.0010698643745854497,0.8363282680511475
369,68948_0d2a01cd_9,0.0031828605569899082,0.9107306003570557
370,145137_4e9eef42_1,0.0010263103758916259,0.7935839295387268
371,30426_2cde26de_20,0.006963613908737898,0.9207601547241211
372,31378_34c52a73_0,0.0005068168975412846,0.8592990636825562
373,92134_52f13f49_4,0.0005143248126842082,0.652885913848877
374,119634_fc722479_1,0.0038158230017870665,0.9475002288818359
375,24032_d6172503_24,0.0010936245089396834,0.5421187877655029
376,136401_69f29349_4,4.7933164751157165e-05,0.25626832246780396
377,41871_f9a1ad02_26,0.0009468900389038026,0.928101658821106
378,48220_87941c4e_116,0.003055670764297247,0.5478142499923706
379,115012_9ed88535_2,0.005110645666718483,-1.0412464141845703
380,69488_025cf0a2_1,0.017578454688191414,0.8808367252349854
381,147427_69f68da4_3,7.64227588661015e-05,0.788184404373169
382,33766_14917a4a_32,0.001438994542695582,0.9482362270355225
383,51747_3d58eae0_0,0.0014582066796720028,0.8042025566101074
384,33785_a4c23f61_0,0.07333717495203018,0.7233296632766724
385,114935_797875fe_2,0.004467762541025877,0.8374615907669067
386,51775_49ef614a_26,8.748452819418162e-05,0.8444539308547974
387,38196_ea48fa42_3,5.889217936783098e-05,0.3110620975494385
388,140413_44177109_21,3.257979187765159e-05,0.40376126766204834
389,27676_79237cc5_1,0.0009123915224336088,0.7015140056610107
390,52883_e518d3f4_33,0.0004611269978340715,0.9909162521362305
391,34347_841c5375_2,0.00015883475134614855,-2.2294609546661377
392,55289_292737cb_0,0.0005823432584293187,0.9888200163841248
393,50606_82cb18e2_0,0.0011668502120301127,0.9541407227516174
394,30407_efa567f2_4,0.0007121266680769622,0.9828289747238159
395,31647_ab9ad9dc_13,0.0008736938470974565,0.9153578281402588
396,24896_58b4730f_17,0.0010909958509728312,0.7965127229690552
397,23602_5daaccf5_4,0.0019679672550410032,0.8625460863113403
398,27725_5cceaeb7_10,0.00032355994335375726,0.32779717445373535
399,127734_395dcf7d_5,0.0023252975661307573,0.621890664100647
400,31957_d864f861_3,0.003525032661855221,0.2816559672355652
401,49415_1671b60c_4,0.0003589416155591607,0.6643772125244141
402,45110_fae73324_4,0.0005085371085442603,0.9728614687919617
403,22343_34184fd5_18,0.00023606281320098788,0.1012955904006958
404,22848_cc91b848_38,7.588497737742728e-06,-7.747491836547852
405,73652_23b21ef2_1,0.004923775792121887,0.9009897708892822
406,65569_bd890a32_1,9.438531560590491e-05,0.09467238187789917
407,48220_87941c4e_111,0.004033323843032122,0.29361552000045776
408,30394_e30f932c_0,0.004395573399960995,0.748496413230896
409,21941_1a683ec2_26,0.0010342373279854655,0.9568120837211609
410,25564_e646fcb3_1,0.00011844612890854478,0.5999921560287476
411,134053_87a32e31_3,0.00013333609967958182,0.6361722946166992
412,87950_af56e26e_2,0.0014475386124104261,0.8940541744232178
413,51458_54240b70_17,0.0004017768951598555,0.5562192797660828
414,40688_effe215a_1,0.0010627207811921835,0.9736836552619934
415,131494_c8a441d0_0,0.0014666005736216903,0.7144091129302979
416,26768_c4df841f_21,0.00032239904976449907,0.6223462820053101
417,136892_2d5f55a9_0,0.003072641557082534,0.32620489597320557
418,54652_d60ac3e0_10,0.0017308476381003857,0.9060960412025452
419,51747_3d58eae0_1,0.0009619712946005166,0.6067500710487366
420,54650_df3655c1_0,0.00011172862286912277,-0.22371554374694824
421,41125_711db4bf_58,0.0018153482815250754,0.7980734705924988
422,45418_f603706b_2,0.00035801270860247314,0.9094468951225281
423,21852_6cf9a734_18,0.020786292850971222,0.8223379850387573
424,122515_758d8b70_6,1.066260756488191e-05,-7.805042266845703
425,104081_05ba54fa_2,0.000492118124384433,0.7933198809623718
426,41672_cf87e0b6_0,0.0004995911149308085,0.9228938817977905
427,22638_37f9fe91_1,0.00010897035099333152,0.6780663728713989
428,24559_3c306e71_3,0.0007576413336209953,0.86238694190979
429,31589_ac31215d_8,0.00026601937133818865,0.859230637550354
430,49603_143b8bd2_35,0.004853671882301569,0.6158528327941895
431,127965_c64a91da_0,0.0010119394864887,0.7381041049957275
432,36062_f2fb6808_1,9.678729111328721e-05,0.10549163818359375
433,139280_8874b1ab_18,0.0002408998552709818,0.7685158252716064
434,30997_24dea167_4,0.0022341799922287464,0.7984760403633118
435,143471_eb185912_5,2.558656888140831e-05,0.7380188703536987
436,23176_1bf2a2d5_10,0.0068625230342149734,0.7162779569625854
437,98299_b8146029_5,0.0013171143364161253,0.8859332203865051
438,23466_1cf60d09_4,0.00458707707002759,0.8717361092567444
439,41591_2d0bd0d5_3,0.003942793235182762,0.8613977432250977
440,134929_9049dcec_1,0.00044853982399217784,0.7594836950302124
441,41785_e8bf0528_0,0.001162505941465497,0.9493440389633179
442,31460_39fdfc6a_6,0.0015947596402838826,0.9658476114273071
443,133710_00be7f31_1,0.008706888183951378,0.0009430646896362305
444,24532_f82f8000_0,0.0005766817484982312,0.873151957988739
445,21234_8b71bd47_3,0.0002664677449502051,0.59662926197052
446,35175_6edc4126_5,0.0010597152868285775,0.9692922830581665
447,20495_e8e7e80c_1,0.0005022218101657927,0.41440707445144653
448,76546_c17e95aa_2,0.0001544378901598975,0.0915689468383789
449,41654_e75f89df_0,0.0010148808360099792,0.9449163675308228
450,109772_f1a0845e_6,0.0002055721270153299,0.8812166452407837
451,34913_d23e2a24_0,0.0007428978569805622,0.9587258100509644
452,25203_1cc0cb3c_12,0.004135419148951769,0.9309836030006409
453,37160_2a95674a_4,0.0009124516509473324,0.9404365420341492
454,69240_dc199112_4,0.0011207666248083115,0.787113606929779
455,25176_d9130589_0,0.001106078620068729,0.8546333909034729
456,69235_fe79a369_0,0.0003684494295157492,0.17251908779144287
457,39468_15fb2e60_9,0.0019167124992236495,0.7219337224960327
458,103284_e25015aa_6,0.0002933870709966868,-1.3382556438446045
459,30377_e18ea3de_0,0.00020715426944661885,0.8321785926818848
460,66080_f578d52b_4,0.0010351577075198293,-4.320422649383545
461,37444_52b27e94_14,0.001461506588384509,0.7774198055267334
462,38675_6e07d74b_31,0.0016173116164281964,0.9488248825073242
463,21680_360ba5c7_28,0.0009920065058395267,0.9277234673500061
464,142032_5c32b7db_2,0.0011058708187192678,0.9796363115310669
465,44210_a155c2d1_0,0.01275207381695509,0.7161334156990051
466,38287_88ec74de_92,0.00040424225153401494,0.9403221011161804
467,29572_2f9283f2_4,0.0024304217658936977,0.8189573287963867
468,28300_b3a6ab79_10,0.0007415315485559404,0.974359393119812
469,136129_e6a20c7d_5,0.0002259448665427044,0.6533268094062805
470,119381_e4d13609_0,0.0019618927035480738,0.9257726669311523
471,30729_b4d83b07_4,3.26889639836736e-05,0.3287379741668701
472,140413_44177109_11,0.003954098094254732,0.8140312433242798
473,26384_83eddf22_0,0.0036033927462995052,0.724882960319519
474,82285_e7a738e7_2,0.003943981137126684,0.6714903116226196
475,108599_347602af_0,0.0014287312515079975,0.9555705189704895
476,119889_41a6f268_1,0.00034926069201901555,0.48457401990890503
477,55006_94230c00_1,0.002969016321003437,0.9071776866912842
478,21517_bfe35b4c_10,0.00017791091522667557,0.9182443022727966
479,20818_098cad7c_6,0.00028009345987811685,0.7000514268875122
480,41855_b82e6ae8_6,0.0012521061580628157,0.8552595973014832
481,137166_90691294_8,0.00031918968306854367,0.7880292534828186
482,69561_f274e705_26,0.0003452565288171172,0.9833546876907349
483,51579_d0c3e154_0,0.0012406220193952322,0.9475030303001404
484,23676_52069f98_4,0.0017591101350262761,0.9446091651916504
485,31962_e5291336_1,0.0016872232081368566,0.9500804543495178
486,57222_33b428d7_1,0.00013086502440273762,0.9028463959693909
487,51586_2ad96f8c_17,4.139701195526868e-05,0.5020710229873657
488,41473_c2137170_32,0.0011082920245826244,0.8272684812545776
489,31123_9a1bfc50_2,0.002045712433755398,0.8455153703689575
490,23211_3aac9c7e_0,0.0008248495869338512,0.845449686050415
491,45798_b573e9da_5,0.00713732372969389,0.6320816278457642
492,27847_d2436f7c_37,0.0002513184736017138,0.7095239162445068
493,54736_6ee1b513_1,0.00042935338569805026,0.6290585994720459
494,132901_7d205bb4_9,0.00023071882606018335,-0.529707670211792
495,73762_8c704690_0,0.0036218457389622927,0.5115938782691956
496,23209_1592b0a4_1,0.0007085544057190418,0.9508616328239441
497,49024_b7f02205_2,0.00011260309111094102,0.7145147323608398
498,147630_7f858240_15,0.0008361858781427145,0.85268235206604
499,69337_2c778611_11,0.0003429811913520098,0.7981119155883789
500,82498_92a00cd6_1,0.0011549560585990548,0.6421464681625366
501,78775_e2d8b091_1,0.0011530950432643294,0.8436004519462585
502,40067_95ae6c76_9,0.0007370425737462938,0.9210417866706848
503,80756_6f2e842f_0,0.0005474113277159631,0.8886191248893738
504,25284_1da7aa8a_0,0.0008503345889039338,0.8317351937294006
505,55605_2f8bc12e_62,0.00148484343662858,0.9492179155349731
506,39792_60786b6c_15,0.003914972767233849,0.921405553817749
507,34063_0ca1585e_2,0.001250406145118177,0.189500629901886
508,31664_1e85c690_13,0.0015053222887217999,0.9569582939147949
509,131193_98f3ac52_1,0.0007144275004975498,0.68045973777771
510,120221_e2eaa34b_2,0.0014745446387678385,0.4940268397331238
511,130286_1f71bfed_3,0.001107347197830677,0.6701098680496216
512,118342_e8142153_21,0.0005774380988441408,0.7866063117980957
513,128043_9f8cd69e_1,0.00018518896831665188,0.7448726892471313
514,41504_85e300ee_1,0.00011251196701778099,0.5155264735221863
515,78863_d59be42e_0,0.003960906527936459,0.5238415002822876
516,31733_5118b376_3,0.009336049668490887,0.9333769679069519
517,22208_e177deb7_5,0.00098521844483912,0.7646322846412659
518,24026_1dd4094b_43,0.0005839799996465445,0.48926740884780884
519,73388_10a40b49_1,0.003574951784685254,0.7895489931106567
520,138219_cdff4f61_0,0.0013242195127531886,0.1260678768157959
521,49399_dc56d180_1,0.001953552011400461,0.9634639620780945
522,41306_8f26e703_3,0.0004216876986902207,0.8546596765518188
523,51590_034b8b08_14,0.038823455572128296,0.34344613552093506
524,48402_8c965495_4,0.00014282410847954452,0.7945484519004822
525,26388_a3367cba_0,0.005937088280916214,0.25994664430618286
526,28300_b3a6ab79_6,0.0013326104963198304,0.9554155468940735
527,43938_418421a7_0,0.0012458466226235032,0.43525731563568115
528,41520_60018d18_0,6.843057053629309e-05,0.5072929859161377
529,137869_344b239b_0,0.0009537352016195655,-1.2434468269348145
530,41648_577daf16_0,0.0075948480516672134,0.674896240234375
531,31347_386f6298_10,0.0017843055538833141,0.9662327170372009
532,82190_24b1b0fe_12,0.0019517582841217518,0.6581898331642151
533,33741_4a973932_1,0.002190676284953952,0.6368058919906616
534,42005_3da46d94_0,0.0007855541189201176,-16.58994483947754
535,132982_ee1eed2f_0,0.0010842366609722376,0.9537001252174377
536,23898_6e740393_29,0.001276845345273614,-1.5159571170806885
537,105831_88a0fb85_6,0.0013243906432762742,0.9711154699325562
538,31278_749a6317_0,0.0003725167189259082,0.7762391567230225
539,51586_2ad96f8c_4,0.00035775252035818994,0.8366650342941284
540,57000_cd1ddece_14,0.00024160406610462815,0.901521623134613
541,50692_e7ff2668_8,0.0030492667574435472,0.8915475010871887
542,65346_e89312e5_0,0.00029089709278196096,0.5603781938552856
543,38840_0e449caf_4,0.0024848030880093575,0.35827988386154175
544,29573_ca59fbbf_5,0.0033000633120536804,0.9667307138442993
545,30164_c5680724_12,0.004308123607188463,0.7726490497589111
546,138620_e21e10ee_0,0.00016158711514435709,0.8622918128967285
547,50305_caf9cef2_34,0.0022744452580809593,-2.9355075359344482
548,83396_fdb2987a_0,0.0019633350893855095,0.9292184710502625
549,28379_7e292343_4,0.0032797898165881634,0.9277350306510925
550,33529_756075a0_32,0.0042834957130253315,0.6817025542259216
551,109857_1d24326e_42,2.6934843845083378e-05,-0.3422586917877197
552,22772_2b5f6629_6,0.0009393634973093867,0.9845843315124512
553,34600_e2685d46_2,0.0019055549055337906,0.9303674101829529
554,122344_ab1b06aa_2,0.010766281746327877,0.8053664565086365
555,123573_5f5c9584_1,0.0006936049903742969,0.44040459394454956
556,35166_562b126c_20,0.0007927055121399462,0.969316303730011
557,51350_138f893a_1,2.725244121393189e-05,0.7386084198951721
558,137785_67c3085b_16,0.0031230845488607883,0.9231455326080322
559,50417_199cffee_12,0.005806082393974066,0.7195066213607788
560,22194_a5c323b9_3,0.001032493426464498,0.8315513730049133
561,42329_df7f540f_18,0.001591063686646521,0.8340484499931335
562,41779_25e4203d_6,0.00031691649928689003,0.5171725749969482
563,51094_40aa8332_20,0.0032474130857735872,0.8781200647354126
564,109762_cb162371_38,0.003610871033743024,0.8099172115325928
565,45922_26941172_9,0.0008977501420304179,0.8454375267028809
566,34587_ed155e93_0,0.00023343689099419862,0.9932931065559387
567,69589_a468c1b4_0,0.002834226470440626,0.9401572346687317
568,44921_00dfb467_0,0.000599804159719497,0.8536947965621948
569,82672_4705a693_0,0.000541382993105799,0.7588086128234863
570,26778_a71e88a6_0,6.48709392407909e-05,0.8251367211341858
571,69488_7bfb2b67_0,0.0002145693579223007,0.9940376877784729
572,22686_afe3a61e_0,0.0001520254008937627,0.06075257062911987
573,109772_5faa88e8_5,0.0005224793567322195,0.6426057815551758
574,43938_418421a7_147,0.001244408544152975,0.8290461301803589
575,141694_b5ac3112_3,0.0028988707344979048,-0.11730670928955078
576,31973_093ea963_16,0.00024757938808761537,0.8445571660995483
577,26858_e90dc419_25,4.4814180000685155e-05,0.7406635284423828
578,131350_bbdad30d_0,0.0005850907182320952,0.6664011478424072
579,35741_c43475b8_1,0.000783190131187439,0.7270599603652954
580,30690_3df2c9e2_1,0.0010717262048274279,0.9086251258850098
581,122758_5f4efbf0_2,0.0010488932020962238,0.9309877157211304
582,37822_3be11c62_0,0.0004705527680926025,0.7999260425567627
583,91174_ee6ee92b_1,0.0008313713478855789,0.8052189946174622
584,23676_52069f98_31,0.01590525358915329,0.8397826552391052
585,27958_fee329eb_1,0.0006821778370067477,0.8149529695510864
586,144534_3b4fdb09_18,0.005280129611492157,-0.47539234161376953
587,30292_0b5e0265_1,0.009180148132145405,0.8750303983688354
588,111062_e59e2d31_0,0.026987873017787933,0.6932986378669739
589,135790_a27f9deb_77,0.003095927182585001,0.3969913721084595
590,65842_de75838b_10,0.0007111767772585154,0.8512254953384399
591,22475_9d9601a8_3,0.0002495444205123931,-0.39119410514831543
592,119884_192e3265_0,0.0052254339680075645,0.22010964155197144
593,51463_3330e3aa_2,0.0017736991867423058,0.8159458637237549
594,23231_efe613bb_4,0.001613473054021597,0.9173610210418701
595,22895_4533b542_2,0.0011934582144021988,0.8166877627372742
596,146219_5661130f_4,0.0013976008631289005,0.9696696996688843
597,38953_19054857_19,0.0006107458029873669,0.45723921060562134
598,21847_b2de7eb8_24,0.0010049785487353802,0.9318943023681641
599,51603_034939eb_12,0.0004484173550736159,0.7235981225967407
600,24843_5231632c_4,0.00037087040254846215,0.7692664265632629
601,41982_f75ceb8f_4,0.00015532814722973853,-0.18160593509674072
602,42937_c573c439_2,0.0002762944786809385,-0.16141021251678467
603,61288_2d594195_0,0.00111347995698452,-0.8304566144943237
604,55006_94230c00_0,0.00041499195504002273,0.5867264866828918
605,49898_f42a885e_5,0.0021765546407550573,0.9525604844093323
606,55709_af3825c8_4,0.0018087249482050538,0.9411304593086243
607,144117_83c980ca_2,0.00024530093651264906,0.14608252048492432
608,40417_b8d98f73_7,0.00018337287474423647,0.8779781460762024
609,53200_d1e30b87_11,0.0013863265048712492,-0.5200906991958618
610,147009_977ee378_4,3.973995626438409e-05,0.649053692817688
611,63056_a5dfd66b_4,0.0017237600404769182,-2.1145179271698
612,22205_f48b96b3_10,0.0005444196867756546,0.8760209679603577
613,51585_b695905b_4,0.0014491865877062082,0.9679120182991028
614,24084_71f37c00_1,0.0005490451585501432,0.8898103833198547
615,25815_0e853ad9_10,0.002909241709858179,0.8180779218673706
616,55030_11a6e3e8_3,0.008939256891608238,0.9192231893539429
617,23042_1184de03_5,0.0010137546341866255,0.9705002903938293
618,39719_e9629dbd_4,0.00016418156155850738,-0.8058774471282959
619,51256_ed221095_2,0.00019007369701284915,0.7876662015914917
620,25810_93c8a71a_3,0.001512763905338943,0.9421632289886475
621,22208_e177deb7_1,0.0013865982182323933,0.9029756188392639
622,115624_d0acb46b_22,0.0018703112145885825,0.9705620408058167
623,30708_4282508b_0,5.0188187742605805e-05,0.2231907844543457
624,31117_cd5cdbdb_12,0.0004764926270581782,0.7942866683006287
625,41733_1ec9b00c_32,0.00014561699936166406,0.570131778717041
626,111387_c4243097_2,0.00014756819291505963,0.7995730638504028
627,119869_e8f0dd81_19,0.0001876344031188637,0.8587905764579773
628,34569_590239d6_0,0.0019988645799458027,0.9082469344139099
629,136318_130d6a06_23,0.0002548453048802912,0.6827705502510071
630,145132_7aea3b66_4,0.003882425371557474,0.9491845369338989
631,41878_3aeaed3d_0,0.0017893922049552202,0.7090138792991638
632,34583_a1cf326b_0,0.002409679815173149,0.955898642539978
633,116581_d405b783_0,0.008606848306953907,0.8830615878105164
634,24044_9bbe7992_3,0.0007141708047129214,0.10863447189331055
635,22194_a5c323b9_2,0.0021089238580316305,0.8099375367164612
636,142076_08d80e12_21,5.9789988881675526e-05,0.7354679107666016
637,55817_6ac2912d_7,0.00017273606499657035,-0.8627246618270874
638,21165_5cb2d287_2,0.0002607297501526773,0.4506033658981323
639,39796_45dcdc7d_0,0.014467105269432068,0.812375009059906
640,33044_7fdd9213_1,0.015484142117202282,0.5896766781806946
641,23731_3fe5b501_6,0.0003307244915049523,0.49162089824676514
642,32743_f4c47bbc_31,0.0031149249989539385,0.71044921875
643,108775_4908fba2_21,0.002498404588550329,0.7779726386070251
644,21941_1a683ec2_19,0.0017635785043239594,0.8698381185531616
645,27682_04277f62_18,0.0017279315507039428,0.9206466674804688
646,25815_0e853ad9_4,0.0017463620752096176,0.8873071670532227
647,30261_723e95cf_2,0.0031230151653289795,0.8683705925941467
648,21385_601444ba_102,0.005914690904319286,0.7217828631401062
649,30368_d7fd30ce_7,0.00035976560320705175,0.8643225431442261
650,55605_2f8bc12e_3,0.006567885633558035,-0.07216322422027588
651,24650_dad8c8ee_15,2.9339898901525885e-05,0.0846102237701416
652,34227_48203345_7,0.003030538558959961,0.915510892868042
653,113348_ac85cba3_1,0.0012620670022442937,0.8644661903381348
654,26552_25c5924a_1,0.00041029692511074245,0.8428865075111389
655,55381_cbaffe9b_0,0.000545088027138263,0.8491048812866211
656,55817_6ac2912d_25,0.0010102973319590092,0.9731504321098328
657,138947_0778db40_4,0.00025968995760194957,0.8984449505805969
658,52788_07f7da63_0,0.0008945637964643538,0.7779366374015808
659,70355_e5f58cd5_6,0.0002367970155319199,0.6012266278266907
660,51744_cd355565_8,0.0013296487741172314,0.7273951172828674
661,41227_90e1c07c_16,0.0019972771406173706,0.9497031569480896
662,45359_1768ab3f_42,0.004363511223345995,0.5394880175590515
663,41783_d1c10326_3,0.00019335206889081746,0.3779903054237366
664,32960_0eaa1de8_13,0.0001449438277631998,-9.463794708251953
665,34674_32ee1595_3,0.001949736149981618,0.9338699579238892
666,136885_23632908_1,0.0020363552030175924,0.27328699827194214
667,136808_00592735_3,0.0006040810258127749,0.8685801029205322
668,45589_49e3c7ea_5,0.0016618153313174844,0.9657889008522034
669,141665_0564e852_3,0.0037308344617486,0.10909831523895264
670,50897_3be92e2f_18,0.00069342803908512,0.9838067293167114
671,84256_4164b724_3,0.0010548040736466646,-0.012063384056091309
672,22994_e6ad8f2b_10,0.0023338200990110636,0.9133835434913635
673,28295_0dc908b9_8,0.0006096193101257086,0.8090454339981079
674,23329_6939d5d9_5,0.00025224575074389577,0.7201780080795288
675,123665_0a0da5c7_3,3.891298911185004e-05,0.6962339878082275
676,121172_0ac63503_7,0.0009008106426335871,0.8294154405593872
677,50941_2a8a8c76_0,0.000568658928386867,0.9887229204177856
678,37846_cde34fcd_66,0.0007227653986774385,0.8786952495574951
679,56040_9b1307eb_21,0.0025987932458519936,0.5952239036560059
680,146535_229c95bc_1,0.0001518012722954154,0.30446964502334595
681,50947_49287c16_2,0.0028527474496513605,0.9533712863922119
682,95622_0a0787e4_5,0.00043797894613817334,0.7629691958427429
683,25432_f13e5110_0,0.001650522812269628,0.9480234384536743
684,32454_e959e3cf_0,0.00149451510515064,0.9579401016235352
685,65858_61e9b51a_18,0.0015113847330212593,0.6552094221115112
686,70350_751de4b0_3,0.00346976681612432,0.5203205347061157
687,129239_0d49310c_15,0.00031504587968811393,0.8799235224723816
688,31008_8fa25b35_8,0.0011081034317612648,0.7660154700279236
689,55306_795d845b_2,3.2651681976858526e-05,0.7924768328666687
690,29729_e8bb36f1_2,0.0007866735686548054,0.07297694683074951
691,67283_4097cbd6_5,0.00014357869804371148,-0.22078442573547363
692,23904_811e466f_4,0.00017515916260890663,0.8530478477478027
693,116076_12d31fb7_1,0.0006951672839932144,0.8953902125358582
694,45302_02d7e3bc_0,0.0019097781041637063,0.5196530818939209
695,60977_4bb093ec_1,0.001953372498974204,0.9129575490951538
696,49017_76979790_8,0.0009830356575548649,0.813676118850708
697,146321_0dbae658_10,2.6876725314650685e-05,-1.7084078788757324
698,102194_150e3faf_3,0.00021375321375671774,0.9934532046318054
699,34769_44655d03_5,0.00028407134232111275,0.6823589205741882
700,38953_19054857_6,0.001205650856718421,0.010335683822631836
701,55397_ad24603f_1,0.00011874715710291639,0.8767420649528503
702,21908_385686ec_15,0.0026335197035223246,0.8728814125061035
703,60721_57103153_4,0.00030782900284975767,0.507161021232605
704,98701_7cd4ec8d_0,0.0029813856817781925,0.9458462595939636
705,91703_642cdf1a_1,0.001159360632300377,0.9781923294067383
706,26661_ab88a525_5,0.0023232910316437483,0.4139455556869507
707,51940_67bb0219_21,0.00021110188390593976,0.5501298308372498
708,22543_684108ff_22,0.00013586891873273998,0.8649865388870239
709,145250_cde4d039_8,0.0008477306691929698,0.04561394453048706
710,20232_e5b060d9_6,8.665979112265632e-05,0.8426857590675354
711,128043_d4650350_0,0.007126250769942999,0.9043078422546387
712,140530_30edf2c4_0,0.0007643449935130775,0.35494011640548706
713,131814_9af6d05a_0,0.0013428085949271917,0.7980835437774658
714,26245_4aac38e1_9,0.0004256817337591201,0.822177529335022
715,30282_88c6933c_14,0.002909220987930894,0.8883803486824036
716,32322_71d0035e_1,0.0010514379246160388,0.9460523128509521
717,131762_d10609a4_1,0.00576000614091754,0.7398196458816528
718,54812_5f7b7aba_2,0.00036925674066878855,0.837893009185791
719,135830_8fb36dac_4,0.0015404927544295788,0.9317887425422668
720,139280_8874b1ab_4,0.0002644077758304775,0.43205326795578003
721,49904_639055dd_1,0.0005511434865184128,0.9368294477462769
722,53601_59d3ecd2_0,0.00934609118849039,0.616837739944458
723,50047_54241fe3_12,0.0011585848405957222,0.910319983959198
724,136925_70fb0381_3,0.0016541456570848823,0.8987744450569153
725,87488_95f678ce_0,0.004632662516087294,0.8977240920066833
726,137166_90691294_2,0.0003322553529869765,0.779063880443573
727,44030_17bd5ec9_11,9.547165973344818e-05,0.8487177491188049
728,137396_b5f6bec4_5,0.0007090989383868873,0.9787023067474365
729,21900_760d2078_10,0.004202182404696941,0.9391288161277771
730,21185_ac5324ba_5,0.004307147581130266,0.8656696081161499
731,31132_2320d049_4,0.0007668210309930146,0.9860517978668213
732,82281_80cdf67c_4,0.00013429028331302106,0.6612207889556885
733,38287_88ec74de_15,0.002253621816635132,0.9563563466072083
734,136128_831e37a6_0,0.0008568382472731173,0.9046787023544312
735,21330_f0cee934_18,0.0005293661379255354,0.6525384187698364
736,34109_5a868eae_10,0.005778306629508734,0.4475470185279846
737,21174_861bd902_2,0.001726667396724224,0.849509596824646
738,49783_365bec9e_6,0.0019519320921972394,0.9414443969726562
739,24429_ace910b3_8,3.0354820410138927e-05,-0.7764804363250732
740,22772_2b5f6629_4,0.0009375143563374877,0.760298490524292
741,53927_ef5208b9_14,0.010065194219350815,0.5806702375411987
742,56250_3b6024e3_54,0.0011402287054806948,0.9750821590423584
743,23522_5c2ec58e_8,0.0018541947938501835,0.9415740966796875
744,121177_93fb3127_10,8.669652015669271e-05,0.8426715135574341
745,138840_b7f948ea_2,0.0014047258300706744,0.8570259809494019
746,41125_711db4bf_6,0.004151719156652689,0.9018030166625977
747,102606_28922dfc_0,0.0019188737496733665,-19.17596435546875
748,31530_6744ae73_50,0.009946211241185665,0.822550892829895
749,50598_eae0df5a_1,0.00014568418555427343,0.7336140275001526
750,145726_19ccdbda_12,0.0006002247682772577,0.8075200319290161
751,41469_b94cf3e4_0,0.0024696094915270805,0.49380284547805786
752,147009_977ee378_1,0.004527031909674406,0.5648636817932129
753,24267_8a216138_10,0.0016579191433265805,0.8654007911682129
754,63071_3d434a33_16,0.0015381197445094585,0.9179352521896362
755,34436_ffc43a58_4,0.000982243218459189,0.15266185998916626
756,50692_e7ff2668_4,0.0006840996211394668,0.7258872985839844
757,146642_883a71d2_9,0.014708074741065502,0.7677260041236877
758,109772_f1a0845e_7,0.002457521390169859,0.9426527619361877
759,136640_16741d62_1,0.0011180812725797296,0.7161232829093933
760,21680_360ba5c7_11,0.001205247244797647,0.5103257894515991
761,27729_09d75da1_2,0.0008830258739180863,0.9748472571372986
762,82148_5df06ed9_19,0.0074430494569242,0.4829743504524231
763,55287_8a57a3db_1,0.0019632866606116295,0.8792207837104797
764,53221_74fa81cd_5,0.0005930335610173643,0.7155970335006714
765,30417_0010bc7c_39,0.0011627961648628116,0.909233570098877
766,23706_ef15ef9c_40,0.0006396616226993501,0.9087021350860596
767,140763_e14274f8_3,0.00048022461123764515,0.6364541053771973
768,23602_5daaccf5_3,0.0010627561714500189,0.8277178406715393
769,30282_88c6933c_9,0.0017842156812548637,0.8877625465393066
770,56824_0fc773f6_0,0.001989123411476612,0.8866040706634521
771,42410_d3b5588e_1,0.0028113340958952904,0.5728563070297241
772,55055_dd27a8a4_0,0.002402269747108221,0.9560327529907227
773,115633_a2c63339_6,0.0005278227617964149,0.41567063331604004
774,73651_a41647f8_5,0.00015474572137463838,0.40013688802719116
775,33413_060ce192_32,0.001814540708437562,0.8606066703796387
776,97331_a482fa9b_0,0.0019243336282670498,0.5933492183685303
777,23476_705b76d1_0,0.0008385070832446218,0.9672026634216309
778,32566_7bfc936b_6,0.005070819519460201,0.9520749449729919
779,41717_eb1c1e6b_0,0.0016188708832487464,0.8702700138092041
780,60720_ef9a0a95_8,0.0005362454103305936,-0.14613139629364014
781,138700_ab763a46_202,1.0371418284194078e-05,-4.723555564880371
782,38287_88ec74de_17,0.0074825407937169075,-0.23057758808135986
783,135535_0bd0048d_0,0.0063035455532372,0.9050609469413757
784,21797_69df08d5_7,0.040278177708387375,0.6793174743652344
785,65350_b3fa8f4f_47,0.04326755180954933,0.8008608818054199
786,41714_1d49f4d1_3,0.0017806824762374163,0.8010267019271851
787,66012_a13e1644_1,0.0011947400635108352,0.4933474063873291
788,22652_564979ff_11,0.00036243326030671597,0.7305864095687866
789,25127_ecba81df_23,0.0009323841077275574,0.3915135860443115
790,47548_db93c988_4,0.0016348973149433732,-2.999526262283325
791,55927_f8b31711_5,0.00537420529872179,0.7125638723373413
792,31647_ab9ad9dc_2,0.0008923741988837719,0.8793789148330688
793,41128_ee74f244_8,0.0010719601996243,0.7066190242767334
794,20959_d4905d19_4,0.000694513728376478,0.8296080231666565
795,52009_a2b75078_3,0.022703655064105988,0.7713431119918823
796,22201_473a3a65_16,0.0012526899809017777,0.8302977085113525
797,29442_365e23df_30,0.003809855319559574,0.8922427296638489
798,51859_6b2fd0f1_8,0.000363023835234344,0.9876025319099426
799,140413_44177109_15,0.00026073254412040114,0.7687318325042725
800,21822_7d3db422_11,0.0043046073988080025,0.8803856372833252
801,24168_a0ede173_100,0.0003077736182603985,0.7778819799423218
802,145532_c2304f89_1,0.006518003065139055,0.08726739883422852
803,104641_2cd02839_13,0.00013242859859019518,0.4867158532142639
804,23679_81ef9e37_2,0.0007575972704216838,0.8194905519485474
805,95271_de3df8d5_2,5.6745859183138236e-05,0.7267720103263855
806,41401_e4117da2_0,7.459695916622877e-05,-0.625432014465332
807,48006_babdf4af_9,0.00299654109403491,0.9652991890907288
808,142246_0851be5e_32,0.013496891595423222,0.7760255336761475
809,33615_7bab1106_4,0.0011746144155040383,0.9222759008407593
810,31117_cd5cdbdb_18,0.003807010594755411,0.9423747062683105
811,34914_8911676d_0,0.0011055406648665667,0.9088591933250427
812,55501_a09e4ced_2,4.5186334318714216e-05,-0.6973439455032349
813,41128_ee74f244_9,0.00041542775579728186,0.8624827861785889
814,142246_0851be5e_22,0.0022112641017884016,0.598946750164032
815,22413_901f5867_0,6.72518799547106e-05,0.7964611649513245
816,56490_0a0fba77_0,0.0005735147860832512,0.8373291492462158
817,93676_4f934980_1,0.0004459253395907581,0.011433541774749756
818,146642_883a71d2_96,0.00329543836414814,0.6403076648712158
819,24032_d6172503_3,0.0013469679979607463,0.7716543674468994
820,44221_25c62f03_1,0.0021490855142474174,0.9601955413818359
821,50315_0f1419bf_33,0.008851027116179466,0.14092057943344116
822,133389_0938a905_2,0.00040879708831198514,0.8962501287460327
823,24824_cf51e5b6_4,0.0019179796800017357,0.6401990652084351
824,33970_32f36442_3,0.0020890971645712852,0.9348529577255249
825,29359_bbfab271_2,0.0009323795093223453,0.835861086845398
826,23172_4ab01e83_0,0.0007058618357405066,0.9828453660011292
827,98511_1b46a85e_45,0.0026178983971476555,0.9264241456985474
828,98511_1b46a85e_46,0.002728393767029047,0.9197847843170166
829,34248_cc11976c_0,0.002952848793938756,0.8908982872962952
830,104003_46555fb2_0,0.00048293688450939953,-0.07392358779907227
831,34520_035b5e9a_8,0.0007164676208049059,0.7537624835968018
832,38397_93d5d7de_12,0.00521606532856822,0.9277340173721313
833,130023_93b3ca95_1,0.0008487344020977616,0.7012652158737183
834,83213_47c49876_1,0.0005510614137165248,0.9368398785591125
835,43928_6ca53538_63,0.005897980649024248,0.86284339427948
836,82779_b7b722e3_9,0.0010996414348483086,0.8686667680740356
837,134967_0f27ef51_1,0.0002982527366839349,0.7768666744232178
838,86024_714b24f4_1,0.000846607203129679,0.9668334722518921
839,40807_58058731_11,0.0009533410193398595,0.8562213778495789
840,26750_cd3cb3ff_0,0.0024844235740602016,0.956903874874115
841,126913_d253adb7_2,0.0007160925306379795,0.8587089776992798
842,24268_2804c9ff_13,0.0029489463195204735,0.9232959151268005
843,45542_320c16fd_3,0.0004991100286133587,0.9900772571563721
844,22342_274ed8a6_1,0.0009746867581270635,0.7889083027839661
845,133385_e6aa64d8_17,0.00037758774124085903,-0.5136294364929199
846,143509_1dd5212d_3,0.0011046723229810596,0.9674190878868103
847,47989_3ff0f41d_0,0.004323309753090143,0.8770105242729187
848,21822_7d3db422_14,0.005965989548712969,0.913849949836731
849,21517_bfe35b4c_12,0.00045213152770884335,0.2107480764389038
850,52883_e518d3f4_10,0.0007368945516645908,0.8803622722625732
851,41871_f9a1ad02_14,0.006210763473063707,0.37867486476898193
852,37016_455093c1_2,0.00044862827053293586,0.7594944834709167
853,31117_cd5cdbdb_78,0.023837758228182793,0.8151459693908691
854,129239_0d49310c_22,0.00021299881336744875,0.38157278299331665
855,30400_8824ce97_6,0.0038665325846523046,0.9191571474075317
856,53233_8dbca22c_8,0.0016605083364993334,0.8835242390632629
857,40514_bb61631d_25,0.0016680506523698568,0.6309720873832703
858,24053_53349e4d_2,0.000307085836539045,0.6047914624214172
859,41917_f0c40fa1_16,0.0007808995433151722,0.9815265536308289
860,22543_684108ff_5,0.002425708808004856,0.903833270072937
861,138636_c1153075_0,0.0004158570955041796,0.6287897825241089
862,24448_75004b6c_6,0.0011444754200056195,0.9635618925094604
863,24831_bbd3e098_8,0.00013529295392800122,0.8674256801605225
864,53221_74fa81cd_3,0.0010431099217385054,0.7180197238922119
865,76879_65a30a82_4,0.0002631943498272449,0.5697488784790039
866,108773_f9384cff_10,2.5870480385492556e-05,0.7269717454910278
867,33671_0e9c6ca3_5,0.000704523699823767,0.9440436363220215
868,93103_fdb9fcb7_15,0.0031889325473457575,0.8279286026954651
869,137675_d2bd633e_0,0.000859030638821423,0.4619956612586975
870,21893_0500d043_32,0.0010535352630540729,0.3112351894378662
871,22110_0bc70e9f_1,0.0007527574198320508,0.5373889207839966
872,43152_b5472481_1,0.0003438791900407523,0.8708660006523132
873,115717_40314bc2_1,0.0041530984453856945,0.6371244788169861
874,102943_ca9e7968_0,0.00014020585513208061,0.8092206120491028
875,136401_69f29349_0,0.0012845341116189957,0.14795511960983276
876,28542_3c922564_0,0.0007782892207615077,0.7161948084831238
877,24267_8a216138_6,0.001953539904206991,0.8928641080856323
878,84374_272a9731_7,0.0024370395112782717,0.6786875128746033
879,23531_1ecc8346_18,0.004380489233881235,0.9572714567184448
880,41871_f9a1ad02_30,0.0030323415994644165,0.9080926179885864
881,132461_14abd2d0_0,5.640367089654319e-05,-0.574631929397583
882,37617_3f415463_2,8.992227230919525e-05,0.8530601263046265
883,41696_de0790a1_1,0.0008645628113299608,0.9808015823364258
884,54657_2a66e0de_20,0.0011809449642896652,0.8915587067604065
885,24425_0dc4b306_0,0.0008443911210633814,0.9173054695129395
886,146667_fe438b5b_0,0.0004227443423587829,0.9839222431182861
887,23048_8a1a5553_8,0.0003503907355479896,-8.427745819091797
888,51871_86ebf5b2_17,0.0025855284184217453,0.5266764163970947
889,30664_a3084f71_6,0.001601787400431931,0.9017124772071838
890,139801_97e2ca6a_5,0.0006067948415875435,0.875763475894928
891,22278_12f1fb79_13,0.0014213619288057089,0.9075307250022888
892,22776_facf9bcf_8,0.002223969204351306,0.9243050217628479
893,40500_6055e3d7_15,0.07104076445102692,0.291459858417511
894,35740_5322d674_13,0.00016003863129299134,0.9026379585266113
895,39792_60786b6c_12,0.0032596050295978785,0.8816640973091125
896,115524_4a411f7e_0,0.0006868054624646902,0.8439827561378479
897,24131_3ea7d5a8_17,0.0019570612348616123,0.9056001305580139
898,100326_0602c712_2,0.016276367008686066,0.48299503326416016
899,34571_25c64838_2,0.002412806497886777,0.8569966554641724
900,143534_4f65fd1a_0,0.0006808065809309483,0.7698249816894531
901,101446_95204330_1,0.0008889488526619971,0.4364635944366455
902,41749_14d0599c_10,0.00017596545512787998,0.4864482283592224
903,55715_525d1d3e_12,0.0005193905672058463,-0.5406078100204468
904,45307_b9b4bca0_30,0.01197203528136015,0.9142566919326782
905,22654_4c426b0f_0,0.001646202988922596,0.7938547730445862
906,22670_9353c710_4,0.0006679861689917743,0.7951545715332031
907,99445_94c22a37_11,0.001021199394017458,0.9848273396492004
908,132811_57264a28_4,0.0013102783123031259,0.8929554224014282
909,23258_87a2ba81_3,0.00030890697962604463,0.5117124319076538
910,50777_2934de55_22,0.004572197329252958,0.8376975655555725
911,98418_4185a7fb_0,0.000839149986859411,0.9796704649925232
912,43441_e1ab0873_2,6.462358578573912e-05,0.21692734956741333
913,24271_dbc0fd2d_12,0.0006870478391647339,0.8487709760665894
914,38944_0d0c3fce_0,0.004471700172871351,0.9710302948951721
915,40624_e1c5c424_11,3.637751069618389e-05,0.08379548788070679
916,100028_0c3a8f1c_13,0.0013828020310029387,0.9822133779525757
917,40491_ac67bf4c_13,0.0029000688809901476,0.9456016421318054
918,25416_1deb9c75_0,0.0014322593342512846,0.7520730495452881
919,21657_2651585a_6,0.0009152016718871891,0.9514908194541931
920,21986_67c5509a_15,0.001507673878222704,0.8129370808601379
921,32288_34013274_2,0.0020852196030318737,0.6470590829849243
922,55373_ddd74d2f_0,0.0024458514526486397,0.6841117143630981
923,26245_4aac38e1_0,0.0011651265667751431,0.9332402944564819
924,33044_7fdd9213_0,0.0008880538516677916,0.8414393067359924
925,31530_6744ae73_48,0.03473268821835518,0.6644792556762695
926,25555_fd3d9a3c_1,0.00013654000940732658,0.808305561542511
927,54175_7d864ace_6,0.0007236975943669677,0.8374801874160767
928,72950_5074f5a3_0,0.0012727993307635188,0.15860974788665771
929,129618_2962c248_0,0.004125854000449181,0.9310906529426575
930,52012_77070fda_10,0.00010385268979007378,0.8371332883834839
931,28295_0dc908b9_7,0.0008060013060458004,0.7834858298301697
932,144419_90e59d67_2,3.892350650858134e-05,0.5698518753051758
933,22734_f6bad9f7_24,0.00691405963152647,0.7860243916511536
934,22604_0b4ffb43_14,0.002402269747108221,0.9560327529907227
935,81996_b3752ed2_3,0.00030378313385881484,0.7273794412612915
936,24504_493cee15_8,0.0009307161089964211,0.9629407525062561
937,39124_28e99e62_1,0.00024042643781285733,0.7294703722000122
938,29725_0ad4937e_1,0.0006436170660890639,-0.16334855556488037
939,109232_04340d62_6,7.202543201856315e-05,-0.3101785182952881
940,129075_8fbf62e5_0,0.0005219835438765585,0.5869107842445374
941,102937_18c3cb6a_4,0.0018469939241185784,0.9352419376373291
942,52551_8098346a_5,0.0007324442849494517,-0.2740938663482666
943,128043_6947b64c_0,0.002939931582659483,0.8302856683731079
944,119030_292009a7_41,0.0016481804195791483,0.7582289576530457
945,48526_5aecac8a_0,0.0012622491922229528,0.7874525785446167
946,32541_86f7df73_4,0.0004711825749836862,0.5517497062683105
947,55114_7bf17f6a_0,0.00813209917396307,0.41047000885009766
948,55285_6816da52_1,0.010113462805747986,0.7811204195022583
949,37683_e2cca100_17,0.0003480562590993941,0.45202386379241943
950,78775_e2d8b091_15,0.003777847858145833,0.8764777779579163
951,93199_2146e709_2,0.0009460875298827887,0.8883061408996582
952,135595_656de97a_14,0.0004265366296749562,0.6941903829574585
953,24284_3710e946_16,0.0009060727898031473,0.9794726371765137
954,135521_30553c91_2,9.920460433932021e-05,-0.4388082027435303
955,29732_fb15318c_5,0.0003664770629256964,0.6518702507019043
956,88060_389bdff4_0,0.001633122330531478,0.9006176590919495
957,27839_4a077326_28,0.00746361305937171,0.8150689601898193
958,100435_87bf423d_8,0.0020750376861542463,0.9591121673583984
959,25365_bb0e4ede_44,0.0003045507473871112,0.5680676698684692
960,146169_144d8264_0,0.020557619631290436,0.8889734148979187
961,23342_7193a931_3,6.592484714929014e-05,0.8057764768600464
962,57000_cd1ddece_12,0.0005648326477967203,0.9887073040008545
963,119790_1ed376f0_3,0.00037567640538327396,0.5899875164031982
964,72522_e9e87960_4,0.0029216744005680084,0.9451613426208496
965,65366_f618b577_2,0.000341411359841004,0.702812671661377
966,55707_c78416ed_35,0.004548346623778343,0.7623049020767212
967,70321_eccffc7e_0,0.000892587355338037,0.7687690854072571
968,120143_b5756e6b_0,0.0020751296542584896,0.7118219137191772
969,27726_aca43af4_35,0.0004678039695136249,-20.73466682434082
970,31361_72aab333_20,0.0013325018808245659,0.5765172839164734
971,121949_e10b5e85_12,0.0020266573410481215,0.944023072719574
972,146399_0e4b73c4_13,0.021104861050844193,0.5667363405227661
973,41134_fc146947_6,0.0009234097087755799,0.5683037638664246
974,21237_7887a24b_35,0.0005669713136740029,-1.3439610004425049
975,24885_55e20ddf_3,0.00024094781838357449,0.761951208114624
976,34914_8911676d_23,0.0007795639685355127,0.8614526987075806
977,21803_8a36dcda_12,0.004086817614734173,0.8632490634918213
978,41306_8f26e703_5,3.9082991861505434e-05,0.5780924558639526
979,25118_f50fdc69_10,0.00017875313642434776,0.7389229536056519
980,25473_0991d519_9,0.0012168569955974817,0.9695284962654114
981,126585_86fa26cb_0,0.0003785908338613808,0.5324459075927734
982,145691_69484976_9,0.00207066023722291,0.8138226866722107
983,60729_c51868ec_0,0.0005754331941716373,0.6829929351806641
984,123929_e7dbad2c_0,0.0009126060176640749,0.5665016174316406
985,69649_70b07cac_0,0.0010436243610456586,0.9769470691680908
986,55135_f1186d58_9,0.00013898639008402824,0.8268436789512634
987,20838_86c931be_2,0.0008843874675221741,0.890044093132019
988,45242_626509cb_11,0.0005340601783245802,0.7639966607093811
989,34983_439766af_13,0.004203731194138527,0.9562742710113525
990,53453_fb0f1640_1,0.011472425423562527,0.6517288684844971
991,23255_972fbfe6_25,0.0011143655283376575,0.964874267578125
992,24168_a0ede173_203,0.02494845911860466,0.8612475991249084
993,55476_1473d91f_0,0.0007624191930517554,0.6113138794898987
994,55111_ef389075_1,0.0027443922590464354,0.8951069712638855
995,141710_17531562_1,0.001350556267425418,0.8866036534309387
996,96601_b89e6252_1,0.00030298097408376634,-0.6112345457077026
997,135790_a27f9deb_43,0.05238915979862213,0.32878416776657104
998,121363_746708db_0,0.0005482541164383292,0.7890529632568359
999,136886_3aa46890_0,0.0003585055819712579,0.866327166557312
1000,50315_0f1419bf_19,0.01735812798142433,0.7612391114234924
1001,37846_cde34fcd_14,0.0005740146734751761,-5.490006446838379
1002,24816_ef81ad4c_1,0.0005906939040869474,0.7887792587280273
1003,75646_4baf69b2_7,0.005190899595618248,0.9273108839988708
1004,140155_81f9ac63_0,0.0010106154950335622,0.7478630542755127
1005,51603_034939eb_10,0.0031513948924839497,0.8254140615463257
1006,30435_c97330d2_0,0.00010692488285712898,0.8192089796066284
1007,27839_4a077326_27,0.0008197437273338437,0.9554278254508972
1008,55627_971fde61_34,0.005021215416491032,0.6118111610412598
1009,134909_ef3d003c_0,0.00022124625684227794,0.7829513549804688
1010,33413_060ce192_51,2.2112209990154952e-05,-2.06369948387146
1011,22245_ca848576_12,0.0005170166841708124,0.3962060809135437
1012,52039_ba12c3ac_1,0.0006008569034747779,0.9879875183105469
1013,39707_358f88df_2,0.0012442466104403138,-0.3249950408935547
1014,50014_33f250c8_3,0.01358279213309288,0.8761038184165955
1015,52987_387431ac_1,0.0038325325585901737,0.7368462085723877
1016,33501_b1ee5058_15,0.0007329870713874698,0.9854243993759155
1017,82168_4844bddd_1,0.0008649559458717704,0.8832149505615234
1018,30384_95e72fc2_4,0.00011880105012096465,-0.3084135055541992
1019,23554_a0845d54_2,0.0004486122925300151,0.624993085861206
1020,23800_65e0a5d1_0,0.00024319086514879018,0.2335856556892395
1021,41128_ee74f244_0,0.0014951641205698252,-0.5010597705841064
1022,143019_22dbd3e6_2,0.0013030472910031676,0.9586577415466309
1023,79993_6087acd5_8,0.0030432366766035557,0.9037259817123413
1024,21422_b2a6bf27_0,0.0017299094470217824,0.9714786410331726
1025,25487_dd2c17e8_21,0.0006857182597741485,0.3911360502243042
1026,22654_4c426b0f_10,0.0002213350380770862,-0.48635852336883545
1027,30368_d7fd30ce_6,5.7685261708684266e-05,-0.23374474048614502
1028,57249_6bd2af3c_2,0.0006370603805407882,0.9764989614486694
1029,57029_3ab80a22_0,0.0014655395643785596,0.7092663049697876
1030,79906_052c7eb4_3,0.0010535444598644972,0.7716290354728699
1031,82996_b8dc67c9_10,0.00046656024642288685,0.3561316728591919
1032,119884_192e3265_1,0.0015504484763368964,0.29288041591644287
1033,21225_c081eae3_10,0.0019943062216043472,0.8856622576713562
1034,121949_e10b5e85_1,0.001536176074296236,0.6112843751907349
1035,81994_ba8916c9_5,0.00019089880515821278,0.8331948518753052
1036,22447_4062c6cb_29,0.0009158370085060596,0.9845507740974426
1037,55044_ee57bac8_1,0.0005691912374459207,-1.162592887878418
1038,41871_f9a1ad02_13,0.007912390865385532,0.9555608630180359
1039,74688_a5168a45_2,1.4777022443013266e-05,-2.1750476360321045
1040,23218_02d26ab4_4,8.727866952540353e-05,0.79925537109375
1041,41205_dc60aa5d_0,0.0024545216001570225,0.38979578018188477
1042,41979_ca698776_0,0.0005371234728954732,0.8898409605026245
1043,141453_50ec6f25_7,0.0008880920358933508,0.9748430252075195
1044,97143_5424c420_0,0.0010855719447135925,0.7214003801345825
1045,41986_26275a06_2,0.0014323308132588863,0.8649795055389404
1046,136800_c5e4d711_2,0.0007956526824273169,-0.0875406265258789
1047,101635_11b839a3_5,4.5707311073783785e-05,0.6255373954772949
1048,55866_b041060d_0,0.000978789757937193,0.9400922656059265
1049,53846_89405f98_0,0.0009974107379093766,0.7962179183959961
1050,27725_5cceaeb7_1,0.003460110630840063,0.6877987384796143
1051,146137_92faaea5_9,0.004061329644173384,0.6745882034301758
1052,41211_11f6b8a0_4,0.0005004662671126425,0.7938883304595947
1053,21330_f0cee934_46,0.0005638814182020724,0.9887262582778931
1054,127188_5fecd146_4,0.00012282740499358624,0.8312233090400696
1055,135949_06517574_8,3.630792707554065e-05,0.623597264289856
1056,68928_0d4e4a2e_24,0.0025401744060218334,0.8402737975120544
1057,50410_f8f03667_38,3.182914952049032e-05,-1.1912758350372314
1058,142999_171240b6_21,0.0003105601645074785,0.7703768014907837
1059,144709_642fc665_0,0.0032677596900612116,0.6788673400878906
1060,53232_f8760054_10,0.00020688700897153467,-0.9800827503204346
1061,22372_e91792a1_0,7.981231465237215e-05,-0.023595213890075684
1062,21767_53eaa558_12,0.013192535378038883,0.8295204639434814
1063,32220_1fd19c5e_0,0.00023525765573140234,0.7583024501800537
1064,22886_a6331748_1,0.0017076156800612807,0.8432224988937378
1065,130996_b842b511_12,0.0004941535298712552,0.9544531106948853
1066,55571_74a416b1_1,0.00014730326074641198,-0.24952280521392822
1067,70169_914780d4_1,0.0012405732413753867,0.5275907516479492
1068,23156_7788f78a_6,0.04433586820960045,0.6791935563087463
1069,124496_20e20439_10,8.794556924840435e-05,0.8067072629928589
1070,76300_7cb02add_1,0.0007401711773127317,0.890399694442749
1071,21647_6b6cca6f_10,0.0011926641454920173,0.3490349054336548
1072,22734_f6bad9f7_23,0.003763963934034109,0.8431990146636963
1073,94176_0a6c42ab_2,3.126720548607409e-05,-4.738199710845947
1074,24048_d731886d_9,0.0019263442372903228,0.7876704931259155
1075,25487_dd2c17e8_30,0.0014584895689040422,0.34071093797683716
1076,115717_40314bc2_4,0.00010783984907902777,0.6492210626602173
1077,125592_875faf40_0,0.005769745912402868,0.7321877479553223
1078,41871_f9a1ad02_44,0.002873350866138935,0.7970035672187805
1079,146642_883a71d2_8,0.0008274798165075481,0.7981088757514954
1080,136883_076fbff9_31,0.00014646182535216212,0.5155358910560608
1081,60766_fb8715eb_3,0.0008638711296953261,0.9368253946304321
1082,30818_33617072_0,0.008918961510062218,0.5484329462051392
1083,130679_7a357a9c_18,0.006398658733814955,0.6236112117767334
1084,55306_795d845b_0,0.0001791227696230635,0.6160099506378174
1085,135934_d2f6bb2e_33,0.0004060952633153647,0.45858991146087646
1086,111054_e45a0d40_7,0.0385124646127224,0.6274569630622864
1087,36826_d9269c2e_10,0.0010965107940137386,0.9255200624465942
1088,37619_ae810a8d_7,2.3538736058981158e-05,-9.750548362731934
1089,22343_34184fd5_22,0.00036184844793751836,-0.11993598937988281
1090,113020_de552f8d_0,0.0003651828155852854,0.7716389298439026
1091,20216_89b90993_0,0.006904015317559242,0.5400538444519043
1092,23325_292b3294_16,0.0037422520108520985,0.6439822912216187
1093,23522_5c2ec58e_9,0.0009927720529958606,0.92462158203125
1094,146624_359752bb_20,1.3198197848396376e-05,-5.653474807739258
1095,104990_11b4aeee_1,0.0014036997454240918,0.9679141044616699
1096,90917_4670b560_0,0.006739174947142601,0.8690225481987
1097,54818_59adf8c2_5,0.0011637515854090452,-0.006434798240661621
1098,34109_5a868eae_3,9.154872532235458e-05,0.8506394624710083
1099,23161_e7f63a9f_2,0.0010829940438270569,0.9020065665245056
1100,37160_2a95674a_27,0.0008129978086799383,0.715956449508667
1101,61280_8bdbc90f_0,0.002078165765851736,0.9253631830215454
1102,55083_dac1f9cc_2,0.001717135077342391,0.8570488691329956
1103,34341_d19b12fb_14,3.742280387086794e-05,0.627790093421936
1104,54516_ac9e2ef4_61,0.0021279046777635813,0.646666944026947
1105,24559_3c306e71_2,0.00019765555043704808,0.5976425409317017
1106,105831_88a0fb85_1,0.002243937226012349,0.9147443771362305
1107,32743_f4c47bbc_19,0.0018064778996631503,0.6643310785293579
1108,40500_6055e3d7_18,0.00218975986354053,0.8948860168457031
1109,22862_f5406bb0_0,0.0018194582080468535,0.9707305431365967
1110,141081_ae61ec46_0,0.0010764087783172727,0.9844174981117249
1111,135112_cf8007b8_4,0.004401691257953644,0.9332254528999329
1112,131442_1512d9ff_5,0.00030610215617343783,0.35221874713897705
1113,145132_7aea3b66_1,0.04419659450650215,0.8327198028564453
1114,41871_f9a1ad02_45,0.0005565277533605695,0.892731785774231
1115,51775_49ef614a_1,0.0008422391256317496,0.7613561153411865
1116,143293_fc5b0ff7_23,0.0004951107548549771,0.0954553484916687
1117,51547_a7e01c38_6,0.00011080758849857375,0.841239333152771
1118,114021_44c3c39c_2,0.00013824101188220084,0.6553586721420288
1119,123766_c5a4cf5e_0,9.421703725820407e-05,0.3992946743965149
1120,23031_0d684603_8,0.0006927725044079125,0.701397180557251
1121,132996_c742ef84_4,0.003002730431035161,0.5833175182342529
1122,137096_5d77f285_1,0.0005917917005717754,0.9293653964996338
1123,27072_b4756e8c_2,0.000676903233397752,0.8469055891036987
1124,51915_e704f5dd_2,0.0006805489538237453,0.89357590675354
1125,132811_57264a28_13,0.0009171805577352643,0.9845590591430664
1126,49396_98ab955d_13,0.0021383485291153193,0.7616065740585327
1127,132081_761d26ad_0,0.00026071685715578496,0.9930210113525391
1128,82906_7b72e0e8_2,0.002101860474795103,0.941442608833313
1129,92649_26fe8262_0,0.0004521868540905416,0.7913764119148254
1130,21803_8a36dcda_11,0.0035961668472737074,0.9032742381095886
1131,30637_f6324fc6_5,0.00036421045660972595,-1.410574197769165
1132,105560_a6f91315_12,2.8512076823972166e-05,-2.9934306144714355
1133,41737_d80c34b9_0,0.007837607525289059,0.5317404866218567
1134,34983_439766af_12,0.0006233123713172972,0.9386841058731079
1135,122755_60c41889_10,3.756243677344173e-05,0.3980436325073242
1136,76879_65a30a82_2,0.017457960173487663,0.8438395261764526
1137,89816_cef36e57_4,0.0009240647195838392,0.9847612977027893
1138,49406_100c707b_3,0.0002331734140170738,0.973114013671875
1139,105560_a6f91315_10,3.707098221639171e-05,0.19955456256866455
1140,129421_483d2957_5,6.96059869369492e-05,0.7067256569862366
1141,122740_fc5c94eb_33,0.0008566778269596398,0.9737701416015625
1142,135595_656de97a_5,0.0003869775973726064,0.8586647510528564
1143,35740_5322d674_5,2.371011760260444e-05,-7.229004859924316
1144,23681_932e722e_18,0.0006681123049929738,0.9873538017272949
1145,108244_329b1876_17,1.2455873729777522e-05,-1.8941237926483154
1146,125745_cf468448_6,0.0008218396687880158,0.8067570328712463
1147,138838_c9a9e790_6,0.0007032725843600929,0.863294780254364
1148,102416_b74464a2_4,3.553612987161614e-05,-13.095599174499512
1149,30426_2cde26de_21,6.956015567993745e-05,0.7932394742965698
1150,137837_9c9f163d_5,0.00022296745737548918,0.7652175426483154
1151,25487_dd2c17e8_15,0.004491124767810106,0.41459447145462036
1152,21549_18160a0a_4,2.302488974237349e-05,-2.2501649856567383
1153,21385_601444ba_0,0.006842977367341518,0.5743044018745422
1154,35233_add576ba_9,0.0033735919278115034,0.7796636819839478
1155,55345_c6423351_0,0.0008149206405505538,0.8680707216262817
1156,110697_4b2725f1_0,0.0008202896569855511,0.9808914065361023
1157,109946_242843a6_1,4.734210597234778e-05,-0.11600065231323242
1158,34341_d19b12fb_22,7.514791650464758e-05,-7.543710708618164
1159,23247_bcd1e84f_21,0.0005570980720221996,0.8830256462097168
1160,131765_29b29f08_6,3.389799894648604e-05,0.26593220233917236
1161,21395_7d6fda6f_12,0.00025539539637975395,0.7764758467674255
1162,135460_6471e973_15,0.0005839337827637792,0.8081861138343811
1163,51741_49d61151_7,0.0026408862322568893,0.9045760631561279
1164,28382_90b7cc0c_12,0.0006342328269965947,0.7699437737464905
1165,30850_05d88af9_2,0.003252183785662055,0.8658413887023926
1166,86278_1e55d036_12,0.00017890380695462227,-0.33161377906799316
1167,67240_525e92c1_1,0.0012605695519596338,-0.011498451232910156
1168,82002_ef2b4feb_6,0.0005806032568216324,0.9888440370559692
1169,53364_ec8aad42_1,0.006269022822380066,0.7306327819824219
1170,135771_b030a25c_17,0.0006836442626081407,0.20917457342147827
1171,135906_29d7b495_1,0.0001479305501561612,0.7355226874351501
1172,21822_7d3db422_38,0.0004233738000039011,0.5704711079597473
1173,81136_5b86c723_1,7.00664531905204e-05,0.4854543209075928
1174,25473_0991d519_2,0.012965126894414425,0.7756943702697754
1175,73405_94381b7c_5,0.004761819262057543,0.19958996772766113
1176,24009_c40b0d48_2,0.0002163462049793452,0.9933560490608215
1177,22162_439af02a_1,0.00045623359619639814,0.9910291433334351
1178,146159_f3f80701_0,0.002728607738390565,0.27246546745300293
1179,51895_5760b481_15,0.005381211172789335,0.942726194858551
1180,33500_e58e287e_1,0.004174822010099888,0.8056681156158447
1181,31838_2e4bd173_0,0.0037241526879370213,-1.489393711090088
1182,146137_92faaea5_18,0.00011318596079945564,0.009244322776794434
1183,124879_2257a334_2,0.00019212413462810218,-1.108635663986206
1184,144145_510eedc2_7,0.0008440041565336287,0.984358549118042
1185,21237_7887a24b_78,0.000655780138913542,0.9429717659950256
1186,82297_93739ce0_6,0.0008565412135794759,0.7184330224990845
1187,51536_a18dc325_31,0.0005440269014798105,-1.6369431018829346
1188,93103_fdb9fcb7_7,0.0015288162976503372,0.8026607036590576
1189,24590_415f7013_9,0.0006720363744534552,0.8754841685295105
1190,130659_16f2db4c_0,0.0006610084092244506,0.781326413154602
1191,23083_fdb942ac_2,0.0011995972599834204,0.9499475955963135
1192,23954_a8c09819_2,0.0004970271838828921,0.9903613328933716
1193,30417_0010bc7c_13,0.0009032640955410898,0.919679582118988
1194,120535_e304dfca_1,0.0012784916907548904,0.9062227606773376
1195,93199_2146e709_9,0.002030962845310569,0.5336394309997559
1196,23686_cba4f679_15,0.007422872819006443,0.8336260318756104
1197,40807_58058731_20,0.003613129025325179,0.9636338949203491
1198,94410_d32e7520_35,0.004605020396411419,0.8853421211242676
1199,79695_fd8bae0e_0,0.0019423412159085274,0.5060960054397583
1200,129422_621d0a90_35,0.005061869043856859,-1.3773705959320068
1201,44932_16cb7f21_5,0.004104870371520519,0.8837394118309021
1202,136550_8a8672e5_1,0.0006661874940618873,0.8129827380180359
1203,20495_e8e7e80c_3,0.002890875330194831,0.9482954144477844
1204,31962_e5291336_50,0.0008289564866572618,0.2092282772064209
1205,24888_5be1de05_1,4.2985302570741624e-05,0.18245524168014526
1206,34114_7e58a97d_10,0.006257075350731611,0.7594459056854248
1207,108433_37a79370_0,0.005086285062134266,0.5505597591400146
1208,22844_9b75b8e0_1,0.000387852662242949,0.9839112162590027
1209,115637_b4d41e8a_0,0.001223487313836813,0.8815588355064392
1210,53474_f29e4438_15,0.014870431274175644,0.5769801139831543
1211,26766_1aaa348c_0,0.0011279834434390068,0.8398817181587219
1212,51940_67bb0219_7,0.0007245551096275449,0.881596565246582
1213,41714_1d49f4d1_13,5.781610889243893e-05,0.7720044255256653
1214,21815_7090778f_9,0.0068238056264817715,0.4400016665458679
1215,32843_8e5bdf24_0,0.0020990839693695307,0.9069952964782715
1216,23686_cba4f679_10,0.00129117036703974,0.8391034007072449
1217,114425_891ab08d_0,0.008001876063644886,0.002261936664581299
1218,41786_02d48cdd_5,0.0023483908735215664,0.6366037130355835
1219,22895_4533b542_1,0.0009999062167480588,0.9426919221878052
1220,49016_cd1b47bf_6,0.007329440210014582,0.7678191065788269
1221,51674_a70c1c6c_3,0.00011062924022553489,0.8230890035629272
1222,52972_6e5a5ada_11,0.002358607482165098,0.8998868465423584
1223,120700_d818883a_8,0.0002506124146748334,0.6606799364089966
1224,34530_9525ffcd_0,0.0031281262636184692,0.9411746859550476
1225,24355_99bf3f8f_1,0.000178536371095106,0.6542530059814453
1226,56250_3b6024e3_46,0.005747151095420122,0.8983846306800842
1227,56355_727ca47c_3,0.001690491451881826,0.591803252696991
1228,35057_9af89947_1,0.0009284992120228708,0.8542242050170898
1229,120881_a946667f_13,0.00018519732111599296,0.7448608875274658
1230,143021_c6df0146_5,6.62724269204773e-05,0.6309658885002136
1231,69240_dc199112_3,0.0011995702516287565,-0.09177780151367188
1232,41733_1ec9b00c_15,0.0006777459639124572,0.8588608503341675
1233,30298_24191733_2,3.50473310390953e-05,0.7576254606246948
1234,30400_8824ce97_18,0.000706451537553221,0.8524882793426514
1235,37040_ecbcd25e_36,0.0016999728977680206,0.5415084362030029
1236,23035_6087bb57_4,0.00011052423360524699,0.834598958492279
1237,38675_6e07d74b_26,0.010972818359732628,0.8481740951538086
1238,31751_e37382e1_9,0.0006838730187155306,0.9270811676979065
1239,54601_e1da5b93_4,0.0005571672227233648,0.9889154434204102
1240,142999_171240b6_29,0.0009029859211295843,0.9315512180328369
1241,137646_14bca880_0,0.0017793143633753061,0.8356790542602539
1242,37519_442dc408_1,0.00012791751942131668,0.8436821699142456
1243,47195_a8cd8bad_6,0.0006441558361984789,0.9590378999710083
1244,22474_b10fea1a_6,0.003643061500042677,0.579831063747406
1245,53200_d1e30b87_10,0.001247513573616743,0.7829210758209229
1246,41472_f9d73638_9,0.00022926281963009387,0.764352560043335
1247,126397_cc08a23d_1,0.00026368428370915353,0.5720564723014832
1248,31838_2e4bd173_4,0.0007438243483193219,0.9867395162582397
1249,52006_d21e4570_7,0.0006881999433971941,0.8635812401771545
1250,62109_08c31aa8_0,0.0014412481104955077,0.743183970451355
1251,49403_458914df_0,0.0009185572271235287,0.4574189782142639
1252,122914_76ff1f5e_2,4.4204305595485494e-05,-2.934302806854248
1253,34913_d23e2a24_2,0.0013546826085075736,0.3938230276107788
1254,104641_2cd02839_15,0.00019639030506368726,0.4324769973754883
1255,131632_6144b102_1,0.0016721619758754969,0.98009192943573
1256,30850_05d88af9_0,0.0016024908982217312,0.8742623925209045
1257,86296_8a6ed4d3_7,0.0006682918756268919,-1.0583581924438477
1258,34983_439766af_7,0.007302788086235523,0.8959619998931885
1259,33374_7491cbf8_2,0.00460788095369935,0.9554173350334167
1260,50694_afd26bd5_10,0.0024000718258321285,0.9742268919944763
1261,50292_e84db1fb_8,0.00014627548807766289,0.5008455514907837
1262,81367_622a9e51_2,0.0007121536764316261,0.821174681186676
1263,78966_584c5305_0,0.0005449504242278636,0.7158524990081787
1264,79905_623eae86_1,0.010101769119501114,0.9172757267951965
1265,63055_6b907478_15,0.0011782755609601736,0.9060090780258179
1266,135771_b030a25c_4,0.0004004008660558611,0.4958842396736145
1267,41753_9b4f8d8a_0,0.0006112624541856349,0.9879985451698303
1268,80784_f7ec5f70_1,0.0013294423697516322,0.7747337818145752
1269,33607_c6f31fa6_10,0.0012744501000270247,0.8439229130744934
1270,22225_a3ce4d29_42,0.001151867676526308,0.876216471195221
1271,51938_8b9cba89_5,0.015745731070637703,0.6700188517570496
1272,44741_f386a08f_4,0.0014712209813296795,0.9563339948654175
1273,70021_e673ae54_4,0.0009455455583520234,0.9846535325050354
1274,55135_f1186d58_7,0.0010382916079834104,0.906937837600708
1275,31856_2a5a4e32_12,0.00439644418656826,0.7561181783676147
1276,75303_045fc848_4,0.0009071942768059671,0.8606089353561401
1277,129683_3ad38815_10,0.011831638403236866,0.8616423010826111
1278,21894_93f0d052_24,0.0010782716562971473,0.9127967357635498
1279,143823_1b04bf80_13,0.0011094287037849426,0.9199434518814087
1280,143823_1b04bf80_18,0.0008529644692316651,0.1747531294822693
1281,111863_c925f4f3_2,0.00026377575704827905,0.74830561876297
1282,104633_d0a15bd3_6,0.0022428431548178196,0.8119295835494995
1283,48832_22363e53_33,0.0009931008098646998,0.9731753468513489
1284,127466_a18ae326_1,0.001072772778570652,0.5958353281021118
1285,22211_b1ee53f0_12,0.0034105207305401564,0.8574814796447754
1286,137837_9c9f163d_6,0.0007008878164924681,0.8091137409210205
1287,122755_b830e22d_17,2.5485100195510313e-05,0.7145766019821167
1288,21299_e9cd80a6_12,0.00028998462948948145,0.6111294031143188
1289,44920_70dd4b80_11,0.000916704477276653,0.9585272073745728
1290,52987_387431ac_7,0.0015675699105486274,0.9522555470466614
1291,147926_b78316a8_10,0.00016771143418736756,0.8530652523040771
1292,144653_e3eccdf1_50,0.0002590773510746658,0.8273887634277344
1293,56458_c027ed41_0,0.0009089716477319598,0.8871678113937378
1294,23495_6366269c_11,0.00044892553705722094,0.9910722374916077
1295,70883_e2d6a103_2,0.003628931939601898,0.9460805058479309
1296,32743_f4c47bbc_34,0.0008086067973636091,0.528713583946228
1297,30910_38ea5a06_2,0.0002774936438072473,0.9529372453689575
1298,56476_466fc284_17,0.00966878142207861,0.8000100255012512
1299,22604_0b4ffb43_62,0.0011987014440819621,0.9499855041503906
1300,21534_6367be99_0,0.0009764278656803071,0.6921949982643127
1301,133026_1085532d_1,0.0003403599839657545,0.9135002493858337
1302,137828_0b0786fb_1,0.001377493841573596,0.9735182523727417
1303,55627_971fde61_27,0.0010619814274832606,0.8659375905990601
1304,93869_8b1922a3_0,0.0013801836175844073,0.8886919021606445
1305,24393_9acd18c6_3,0.001630941522307694,0.9695665240287781
1306,44996_b3e9c266_14,0.00013679260155186057,0.4646632671356201
1307,55300_b9675d43_1,0.0004588392621371895,0.990990936756134
1308,113352_879844fe_0,0.0011997154215350747,0.9511465430259705
1309,135317_3c58b0d0_9,0.0002656127035152167,0.7545754909515381
1310,115624_fe3eb392_1,0.011686502955853939,0.45268064737319946
1311,63055_6b907478_21,0.0027518323622643948,0.8996450304985046
1312,40421_032c052f_0,0.0009138941532000899,0.8610880374908447
1313,143029_70554264_3,0.0001679223496466875,0.712329626083374
1314,145117_78f63de3_0,0.0007363221957348287,0.8106255531311035
1315,128996_35f2006e_0,0.00016355171101167798,0.1821325421333313
1316,54503_fc6c6963_1,0.0007426344091072679,0.9062052965164185
1317,24657_0168dc6b_1,0.0012002511648461223,0.9706217646598816
1318,130524_13ad16a8_0,0.018723072484135628,0.9074177145957947
1319,142670_33c641dc_3,0.00040255702333524823,0.8470631837844849
1320,65375_674ff0b9_11,0.001364384894259274,-0.24217724800109863
1321,23168_7fdf5427_3,2.381239210080821e-05,-9.877498626708984
1322,41717_ab2075ac_0,0.00044913613237440586,0.9835095405578613
1323,21739_57582b8f_4,0.001161510357633233,0.9318556189537048
1324,143293_fc5b0ff7_30,0.001270216889679432,0.9653604030609131
1325,135906_587b5c3d_0,0.00036898028338328004,0.7771931886672974
1326,138685_fd9b79cd_0,0.0008338182233273983,0.3332648277282715
1327,119921_5621fcb4_0,0.0005543770384974778,0.9064062833786011
1328,49403_458914df_5,0.0011908316519111395,0.8642834424972534
1329,73525_7f6b2f67_2,0.00016191229224205017,0.7406738996505737
1330,136994_a3a2f50f_3,0.0009619630873203278,0.8916494846343994
1331,31838_2e4bd173_1,0.004363423213362694,0.905558168888092
1332,35866_d0233b36_6,0.0009001429425552487,0.984654426574707
1333,53053_d6b4d71c_9,0.0019112733425572515,0.9503780007362366
1334,90220_7baf1e18_1,0.0002578645362518728,0.6519033908843994
1335,23364_73dd9d4d_10,0.00028628139989450574,0.588550865650177
1336,52987_387431ac_3,0.001343424548394978,0.8893565535545349
1337,51859_6b2fd0f1_4,0.0004485890094656497,0.7506126165390015
1338,51708_867d4509_12,5.511762356036343e-05,0.5225581526756287
1339,93199_2146e709_3,0.0007613890338689089,0.9838570356369019
