case_num,case_name,MSE,R-Square
0,50417_199cffee_13,0.014116409234702587,0.8900407552719116
1,48516_2b3135bf_11,0.005943074822425842,0.7990657091140747
2,41733_1ec9b00c_31,0.004317094571888447,0.5812404155731201
3,31664_1e85c690_0,0.004520812071859837,0.7569427490234375
4,21893_0500d043_18,0.000787068041972816,0.9839980602264404
5,31607_9a2f8140_6,0.005313377361744642,0.8216546773910522
6,41774_88a7a483_18,0.0023234188556671143,0.4328416585922241
7,42143_51b31600_4,9.953108383342624e-05,0.7988884449005127
8,23104_3b70eba4_13,0.0016562885139137506,-1.724677324295044
9,129075_8fbf62e5_2,0.0002832386817317456,0.25255948305130005
10,41624_a15f83c1_13,0.00013838648737873882,0.9320459365844727
11,36088_1ea9c8a9_12,0.0020113345235586166,0.9530776143074036
12,126477_6596d136_14,0.00039760750951245427,0.6396001577377319
13,130441_10c43121_0,0.06398216634988785,0.6740565299987793
14,133385_e6aa64d8_21,0.00026879532379098237,0.8236531019210815
15,26398_b99946da_1,0.00977780669927597,0.8714048862457275
16,61198_0c99f50a_4,4.913129669148475e-05,-2.0951085090637207
17,26661_ab88a525_0,0.0005845420528203249,0.3244060277938843
18,129075_8fbf62e5_1,0.0012538065202534199,-0.18404662609100342
19,51891_9455ea02_1,0.00244717625901103,0.9611677527427673
20,34770_6bba5bd4_13,0.0022652726620435715,0.9555234909057617
21,21646_a2dd0d00_53,0.0036149234510958195,0.6995198130607605
22,68909_4ae1bc2e_1,0.000255132676102221,0.7602336406707764
23,27866_ece3076e_109,0.0013694626977667212,0.7840539813041687
24,92134_52f13f49_6,0.000379440636606887,0.7813249230384827
25,23342_7193a931_1,0.00029577850364148617,0.5894795656204224
26,126572_a2d6f794_14,5.079677066532895e-05,-4.106617450714111
27,44344_3e0b0b0c_1,2.875206155295018e-05,-2.982081174850464
28,49331_3bf3bb84_4,0.0005880905664525926,0.9892350435256958
29,33971_46bb0373_0,0.0027089808136224747,0.653963029384613
30,21517_bfe35b4c_1,0.00019870868709404022,0.7117906808853149
31,23165_369d62aa_6,0.003274420974776149,0.9605051875114441
32,81846_2907c980_0,0.002135627903044224,0.9052003026008606
33,24168_a0ede173_111,0.002183574950322509,0.7843283414840698
34,53461_a5942665_1,0.0009276003111153841,0.9655964374542236
35,24907_c72322ea_13,0.0010372464312240481,0.6086106896400452
36,133424_315bcaeb_7,0.00025534923770464957,0.6695677042007446
37,40490_916e13fe_0,0.004447599872946739,0.8614677786827087
38,38000_b5822e44_3,0.007623360957950354,0.8844597339630127
39,138520_f4e0bc0b_63,0.0006286455900408328,0.4002428650856018
40,61294_9255796d_3,0.00011779814667534083,0.779583215713501
41,22176_272891b8_0,0.0014731305418536067,0.2527480125427246
42,24815_4f2a57e4_1,0.005107986740767956,0.8500103950500488
43,113343_e692c488_1,0.00012010556383756921,0.8187512159347534
44,33995_18423507_1,0.00027068337658420205,0.6353647708892822
45,127897_029949fd_6,0.001911451923660934,0.9617787003517151
46,123181_4e56fb4f_0,0.0030566584318876266,0.9557181596755981
47,22670_9353c710_1,0.00012841499119531363,0.2173975706100464
48,128642_4d72bf31_2,0.0016440327744930983,0.1094217300415039
49,146667_fe438b5b_6,0.004873265046626329,0.7023965120315552
50,38260_2a31c6df_2,0.0010350949596613646,0.8541212677955627
51,24443_996411f9_3,0.0022168406285345554,0.9496932029724121
52,142074_34e02b6d_1,0.00021969362569507211,0.9342048764228821
53,41501_b627682a_15,0.0023825401440262794,0.7917971611022949
54,24712_da77fe8f_0,0.00048151816008612514,0.990990936756134
55,32960_0eaa1de8_26,0.0049530272372066975,0.9082595109939575
56,130757_b2c47f8d_2,0.00014620086585637182,-3.369460105895996
57,104817_6d73dc41_0,0.008349878713488579,0.06450551748275757
58,79243_49539d9f_0,0.002590387361124158,0.9441933631896973
59,82012_c533307b_1,0.000357460870873183,0.6670125722885132
60,107649_e651c5ca_1,9.120222239289433e-05,0.36400341987609863
61,40997_e3c88650_12,0.001641326118260622,0.9578993916511536
62,143029_70554264_4,0.0021012870129197836,0.7127593755722046
63,27054_342fcf5c_3,0.00024493312230333686,0.7443627119064331
64,41648_577daf16_17,0.0004225941956974566,0.8400270938873291
65,89720_4e65191c_1,0.0008061131229624152,0.9804717898368835
66,75382_1b589ea9_12,0.0001103563845390454,0.6845340728759766
67,120371_433ba1ca_2,0.0009636433096602559,0.9159587025642395
68,49024_b7f02205_13,0.0029937862418591976,0.8677685260772705
69,51022_47816098_7,0.005653535481542349,0.9419466257095337
70,41634_4f5d0edb_0,9.979273454518989e-05,0.8004533052444458
71,23170_6ea8ded5_3,0.0033536923583596945,0.9438756704330444
72,69589_cd2fa794_8,0.0035246629267930984,0.7695353031158447
73,41504_85e300ee_0,0.00439161853864789,0.40037018060684204
74,128996_42176b10_0,0.0028231313917785883,0.7715010643005371
75,38920_e81879c2_7,4.8598056309856474e-05,-57.44990158081055
76,148051_c59af578_6,0.0006640791543759406,0.9819138646125793
77,65494_16d62db5_0,0.00019805706688202918,0.7346028089523315
78,25473_0991d519_0,0.0006775740766897798,0.9840813279151917
79,75270_25a261ef_5,0.0012523493496701121,0.875041127204895
80,49613_1b97c07b_12,9.377928654430434e-05,0.003983855247497559
81,115633_a2c63339_1,0.0006443940219469368,0.8094010353088379
82,52366_63042db4_1,0.00047961718519218266,0.9890840649604797
83,30282_88c6933c_5,0.0014817488845437765,0.8227341175079346
84,53474_f29e4438_12,0.007140204776078463,0.7662399411201477
85,24026_1dd4094b_21,0.0011538572143763304,0.8683796525001526
86,21225_c081eae3_2,0.0023572836071252823,0.6884158849716187
87,35057_9af89947_8,0.0006071201642043889,0.5123088359832764
88,43529_4804941b_20,0.0005000126548111439,0.9847620129585266
89,22103_fd11c71b_3,0.001302052871324122,0.8374132513999939
90,51536_a18dc325_0,0.005068856291472912,0.7309858798980713
91,24230_636208ab_13,0.0008033107733353972,0.5067025423049927
92,41117_1b3271f2_56,0.009591402485966682,0.8518935441970825
93,140499_419d5823_0,0.0009473894606344402,0.9181050658226013
94,115524_a949e82c_2,0.00014183377788867801,0.4474988579750061
95,29833_0ed4880f_3,0.0008472138433717191,0.984756588935852
96,127556_4823a42a_6,0.0010942858643829823,0.8161843419075012
97,23960_48cc0f21_19,6.559598114108667e-05,0.08015930652618408
98,132987_ba18d2eb_11,0.00020320838666521013,0.6108829975128174
99,51337_f8636fd9_30,7.219670806080103e-05,0.9184273481369019
100,40999_cad6be09_18,0.00277934642508626,0.9342895150184631
101,136886_99fbdef3_0,0.0001817482552723959,0.6881097555160522
102,30447_4ed3b778_7,0.0778772160410881,0.7130811214447021
103,55811_bc667b2d_13,0.0020691952668130398,0.21226167678833008
104,41716_d55164d4_1,0.0004810436221305281,0.831648588180542
105,33610_aa697fc9_6,0.0012261185329407454,0.9094970226287842
106,55095_fa260d33_6,0.0036499786656349897,0.9037889242172241
107,115639_bc0cc622_0,0.0027154874987900257,0.8011807799339294
108,20841_1620ae7d_0,0.001052562496624887,0.8550896644592285
109,50823_d1830e58_2,0.0011442308314144611,0.7734924554824829
110,109762_cb162371_48,0.00036370998714119196,0.8721914291381836
111,41387_5f752e39_23,0.0015335391508415341,0.9432870149612427
112,121540_629c716f_0,0.002202428877353668,0.9067668318748474
113,118539_1dff9cf9_12,3.016731352545321e-05,-1.2062952518463135
114,30714_dafa62f6_2,0.009742730297148228,0.8725354075431824
115,79633_bbbde75f_0,0.005355515982955694,0.8693860769271851
116,33059_531cfd5e_11,0.001576090115122497,0.7420619130134583
117,20697_d3e106b4_4,7.328980427701026e-05,0.3844733238220215
118,136062_0027ff97_6,0.0009012040682137012,0.9168556928634644
119,146291_6b0c8db3_1,0.040322836488485336,0.06158280372619629
120,45466_5f662bcb_0,9.907216735882685e-05,0.7960114479064941
121,144500_7f600ab6_0,0.0013375449925661087,0.8763134479522705
122,44996_b3e9c266_4,0.0011703560594469309,0.7527998685836792
123,40713_4c9264ef_0,0.002898414386436343,0.6132836937904358
124,132384_0fcab1fa_13,0.000648403016384691,0.3024631142616272
125,33738_77d49563_2,0.000490623468067497,0.429715096950531
126,129422_621d0a90_33,0.00028044081409461796,0.8680122494697571
127,115633_fd3c9b97_32,0.00015743766562081873,0.3548703193664551
128,69337_a122ffde_1,0.002193175721913576,0.7758418917655945
129,37241_29f91452_0,0.002677710959687829,0.9380555748939514
130,141199_9ae000ef_6,0.002861854387447238,-1.4190828800201416
131,147133_92c04b84_4,0.0006910374504514039,0.3922240138053894
132,77687_cbb18594_50,0.001594479545019567,-0.10058057308197021
133,144290_2a679085_11,0.00020004385442007333,0.41084182262420654
134,130825_c59bbbfb_0,0.0029469854198396206,0.9245843887329102
135,82512_252da752_6,4.865878145210445e-05,-74.28035736083984
136,115624_d0acb46b_24,0.003946434240788221,0.9571805596351624
137,92134_52f13f49_7,0.0004079723439645022,0.7440378069877625
138,100326_0602c712_7,0.00043969348189421,0.3069029450416565
139,134630_f9e85072_0,0.0022394410334527493,0.48446357250213623
140,108943_b07b2543_1,0.0012000076239928603,0.8021156787872314
141,125416_ab456bc3_5,0.0017408847343176603,0.8521960973739624
142,57222_33b428d7_69,0.0003387687320355326,0.6611800193786621
143,24650_dad8c8ee_13,0.003071219427511096,0.945580005645752
144,41749_14d0599c_1,0.0018151258118450642,0.7299890518188477
145,49396_98ab955d_27,0.00042761184158734977,0.7208251953125
146,136892_e2a0b32c_4,4.289359276299365e-05,-0.10295271873474121
147,31962_e5291336_28,0.003341241041198373,0.9270796775817871
148,34231_e27353cb_0,0.00020855151524301618,0.780727207660675
149,112724_d334de09_0,0.010262899100780487,0.8404884338378906
150,56486_82b3e23a_21,0.00010185789869865403,-0.18445003032684326
151,40500_6055e3d7_17,4.3885160266654566e-05,-0.4763284921646118
152,39468_15fb2e60_43,0.0007218700484372675,-0.1778801679611206
153,141710_17531562_7,0.003366437740623951,0.9048566222190857
154,33529_756075a0_12,0.0012819810071960092,0.7488592863082886
155,54169_3a875f10_8,0.008007566444575787,0.7887924909591675
156,41023_5445cb61_9,0.0005460429820232093,0.5197696089744568
157,146380_5c569eeb_2,0.005150132812559605,-1.7680575847625732
158,24195_9791f5d3_38,7.284195453394204e-05,-0.4364093542098999
159,26573_7f7e176d_2,0.029378332197666168,0.7394236922264099
160,22734_f6bad9f7_25,0.012247608043253422,0.8026633262634277
161,48112_9538e204_0,0.0017221240559592843,0.9658157229423523
162,127545_6fa39158_10,0.012013480067253113,0.9065800309181213
163,23788_5c0b60c6_0,0.00017894557095132768,0.9060378074645996
164,23792_5b4c1ce0_21,0.004072616342455149,0.8714925646781921
165,146067_46e58ab3_1,0.015774179250001907,0.8999207615852356
166,101072_dec6f415_3,0.0005595777765847743,0.7434941530227661
167,22829_b6649a29_0,4.3701806134777144e-05,0.27537643909454346
168,55389_a736bd99_0,0.0008540131384506822,0.5463526248931885
169,30259_d709601c_9,0.005286326631903648,0.8494044542312622
170,35866_d0233b36_13,0.00012501767196226865,-0.3275057077407837
171,34563_52848c45_5,0.0005681517068296671,0.770027220249176
172,44519_90af0df6_7,0.0020928767044097185,0.3894825577735901
173,114111_59282658_8,0.00031787104671821,0.8912301659584045
174,45922_26941172_15,0.03393559902906418,0.4319256544113159
175,41303_bd1def52_3,0.0009611226851120591,0.7569773197174072
176,22053_de30641b_1,7.409192039631307e-05,-0.1341942548751831
177,22298_51433023_4,0.004669028799980879,0.8982723355293274
178,23479_81a49137_0,0.00461329473182559,-0.6758996248245239
179,22225_a3ce4d29_37,0.00845236424356699,0.8829767107963562
180,135669_490cd2d7_14,0.013257726095616817,0.28889793157577515
181,32173_8b075b1a_4,0.001119244028814137,0.9818709492683411
182,145119_24107428_5,0.0014156943652778864,0.892615020275116
183,41774_88a7a483_36,0.00012470099318306893,0.9359102845191956
184,133549_1b6c58d6_0,0.007418744266033173,0.8421037197113037
185,40936_6de8f4f4_0,0.008998307399451733,0.9438667893409729
186,23008_3d1bb7b2_0,0.006163342855870724,0.9115681648254395
187,38360_ad61c9b2_1,0.0009385499288327992,0.3902044892311096
188,136109_3d342d3c_2,0.006533158477395773,0.7373507022857666
189,135790_a27f9deb_11,0.0001560146629344672,0.8065274357795715
190,140249_7c1c5bba_0,0.00014085305156186223,0.8285413384437561
191,128996_a3d026d6_0,0.0021590255200862885,0.5575597286224365
192,23235_f9ccb8b0_0,0.0025339217390865088,-0.9982845783233643
193,93671_f7290ded_0,0.0002921218692790717,0.8268980383872986
194,51109_97b211c3_7,0.0030749624129384756,0.6241856813430786
195,51916_fa226b15_13,0.0002493320207577199,0.461261510848999
196,86268_094d3fab_1,0.000855483696796,0.9828938841819763
197,39637_ca6a9a60_1,0.004743186291307211,0.41340571641921997
198,47219_93cb3619_3,0.049896083772182465,0.12115567922592163
199,47878_0edb6829_0,0.0005767702241428196,0.9897424578666687
200,26764_ab35159a_6,0.005329566076397896,0.7872670292854309
201,34341_d19b12fb_12,0.0003364176372997463,0.6295428276062012
202,118342_c702e084_6,0.006050380878150463,0.8617891073226929
203,49886_dd68dccb_4,0.0020726914517581463,0.8430646061897278
204,23493_57512264_5,0.00020768336253240705,0.3452540636062622
205,31751_e37382e1_5,0.005551502108573914,0.8578004240989685
206,24338_848cab42_6,0.007431381847709417,0.41289186477661133
207,24916_42eacca3_10,0.0012560617178678513,0.3213869333267212
208,137485_a953e1be_2,0.001878669485449791,0.9624359607696533
209,23706_ef15ef9c_18,0.004232966341078281,0.7192152738571167
210,143671_eaf4d13b_6,0.00900827907025814,0.862557053565979
211,53470_39f2e9dc_13,0.0007372274994850159,0.06571650505065918
212,145772_59253c6d_3,6.44126848783344e-05,0.9092364311218262
213,51893_d531e2bd_2,0.0020995212253183126,0.9542863368988037
214,39389_d641313f_8,0.007353206165134907,0.719430148601532
215,51595_41f3d1a3_5,0.0003235389303881675,0.6928446888923645
216,51674_a70c1c6c_15,0.0005673490231856704,-1.1614341735839844
217,37617_3f415463_5,0.0003929547965526581,0.7019574046134949
218,31862_a89f21f9_3,0.005066371522843838,0.84943687915802
219,40519_55a097c6_11,0.005561028141528368,0.6757615804672241
220,111306_9108c940_0,0.004246477037668228,0.187350332736969
221,136640_16741d62_4,0.0007424584473483264,0.49475425481796265
222,23155_d7305c5f_2,0.009777848608791828,0.8019436597824097
223,43934_912ff891_41,0.00030488971970044076,-0.4534003734588623
224,57017_6033d1e5_0,0.002238593529909849,0.8872989416122437
225,126913_d253adb7_1,0.0012995530851185322,0.4802892804145813
226,130752_52d74f2f_48,0.0028056770097464323,0.8108679056167603
227,124177_71283cad_0,0.001513156108558178,0.8833194971084595
228,24650_dad8c8ee_18,0.009399699978530407,0.7597224712371826
229,55199_4d57661f_2,0.004110113251954317,0.7539421916007996
230,115010_eb737aaf_20,0.0005584366153925657,0.9893064498901367
231,27855_19c5895a_12,0.00019295509264338762,0.8987957239151001
232,52772_a6e6e320_0,0.0002816063351929188,0.6220862865447998
233,90917_3d2d21a9_0,0.006205370184034109,0.8580765724182129
234,40703_5f4e45d4_7,0.0006344162975437939,0.9874145984649658
235,132622_911efd2f_1,0.009332232177257538,0.8603107929229736
236,43441_e1ab0873_6,0.05179079994559288,0.18239814043045044
237,34917_61633e20_6,0.0012984303757548332,0.9718500971794128
238,67221_275ba7e6_4,0.0032245253678411245,0.9353187680244446
239,130719_e4764a36_10,0.00021470015053637326,0.5318213701248169
240,136318_130d6a06_20,0.001960514113306999,0.8211784958839417
241,99636_73c43ebd_10,0.00385716138407588,0.8959234952926636
242,29377_3a04cb8d_6,0.0005712942802347243,0.9166544675827026
243,23018_63087a41_47,0.0027040853165090084,0.9259827136993408
244,26165_100fec74_4,0.000751691113691777,-1.3651905059814453
245,135934_d2f6bb2e_46,0.0003727436996996403,0.8190564513206482
246,24039_448afafa_5,0.008099721744656563,0.6096370220184326
247,32775_a79b406b_14,0.005063218995928764,0.3548559546470642
248,23686_cba4f679_0,0.0019186011049896479,0.8180444240570068
249,35147_bc9f2c5d_0,0.0028056781738996506,0.547076404094696
250,136337_1351909b_2,0.011870213784277439,0.7180526256561279
251,139222_2c10ca9a_1,0.004779292270541191,0.5888521075248718
252,139379_fe5c3f64_0,0.0013477408792823553,0.9503125548362732
253,33084_344fec27_2,0.0004712397058028728,0.9911295771598816
254,24775_d5c98d77_0,3.8942063838476315e-05,-0.20045268535614014
255,56344_3a89f085_23,0.0017340320628136396,0.8392894268035889
256,135112_cf8007b8_5,0.002692545996978879,0.9337018728256226
257,50706_20d07d57_2,0.01775657758116722,0.8298438787460327
258,51744_cd355565_5,0.0025193924084305763,0.9245394468307495
259,51464_da501c24_0,0.002771669067442417,0.45370179414749146
260,126572_a2d6f794_23,6.664560351055115e-05,-1.306581735610962
261,70021_e673ae54_2,0.0002892581978812814,0.5832264423370361
262,25144_31b089b6_5,0.0008089799666777253,0.6335717439651489
263,24715_55aac5f2_2,6.709456647513434e-05,-4.585615634918213
264,24532_f82f8000_2,0.0026305238716304302,-1.1295099258422852
265,30664_a3084f71_1,0.0017130690393969417,0.2837868332862854
266,81145_5c13a8e9_1,0.00039522061706520617,0.5963215827941895
267,132037_2abb8c63_10,7.877514144638553e-05,0.6378854513168335
268,50414_ac159b58_2,0.0008839833899401128,0.9678733348846436
269,21601_360ce1c7_7,0.004428612068295479,0.9195165038108826
270,22119_27e3ecbe_9,0.0019878253806382418,0.9383586049079895
271,145120_74f7316f_0,0.008786650374531746,0.6027425527572632
272,74574_c302ff1f_0,0.0003420787106733769,0.5507043600082397
273,52443_085efc00_4,0.0002536317624617368,0.917125940322876
274,147546_ede0f31c_3,0.008566178381443024,0.8147586584091187
275,22492_047b125b_21,0.008661307394504547,0.7989764213562012
276,72313_5a86e234_0,0.04572395980358124,0.12655705213546753
277,45589_49e3c7ea_2,0.001569520216435194,0.9526726007461548
278,83432_a7f85698_0,0.0011586931068450212,0.9739744067192078
279,32775_a79b406b_0,0.0003616255708038807,-2.482487916946411
280,121703_69c4a5ac_3,0.00016109732678160071,0.41629457473754883
281,80901_e9080573_6,0.007042223587632179,0.7251760959625244
282,21809_8bd6b10e_3,0.036961428821086884,0.18647825717926025
283,49396_98ab955d_15,0.00211462564766407,0.7983721494674683
284,33766_14917a4a_19,0.0015049518551677465,0.9665151238441467
285,26661_ab88a525_8,0.0012112397234886885,0.9660446047782898
286,44030_17bd5ec9_0,0.001307042082771659,-0.6067554950714111
287,53221_74fa81cd_7,0.0004969181027263403,0.5704556107521057
288,21887_3306168f_7,0.005742567591369152,0.42781180143356323
289,86185_85fde9e6_0,0.004470969550311565,0.3167003393173218
290,87951_500b1dcd_2,0.00019424411584623158,0.7920609712600708
291,22276_69c5036b_11,0.008300546556711197,0.7828267812728882
292,41721_44151488_5,0.006008639466017485,0.4436349868774414
293,102293_5d04e48d_0,0.026561211794614792,-0.2602207660675049
294,77687_cbb18594_20,0.0002166324993595481,0.6995008587837219
295,133248_1bab99ae_0,0.0026331613771617413,-0.16075313091278076
296,24051_4852a192_2,0.001706877606920898,0.9414141774177551
297,86806_2993395a_1,0.00025381779414601624,0.7845259308815002
298,38558_b0d6b3f8_1,0.0006251515005715191,0.9871689677238464
299,140549_7d01813c_0,0.01231454312801361,0.6093584895133972
300,24559_3c306e71_1,0.0016756178811192513,0.7422745227813721
301,70350_751de4b0_13,0.009677734225988388,-2.9421722888946533
302,39101_23fec10f_8,0.0050235348753631115,0.46555209159851074
303,24942_9d1b2ff2_8,0.007324736565351486,0.9146251678466797
304,30850_05d88af9_3,0.020862143486738205,0.6530872583389282
305,113358_08641c94_4,0.003120138542726636,0.9030441045761108
306,21234_8b71bd47_27,0.0011974851367995143,0.5667769908905029
307,26245_4aac38e1_21,0.00040370479109697044,0.06335026025772095
308,66072_d301cc88_0,0.0010229118634015322,0.5576375722885132
309,21894_93f0d052_23,0.002925871405750513,0.7110034227371216
310,147816_7fb70c2b_2,0.0011206328636035323,0.8824583292007446
311,49120_4131d1e7_1,0.0010838920716196299,0.7829973697662354
312,52224_ca16c854_4,0.0026082086842507124,0.6275478601455688
313,105762_19e04e0b_1,0.00024007110914681107,-0.895150899887085
314,30400_8824ce97_36,0.0015563109191134572,0.7758331298828125
315,95199_ffcff41e_0,0.0003800154372584075,0.610645055770874
316,50417_199cffee_3,0.0030505270697176456,-1.3742201328277588
317,24544_d06c82dd_5,0.0044418261386454105,0.9264914393424988
318,22604_565b91f5_2,0.00456921337172389,0.8093577027320862
319,22788_b6a9e30a_4,0.0002344889653613791,0.9414026737213135
320,45789_d5126eab_14,0.002088033128529787,0.5734685659408569
321,37267_b2be4b50_3,5.0792659749276936e-05,-4.110904216766357
322,34330_5eff1ee1_3,0.0016514998860657215,0.8072627186775208
323,137999_d934160e_1,8.693001291248947e-05,0.3275499939918518
324,134921_f5efde94_27,0.00018877623369917274,0.8264386653900146
325,53470_39f2e9dc_8,5.854415212525055e-05,0.3432120680809021
326,23497_f292546d_25,0.0075163086876273155,0.6876094341278076
327,22289_4b848f64_2,0.000439674302469939,0.9404524564743042
328,31392_84b62622_2,0.002031100681051612,0.8307259678840637
329,51347_1fc6f329_0,0.0013962939847260714,0.6863290071487427
330,50777_2934de55_6,0.0031497108284384012,0.887628972530365
331,32841_954e8c1a_0,0.0013256205711513758,-0.3676410913467407
332,31530_6744ae73_3,0.002520161448046565,0.9630094170570374
333,65827_d1469ad6_1,0.0003886888443958014,-1.9087984561920166
334,145461_30637b22_8,8.32488076412119e-05,-2.3275277614593506
335,31973_093ea963_13,0.000847507209982723,0.670073390007019
336,70355_e5f58cd5_14,0.0021171895787119865,0.7935214042663574
337,77687_cbb18594_40,9.872985538095236e-05,0.5638008713722229
338,24392_fce351ea_0,0.0003873211098834872,0.7923575043678284
339,36853_7efccb8c_3,0.00236347783356905,0.6774182915687561
340,41644_d15f8e2b_5,5.724966467823833e-05,0.7049788236618042
341,131762_9b5e5ff5_2,0.0010375179117545485,0.937345027923584
342,82193_96ef9433_2,0.00499924598261714,0.922093391418457
343,31347_386f6298_15,0.0020534491632133722,0.9517168402671814
344,34568_fbe47bf9_0,0.0002111557114403695,0.39555686712265015
345,115624_fe3eb392_3,0.00724882772192359,0.8341108560562134
346,130446_e7b58dbe_0,0.019139761105179787,0.227791428565979
347,104641_2cd02839_33,0.00010715427197283134,0.7659052610397339
348,31460_39fdfc6a_7,0.005255846306681633,-0.1830211877822876
349,95541_ced8f936_0,0.0017394771566614509,0.9625101685523987
350,23126_725969ea_17,0.0006072033429518342,0.9358459115028381
351,23676_52069f98_5,0.00016564351972192526,0.37621742486953735
352,137637_ed9c537d_0,0.0011921433033421636,0.7052253484725952
353,22474_b10fea1a_2,0.0027674874290823936,0.9329661726951599
354,143017_21d96cc2_10,0.00157759094145149,0.7725759744644165
355,105270_34f92afd_1,0.00019989769498351961,0.7196282148361206
356,95622_0a0787e4_4,0.005026982165873051,0.9249183535575867
357,55854_13f0399b_0,0.002696770941838622,0.9419571757316589
358,22118_1e09e0eb_5,0.0015061316080391407,0.9357649087905884
359,146717_3e6a84c1_7,0.014861375093460083,0.7772364616394043
360,63132_330141d7_3,0.0015002168947830796,0.6957478523254395
361,115633_fd3c9b97_46,0.0001974316401174292,0.5933403968811035
362,21644_aa203dc5_29,0.00029628246556967497,0.9272762537002563
363,79791_00f639ca_15,0.0015895661199465394,0.9732382297515869
364,60711_42b5a13e_1,0.0014048718148842454,0.8444202542304993
365,137483_cdb8989d_0,0.002482111332938075,0.9481765031814575
366,21644_aa203dc5_26,0.0006282267859205604,0.891573965549469
367,131876_b2384623_0,0.0010285422904416919,0.3359048366546631
368,23706_ef15ef9c_10,0.0008517325622960925,0.8696988821029663
369,68948_0d2a01cd_9,0.003886134596541524,0.8910059332847595
370,145137_4e9eef42_1,0.0017871401505544782,0.6405625343322754
371,30426_2cde26de_20,0.005861979443579912,0.9332957863807678
372,31378_34c52a73_0,0.0003926132631022483,0.8910039067268372
373,92134_52f13f49_4,0.000750853621866554,0.4932543635368347
374,119634_fc722479_1,0.007414588239043951,0.8979867696762085
375,24032_d6172503_24,0.0009080867748707533,0.6198001503944397
376,136401_69f29349_4,8.020758104976267e-05,-0.24450206756591797
377,41871_f9a1ad02_26,0.0021477057598531246,0.8369224667549133
378,48220_87941c4e_116,0.001907878671772778,0.7176674008369446
379,115012_9ed88535_2,0.0012255520559847355,0.5105014443397522
380,69488_025cf0a2_1,0.014829774387180805,0.8994699120521545
381,147427_69f68da4_3,0.00017443406977690756,0.516533374786377
382,33766_14917a4a_32,0.0024485732428729534,0.9119194746017456
383,51747_3d58eae0_0,0.0011094993678852916,0.8510244488716125
384,33785_a4c23f61_0,0.020360572263598442,0.9231881499290466
385,114935_797875fe_2,0.00579660153016448,0.7891180515289307
386,51775_49ef614a_26,0.00024989116354845464,0.5556976795196533
387,38196_ea48fa42_3,0.00010117227793671191,-0.18354284763336182
388,140413_44177109_21,5.997396874590777e-05,-0.09757614135742188
389,27676_79237cc5_1,0.002683212049305439,0.12219566106796265
390,52883_e518d3f4_33,0.0015689810970798135,0.9690925478935242
391,34347_841c5375_2,0.00023976864758878946,-3.8750252723693848
392,55289_292737cb_0,0.002998261246830225,0.9424386620521545
393,50606_82cb18e2_0,0.0018303794786334038,0.9280628561973572
394,30407_efa567f2_4,0.0017546660965308547,0.957690954208374
395,31647_ab9ad9dc_13,0.0013380059972405434,0.8703759908676147
396,24896_58b4730f_17,0.0008216835558414459,0.8467435836791992
397,23602_5daaccf5_4,0.003077478613704443,0.7850515842437744
398,27725_5cceaeb7_10,0.002352803247049451,-3.8879995346069336
399,127734_395dcf7d_5,0.01652669347822666,-1.6873536109924316
400,31957_d864f861_3,0.006686567794531584,-0.3626132011413574
401,49415_1671b60c_4,0.0015127226943150163,-0.4144477844238281
402,45110_fae73324_4,0.0018123665358871222,0.9032815098762512
403,22343_34184fd5_18,0.00015000579878687859,0.4289194941520691
404,22848_cc91b848_38,6.681172817479819e-05,-76.01591491699219
405,73652_23b21ef2_1,0.00251465174369514,0.9494339227676392
406,65569_bd890a32_1,0.0038803599309176207,-36.21974182128906
407,48220_87941c4e_111,0.0038383479695767164,0.32776302099227905
408,30394_e30f932c_0,0.0040920632891356945,0.7658625245094299
409,21941_1a683ec2_26,0.0016917783068493009,0.9293543100357056
410,25564_e646fcb3_1,0.00010870357073144987,0.6328940391540527
411,134053_87a32e31_3,0.0002988712803926319,0.18448442220687866
412,87950_af56e26e_2,0.0010323462774977088,0.9244422316551208
413,51458_54240b70_17,0.001251450041308999,-0.382283091545105
414,40688_effe215a_1,0.004398174583911896,0.8910872340202332
415,131494_c8a441d0_0,0.0004854053258895874,0.9054771065711975
416,26768_c4df841f_21,0.000868365284986794,-0.01719081401824951
417,136892_2d5f55a9_0,0.005198338069021702,-0.13993597030639648
418,54652_d60ac3e0_10,0.0014571312349289656,0.9209460616111755
419,51747_3d58eae0_1,0.0008636363199912012,0.646949052810669
420,54650_df3655c1_0,8.975293167168275e-05,0.016974806785583496
421,41125_711db4bf_58,0.0016157645732164383,0.820273756980896
422,45418_f603706b_2,0.00037381707807071507,0.9054494500160217
423,21852_6cf9a734_18,0.014898847788572311,0.8726584315299988
424,122515_758d8b70_6,0.00011483539856271818,-93.8295669555664
425,104081_05ba54fa_2,0.0009166149538941681,0.6150394678115845
426,41672_cf87e0b6_0,0.0007596442592330277,0.8827576041221619
427,22638_37f9fe91_1,9.576624142937362e-05,0.7170755863189697
428,24559_3c306e71_3,0.0026320351753383875,0.5219341516494751
429,31589_ac31215d_8,0.0003025822516065091,0.8398826122283936
430,49603_143b8bd2_35,0.0015414553927257657,0.8780004382133484
431,127965_c64a91da_0,0.0006711819441989064,0.8262941837310791
432,36062_f2fb6808_1,0.00015058289864100516,-0.3916875123977661
433,139280_8874b1ab_18,0.00020361694623716176,0.8043415546417236
434,30997_24dea167_4,0.002737118164077401,0.7531108260154724
435,143471_eb185912_5,7.205507426988333e-05,0.2622274160385132
436,23176_1bf2a2d5_10,0.015952249988913536,0.3404749631881714
437,98299_b8146029_5,0.0007554295007139444,0.9345771074295044
438,23466_1cf60d09_4,0.009202373214066029,0.7426831722259521
439,41591_2d0bd0d5_3,0.0037362065631896257,0.8686599135398865
440,134929_9049dcec_1,0.00038727617356926203,0.7923345565795898
441,41785_e8bf0528_0,0.0033793237525969744,0.8527466654777527
442,31460_39fdfc6a_6,0.0018016882240772247,0.9614161252975464
443,133710_00be7f31_1,0.00850255973637104,0.024388372898101807
444,24532_f82f8000_0,0.0004251865320838988,0.9064751267433167
445,21234_8b71bd47_3,0.00033892449573613703,0.4869464635848999
446,35175_6edc4126_5,0.0032843060325831175,0.9048296213150024
447,20495_e8e7e80c_1,0.0004033124423585832,0.5297359228134155
448,76546_c17e95aa_2,0.00022152082237880677,-0.3030247688293457
449,41654_e75f89df_0,0.0013092675944790244,0.9289382100105286
450,109772_f1a0845e_6,0.00017115191440097988,0.9011052846908569
451,34913_d23e2a24_0,0.0021540585439652205,0.8803240656852722
452,25203_1cc0cb3c_12,0.004810342565178871,0.9197196960449219
453,37160_2a95674a_4,0.0022872034460306168,0.8506948947906494
454,69240_dc199112_4,0.001466121757403016,0.7215144038200378
455,25176_d9130589_0,0.0010538569185882807,0.8614966869354248
456,69235_fe79a369_0,0.00018827848543878645,0.577155351638794
457,39468_15fb2e60_9,0.0013911498244851828,0.798179566860199
458,103284_e25015aa_6,0.00015202986833173782,-0.21165764331817627
459,30377_e18ea3de_0,0.00012560831964947283,0.8982412219047546
460,66080_f578d52b_4,0.0017543601570650935,-8.016922950744629
461,37444_52b27e94_14,0.0013668149476870894,0.7918409109115601
462,38675_6e07d74b_31,0.003947759047150612,0.875084638595581
463,21680_360ba5c7_28,0.0010937347542494535,0.920311689376831
464,142032_5c32b7db_2,0.0031314000952988863,0.9423379898071289
465,44210_a155c2d1_0,0.015323794446885586,0.6588858366012573
466,38287_88ec74de_92,0.0006528376834467053,0.9036221504211426
467,29572_2f9283f2_4,0.0028335852548480034,0.7889255285263062
468,28300_b3a6ab79_10,0.0033167018555104733,0.8853152990341187
469,136129_e6a20c7d_5,0.0001520867954241112,0.7666492462158203
470,119381_e4d13609_0,0.002896450227126479,0.8904140591621399
471,30729_b4d83b07_4,5.238867015577853e-05,-0.07579195499420166
472,140413_44177109_11,0.0069936905056238174,0.6710734367370605
473,26384_83eddf22_0,0.0011892806505784392,0.909199059009552
474,82285_e7a738e7_2,0.009752215817570686,0.18769961595535278
475,108599_347602af_0,0.0030412962660193443,0.9054243564605713
476,119889_41a6f268_1,0.00017821865912992507,0.7369915246963501
477,55006_94230c00_1,0.005397085566073656,0.8312673568725586
478,21517_bfe35b4c_10,0.0003004247846547514,0.8619452714920044
479,20818_098cad7c_6,0.00019520815112628043,0.790954053401947
480,41855_b82e6ae8_6,0.0010212737834081054,0.8819432258605957
481,137166_90691294_8,0.00010604123963275924,0.9295790195465088
482,69561_f274e705_26,0.0011465837014839053,0.9447216391563416
483,51579_d0c3e154_0,0.003552314592525363,0.8496836423873901
484,23676_52069f98_4,0.0016032680869102478,0.9495162963867188
485,31962_e5291336_1,0.002002033405005932,0.9407662153244019
486,57222_33b428d7_1,0.00021643513173330575,0.8393195271492004
487,51586_2ad96f8c_17,7.537554483860731e-05,0.09337246417999268
488,41473_c2137170_32,0.0012749379966408014,0.8012961149215698
489,31123_9a1bfc50_2,0.0015176020096987486,0.8853963017463684
490,23211_3aac9c7e_0,0.0005814220057800412,0.8910601735115051
491,45798_b573e9da_5,0.020761802792549133,-0.07024002075195312
492,27847_d2436f7c_37,0.00020635945838876069,0.7614879608154297
493,54736_6ee1b513_1,0.0015720822848379612,-0.3582061529159546
494,132901_7d205bb4_9,0.00031954003497958183,-1.1186084747314453
495,73762_8c704690_0,0.0039022178389132023,0.4737856984138489
496,23209_1592b0a4_1,0.002023034729063511,0.8597022294998169
497,49024_b7f02205_2,0.00023467119899578393,0.4050326347351074
498,147630_7f858240_15,0.001299206749536097,0.7711082100868225
499,69337_2c778611_11,0.00026523025007918477,0.8438782691955566
500,82498_92a00cd6_1,0.000456890877103433,0.8584361672401428
501,78775_e2d8b091_1,0.0007975248154252768,0.8918280601501465
502,40067_95ae6c76_9,0.0007821690523996949,0.916207492351532
503,80756_6f2e842f_0,0.0014256751164793968,0.7099202871322632
504,25284_1da7aa8a_0,0.0007318100542761385,0.8551889061927795
505,55605_2f8bc12e_62,0.0013289725175127387,0.9545487761497498
506,39792_60786b6c_15,0.003838679753243923,0.9229371547698975
507,34063_0ca1585e_2,0.0017543677240610123,-0.13716161251068115
508,31664_1e85c690_13,0.0014323977520689368,0.9590434432029724
509,131193_98f3ac52_1,0.002264783252030611,-0.012964010238647461
510,120221_e2eaa34b_2,0.001999596832320094,0.3138611912727356
511,130286_1f71bfed_3,0.0025687352754175663,0.23474735021591187
512,118342_e8142153_21,0.0003165890520904213,0.8830037117004395
513,128043_9f8cd69e_1,0.00023314527061302215,0.6788051724433899
514,41504_85e300ee_1,0.00011593576346058398,0.5007836818695068
515,78863_d59be42e_0,0.004548306111246347,0.45322757959365845
516,31733_5118b376_3,0.007760666310787201,0.9446190595626831
517,22208_e177deb7_5,0.0007362431497313082,0.8241122364997864
518,24026_1dd4094b_43,0.0006380286649800837,0.4419979453086853
519,73388_10a40b49_1,0.0072938790544867516,0.5706223845481873
520,138219_cdff4f61_0,0.001901756739243865,-0.25508368015289307
521,49399_dc56d180_1,0.00047201913548633456,0.9911721348762512
522,41306_8f26e703_3,0.0007472094730474055,0.7424643039703369
523,51590_034b8b08_14,0.05840010195970535,0.012380242347717285
524,48402_8c965495_4,0.0002438603842165321,0.6492084264755249
525,26388_a3367cba_0,0.007614432368427515,0.05086702108383179
526,28300_b3a6ab79_6,0.005352945998311043,0.8209092020988464
527,43938_418421a7_0,0.0010432578856125474,0.5270909070968628
528,41520_60018d18_0,9.532934200251475e-05,0.31361913681030273
529,137869_344b239b_0,0.000576260790694505,-0.3555234670639038
530,41648_577daf16_0,0.008199144154787064,0.6490287780761719
531,31347_386f6298_10,0.0005087067256681621,0.990372896194458
532,82190_24b1b0fe_12,0.002905250759795308,0.4912053346633911
533,33741_4a973932_1,0.0019600712694227695,0.6750380992889404
534,42005_3da46d94_0,0.0002885815629269928,-5.461850643157959
535,132982_ee1eed2f_0,0.002361017744988203,0.8991780877113342
536,23898_6e740393_29,0.0004576686187647283,0.09818780422210693
537,105831_88a0fb85_6,0.0006020450964570045,0.9868695735931396
538,31278_749a6317_0,0.0003835780080407858,0.7695949673652649
539,51586_2ad96f8c_4,0.00026217984850518405,0.8802995681762695
540,57000_cd1ddece_14,0.0002616816491354257,0.8933379650115967
541,50692_e7ff2668_8,0.004472191911190748,0.8409386873245239
542,65346_e89312e5_0,0.00040042889304459095,0.39484697580337524
543,38840_0e449caf_4,0.001303817261941731,0.6632788181304932
544,29573_ca59fbbf_5,0.006937436293810606,0.930060863494873
545,30164_c5680724_12,0.006929065566509962,0.6343351602554321
546,138620_e21e10ee_0,0.0004005834925919771,0.6586136817932129
547,50305_caf9cef2_34,0.002033767057582736,-2.5190584659576416
548,83396_fdb2987a_0,0.0026036854833364487,0.9061328172683716
549,28379_7e292343_4,0.0017857159255072474,0.9606545567512512
550,33529_756075a0_32,0.0022809209767729044,0.830509603023529
551,109857_1d24326e_42,3.6322715459391475e-05,-0.8100894689559937
552,22772_2b5f6629_6,0.0016426072688773274,0.9730436205863953
553,34600_e2685d46_2,0.001084696501493454,0.9603631496429443
554,122344_ab1b06aa_2,0.019534282386302948,0.6468579173088074
555,123573_5f5c9584_1,0.0006535048596560955,0.47275710105895996
556,35166_562b126c_20,0.0007147990982048213,0.9723318815231323
557,51350_138f893a_1,0.00010015611769631505,0.039353370666503906
558,137785_67c3085b_16,0.004055051598697901,0.9002112150192261
559,50417_199cffee_12,0.005810656119138002,0.7192856669425964
560,22194_a5c323b9_3,0.0006190693820826709,0.8990004062652588
561,42329_df7f540f_18,0.0013469671830534935,0.8595082759857178
562,41779_25e4203d_6,0.0005720639601349831,0.12845128774642944
563,51094_40aa8332_20,0.006697027012705803,0.7486512064933777
564,109762_cb162371_38,0.003813964780420065,0.799225926399231
565,45922_26941172_9,0.0007619379321113229,0.8688198328018188
566,34587_ed155e93_0,0.001235460746102035,0.9645037651062012
567,69589_a468c1b4_0,0.0044865598902106285,0.9052693843841553
568,44921_00dfb467_0,0.0007047179969958961,0.8281040191650391
569,82672_4705a693_0,0.0005689344252459705,0.7465342283248901
570,26778_a71e88a6_0,0.00020659202709794044,0.4431195855140686
571,69488_7bfb2b67_0,0.0017104485305026174,0.9524712562561035
572,22686_afe3a61e_0,0.0002373662282479927,-0.4665025472640991
573,109772_5faa88e8_5,0.01305054035037756,-7.927027702331543
574,43938_418421a7_147,0.0009232201846316457,0.8731701970100403
575,141694_b5ac3112_3,0.006523168180137873,-1.5142133235931396
576,31973_093ea963_16,9.496254642726853e-05,0.9403777122497559
577,26858_e90dc419_25,0.00013359541480895132,0.22689270973205566
578,131350_bbdad30d_0,0.001441358937881887,0.17818611860275269
579,35741_c43475b8_1,0.0004782584437634796,0.8333280086517334
580,30690_3df2c9e2_1,0.0010547211859375238,0.9100749492645264
581,122758_5f4efbf0_2,0.0010844661155715585,0.9286471605300903
582,37822_3be11c62_0,0.0001646283781155944,0.9300017952919006
583,91174_ee6ee92b_1,0.001204880652949214,0.7177099585533142
584,23676_52069f98_31,0.04408853128552437,0.5558858513832092
585,27958_fee329eb_1,0.0005797151825390756,0.842746913433075
586,144534_3b4fdb09_18,0.009322311729192734,-1.6048731803894043
587,30292_0b5e0265_1,0.0178077295422554,0.75758296251297
588,111062_e59e2d31_0,0.041902173310518265,0.5238063335418701
589,135790_a27f9deb_77,0.0007128347060643137,0.8611577749252319
590,65842_de75838b_10,0.000820271554403007,0.8284034132957458
591,22475_9d9601a8_3,0.00011856765195261687,0.3389928936958313
592,119884_192e3265_0,0.004606010392308235,0.31255799531936646
593,51463_3330e3aa_2,0.002796265995129943,0.7098355889320374
594,23231_efe613bb_4,0.0021653345320373774,0.8890957832336426
595,22895_4533b542_2,0.0016440523322671652,0.747477650642395
596,146219_5661130f_4,0.0030365039128810167,0.9341027140617371
597,38953_19054857_19,0.0003999401815235615,0.6445790529251099
598,21847_b2de7eb8_24,0.00922550167888403,0.3748036026954651
599,51603_034939eb_12,0.0002786358236335218,0.828250527381897
600,24843_5231632c_4,0.00037827639607712626,0.7646588087081909
601,41982_f75ceb8f_4,0.00041477481136098504,-2.1552581787109375
602,42937_c573c439_2,0.0003007388731930405,-0.2641627788543701
603,61288_2d594195_0,0.0039611272513866425,-5.511722087860107
604,55006_94230c00_0,0.0008699903846718371,0.13361221551895142
605,49898_f42a885e_5,0.004731421358883381,0.8968753814697266
606,55709_af3825c8_4,0.002375992713496089,0.9226672649383545
607,144117_83c980ca_2,0.00010765586193883792,0.6252390146255493
608,40417_b8d98f73_7,0.0003856261901091784,0.7433927059173584
609,53200_d1e30b87_11,0.0002585356996860355,0.7165186405181885
610,147009_977ee378_4,0.00010443125938763842,0.07776033878326416
611,63056_a5dfd66b_4,0.0008220641757361591,-0.48531901836395264
612,22205_f48b96b3_10,0.0005710966652259231,0.8699458837509155
613,51585_b695905b_4,0.002563457004725933,0.9432398080825806
614,24084_71f37c00_1,0.0009694547043181956,0.8054370284080505
615,25815_0e853ad9_10,0.0012226805556565523,0.9235427379608154
616,55030_11a6e3e8_3,0.01377200335264206,0.8755536079406738
617,23042_1184de03_5,0.004418276250362396,0.8714304566383362
618,39719_e9629dbd_4,0.0001108182332245633,-0.21891987323760986
619,51256_ed221095_2,0.00026641294243745506,0.7023866176605225
620,25810_93c8a71a_3,0.0033393462654203176,0.8723284006118774
621,22208_e177deb7_1,0.001660412410274148,0.8838160634040833
622,115624_d0acb46b_22,0.004601647611707449,0.9275718331336975
623,30708_4282508b_0,0.00011545834422577173,-0.7870560884475708
624,31117_cd5cdbdb_12,0.00035964621929451823,0.8447320461273193
625,41733_1ec9b00c_32,9.397073154104874e-05,0.7225939631462097
626,111387_c4243097_2,0.00033966355840675533,0.5386693477630615
627,119869_e8f0dd81_19,0.00012211444845888764,0.9080994129180908
628,34569_590239d6_0,0.002563189947977662,0.8823429346084595
629,136318_130d6a06_23,0.00018920340517070144,0.7644810676574707
630,145132_7aea3b66_4,0.0036771565210074186,0.9518712162971497
631,41878_3aeaed3d_0,0.0032743611373007298,0.46753227710723877
632,34583_a1cf326b_0,0.0005036136717535555,0.9907829761505127
633,116581_d405b783_0,0.062097370624542236,0.15630358457565308
634,24044_9bbe7992_3,0.0004865678492933512,0.39270853996276855
635,22194_a5c323b9_2,0.001312490552663803,0.8817144632339478
636,142076_08d80e12_21,9.77830495685339e-05,0.5673731565475464
637,55817_6ac2912d_7,0.00012892820814158767,-0.3903162479400635
638,21165_5cb2d287_2,0.000377625081455335,0.20428729057312012
639,39796_45dcdc7d_0,0.04932176321744919,0.3603423237800598
640,33044_7fdd9213_1,0.003914831671863794,0.8962585926055908
641,23731_3fe5b501_6,0.0003065550117753446,0.5287734270095825
642,32743_f4c47bbc_31,0.003415640676394105,0.6824958920478821
643,108775_4908fba2_21,0.0029111478943377733,0.7412930727005005
644,21941_1a683ec2_19,0.0012970113893970847,0.9042733907699585
645,27682_04277f62_18,0.0021192708518356085,0.9026747941970825
646,25815_0e853ad9_4,0.0007493449957109988,0.9516447186470032
647,30261_723e95cf_2,0.0027628985699266195,0.8835488557815552
648,21385_601444ba_102,0.00973520614206791,0.5420722365379333
649,30368_d7fd30ce_7,0.0003193933516740799,0.8795480728149414
650,55605_2f8bc12e_3,0.0033712151926010847,0.44967174530029297
651,24650_dad8c8ee_15,4.5674551074625924e-05,-0.4250224828720093
652,34227_48203345_7,0.0011716311564669013,0.9673358201980591
653,113348_ac85cba3_1,0.0016009393148124218,0.82807457447052
654,26552_25c5924a_1,0.0008645770139992237,0.6689306497573853
655,55381_cbaffe9b_0,0.00036248669493943453,0.8996539115905762
656,55817_6ac2912d_25,0.0010560500668361783,0.9719344973564148
657,138947_0778db40_4,0.0004933634772896767,0.8070639967918396
658,52788_07f7da63_0,0.0012796014780178666,0.6823562383651733
659,70355_e5f58cd5_6,0.0004990433226339519,0.15959590673446655
660,51744_cd355565_8,0.002658747136592865,0.45490312576293945
661,41227_90e1c07c_16,0.002359475940465927,0.9405820369720459
662,45359_1768ab3f_42,0.0058728414587676525,0.38019776344299316
663,41783_d1c10326_3,0.00023058064107317477,0.2582266926765442
664,32960_0eaa1de8_13,4.034905578009784e-05,-1.912881851196289
665,34674_32ee1595_3,0.006180090829730034,0.7903871536254883
666,136885_23632908_1,0.005919184070080519,-1.1123762130737305
667,136808_00592735_3,0.0014243593905121088,0.6901258230209351
668,45589_49e3c7ea_5,0.0004133884212933481,0.9914897680282593
669,141665_0564e852_3,0.0017352842260152102,0.5856241583824158
670,50897_3be92e2f_18,0.000662886188365519,0.9845199584960938
671,84256_4164b724_3,0.00044241631985642016,0.5755103826522827
672,22994_e6ad8f2b_10,0.0021858259569853544,0.9188761115074158
673,28295_0dc908b9_8,0.0006397652323357761,0.7996026277542114
674,23329_6939d5d9_5,0.0008183781174011528,0.09215438365936279
675,123665_0a0da5c7_3,0.00011654110858216882,0.09024655818939209
676,121172_0ac63503_7,0.0017175108660012484,0.6747586727142334
677,50941_2a8a8c76_0,0.001001899829134345,0.9801313281059265
678,37846_cde34fcd_66,0.0009515465935692191,0.8402979373931885
679,56040_9b1307eb_21,0.0025474776048213243,0.6032165288925171
680,146535_229c95bc_1,0.00012809135660063475,0.4131048917770386
681,50947_49287c16_2,0.0058808703906834126,0.9038760662078857
682,95622_0a0787e4_5,0.00046204522368498147,0.7499446868896484
683,25432_f13e5110_0,0.0017785979434847832,0.9439902305603027
684,32454_e959e3cf_0,0.0023258449509739876,0.9345441460609436
685,65858_61e9b51a_18,0.0027722769882529974,0.36756348609924316
686,70350_751de4b0_3,0.004010568838566542,0.4455571174621582
687,129239_0d49310c_15,0.0004659665864892304,0.8224016427993774
688,31008_8fa25b35_8,0.0008353404700756073,0.8236114382743835
689,55306_795d845b_2,7.20228417776525e-05,0.54224693775177
690,29729_e8bb36f1_2,0.0008033819030970335,0.05328774452209473
691,67283_4097cbd6_5,0.00025815892149694264,-1.1950078010559082
692,23904_811e466f_4,0.00040753386565484107,0.6580938696861267
693,116076_12d31fb7_1,0.0027612983249127865,0.5844757556915283
694,45302_02d7e3bc_0,0.0037913916166871786,0.0463901162147522
695,60977_4bb093ec_1,0.0010520332725718617,0.9531213045120239
696,49017_76979790_8,0.0013090738793835044,0.7518790364265442
697,146321_0dbae658_10,2.648379813763313e-05,-1.6688120365142822
698,102194_150e3faf_3,0.001752214739099145,0.946333646774292
699,34769_44655d03_5,0.00028825810295529664,0.6776773929595947
700,38953_19054857_6,0.0006387707544490695,0.4756619334220886
701,55397_ad24603f_1,0.0003518776211421937,0.6347557306289673
702,21908_385686ec_15,0.0017894968623295426,0.9136219024658203
703,60721_57103153_4,0.000617847079411149,0.010817408561706543
704,98701_7cd4ec8d_0,0.007713201455771923,0.8598978519439697
705,91703_642cdf1a_1,0.002114435425028205,0.960227370262146
706,26661_ab88a525_5,0.003978051710873842,-0.003470897674560547
707,51940_67bb0219_21,0.00016989988216664642,0.637933611869812
708,22543_684108ff_22,0.00035998591920360923,0.642280638217926
709,145250_cde4d039_8,0.0014072019839659333,-0.5842461585998535
710,20232_e5b060d9_6,0.00022574431204702705,0.5902044773101807
711,128043_d4650350_0,0.005786533933132887,0.9222977161407471
712,140530_30edf2c4_0,0.0018106622155755758,-0.5280870199203491
713,131814_9af6d05a_0,0.0009212418226525187,0.8614740371704102
714,26245_4aac38e1_9,0.0005066051962785423,0.7883729338645935
715,30282_88c6933c_14,0.005058976821601391,0.8058995008468628
716,32322_71d0035e_1,0.0028355377726256847,0.8545128703117371
717,131762_d10609a4_1,0.011990423314273357,0.4583907127380371
718,54812_5f7b7aba_2,0.00013045547530055046,0.9427288770675659
719,135830_8fb36dac_4,0.014192142523825169,0.3715880513191223
720,139280_8874b1ab_4,0.0003929039812646806,0.15604394674301147
721,49904_639055dd_1,0.0015277386410161853,0.8248947858810425
722,53601_59d3ecd2_0,0.012135989964008331,0.5024601221084595
723,50047_54241fe3_12,0.00131502456497401,0.8982108235359192
724,136925_70fb0381_3,0.001596682472154498,0.9022908806800842
725,87488_95f678ce_0,0.009008331224322319,0.8011219501495361
726,137166_90691294_2,0.00011263365740887821,0.9251032471656799
727,44030_17bd5ec9_11,0.00027034408412873745,0.571618914604187
728,137396_b5f6bec4_5,0.001882377197034657,0.9434630870819092
729,21900_760d2078_10,0.003947946708649397,0.9428116083145142
730,21185_ac5324ba_5,0.003807063214480877,0.8812661170959473
731,31132_2320d049_4,0.001623552292585373,0.9704681634902954
732,82281_80cdf67c_4,8.720617915969342e-05,0.7800016403198242
733,38287_88ec74de_15,0.0004412151756696403,0.9914554357528687
734,136128_831e37a6_0,0.0015633889706805348,0.8260765671730042
735,21330_f0cee934_18,0.0004071778676006943,0.7327395081520081
736,34109_5a868eae_10,0.0028446039650589228,0.7280328273773193
737,21174_861bd902_2,0.0010119822109118104,0.9117990732192993
738,49783_365bec9e_6,0.0012046578340232372,0.9638617634773254
739,24429_ace910b3_8,3.754503632080741e-05,-1.197279453277588
740,22772_2b5f6629_4,0.0006722291000187397,0.8281260132789612
741,53927_ef5208b9_14,0.008356597274541855,0.6518527269363403
742,56250_3b6024e3_54,0.0009598670876584947,0.9790236353874207
743,23522_5c2ec58e_8,0.002860506996512413,0.9098650813102722
744,121177_93fb3127_10,0.00022576781339012086,0.5902984142303467
745,138840_b7f948ea_2,0.0029440622311085463,0.7003512382507324
746,41125_711db4bf_6,0.0028985461685806513,0.9314432144165039
747,102606_28922dfc_0,0.011029134504497051,-114.96563720703125
748,31530_6744ae73_50,0.01797468587756157,0.6793158650398254
749,50598_eae0df5a_1,0.00010056750033982098,0.8161106109619141
750,145726_19ccdbda_12,0.001116184750571847,0.6420621871948242
751,41469_b94cf3e4_0,0.015811219811439514,-2.2408339977264404
752,147009_977ee378_1,0.0032797143794596195,0.684755265712738
753,24267_8a216138_10,0.0011956465896219015,0.9029306769371033
754,63071_3d434a33_16,0.0007451905403286219,0.9602411389350891
755,34436_ffc43a58_4,0.0004996571224182844,0.5689677000045776
756,50692_e7ff2668_4,0.0006854862440377474,0.7253316640853882
757,146642_883a71d2_9,0.023716261610388756,0.6254661679267883
758,109772_f1a0845e_7,0.003851509653031826,0.9101235270500183
759,136640_16741d62_1,0.0014893373008817434,0.6218627691268921
760,21680_360ba5c7_11,0.0014905930729582906,0.3943939208984375
761,27729_09d75da1_2,0.005240223836153746,0.850733757019043
762,82148_5df06ed9_19,0.00429297611117363,0.7017917633056641
763,55287_8a57a3db_1,0.00336969131603837,0.7927002906799316
764,53221_74fa81cd_5,0.000833318626973778,0.6003627181053162
765,30417_0010bc7c_39,0.0013787765055894852,0.8923743963241577
766,23706_ef15ef9c_40,0.0008484231075271964,0.8789059519767761
767,140763_e14274f8_3,0.00040246627759188414,0.695319652557373
768,23602_5daaccf5_3,0.0005776580655947328,0.9063565135002136
769,30282_88c6933c_9,0.004910214338451624,0.6911191940307617
770,56824_0fc773f6_0,0.003782975487411022,0.7843402028083801
771,42410_d3b5588e_1,0.001338951988145709,0.7965645790100098
772,55055_dd27a8a4_0,0.0005026885773986578,0.990799605846405
773,115633_a2c63339_6,0.0008023479604162276,0.11175590753555298
774,73651_a41647f8_5,0.00012396625243127346,0.5194517374038696
775,33413_060ce192_32,0.0016795746050775051,0.8709747791290283
776,97331_a482fa9b_0,0.0027169696986675262,0.4258490800857544
777,23476_705b76d1_0,0.0007367102080024779,0.9711843132972717
778,32566_7bfc936b_6,0.006251662503927946,0.9409146308898926
779,41717_eb1c1e6b_0,0.009450638666749,0.2426629662513733
780,60720_ef9a0a95_8,0.0006900659645907581,-0.4748961925506592
781,138700_ab763a46_202,4.412169073475525e-05,-23.34893035888672
782,38287_88ec74de_17,0.007147400639951229,-0.17546045780181885
783,135535_0bd0048d_0,0.04868735745549202,0.2667093276977539
784,21797_69df08d5_7,0.03614332899451256,0.7122378349304199
785,65350_b3fa8f4f_47,0.22742605209350586,-0.046729326248168945
786,41714_1d49f4d1_3,0.0015181624330580235,0.8303607106208801
787,66012_a13e1644_1,0.0015200349735096097,0.35539984703063965
788,22652_564979ff_11,0.0004315387923270464,0.6792169809341431
789,25127_ecba81df_23,0.0013989816652610898,0.08700573444366455
790,47548_db93c988_4,0.0015661625657230616,-2.8313770294189453
791,55927_f8b31711_5,0.008851073682308197,0.5266056060791016
792,31647_ab9ad9dc_2,0.0035013610031455755,0.5267255306243896
793,41128_ee74f244_8,0.0011134094092994928,0.6952749490737915
794,20959_d4905d19_4,0.0013024440268054605,0.6804584264755249
795,52009_a2b75078_3,0.08746401220560074,0.1191176176071167
796,22201_473a3a65_16,0.002806949894875288,0.6197415590286255
797,29442_365e23df_30,0.009421312250196934,0.7335293292999268
798,51859_6b2fd0f1_8,0.001894477172754705,0.9353026747703552
799,140413_44177109_15,0.0002378548524575308,0.7890241742134094
800,21822_7d3db422_11,0.007754310965538025,0.7845270037651062
801,24168_a0ede173_100,0.00023373145086225122,0.831317663192749
802,145532_c2304f89_1,0.003719730768352747,0.47911661863327026
803,104641_2cd02839_13,0.0001669484336161986,0.352919340133667
804,23679_81ef9e37_2,0.0008643389446660876,0.7940577268600464
805,95271_de3df8d5_2,0.0001450437994208187,0.30162256956100464
806,41401_e4117da2_0,4.2862313421210274e-05,0.0660507082939148
807,48006_babdf4af_9,0.0046223183162510395,0.9464722275733948
808,142246_0851be5e_32,0.00911693274974823,0.8487088680267334
809,33615_7bab1106_4,0.0015336850192397833,0.8985162377357483
810,31117_cd5cdbdb_18,0.0076734405010938644,0.8838499784469604
811,34914_8911676d_0,0.0023971903137862682,0.8023754954338074
812,55501_a09e4ced_2,6.092929106671363e-05,-1.2886998653411865
813,41128_ee74f244_9,0.00195075455121696,0.3542502522468567
814,142246_0851be5e_22,0.001967028947547078,0.6432432532310486
815,22413_901f5867_0,9.986295481212437e-05,0.6977632641792297
816,56490_0a0fba77_0,0.0006226245895959437,0.8233997225761414
817,93676_4f934980_1,0.000510913785547018,-0.13263845443725586
818,146642_883a71d2_96,0.0015448466874659061,0.8313822150230408
819,24032_d6172503_3,0.0011688872473314404,0.8018435835838318
820,44221_25c62f03_1,0.0004786731442436576,0.9911342263221741
821,50315_0f1419bf_33,0.003333735279738903,0.6764281392097473
822,133389_0938a905_2,0.0005334388115443289,0.8646169304847717
823,24824_cf51e5b6_4,0.003064801450818777,0.42506247758865356
824,33970_32f36442_3,0.010174302384257317,0.6827214360237122
825,29359_bbfab271_2,0.002437214134261012,0.5709455013275146
826,23172_4ab01e83_0,0.003440749365836382,0.9163790941238403
827,98511_1b46a85e_45,0.006281458772718906,0.8234601020812988
828,98511_1b46a85e_46,0.0065060812048614025,0.8087201714515686
829,34248_cc11976c_0,0.005334055982530117,0.8029175400733948
830,104003_46555fb2_0,0.000821563124191016,-0.8269386291503906
831,34520_035b5e9a_8,0.0011725869262591004,0.5970021486282349
832,38397_93d5d7de_12,0.010383155196905136,0.856146514415741
833,130023_93b3ca95_1,0.0017354354495182633,0.38916701078414917
834,83213_47c49876_1,0.0015276992926374078,0.8249021172523499
835,43928_6ca53538_63,0.02024405263364315,0.5292278528213501
836,82779_b7b722e3_9,0.0023525587748736143,0.7190272808074951
837,134967_0f27ef51_1,0.00021239240595605224,0.8411017656326294
838,86024_714b24f4_1,0.0007527010748162866,0.9705122709274292
839,40807_58058731_11,0.0015286433044821024,0.7694568634033203
840,26750_cd3cb3ff_0,0.016489394009113312,0.7139662504196167
841,126913_d253adb7_2,0.001312070875428617,0.741117537021637
842,24268_2804c9ff_13,0.005366687197238207,0.8604089021682739
843,45542_320c16fd_3,0.00198568613268435,0.9605228900909424
844,22342_274ed8a6_1,0.0006913135293871164,0.8502795696258545
845,133385_e6aa64d8_17,0.00029009825084358454,-0.1629117727279663
846,143509_1dd5212d_3,0.0026558013632893562,0.9216704964637756
847,47989_3ff0f41d_0,0.004371359944343567,0.8756436109542847
848,21822_7d3db422_14,0.008824136108160019,0.8725777864456177
849,21517_bfe35b4c_12,0.00030321674421429634,0.47069740295410156
850,52883_e518d3f4_10,0.0008188693900592625,0.8670533299446106
851,41871_f9a1ad02_14,0.008139087818562984,0.1857650876045227
852,37016_455093c1_2,0.0003871421795338392,0.7924566268920898
853,31117_cd5cdbdb_78,0.021293384954333305,0.8348767757415771
854,129239_0d49310c_22,0.00013473894796334207,0.6087948083877563
855,30400_8824ce97_6,0.005801310297101736,0.8787040710449219
856,53233_8dbca22c_8,0.0009410601924173534,0.9339897036552429
857,40514_bb61631d_25,0.0022672265768051147,0.4984145760536194
858,24053_53349e4d_2,0.00016005570068955421,0.7940139770507812
859,41917_f0c40fa1_16,0.0022224890999495983,0.9474233984947205
860,22543_684108ff_5,0.004337227903306484,0.8280514478683472
861,138636_c1153075_0,0.00044843845535069704,0.5997064113616943
862,24448_75004b6c_6,0.004393828101456165,0.8601081371307373
863,24831_bbd3e098_8,0.00035754943382926285,0.6496353149414062
864,53221_74fa81cd_3,0.0010701892897486687,0.7106994390487671
865,76879_65a30a82_4,0.00014848080172669142,0.7572742700576782
866,108773_f9384cff_10,7.089912833180279e-05,0.2517547607421875
867,33671_0e9c6ca3_5,0.0010438162134960294,0.9170955419540405
868,93103_fdb9fcb7_15,0.006184827536344528,0.6662733554840088
869,137675_d2bd633e_0,0.0007567164720967412,0.5260741710662842
870,21893_0500d043_32,0.0008559621055610478,0.44040167331695557
871,22110_0bc70e9f_1,0.0023582875728607178,-0.4492981433868408
872,43152_b5472481_1,0.00029893190367147326,0.887744665145874
873,115717_40314bc2_1,0.005016603972762823,0.561676025390625
874,102943_ca9e7968_0,0.0002467038866598159,0.6643078327178955
875,136401_69f29349_0,0.004607104230672121,-2.0559403896331787
876,28542_3c922564_0,0.0005452199839055538,0.8011841177940369
877,24267_8a216138_6,0.0041526020504534245,0.7722632884979248
878,84374_272a9731_7,0.0044923569075763226,0.4077032804489136
879,23531_1ecc8346_18,0.005734424106776714,0.9440647959709167
880,41871_f9a1ad02_30,0.0030452790670096874,0.9077004790306091
881,132461_14abd2d0_0,7.29351449990645e-05,-1.0361442565917969
882,37617_3f415463_2,0.00023968418827280402,0.6083376407623291
883,41696_de0790a1_1,0.002123147016391158,0.9528535604476929
884,54657_2a66e0de_20,0.0012797749368473887,0.8824835419654846
885,24425_0dc4b306_0,0.001225575222633779,0.8799746632575989
886,146667_fe438b5b_0,0.0012087287614122033,0.9540297985076904
887,23048_8a1a5553_8,6.84301121509634e-05,-0.8412065505981445
888,51871_86ebf5b2_17,0.0025892590638250113,0.5259934663772583
889,30664_a3084f71_6,0.0018586117075756192,0.885953426361084
890,139801_97e2ca6a_5,0.0005703966598957777,0.8832157254219055
891,22278_12f1fb79_13,0.0023941227700561285,0.8442460298538208
892,22776_facf9bcf_8,0.0021619026083499193,0.9264175295829773
893,40500_6055e3d7_15,0.06281720846891403,0.3734792470932007
894,35740_5322d674_13,0.00038035743637010455,0.768603503704071
895,39792_60786b6c_12,0.006261542905122042,0.7726825475692749
896,115524_4a411f7e_0,0.0016387299401685596,0.6277400255203247
897,24131_3ea7d5a8_17,0.004177988972514868,0.79847252368927
898,100326_0602c712_2,0.006036153994500637,0.8082666993141174
899,34571_25c64838_2,0.0025208645965903997,0.8505922555923462
900,143534_4f65fd1a_0,0.0007916683680377901,0.7323435544967651
901,101446_95204330_1,0.0007457465399056673,0.5272446274757385
902,41749_14d0599c_10,0.00031727421446703374,0.07404136657714844
903,55715_525d1d3e_12,0.00046888674842193723,-0.3908042907714844
904,45307_b9b4bca0_30,0.02283419668674469,0.8364622592926025
905,22654_4c426b0f_0,0.0018769085872918367,0.764964759349823
906,22670_9353c710_4,0.001947810291312635,0.40268218517303467
907,99445_94c22a37_11,0.002835955237969756,0.9578641653060913
908,132811_57264a28_4,0.007333887740969658,0.40085041522979736
909,23258_87a2ba81_3,0.0005778871709480882,0.08653688430786133
910,50777_2934de55_22,0.003415220882743597,0.8787675499916077
911,98418_4185a7fb_0,0.0015389628242701292,0.9627165794372559
912,43441_e1ab0873_2,0.00017652464157436043,-1.1390273571014404
913,24271_dbc0fd2d_12,0.0007121016387827694,0.8432562947273254
914,38944_0d0c3fce_0,0.007960290648043156,0.9484296441078186
915,40624_e1c5c424_11,4.779110167874023e-05,-0.20366740226745605
916,100028_0c3a8f1c_13,0.0039959256537258625,0.9486015439033508
917,40491_ac67bf4c_13,0.0064530945383012295,0.8789554238319397
918,25416_1deb9c75_0,0.002389587229117751,0.586357593536377
919,21657_2651585a_6,0.002149638719856739,0.886060893535614
920,21986_67c5509a_15,0.0013491258723661304,0.832608699798584
921,32288_34013274_2,0.00460666511207819,0.22028321027755737
922,55373_ddd74d2f_0,0.0036081154830753803,0.5340022444725037
923,26245_4aac38e1_0,0.001139611005783081,0.9347022771835327
924,33044_7fdd9213_0,0.001350054400973022,0.7589497566223145
925,31530_6744ae73_48,0.030642546713352203,0.7039903402328491
926,25555_fd3d9a3c_1,9.18009682209231e-05,0.8711166381835938
927,54175_7d864ace_6,0.000562915054615587,0.873586893081665
928,72950_5074f5a3_0,0.001152269309386611,0.23828673362731934
929,129618_2962c248_0,0.005588144529610872,0.9066676497459412
930,52012_77070fda_10,0.00010103082604473457,0.8415586352348328
931,28295_0dc908b9_7,0.0007713906234130263,0.7927832007408142
932,144419_90e59d67_2,0.000164165670867078,-0.8142135143280029
933,22734_f6bad9f7_24,0.004748907405883074,0.8530312776565552
934,22604_0b4ffb43_14,0.0005026885773986578,0.990799605846405
935,81996_b3752ed2_3,9.840200073085725e-05,0.9116922616958618
936,24504_493cee15_8,0.0017423800891265273,0.9306219816207886
937,39124_28e99e62_1,0.000479398324387148,0.4605773091316223
938,29725_0ad4937e_1,0.0002943417930509895,0.4679722785949707
939,109232_04340d62_6,0.000123365709441714,-1.2440838813781738
940,129075_8fbf62e5_0,0.0008133516530506313,0.3563268184661865
941,102937_18c3cb6a_4,0.0013418891467154026,0.9529516100883484
942,52551_8098346a_5,0.00041887263068929315,0.27136707305908203
943,128043_6947b64c_0,0.0059575908817350864,0.6560842394828796
944,119030_292009a7_41,0.0008051629993133247,0.8818908929824829
945,48526_5aecac8a_0,0.0011871466413140297,0.8000988960266113
946,32541_86f7df73_4,0.00045489330659620464,0.5672461986541748
947,55114_7bf17f6a_0,0.009026643820106983,0.3456207513809204
948,55285_6816da52_1,0.012314674444496632,0.7334809303283691
949,37683_e2cca100_17,0.00011950989573961124,0.8118448257446289
950,78775_e2d8b091_15,0.00540084857493639,0.8234114050865173
951,93199_2146e709_2,0.0013515327591449022,0.8404397964477539
952,135595_656de97a_14,0.0004443031793925911,0.6814525127410889
953,24284_3710e946_16,0.002055463148280978,0.9534328579902649
954,135521_30553c91_2,0.00013815400598105043,-1.0037086009979248
955,29732_fb15318c_5,0.00044372736010700464,0.5784873962402344
956,88060_389bdff4_0,0.0011325497180223465,0.931079626083374
957,27839_4a077326_28,0.010053844191133976,0.7508890628814697
958,100435_87bf423d_8,0.00043594042654149234,0.991409957408905
959,25365_bb0e4ede_44,0.000549113901797682,0.2212134599685669
960,146169_144d8264_0,0.03374651446938515,0.8177434206008911
961,23342_7193a931_3,0.00019988785788882524,0.41110336780548096
962,57000_cd1ddece_12,0.0008653022814542055,0.9827000498771667
963,119790_1ed376f0_3,0.00033026759047061205,0.6395466327667236
964,72522_e9e87960_4,0.006516241934150457,0.8776928186416626
965,65366_f618b577_2,0.0011265706270933151,0.01935744285583496
966,55707_c78416ed_35,0.0011790018761530519,0.9383857250213623
967,70321_eccffc7e_0,0.0030279355123639107,0.21559250354766846
968,120143_b5756e6b_0,0.002661494305357337,0.6303920745849609
969,27726_aca43af4_35,6.0016966017428786e-05,-1.7884516716003418
970,31361_72aab333_20,0.0018269496504217386,0.41937679052352905
971,121949_e10b5e85_12,0.005060533061623573,0.8602263927459717
972,146399_0e4b73c4_13,0.030797911807894707,0.36774682998657227
973,41134_fc146947_6,0.000913573254365474,0.5729023218154907
974,21237_7887a24b_35,0.000424785481300205,-0.7561392784118652
975,24885_55e20ddf_3,0.00011863818508572876,0.8827892541885376
976,34914_8911676d_23,0.0016037177992984653,0.7149807214736938
977,21803_8a36dcda_12,0.0033091742079705,0.8892701268196106
978,41306_8f26e703_5,8.912287012208253e-05,0.037903428077697754
979,25118_f50fdc69_10,0.00012492523819673806,0.8175410628318787
980,25473_0991d519_9,0.0008637919672764838,0.9783696532249451
981,126585_86fa26cb_0,0.00020878274517599493,0.7421563863754272
982,145691_69484976_9,0.0010649405885487795,0.9042490124702454
983,60729_c51868ec_0,0.0006720973178744316,0.6297405362129211
984,123929_e7dbad2c_0,0.0020601851865649223,0.02138829231262207
985,69649_70b07cac_0,0.0005078544490970671,0.9887818694114685
986,55135_f1186d58_9,0.0002972316578961909,0.6296936273574829
987,20838_86c931be_2,0.0013983281096443534,0.8261458277702332
988,45242_626509cb_11,0.00098216172773391,0.5659787654876709
989,34983_439766af_13,0.004730243235826492,0.9507976174354553
990,53453_fb0f1640_1,0.012575271539390087,0.6182495355606079
991,23255_972fbfe6_25,0.0015745064010843635,0.9503703117370605
992,24168_a0ede173_203,0.05099695920944214,0.7163771986961365
993,55476_1473d91f_0,0.004112184979021549,-1.0964179039001465
994,55111_ef389075_1,0.003381652059033513,0.870750367641449
995,141710_17531562_1,0.002172123873606324,0.8176226615905762
996,96601_b89e6252_1,0.00023597601102665067,-0.25490617752075195
997,135790_a27f9deb_43,0.06585682928562164,0.15623480081558228
998,121363_746708db_0,0.0010266943136230111,0.6049675941467285
999,136886_3aa46890_0,0.0005616012495011091,0.7906006574630737
1000,50315_0f1419bf_19,0.006638771388679743,0.9086837768554688
1001,37846_cde34fcd_14,0.00015935199917294085,-0.8016881942749023
1002,24816_ef81ad4c_1,0.0009687737328931689,0.6535852551460266
1003,75646_4baf69b2_7,0.003368640784174204,0.9528282880783081
1004,140155_81f9ac63_0,0.0006184062222018838,0.8457147479057312
1005,51603_034939eb_10,0.0041186027228832245,0.771831214427948
1006,30435_c97330d2_0,0.00032220938010141253,0.4552009701728821
1007,27839_4a077326_27,0.0011656705755740404,0.9366186261177063
1008,55627_971fde61_34,0.004423670005053282,0.6580072641372681
1009,134909_ef3d003c_0,0.00019758248527068645,0.8061661720275879
1010,33413_060ce192_51,3.5542703699320555e-05,-3.9245262145996094
1011,22245_ca848576_12,0.00029856659239158034,0.6513213515281677
1012,52039_ba12c3ac_1,0.000810494995675981,0.9837963581085205
1013,39707_358f88df_2,0.0015422407304868102,-0.642328143119812
1014,50014_33f250c8_3,0.0426131896674633,0.6113014817237854
1015,52987_387431ac_1,0.005168518982827663,0.6451131105422974
1016,33501_b1ee5058_15,0.0006696641212329268,0.9866836071014404
1017,82168_4844bddd_1,0.00169093266595155,0.7716927528381348
1018,30384_95e72fc2_4,0.0003147694224026054,-2.466708183288574
1019,23554_a0845d54_2,0.0007942828815430403,0.33603793382644653
1020,23800_65e0a5d1_0,0.000318263191729784,-0.003004312515258789
1021,41128_ee74f244_0,0.0006419767159968615,0.35549187660217285
1022,143019_22dbd3e6_2,0.021529268473386765,0.31693291664123535
1023,79993_6087acd5_8,0.004136144183576107,0.8691514134407043
1024,21422_b2a6bf27_0,0.004514623899012804,0.9255664944648743
1025,25487_dd2c17e8_21,0.0007377948495559394,0.344896137714386
1026,22654_4c426b0f_10,0.00017388835840392858,-0.16773390769958496
1027,30368_d7fd30ce_6,4.0413597162114456e-05,0.1356533169746399
1028,57249_6bd2af3c_2,0.0009149086545221508,0.9662491679191589
1029,57029_3ab80a22_0,0.005213878117501736,-0.03432905673980713
1030,79906_052c7eb4_3,0.0007212534546852112,0.8436578512191772
1031,82996_b8dc67c9_10,0.00019769910431932658,0.7271687984466553
1032,119884_192e3265_1,0.002352843526750803,-0.07307136058807373
1033,21225_c081eae3_10,0.008672475814819336,0.5027888417243958
1034,121949_e10b5e85_1,0.0004571007448248565,0.8843347430229187
1035,81994_ba8916c9_5,0.00012831496133003384,0.8878799080848694
1036,22447_4062c6cb_29,0.0015875278040766716,0.9732200503349304
1037,55044_ee57bac8_1,0.00020139830303378403,0.23480457067489624
1038,41871_f9a1ad02_13,0.017056917771697044,0.9042016267776489
1039,74688_a5168a45_2,4.9150890845339745e-05,-9.560749053955078
1040,23218_02d26ab4_4,0.00025535671738907695,0.4126686453819275
1041,41205_dc60aa5d_0,0.0034082599449902773,0.15269243717193604
1042,41979_ca698776_0,0.001195077202282846,0.7549007534980774
1043,141453_50ec6f25_7,0.004234862048178911,0.8800392150878906
1044,97143_5424c420_0,0.0011113686487078667,0.7147799730300903
1045,41986_26275a06_2,0.00044547641300596297,0.9580066204071045
1046,136800_c5e4d711_2,0.0004381118342280388,0.40116530656814575
1047,101635_11b839a3_5,9.336868242826313e-05,0.2350659966468811
1048,55866_b041060d_0,0.001425307709723711,0.9127627015113831
1049,53846_89405f98_0,0.003243179526180029,0.33738255500793457
1050,27725_5cceaeb7_1,0.0020595728419721127,0.8141674399375916
1051,146137_92faaea5_9,0.019940871745347977,-0.5977513790130615
1052,41211_11f6b8a0_4,0.00020276363648008555,0.9164939522743225
1053,21330_f0cee934_46,0.0008835804183036089,0.9823344349861145
1054,127188_5fecd146_4,9.686176781542599e-05,0.8669025897979736
1055,135949_06517574_8,9.3579561507795e-05,0.02986466884613037
1056,68928_0d4e4a2e_24,0.003895724890753627,0.7550367712974548
1057,50410_f8f03667_38,3.6796820495510474e-05,-1.5332746505737305
1058,142999_171240b6_21,9.230751311406493e-05,0.9317493438720703
1059,144709_642fc665_0,0.019356682896614075,-0.9022397994995117
1060,53232_f8760054_10,0.0007236460223793983,-5.925900936126709
1061,22372_e91792a1_0,5.332700675353408e-05,0.31607967615127563
1062,21767_53eaa558_12,0.027459682896733284,0.6451543569564819
1063,32220_1fd19c5e_0,0.00040342917782254517,0.5855274200439453
1064,22886_a6331748_1,0.0023478760849684477,0.7844396829605103
1065,130996_b842b511_12,0.0009389098268002272,0.9134592413902283
1066,55571_74a416b1_1,0.00023066517314873636,-0.9566531181335449
1067,70169_914780d4_1,0.0010457821190357208,0.6017670631408691
1068,23156_7788f78a_6,0.036779191344976425,0.7338722944259644
1069,124496_20e20439_10,0.00011784766684286296,0.7409864664077759
1070,76300_7cb02add_1,0.0010723385494202375,0.8412142395973206
1071,21647_6b6cca6f_10,0.0017885825363919139,0.023778200149536133
1072,22734_f6bad9f7_23,0.0034761501010507345,0.8551889061927795
1073,94176_0a6c42ab_2,4.884023292106576e-05,-7.963225364685059
1074,24048_d731886d_9,0.002503160620108247,0.7240914702415466
1075,25487_dd2c17e8_30,0.00489767687395215,-1.213923692703247
1076,115717_40314bc2_4,8.975355740403756e-05,0.7080517411231995
1077,125592_875faf40_0,0.004883470945060253,0.7733256220817566
1078,41871_f9a1ad02_44,0.0031275716610252857,0.7790433764457703
1079,146642_883a71d2_8,0.0010903720976784825,0.7339675426483154
1080,136883_076fbff9_31,0.0004351867828518152,-0.43950390815734863
1081,60766_fb8715eb_3,0.0011380427749827504,0.9167753458023071
1082,30818_33617072_0,0.019747955724596977,0.0001609325408935547
1083,130679_7a357a9c_18,0.006621686741709709,0.6104919910430908
1084,55306_795d845b_0,0.00011032661132048815,0.7634900212287903
1085,135934_d2f6bb2e_33,0.0003909315855707973,0.4788062572479248
1086,111054_e45a0d40_7,0.04696737974882126,0.5456699132919312
1087,36826_d9269c2e_10,0.0012561881449073553,0.9146741032600403
1088,37619_ae810a8d_7,4.213102874928154e-05,-18.24197006225586
1089,22343_34184fd5_22,0.0001606500882189721,0.5027812719345093
1090,113020_de552f8d_0,0.000564645859412849,0.6469079852104187
1091,20216_89b90993_0,0.007067511323839426,0.529161810874939
1092,23325_292b3294_16,0.0049934894777834415,0.5249463319778442
1093,23522_5c2ec58e_9,0.0019345782930031419,0.8531129360198975
1094,146624_359752bb_20,3.283811020082794e-05,-15.55434799194336
1095,104990_11b4aeee_1,0.00494293263182044,0.8870139122009277
1096,90917_4670b560_0,0.013742364011704922,0.7329139709472656
1097,54818_59adf8c2_5,0.0025412822142243385,-1.1977498531341553
1098,34109_5a868eae_3,0.0010797040304169059,-0.7615231275558472
1099,23161_e7f63a9f_2,0.007571736350655556,0.31488037109375
1100,37160_2a95674a_27,0.0010226782178506255,0.6426986455917358
1101,61280_8bdbc90f_0,0.005197562742978334,0.813330888748169
1102,55083_dac1f9cc_2,0.0034647220745682716,0.7115626335144043
1103,34341_d19b12fb_14,9.135973232332617e-05,0.09132957458496094
1104,54516_ac9e2ef4_61,0.0026339043397456408,0.5626469850540161
1105,24559_3c306e71_2,0.00016859827155712992,0.6567929983139038
1106,105831_88a0fb85_1,0.0024504780303686857,0.9068971276283264
1107,32743_f4c47bbc_19,0.003377387532964349,0.37243402004241943
1108,40500_6055e3d7_18,0.003043584292754531,0.8539003133773804
1109,22862_f5406bb0_0,0.004581298679113388,0.926301121711731
1110,141081_ae61ec46_0,0.0030622624326497316,0.9556695818901062
1111,135112_cf8007b8_4,0.0066740442998707294,0.8987534046173096
1112,131442_1512d9ff_5,0.00029566773446276784,0.37430036067962646
1113,145132_7aea3b66_1,0.03170469030737877,0.8800005912780762
1114,41871_f9a1ad02_45,0.001571588683873415,0.6970832347869873
1115,51775_49ef614a_1,0.002988926600664854,0.15310382843017578
1116,143293_fc5b0ff7_23,0.0006308965384960175,-0.1526191234588623
1117,51547_a7e01c38_6,9.115838474826887e-05,0.869391918182373
1118,114021_44c3c39c_2,9.107738878810778e-05,0.7729398012161255
1119,123766_c5a4cf5e_0,0.00023903208784759045,-0.524011492729187
1120,23031_0d684603_8,0.001602766802534461,0.3091661334037781
1121,132996_c742ef84_4,0.001389182754792273,0.8072260618209839
1122,137096_5d77f285_1,0.000884692242834717,0.8944056034088135
1123,27072_b4756e8c_2,0.0021029962226748466,0.5243679285049438
1124,51915_e704f5dd_2,0.014089034870266914,-1.2032403945922852
1125,132811_57264a28_13,0.0015895547112450004,0.9732394814491272
1126,49396_98ab955d_13,0.00443771667778492,0.5052618980407715
1127,132081_761d26ad_0,0.001449227798730135,0.9612065553665161
1128,82906_7b72e0e8_2,0.005448491312563419,0.8482061624526978
1129,92649_26fe8262_0,0.00035112121258862317,0.8380046486854553
1130,21803_8a36dcda_11,0.004497247748076916,0.8790379762649536
1131,30637_f6324fc6_5,0.00034279533429071307,-1.2688353061676025
1132,105560_a6f91315_12,3.1312567443819717e-05,-3.3856706619262695
1133,41737_d80c34b9_0,0.017478449270129204,-0.04425358772277832
1134,34983_439766af_12,0.000568980525713414,0.9440287351608276
1135,122755_60c41889_10,0.00010597013897495344,-0.6982232332229614
1136,76879_65a30a82_2,0.021926991641521454,0.8038643002510071
1137,89816_cef36e57_4,0.004483326338231564,0.9260656237602234
1138,49406_100c707b_3,0.003482623491436243,0.5984369516372681
1139,105560_a6f91315_10,4.849939068662934e-05,-0.04721033573150635
1140,129421_483d2957_5,0.00016370178491342813,0.3102671504020691
1141,122740_fc5c94eb_33,0.003545003244653344,0.8914586305618286
1142,135595_656de97a_5,0.0005723257199861109,0.7909703254699707
1143,35740_5322d674_5,3.099377499893308e-05,-9.756922721862793
1144,23681_932e722e_18,0.0015090710949152708,0.9714359045028687
1145,108244_329b1876_17,4.6049357479205355e-05,-9.69957447052002
1146,125745_cf468448_6,0.0017454250482842326,0.5895900726318359
1147,138838_c9a9e790_6,0.0004570774326566607,0.9111512899398804
1148,102416_b74464a2_4,2.9203401936683804e-05,-10.583688735961914
1149,30426_2cde26de_21,0.00010405105422250926,0.6907187700271606
1150,137837_9c9f163d_5,0.000413762463722378,0.5643123388290405
1151,25487_dd2c17e8_15,0.0038471766747534275,0.4985312819480896
1152,21549_18160a0a_4,2.8716283850371838e-05,-3.0535550117492676
1153,21385_601444ba_0,0.006556362845003605,0.592134416103363
1154,35233_add576ba_9,0.007493420038372278,0.5105891227722168
1155,55345_c6423351_0,0.0004957419587299228,0.9197432398796082
1156,110697_4b2725f1_0,0.0013886416563764215,0.9676517248153687
1157,109946_242843a6_1,5.483257700689137e-05,-0.29257428646087646
1158,34341_d19b12fb_22,3.117027154075913e-05,-2.5438077449798584
1159,23247_bcd1e84f_21,0.0004032966389786452,0.9153194427490234
1160,131765_29b29f08_6,5.02112707181368e-05,-0.08733487129211426
1161,21395_7d6fda6f_12,0.00020968803437426686,0.8164793252944946
1162,135460_6471e973_15,0.0004736717964988202,0.8444055914878845
1163,51741_49d61151_7,0.001298442017287016,0.9530830383300781
1164,28382_90b7cc0c_12,0.001052756211720407,0.6181321144104004
1165,30850_05d88af9_2,0.00355666340328753,0.8532810807228088
1166,86278_1e55d036_12,0.00011818245548056439,0.12034636735916138
1167,67240_525e92c1_1,0.0011273876298218966,0.09536856412887573
1168,82002_ef2b4feb_6,0.002989809727296233,0.9425525069236755
1169,53364_ec8aad42_1,0.0072225546464324,0.6896615028381348
1170,135771_b030a25c_17,0.0007415734580717981,0.14216327667236328
1171,135906_29d7b495_1,0.00010235714580630884,0.8170009851455688
1172,21822_7d3db422_38,0.0003933496482204646,0.6009317636489868
1173,81136_5b86c723_1,0.00011268999514868483,0.17244058847427368
1174,25473_0991d519_2,0.006118695251643658,0.8941423296928406
1175,73405_94381b7c_5,0.002160983858630061,0.6367621421813965
1176,24009_c40b0d48_2,0.0017173545202240348,0.9472604990005493
1177,22162_439af02a_1,0.0015368062304332852,0.9697820544242859
1178,146159_f3f80701_0,0.005906317383050919,-0.5748140811920166
1179,51895_5760b481_15,0.01858963817358017,0.8021450042724609
1180,33500_e58e287e_1,0.002384988823905587,0.8889822363853455
1181,31838_2e4bd173_0,0.0066621871665120125,-3.453310012817383
1182,146137_92faaea5_18,7.479275518562645e-05,0.34531325101852417
1183,124879_2257a334_2,0.0001829919929150492,-1.0084068775177002
1184,144145_510eedc2_7,0.0008041695109568536,0.98509681224823
1185,21237_7887a24b_78,0.0026638563722372055,0.768344521522522
1186,82297_93739ce0_6,0.0011226327624171972,0.6309618949890137
1187,51536_a18dc325_31,0.00046105007641017437,-1.2347476482391357
1188,93103_fdb9fcb7_7,0.003979213070124388,0.48636394739151
1189,24590_415f7013_9,0.0009261123486794531,0.8284085988998413
1190,130659_16f2db4c_0,0.00047362197074107826,0.8433172702789307
1191,23083_fdb942ac_2,0.00457130279392004,0.8092653751373291
1192,23954_a8c09819_2,0.001330568571574986,0.9741968512535095
1193,30417_0010bc7c_13,0.001025408273562789,0.908818244934082
1194,120535_e304dfca_1,0.0013027716195210814,0.9044418334960938
1195,93199_2146e709_9,0.0010442861821502447,0.7602053880691528
1196,23686_cba4f679_15,0.0021187535021454096,0.9525108933448792
1197,40807_58058731_20,0.010012870654463768,0.8992205858230591
1198,94410_d32e7520_35,0.0028676067013293505,0.9286010265350342
1199,79695_fd8bae0e_0,0.0036269729025661945,0.07772314548492432
1200,129422_621d0a90_35,0.0011252515250816941,0.4715114235877991
1201,44932_16cb7f21_5,0.008396090008318424,0.7622010111808777
1202,136550_8a8672e5_1,0.001155323931016028,0.6756685972213745
1203,20495_e8e7e80c_3,0.0005509490729309618,0.9901460409164429
1204,31962_e5291336_50,0.0010619880631566048,-0.0130690336227417
1205,24888_5be1de05_1,9.398032125318423e-05,-0.7874276638031006
1206,34114_7e58a97d_10,0.0016467793611809611,0.9366893768310547
1207,108433_37a79370_0,0.005597047973424196,0.5054271221160889
1208,22844_9b75b8e0_1,0.000711669388692826,0.9704787135124207
1209,115637_b4d41e8a_0,0.0006016877014189959,0.9417529106140137
1210,53474_f29e4438_15,0.01693819649517536,0.5181583166122437
1211,26766_1aaa348c_0,0.003007979830726981,0.573014497756958
1212,51940_67bb0219_7,0.001034382963553071,0.8309659361839294
1213,41714_1d49f4d1_13,0.0001781101746018976,0.2976294755935669
1214,21815_7090778f_9,0.007925853133201599,0.34956175088882446
1215,32843_8e5bdf24_0,0.01012251153588295,0.5514990091323853
1216,23686_cba4f679_10,0.0015414218651130795,0.8079187870025635
1217,114425_891ab08d_0,0.005789158400148153,0.27816128730773926
1218,41786_02d48cdd_5,0.0025142517406493425,0.6109379529953003
1219,22895_4533b542_1,0.0023898156359791756,0.8630314469337463
1220,49016_cd1b47bf_6,0.0037944018840789795,0.8798015117645264
1221,51674_a70c1c6c_3,6.615245365537703e-05,0.8942133188247681
1222,52972_6e5a5ada_11,0.004542449954897165,0.8071916699409485
1223,120700_d818883a_8,0.0003139363834634423,0.5749416351318359
1224,34530_9525ffcd_0,0.007494168821722269,0.8590700030326843
1225,24355_99bf3f8f_1,0.0003541586047504097,0.3141494393348694
1226,56250_3b6024e3_46,0.00313745834864676,0.9445266127586365
1227,56355_727ca47c_3,0.003371160477399826,0.18597829341888428
1228,35057_9af89947_1,0.0014548762701451778,0.7715822458267212
1229,120881_a946667f_13,0.00023317208979278803,0.6787679195404053
1230,143021_c6df0146_5,9.107642836170271e-05,0.4928462505340576
1231,69240_dc199112_3,0.0004221936105750501,0.6157443523406982
1232,41733_1ec9b00c_15,0.003986286465078592,0.16986417770385742
1233,30298_24191733_2,8.166634506778792e-05,0.43522536754608154
1234,30400_8824ce97_18,0.0005461553810164332,0.8859591484069824
1235,37040_ecbcd25e_36,0.004526881966739893,-0.22092366218566895
1236,23035_6087bb57_4,0.00023696370772086084,0.6453804969787598
1237,38675_6e07d74b_26,0.01295941136777401,0.8206865191459656
1238,31751_e37382e1_9,0.001148895127698779,0.8774976134300232
1239,54601_e1da5b93_4,0.0010178975062444806,0.9797494411468506
1240,142999_171240b6_29,0.01124496664851904,0.14760065078735352
1241,137646_14bca880_0,0.0022802362218499184,0.7894185781478882
1242,37519_442dc408_1,0.0003202978696208447,0.6085894107818604
1243,47195_a8cd8bad_6,0.001087454380467534,0.9308483600616455
1244,22474_b10fea1a_6,0.0018750907620415092,0.7837382555007935
1245,53200_d1e30b87_10,0.0020664772018790245,0.6404138207435608
1246,41472_f9d73638_9,0.00014369425480253994,0.8523041009902954
1247,126397_cc08a23d_1,0.00020178160048089921,0.6725207567214966
1248,31838_2e4bd173_4,0.003934621345251799,0.9298558235168457
1249,52006_d21e4570_7,0.0006996411830186844,0.8613132834434509
1250,62109_08c31aa8_0,0.0012025907635688782,0.7857102751731873
1251,49403_458914df_0,0.001805286156013608,-0.0663614273071289
1252,122914_76ff1f5e_2,6.390847556758672e-05,-4.688027381896973
1253,34913_d23e2a24_2,0.0006274193874560297,0.719249963760376
1254,104641_2cd02839_15,0.0001757111749611795,0.4922349452972412
1255,131632_6144b102_1,0.003416435094550252,0.95932537317276
1256,30850_05d88af9_0,0.0010837112786248326,0.9149678349494934
1257,86296_8a6ed4d3_7,0.00046883145114406943,-0.444014310836792
1258,34983_439766af_7,0.006564847659319639,0.9064749479293823
1259,33374_7491cbf8_2,0.004843335598707199,0.9531392455101013
1260,50694_afd26bd5_10,0.003909621853381395,0.9580166935920715
1261,50292_e84db1fb_8,0.0003199407074134797,-0.0917743444442749
1262,81367_622a9e51_2,0.0005996497930027544,0.8494249582290649
1263,78966_584c5305_0,0.0016454284777864814,0.14204221963882446
1264,79905_623eae86_1,0.018124939873814583,0.8515732884407043
1265,63055_6b907478_15,0.0027452493086457253,0.781011700630188
1266,135771_b030a25c_4,0.00018568348605185747,0.7662193775177002
1267,41753_9b4f8d8a_0,0.0010194956557825208,0.979983389377594
1268,80784_f7ec5f70_1,0.001851129811257124,0.6863369345664978
1269,33607_c6f31fa6_10,0.001791384187527001,0.7806159257888794
1270,22225_a3ce4d29_42,0.0027541802264750004,0.7040265798568726
1271,51938_8b9cba89_5,0.006660693325102329,0.8604127168655396
1272,44741_f386a08f_4,0.0023224656470119953,0.9310689568519592
1273,70021_e673ae54_4,0.0016605675918981433,0.9730485677719116
1274,55135_f1186d58_7,0.0018093830440193415,0.837824821472168
1275,31856_2a5a4e32_12,0.006110803689807653,0.6610183119773865
1276,75303_045fc848_4,0.0005247262888588011,0.9193754196166992
1277,129683_3ad38815_10,0.029205063357949257,0.6584795713424683
1278,21894_93f0d052_24,0.004447354003787041,0.6403284668922424
1279,143823_1b04bf80_13,0.0013373534893617034,0.9034963846206665
1280,143823_1b04bf80_18,0.00020207752822898328,0.8044890761375427
1281,111863_c925f4f3_2,0.0004320853331591934,0.5877048969268799
1282,104633_d0a15bd3_6,0.00365487695671618,0.6935255527496338
1283,48832_22363e53_33,0.0020174579694867134,0.9455063939094543
1284,127466_a18ae326_1,0.002497011097148061,0.05925697088241577
1285,22211_b1ee53f0_12,0.0029547305312007666,0.8765280246734619
1286,137837_9c9f163d_6,0.00037673147744499147,0.8973974585533142
1287,122755_b830e22d_17,7.199318497441709e-05,0.19370383024215698
1288,21299_e9cd80a6_12,0.0005138083943165839,0.31098079681396484
1289,44920_70dd4b80_11,0.0015290591400116682,0.9308235049247742
1290,52987_387431ac_7,0.0016211301553994417,0.9506242275238037
1291,147926_b78316a8_10,0.0004220528353471309,0.6302325129508972
1292,144653_e3eccdf1_50,0.0003222591185476631,0.785293698310852
1293,56458_c027ed41_0,0.0010370861273258924,0.8712647557258606
1294,23495_6366269c_11,0.0017700705211609602,0.9647986888885498
1295,70883_e2d6a103_2,0.0020850219298154116,0.9690203070640564
1296,32743_f4c47bbc_34,0.0007812930271029472,0.544633150100708
1297,30910_38ea5a06_2,0.001112032332457602,0.8114001154899597
1298,56476_466fc284_17,0.013996262103319168,0.7105000019073486
1299,22604_0b4ffb43_62,0.004572243895381689,0.8092280626296997
1300,21534_6367be99_0,0.0010495033347979188,0.6691589951515198
1301,133026_1085532d_1,0.00019174028420820832,0.9512707591056824
1302,137828_0b0786fb_1,0.0021562071051448584,0.958547830581665
1303,55627_971fde61_27,0.0009393314248882234,0.8814207315444946
1304,93869_8b1922a3_0,0.007117961999028921,0.42595553398132324
1305,24393_9acd18c6_3,0.004508049692958593,0.9158795475959778
1306,44996_b3e9c266_14,8.046166476560757e-05,0.6851139068603516
1307,55300_b9675d43_1,0.0015096188290044665,0.9703593850135803
1308,113352_879844fe_0,0.0018646420212462544,0.9240701198577881
1309,135317_3c58b0d0_9,0.0003206006367690861,0.703766942024231
1310,115624_fe3eb392_1,0.00948165263980627,0.5559414625167847
1311,63055_6b907478_21,0.0005356870242394507,0.9804643392562866
1312,40421_032c052f_0,0.0012676049955189228,0.8073239326477051
1313,143029_70554264_3,0.00023871053417678922,0.5910613536834717
1314,145117_78f63de3_0,0.0016230640467256308,0.5825647115707397
1315,128996_35f2006e_0,0.00023369463451672345,-0.16862881183624268
1316,54503_fc6c6963_1,0.0008188379579223692,0.8965807557106018
1317,24657_0168dc6b_1,0.0007681807619519532,0.9811974167823792
1318,130524_13ad16a8_0,0.05960189551115036,0.7052791118621826
1319,142670_33c641dc_3,0.0004420338082127273,0.8320654630661011
1320,65375_674ff0b9_11,0.0016857124865055084,-0.5347236394882202
1321,23168_7fdf5427_3,3.239525904064067e-05,-13.798151969909668
1322,41717_ab2075ac_0,0.0005371054285205901,0.9802796840667725
1323,21739_57582b8f_4,0.0013700195122510195,0.9196226000785828
1324,143293_fc5b0ff7_30,0.004771218169480562,0.8698859810829163
1325,135906_587b5c3d_0,0.00033890435588546097,0.7953543663024902
1326,138685_fd9b79cd_0,0.0009971585823222995,0.20265507698059082
1327,119921_5621fcb4_0,0.0016687449533492327,0.7182711362838745
1328,49403_458914df_5,0.0008637984865345061,0.9015547037124634
1329,73525_7f6b2f67_2,0.00011253215052420273,0.8197633624076843
1330,136994_a3a2f50f_3,0.0014143195003271103,0.8406984806060791
1331,31838_2e4bd173_1,0.008958065882325172,0.8061118125915527
1332,35866_d0233b36_6,0.001528913271613419,0.9739351868629456
1333,53053_d6b4d71c_9,0.007566950283944607,0.8035408854484558
1334,90220_7baf1e18_1,0.00042410739115439355,0.42748868465423584
1335,23364_73dd9d4d_10,0.000142547651194036,0.795127809047699
1336,52987_387431ac_3,0.001214558375068009,0.8999698758125305
1337,51859_6b2fd0f1_4,0.00050045718671754,0.7217772006988525
1338,51708_867d4509_12,0.0001013961446005851,0.12168270349502563
1339,93199_2146e709_3,0.0019853785634040833,0.9579060673713684
