case_num,case_name,MSE,R-Square
0,50417_199cffee_13,0.05029089376330376,0.608260989189148
1,48516_2b3135bf_11,0.0037014195695519447,0.874855637550354
2,41733_1ec9b00c_31,0.008214952424168587,0.2031470537185669
3,31664_1e85c690_0,0.0033418084494769573,0.820330798625946
4,21893_0500d043_18,0.0018134017009288073,0.9631315469741821
5,31607_9a2f8140_6,0.006356312893331051,0.786648154258728
6,41774_88a7a483_18,0.002207919955253601,0.4610355496406555
7,42143_51b31600_4,0.0009050731314346194,-0.8287820816040039
8,23104_3b70eba4_13,0.0007045776583254337,-0.15906548500061035
9,129075_8fbf62e5_2,0.0006037710118107498,-0.5932955741882324
10,41624_a15f83c1_13,0.001653399900533259,0.18810498714447021
11,36088_1ea9c8a9_12,0.0009342135163024068,0.9782057404518127
12,126477_6596d136_14,0.0005426881252788007,0.5080960392951965
13,130441_10c43121_0,0.151835635304451,0.2265058159828186
14,133385_e6aa64d8_21,0.0007190032629296184,0.528287947177887
15,26398_b99946da_1,0.02194833755493164,0.7113412022590637
16,61198_0c99f50a_4,0.00035908169229514897,-21.620954513549805
17,26661_ab88a525_0,0.0005489431205205619,0.36555010080337524
18,129075_8fbf62e5_1,0.000881538784597069,0.16750866174697876
19,51891_9455ea02_1,0.006119376979768276,0.9028965830802917
20,34770_6bba5bd4_13,0.0011939536780118942,0.9765578508377075
21,21646_a2dd0d00_53,0.009583648294210434,0.2033866047859192
22,68909_4ae1bc2e_1,0.001305285608395934,-0.2266700267791748
23,27866_ece3076e_109,0.0022021320182830095,0.6527531743049622
24,92134_52f13f49_6,0.0007048833649605513,0.5937693119049072
25,23342_7193a931_1,0.0009857350960373878,-0.3681330680847168
26,126572_a2d6f794_14,0.000650264322757721,-64.37129974365234
27,44344_3e0b0b0c_1,0.0001711495133349672,-22.7037353515625
28,49331_3bf3bb84_4,0.0014340741327032447,0.9737493395805359
29,33971_46bb0373_0,0.0039040050469338894,0.5013142824172974
30,21517_bfe35b4c_1,0.0014282434713095427,-1.0715405941009521
31,23165_369d62aa_6,0.003567533101886511,0.9569697976112366
32,81846_2907c980_0,0.0018573353299871087,0.9175536036491394
33,24168_a0ede173_111,0.005323401652276516,0.4742077589035034
34,53461_a5942665_1,0.004862596746534109,0.8196523189544678
35,24907_c72322ea_13,0.0005344304954633117,0.7983407378196716
36,133424_315bcaeb_7,0.0006645972607657313,0.13998407125473022
37,40490_916e13fe_0,0.003926308825612068,0.8777047395706177
38,38000_b5822e44_3,0.00599456625059247,0.9091458916664124
39,138520_f4e0bc0b_63,0.0005386483971960843,0.4861043691635132
40,61294_9255796d_3,0.0009345085127279162,-0.7485958337783813
41,22176_272891b8_0,0.001694262376986444,0.14057791233062744
42,24815_4f2a57e4_1,0.0038078087382018566,0.8881884813308716
43,113343_e692c488_1,0.0008658910519443452,-0.3066980838775635
44,33995_18423507_1,0.00042901901178993285,0.422072172164917
45,127897_029949fd_6,0.0010593009646981955,0.9788182377815247
46,123181_4e56fb4f_0,0.0023192649241536856,0.9664008021354675
47,22670_9353c710_1,0.0004958381759934127,-2.0217978954315186
48,128642_4d72bf31_2,0.002964890794828534,-0.6060914993286133
49,146667_fe438b5b_6,0.013811249285936356,0.15656638145446777
50,38260_2a31c6df_2,0.005867572966963053,0.1730670928955078
51,24443_996411f9_3,0.0021344369743019342,0.9515631794929504
52,142074_34e02b6d_1,0.0007899996126070619,0.7634062767028809
53,41501_b627682a_15,0.0052374000661075115,0.5423197746276855
54,24712_da77fe8f_0,0.001250420929864049,0.9766049385070801
55,32960_0eaa1de8_26,0.0035023847594857216,0.9351284503936768
56,130757_b2c47f8d_2,0.00011975130473729223,-2.578970193862915
57,104817_6d73dc41_0,0.012607002630829811,-0.4124494791030884
58,79243_49539d9f_0,0.0028279144316911697,0.9390761256217957
59,82012_c533307b_1,0.0007968521094880998,0.25770407915115356
60,107649_e651c5ca_1,0.00012908018834423274,0.09986239671707153
61,40997_e3c88650_12,0.005395590793341398,0.8616010546684265
62,143029_70554264_4,0.001507592387497425,0.7939159870147705
63,27054_342fcf5c_3,0.0006083371699787676,0.3650769591331482
64,41648_577daf16_17,0.0019460762850940228,0.26331329345703125
65,89720_4e65191c_1,0.002271956531330943,0.944961428642273
66,75382_1b589ea9_12,0.0007593721966259181,-1.1707494258880615
67,120371_433ba1ca_2,0.0029394570738077164,0.7436439990997314
68,49024_b7f02205_13,0.0028065184596925974,0.8760398626327515
69,51022_47816098_7,0.014456071890890598,0.8515577912330627
70,41634_4f5d0edb_0,0.0009026105981320143,-0.8048704862594604
71,23170_6ea8ded5_3,0.0022617564536631107,0.9621493220329285
72,69589_cd2fa794_8,0.004234171472489834,0.7231431603431702
73,41504_85e300ee_0,0.004538878798484802,0.3802633285522461
74,128996_42176b10_0,0.004265410825610161,0.6547657251358032
75,38920_e81879c2_7,0.0005861626123078167,-703.9900512695312
76,148051_c59af578_6,0.0017900534439831972,0.9512479901313782
77,65494_16d62db5_0,0.0005867096479050815,0.21380674839019775
78,25473_0991d519_0,0.0012571901315823197,0.9704640507698059
79,75270_25a261ef_5,0.002783693140372634,0.7222443222999573
80,49613_1b97c07b_12,0.00010272652434650809,-0.09104347229003906
81,115633_a2c63339_1,0.0011527083115652204,0.659051775932312
82,52366_63042db4_1,0.001505681429989636,0.965731143951416
83,30282_88c6933c_5,0.002063804306089878,0.7531011700630188
84,53474_f29e4438_12,0.0030783454421907663,0.8992193937301636
85,24026_1dd4094b_21,0.0035502274986356497,0.5950260162353516
86,21225_c081eae3_2,0.0032378050964325666,0.572029173374176
87,35057_9af89947_8,0.0008972964715212584,0.2792143225669861
88,43529_4804941b_20,0.0029417965561151505,0.9103482365608215
89,22103_fd11c71b_3,0.001999983564019203,0.750262975692749
90,51536_a18dc325_0,0.0036811446771025658,0.8046344518661499
91,24230_636208ab_13,0.001954754116013646,-0.20037639141082764
92,41117_1b3271f2_56,0.022116346284747124,0.6584885716438293
93,140499_419d5823_0,0.001994556048884988,0.8275851607322693
94,115524_a949e82c_2,0.0006908678915351629,-1.6912155151367188
95,29833_0ed4880f_3,0.0023797103203833103,0.957183301448822
96,127556_4823a42a_6,0.0027876542881131172,0.5317361354827881
97,23960_48cc0f21_19,0.00046659784857183695,-5.543017864227295
98,132987_ba18d2eb_11,0.0003753621713258326,0.2812314033508301
99,51337_f8636fd9_30,0.0009273447212763131,-0.047776222229003906
100,40999_cad6be09_18,0.0059208679012954235,0.8600163459777832
101,136886_99fbdef3_0,0.0003059921436943114,0.4749002456665039
102,30447_4ed3b778_7,0.08202189207077026,0.6978111267089844
103,55811_bc667b2d_13,0.003762936918064952,-0.43254220485687256
104,41716_d55164d4_1,0.00044004942174069583,0.8459953665733337
105,33610_aa697fc9_6,0.0016273237997666001,0.8798830509185791
106,55095_fa260d33_6,0.011280815117061138,0.702644944190979
107,115639_bc0cc622_0,0.008073492906987667,0.40888506174087524
108,20841_1620ae7d_0,0.002461157040670514,0.6611629724502563
109,50823_d1830e58_2,0.006514103151857853,-0.2895066738128662
110,109762_cb162371_48,0.0019077041652053595,0.3296281099319458
111,41387_5f752e39_23,0.005357247311621904,0.8018795847892761
112,121540_629c716f_0,0.0024547898210585117,0.8960838913917542
113,118539_1dff9cf9_12,0.00021569969248957932,-14.775259971618652
114,30714_dafa62f6_2,0.024996638298034668,0.6729678511619568
115,79633_bbbde75f_0,0.002815521787852049,0.9313331842422485
116,33059_531cfd5e_11,0.0015417468966916203,0.7476824522018433
117,20697_d3e106b4_4,0.00038353150011971593,-2.2211012840270996
118,136062_0027ff97_6,0.0045297881588339806,0.5820857286453247
119,146291_6b0c8db3_1,0.03884667158126831,0.09593707323074341
120,45466_5f662bcb_0,0.0009086370700970292,-0.8708741664886475
121,144500_7f600ab6_0,0.002375134965404868,0.7803645730018616
122,44996_b3e9c266_4,0.0018009485211223364,0.6196074485778809
123,40713_4c9264ef_0,0.0016057550674304366,0.7857546806335449
124,132384_0fcab1fa_13,0.001087755779735744,-0.1701822280883789
125,33738_77d49563_2,0.0008379211649298668,0.026027441024780273
126,129422_621d0a90_33,0.0006932734395377338,0.6737151145935059
127,115633_fd3c9b97_32,0.0007539807702414691,-2.0895743370056152
128,69337_a122ffde_1,0.001881071482785046,0.8077411651611328
129,37241_29f91452_0,0.0029152780771255493,0.9325598478317261
130,141199_9ae000ef_6,0.0038021954242140055,-2.2139391899108887
131,147133_92c04b84_4,0.0014394408790394664,-0.26600611209869385
132,77687_cbb18594_50,0.0034125358797609806,-1.3554837703704834
133,144290_2a679085_11,0.0007112800958566368,-1.0948231220245361
134,130825_c59bbbfb_0,0.0032502799294888973,0.9168227910995483
135,82512_252da752_6,0.0005758449551649392,-889.893798828125
136,115624_d0acb46b_24,0.005130702164024115,0.9443310499191284
137,92134_52f13f49_7,0.0006611355929635465,0.5852029323577881
138,100326_0602c712_7,0.0004897245671600103,0.22803807258605957
139,134630_f9e85072_0,0.0008633916731923819,0.8012406826019287
140,108943_b07b2543_1,0.003906835801899433,0.35575276613235474
141,125416_ab456bc3_5,0.010933967307209969,0.0716889500617981
142,57222_33b428d7_69,0.0013717238325625658,-0.37193143367767334
143,24650_dad8c8ee_13,0.004638806451112032,0.9178034067153931
144,41749_14d0599c_1,0.006561233662068844,0.023976624011993408
145,49396_98ab955d_27,0.0008888046140782535,0.4197264313697815
146,136892_e2a0b32c_4,0.00042408599983900785,-9.904817581176758
147,31962_e5291336_28,0.0042279185727238655,0.9077285528182983
148,34231_e27353cb_0,0.0006439713761210442,0.3229231834411621
149,112724_d334de09_0,0.008882883004844189,0.8619373440742493
150,56486_82b3e23a_21,0.00030783010879531503,-2.5795886516571045
151,40500_6055e3d7_17,0.0002078654506476596,-5.992744445800781
152,39468_15fb2e60_43,0.000990288215689361,-0.6158597469329834
153,141710_17531562_7,0.004759457428008318,0.8654866814613342
154,33529_756075a0_12,0.0012983700726181269,0.7456486225128174
155,54169_3a875f10_8,0.0029294018168002367,0.9227341413497925
156,41023_5445cb61_9,0.0005842265672981739,0.4861881136894226
157,146380_5c569eeb_2,0.0037649187725037336,-1.0235424041748047
158,24195_9791f5d3_38,0.0002898953389376402,-4.7166008949279785
159,26573_7f7e176d_2,0.05637940764427185,0.4999328851699829
160,22734_f6bad9f7_25,0.01161557249724865,0.812846839427948
161,48112_9538e204_0,0.0011216048151254654,0.9777360558509827
162,127545_6fa39158_10,0.018240202218294144,0.8581594228744507
163,23788_5c0b60c6_0,0.0009144138894043863,0.5198522806167603
164,23792_5b4c1ce0_21,0.005886660888791084,0.8142521381378174
165,146067_46e58ab3_1,0.0636788010597229,0.5959900617599487
166,101072_dec6f415_3,0.0007629786268807948,0.650256872177124
167,22829_b6649a29_0,0.00025016849394887686,-3.148066520690918
168,55389_a736bd99_0,0.009333211928606033,-3.957754611968994
169,30259_d709601c_9,0.01568964309990406,0.5530374050140381
170,35866_d0233b36_13,0.000544862006790936,-4.785641193389893
171,34563_52848c45_5,0.0011648254003375769,0.5285094976425171
172,44519_90af0df6_7,0.00461634760722518,-0.3466445207595825
173,114111_59282658_8,0.0037139100022614002,-0.2708338499069214
174,45922_26941172_15,0.022817958146333694,0.6180324554443359
175,41303_bd1def52_3,0.0010334786493331194,0.7386819124221802
176,22053_de30641b_1,0.00139466708060354,-20.349472045898438
177,22298_51433023_4,0.0028524971567094326,0.9378504753112793
178,23479_81a49137_0,0.013962311670184135,-4.072174072265625
179,22225_a3ce4d29_37,0.00750757334753871,0.8960573673248291
180,135669_490cd2d7_14,0.023841245099902153,-0.27876830101013184
181,32173_8b075b1a_4,0.006483521778136492,0.8949825167655945
182,145119_24107428_5,0.0042838528752326965,0.675055980682373
183,41774_88a7a483_36,0.0017161809373646975,0.11797380447387695
184,133549_1b6c58d6_0,0.00784726906567812,0.8329832553863525
185,40936_6de8f4f4_0,0.11243464052677155,0.2986105680465698
186,23008_3d1bb7b2_0,0.018507547676563263,0.7344530820846558
187,38360_ad61c9b2_1,0.0015577516751363873,-0.012103796005249023
188,136109_3d342d3c_2,0.002747792052105069,0.8895319104194641
189,135790_a27f9deb_11,0.0008389315335080028,-0.040352463722229004
190,140249_7c1c5bba_0,0.001064165262505412,-0.2953951358795166
191,128996_a3d026d6_0,0.0015210378915071487,0.6882999539375305
192,23235_f9ccb8b0_0,0.000886779569555074,0.30067378282546997
193,93671_f7290ded_0,0.00137655483558774,0.1842980980873108
194,51109_97b211c3_7,0.0016792839160189033,0.7947620749473572
195,51916_fa226b15_13,0.0008891194593161345,-0.9211447238922119
196,86268_094d3fab_1,0.0010611253092065454,0.9787819385528564
197,39637_ca6a9a60_1,0.007469923235476017,0.07618755102157593
198,47219_93cb3619_3,0.050949737429618835,0.10259711742401123
199,47878_0edb6829_0,0.0015766997821629047,0.9719592332839966
200,26764_ab35159a_6,0.0049400837160646915,0.8028134703636169
201,34341_d19b12fb_12,0.0013837263686582446,-0.5237351655960083
202,118342_c702e084_6,0.006183577235788107,0.8587464690208435
203,49886_dd68dccb_4,0.0029392465949058533,0.7774527668952942
204,23493_57512264_5,0.0009887388441711664,-2.1171140670776367
205,31751_e37382e1_5,0.002406555227935314,0.9383570551872253
206,24338_848cab42_6,0.01126881968230009,0.10971933603286743
207,24916_42eacca3_10,0.000982004450634122,0.46945202350616455
208,137485_a953e1be_2,0.0010425746440887451,0.9791536927223206
209,23706_ef15ef9c_18,0.00400825310498476,0.7341212034225464
210,143671_eaf4d13b_6,0.011208400130271912,0.8289889097213745
211,53470_39f2e9dc_13,0.0018191016279160976,-1.305335521697998
212,145772_59253c6d_3,0.000750047795008868,-0.05688798427581787
213,51893_d531e2bd_2,0.0034044731874018908,0.9258731007575989
214,39389_d641313f_8,0.019196350127458572,0.26754164695739746
215,51595_41f3d1a3_5,0.000577659928239882,0.4515920877456665
216,51674_a70c1c6c_15,0.0006356340600177646,-1.4215803146362305
217,37617_3f415463_5,0.0013061349745839834,0.009341895580291748
218,31862_a89f21f9_3,0.0057070073671638966,0.830398440361023
219,40519_55a097c6_11,0.00915560219436884,0.4661782383918762
220,111306_9108c940_0,0.002997532719746232,0.42636120319366455
221,136640_16741d62_4,0.001142403925769031,0.22258985042572021
222,23155_d7305c5f_2,0.019190222024917603,0.6112902164459229
223,43934_912ff891_41,0.0003789245674852282,-0.8063223361968994
224,57017_6033d1e5_0,0.0028176154009997845,0.8581482768058777
225,126913_d253adb7_1,0.0014081088593229651,0.43687623739242554
226,130752_52d74f2f_48,0.004351026378571987,0.7066951394081116
227,124177_71283cad_0,0.005398529581725597,0.5837157964706421
228,24650_dad8c8ee_18,0.006134682800620794,0.8431836366653442
229,55199_4d57661f_2,0.00948671530932188,0.4320642352104187
230,115010_eb737aaf_20,0.0015072812093421817,0.9711370468139648
231,27855_19c5895a_12,0.0036574658006429672,-0.9183281660079956
232,52772_a6e6e320_0,0.0010269067715853453,-0.3781017065048218
233,90917_3d2d21a9_0,0.015118223614990711,0.6542301774024963
234,40703_5f4e45d4_7,0.001047878642566502,0.9792124032974243
235,132622_911efd2f_1,0.01728888973593712,0.7412118911743164
236,43441_e1ab0873_6,0.04254898056387901,0.3282952308654785
237,34917_61633e20_6,0.003219568869099021,0.9301998615264893
238,67221_275ba7e6_4,0.0040539950132369995,0.9186803698539734
239,130719_e4764a36_10,0.0004597649094648659,-0.0025707483291625977
240,136318_130d6a06_20,0.000986425788141787,0.9100266098976135
241,99636_73c43ebd_10,0.001939381123520434,0.9476702809333801
242,29377_3a04cb8d_6,0.0033175921998918056,0.5159998536109924
243,23018_63087a41_47,0.004935368429869413,0.8649071455001831
244,26165_100fec74_4,0.000884323671925813,-1.782517910003662
245,135934_d2f6bb2e_46,0.001014265581034124,0.5076380372047424
246,24039_448afafa_5,0.003282495541498065,0.8418014049530029
247,32775_a79b406b_14,0.011206075549125671,-0.42785322666168213
248,23686_cba4f679_0,0.0032525011338293552,0.6915404796600342
249,35147_bc9f2c5d_0,0.005482648499310017,0.11493021249771118
250,136337_1351909b_2,0.01647970639169216,0.6085655689239502
251,139222_2c10ca9a_1,0.023642022162675858,-1.0338506698608398
252,139379_fe5c3f64_0,0.00421162461861968,0.8447291851043701
253,33084_344fec27_2,0.0012195303570479155,0.9770440459251404
254,24775_d5c98d77_0,0.00019249865727033466,-4.934085369110107
255,56344_3a89f085_23,0.0024970422964543104,0.7685734033584595
256,135112_cf8007b8_5,0.008342609740793705,0.7945811748504639
257,50706_20d07d57_2,0.03227768465876579,0.6906923055648804
258,51744_cd355565_5,0.007039929274469614,0.7891408205032349
259,51464_da501c24_0,0.005813525058329105,-0.14585041999816895
260,126572_a2d6f794_23,0.0006069468217901886,-20.006223678588867
261,70021_e673ae54_2,0.000974977680016309,-0.40478265285491943
262,25144_31b089b6_5,0.0013273943914100528,0.3987554907798767
263,24715_55aac5f2_2,0.0006929156370460987,-56.685157775878906
264,24532_f82f8000_2,0.005589555948972702,-3.5249600410461426
265,30664_a3084f71_1,0.014897692017257214,-5.228542804718018
266,81145_5c13a8e9_1,0.0007591992616653442,0.22455370426177979
267,132037_2abb8c63_10,0.000672833644784987,-2.0928902626037598
268,50414_ac159b58_2,0.0019966033287346363,0.9274373054504395
269,21601_360ce1c7_7,0.0035453077871352434,0.9355692863464355
270,22119_27e3ecbe_9,0.0023374406155198812,0.9275172352790833
271,145120_74f7316f_0,0.011040889658033848,0.5008251070976257
272,74574_c302ff1f_0,0.0009175483137369156,-0.205133318901062
273,52443_085efc00_4,0.0010487906401976943,0.6573082208633423
274,147546_ede0f31c_3,0.018483035266399384,0.6003093719482422
275,22492_047b125b_21,0.006855542305856943,0.8408871293067932
276,72313_5a86e234_0,0.03895201534032822,0.2559182047843933
277,45589_49e3c7ea_2,0.0027102238964289427,0.918275773525238
278,83432_a7f85698_0,0.0027239257469773293,0.9388175010681152
279,32775_a79b406b_0,0.0007220357074402273,-5.953271389007568
280,121703_69c4a5ac_3,0.0006995417643338442,-1.534656047821045
281,80901_e9080573_6,0.0020469152368605137,0.9201188087463379
282,21809_8bd6b10e_3,0.04551725834608078,-0.0018357038497924805
283,49396_98ab955d_15,0.0025497516617178917,0.7568832635879517
284,33766_14917a4a_19,0.002529977587983012,0.9437084794044495
285,26661_ab88a525_8,0.0021448296029120684,0.939872682094574
286,44030_17bd5ec9_0,0.0019506668904796243,-1.39796781539917
287,53221_74fa81cd_7,0.0007575043709948659,0.34520041942596436
288,21887_3306168f_7,0.0047362265177071095,0.5280834436416626
289,86185_85fde9e6_0,0.004504453390836716,0.3115830421447754
290,87951_500b1dcd_2,0.0007156181964091957,0.2339281439781189
291,22276_69c5036b_11,0.0028781103901565075,0.9246979355812073
292,41721_44151488_5,0.00507871201261878,0.5297408699989319
293,102293_5d04e48d_0,0.029243305325508118,-0.3874751329421997
294,77687_cbb18594_20,0.0006461996817961335,0.10363191366195679
295,133248_1bab99ae_0,0.006754361093044281,-1.9774651527404785
296,24051_4852a192_2,0.0029709995724260807,0.8980252742767334
297,86806_2993395a_1,0.0010964731918647885,0.06916862726211548
298,38558_b0d6b3f8_1,0.002518253168091178,0.9483135342597961
299,140549_7d01813c_0,0.020151499658823013,0.3607547879219055
300,24559_3c306e71_1,0.003515290329232812,0.4593160152435303
301,70350_751de4b0_13,0.011469307355582714,-3.67195987701416
302,39101_23fec10f_8,0.003488522255793214,0.6288602352142334
303,24942_9d1b2ff2_8,0.008110261522233486,0.9054693579673767
304,30850_05d88af9_3,0.0114457281306386,0.8096711039543152
305,113358_08641c94_4,0.007104199379682541,0.7792425751686096
306,21234_8b71bd47_27,0.001133322948589921,0.589989423751831
307,26245_4aac38e1_21,0.0030512637458741665,-6.079344272613525
308,66072_d301cc88_0,0.000995687791146338,0.5694108009338379
309,21894_93f0d052_23,0.0032654369715601206,0.6774635910987854
310,147816_7fb70c2b_2,0.001731529482640326,0.8183821439743042
311,49120_4131d1e7_1,0.0016520752105861902,0.6692432165145874
312,52224_ca16c854_4,0.008494794368743896,-0.2130565643310547
313,105762_19e04e0b_1,0.0014666187344118953,-10.577669143676758
314,30400_8824ce97_36,0.004612856078892946,0.3355764150619507
315,95199_ffcff41e_0,0.0007979690562933683,0.18241959810256958
316,50417_199cffee_3,0.0010271717328578234,0.20055395364761353
317,24544_d06c82dd_5,0.0029088924638926983,0.951860249042511
318,22604_565b91f5_2,0.0039890785701572895,0.8335627913475037
319,22788_b6a9e30a_4,0.001825388171710074,0.5438469648361206
320,45789_d5126eab_14,0.006006848532706499,-0.22704458236694336
321,37267_b2be4b50_3,0.000650324858725071,-64.43756866455078
322,34330_5eff1ee1_3,0.0028441541362553835,0.6680747270584106
323,137999_d934160e_1,0.0008162851445376873,-5.314400672912598
324,134921_f5efde94_27,0.0010717777768149972,0.014604747295379639
325,53470_39f2e9dc_8,0.0005497607053257525,-5.167587757110596
326,23497_f292546d_25,0.00902879610657692,0.6247478723526001
327,22289_4b848f64_2,0.0030735330656170845,0.5837341547012329
328,31392_84b62622_2,0.002833050210028887,0.7638906836509705
329,51347_1fc6f329_0,0.007892248220741749,-0.7729572057723999
330,50777_2934de55_6,0.0028172889724373817,0.899488627910614
331,32841_954e8c1a_0,0.001606943435035646,-0.657881498336792
332,31530_6744ae73_3,0.002295292681083083,0.9663100242614746
333,65827_d1469ad6_1,0.00019862645422108471,-0.486444354057312
334,145461_30637b22_8,0.00039576273411512375,-14.81898307800293
335,31973_093ea963_13,0.0009329026215709746,0.6368297338485718
336,70355_e5f58cd5_14,0.0024878946132957935,0.7573684453964233
337,77687_cbb18594_40,0.0011744106886908412,-4.18867301940918
338,24392_fce351ea_0,0.00077517592580989,0.5844289064407349
339,36853_7efccb8c_3,0.0015584290958940983,0.7872961759567261
340,41644_d15f8e2b_5,0.0006955767166800797,-2.58447265625
341,131762_9b5e5ff5_2,0.005480594467371702,0.6690306663513184
342,82193_96ef9433_2,0.0034234223421663046,0.946650505065918
343,31347_386f6298_15,0.003212244715541601,0.9244698286056519
344,34568_fbe47bf9_0,0.0004389315436128527,-0.2564622163772583
345,115624_fe3eb392_3,0.003602107521146536,0.9175659418106079
346,130446_e7b58dbe_0,0.01668124832212925,0.3269820809364319
347,104641_2cd02839_33,0.0007342782337218523,-0.6041423082351685
348,31460_39fdfc6a_7,0.002717087510973215,0.3884196877479553
349,95541_ced8f936_0,0.004069148097187281,0.9123002290725708
350,23126_725969ea_17,0.005969710648059845,0.3692700266838074
351,23676_52069f98_5,0.0005670816171914339,-1.1355235576629639
352,137637_ed9c537d_0,0.0013789093354716897,0.6590446829795837
353,22474_b10fea1a_2,0.0029637240804731846,0.9282129406929016
354,143017_21d96cc2_10,0.0016362773021683097,0.7641158103942871
355,105270_34f92afd_1,0.0005066656740382314,0.28936266899108887
356,95622_0a0787e4_4,0.003732169046998024,0.9442573189735413
357,55854_13f0399b_0,0.0052425442263484,0.8871642351150513
358,22118_1e09e0eb_5,0.010759642347693443,0.5411113500595093
359,146717_3e6a84c1_7,0.010507342405617237,0.8425009250640869
360,63132_330141d7_3,0.004654226824641228,0.056097328662872314
361,115633_fd3c9b97_46,0.00029528021696023643,0.39179688692092896
362,21644_aa203dc5_29,0.0010881059570237994,0.7329199314117432
363,79791_00f639ca_15,0.0017081660917028785,0.9712414741516113
364,60711_42b5a13e_1,0.0020751317497342825,0.7701936364173889
365,137483_cdb8989d_0,0.0030655553564429283,0.9359949231147766
366,21644_aa203dc5_26,0.0018061985028907657,0.6882671117782593
367,131876_b2384623_0,0.0031407151836901903,-1.0278542041778564
368,23706_ef15ef9c_10,0.002374091884121299,0.6368027925491333
369,68948_0d2a01cd_9,0.00669719697907567,0.812164306640625
370,145137_4e9eef42_1,0.0026368037797510624,0.4696744680404663
371,30426_2cde26de_20,0.04010483995079994,0.5436418056488037
372,31378_34c52a73_0,0.0010855878936126828,0.698622465133667
373,92134_52f13f49_4,0.0006665895343758166,0.5501235723495483
374,119634_fc722479_1,0.006971942726522684,0.904076874256134
375,24032_d6172503_24,0.005128100980073214,-1.1470448970794678
376,136401_69f29349_4,9.592649439582601e-05,-0.4883970022201538
377,41871_f9a1ad02_26,0.0030585399363189936,0.7677618861198425
378,48220_87941c4e_116,0.0029939820524305105,0.5569431185722351
379,115012_9ed88535_2,0.004699083510786295,-0.8768640756607056
380,69488_025cf0a2_1,0.11920501291751862,0.19191664457321167
381,147427_69f68da4_3,0.0006364901200868189,-0.7641149759292603
382,33766_14917a4a_32,0.003107562428340316,0.8882142305374146
383,51747_3d58eae0_0,0.001642158254981041,0.7795028686523438
384,33785_a4c23f61_0,0.10559350252151489,0.6016401648521423
385,114935_797875fe_2,0.005450660362839699,0.8017035126686096
386,51775_49ef614a_26,0.0008996102260425687,-0.5994921922683716
387,38196_ea48fa42_3,0.0002098632394336164,-1.4550414085388184
388,140413_44177109_21,0.0002578849089331925,-3.71951961517334
389,27676_79237cc5_1,0.0014067076845094562,0.5398000478744507
390,52883_e518d3f4_33,0.001203470746986568,0.9762927293777466
391,34347_841c5375_2,0.0006990624824538827,-13.213481903076172
392,55289_292737cb_0,0.0016994914039969444,0.967372715473175
393,50606_82cb18e2_0,0.002707870677113533,0.89357590675354
394,30407_efa567f2_4,0.003975719679147005,0.9041361808776855
395,31647_ab9ad9dc_13,0.005641715135425329,0.45343899726867676
396,24896_58b4730f_17,0.0013245126465335488,0.7529582977294922
397,23602_5daaccf5_4,0.004633144475519657,0.6763951778411865
398,27725_5cceaeb7_10,0.001286304323002696,-1.6723251342773438
399,127734_395dcf7d_5,0.0036240352783352137,0.4107070565223694
400,31957_d864f861_3,0.009930006228387356,-1.0235729217529297
401,49415_1671b60c_4,0.0018790048779919744,-0.7569342851638794
402,45110_fae73324_4,0.0028290878981351852,0.8490232825279236
403,22343_34184fd5_18,0.00046271030441857874,-0.7615642547607422
404,22848_cc91b848_38,0.0007537436904385686,-867.8632202148438
405,73652_23b21ef2_1,0.005589582491666079,0.887601375579834
406,65569_bd890a32_1,0.001780006568878889,-16.073514938354492
407,48220_87941c4e_111,0.005951547995209694,-0.04233658313751221
408,30394_e30f932c_0,0.003547390690073371,0.7970272898674011
409,21941_1a683ec2_26,0.0031975407619029284,0.86647629737854
410,25564_e646fcb3_1,0.0002754264569375664,0.06984943151473999
411,134053_87a32e31_3,0.0006819615955464542,-0.8608355522155762
412,87950_af56e26e_2,0.003038025228306651,0.7776458859443665
413,51458_54240b70_17,0.0009369197068735957,-0.034870147705078125
414,40688_effe215a_1,0.0029972828924655914,0.9257777333259583
415,131494_c8a441d0_0,0.0032761588227003813,0.3620341420173645
416,26768_c4df841f_21,0.0006396789103746414,0.25068914890289307
417,136892_2d5f55a9_0,0.008214903064072132,-0.8014341592788696
418,54652_d60ac3e0_10,0.007467234507203102,0.5948790311813354
419,51747_3d58eae0_1,0.0014769290573894978,0.39623749256134033
420,54650_df3655c1_0,0.0003984635986853391,-3.3642001152038574
421,41125_711db4bf_58,0.0021652942523360252,0.7591479420661926
422,45418_f603706b_2,0.0011766819516196847,0.7023787498474121
423,21852_6cf9a734_18,0.04738810658454895,0.5949702262878418
424,122515_758d8b70_6,0.00017589707567822188,-144.25350952148438
425,104081_05ba54fa_2,0.004568400792777538,-0.91864013671875
426,41672_cf87e0b6_0,0.0028745620511472225,0.5563443899154663
427,22638_37f9fe91_1,0.0008723080391064286,-1.5770800113677979
428,24559_3c306e71_3,0.004679043777287006,0.15012884140014648
429,31589_ac31215d_8,0.0004722311277873814,0.7501096129417419
430,49603_143b8bd2_35,0.010816488415002823,0.14392167329788208
431,127965_c64a91da_0,0.0014883080730214715,0.6148171424865723
432,36062_f2fb6808_1,0.0002212469989899546,-1.0447652339935303
433,139280_8874b1ab_18,0.0007163465488702059,0.3116522431373596
434,30997_24dea167_4,0.0030216146260499954,0.7274491190910339
435,143471_eb185912_5,0.0007808688678778708,-6.995323657989502
436,23176_1bf2a2d5_10,0.011929665692150593,0.5067834854125977
437,98299_b8146029_5,0.0021867717150598764,0.8106178045272827
438,23466_1cf60d09_4,0.00407200725749135,0.8861384987831116
439,41591_2d0bd0d5_3,0.006445911712944508,0.7734047770500183
440,134929_9049dcec_1,0.0007747524068690836,0.584561824798584
441,41785_e8bf0528_0,0.0022186606656759977,0.9033223390579224
442,31460_39fdfc6a_6,0.002630353206768632,0.9436699151992798
443,133710_00be7f31_1,0.00947689637541771,-0.08741021156311035
444,24532_f82f8000_0,0.0012684499379247427,0.7209892868995667
445,21234_8b71bd47_3,0.0005837885546498001,0.1162787675857544
446,35175_6edc4126_5,0.00245011318475008,0.9290022850036621
447,20495_e8e7e80c_1,0.00047278054989874363,0.448735773563385
448,76546_c17e95aa_2,0.0005597738199867308,-2.2926888465881348
449,41654_e75f89df_0,0.0035893283784389496,0.8051856756210327
450,109772_f1a0845e_6,0.0007762883906252682,0.5514461994171143
451,34913_d23e2a24_0,0.0035222747828811407,0.8043082356452942
452,25203_1cc0cb3c_12,0.007111772429198027,0.8813109397888184
453,37160_2a95674a_4,0.0028433892875909805,0.8143879175186157
454,69240_dc199112_4,0.001415060949511826,0.7312132120132446
455,25176_d9130589_0,0.002831405960023403,0.6278818845748901
456,69235_fe79a369_0,0.0001288477360503748,0.7106277346611023
457,39468_15fb2e60_9,0.004082664381712675,0.4077092409133911
458,103284_e25015aa_6,0.00030253385193645954,-1.4111545085906982
459,30377_e18ea3de_0,0.0009546129149384797,0.2266414761543274
460,66080_f578d52b_4,0.0009447751799598336,-3.855881690979004
461,37444_52b27e94_14,0.005447418428957462,0.17038530111312866
462,38675_6e07d74b_31,0.003933166153728962,0.875546395778656
463,21680_360ba5c7_28,0.0025037035811692476,0.8175828456878662
464,142032_5c32b7db_2,0.0033492143265902996,0.9383270740509033
465,44210_a155c2d1_0,0.017177237197756767,0.6176273822784424
466,38287_88ec74de_92,0.0018693889724090695,0.7240238189697266
467,29572_2f9283f2_4,0.004300761967897415,0.6796351671218872
468,28300_b3a6ab79_10,0.0029036293271929026,0.8995984792709351
469,136129_e6a20c7d_5,0.0005591222434304655,0.1421239972114563
470,119381_e4d13609_0,0.0032186636235564947,0.8782232403755188
471,30729_b4d83b07_4,0.00024320327793247998,-3.9941353797912598
472,140413_44177109_11,0.004607270006090403,0.7833113670349121
473,26384_83eddf22_0,0.003479166654869914,0.7343675494194031
474,82285_e7a738e7_2,0.009817011654376984,0.1823025345802307
475,108599_347602af_0,0.007693053223192692,0.760767936706543
476,119889_41a6f268_1,0.00043813095544464886,0.3534226417541504
477,55006_94230c00_1,0.00639946386218071,0.7999293208122253
478,21517_bfe35b4c_10,0.001068053301423788,0.5091955661773682
479,20818_098cad7c_6,0.0007989561418071389,0.14440792798995972
480,41855_b82e6ae8_6,0.002250723075121641,0.7398219108581543
481,137166_90691294_8,0.0012378577375784516,0.17795079946517944
482,69561_f274e705_26,0.005173866171389818,0.7505607604980469
483,51579_d0c3e154_0,0.007383044809103012,0.6875860691070557
484,23676_52069f98_4,0.004928341135382652,0.8448163866996765
485,31962_e5291336_1,0.002031186828389764,0.9399036765098572
486,57222_33b428d7_1,0.0009650216670706868,0.2835721969604492
487,51586_2ad96f8c_17,0.00031410346855409443,-2.7780799865722656
488,41473_c2137170_32,0.0013710773782804608,0.7863124012947083
489,31123_9a1bfc50_2,0.0009341726545244455,0.9294547438621521
490,23211_3aac9c7e_0,0.00412755785509944,0.22662818431854248
491,45798_b573e9da_5,0.014195321127772331,0.26825231313705444
492,27847_d2436f7c_37,0.0006515420391224325,0.24694198369979858
493,54736_6ee1b513_1,0.0020382271613925695,-0.7609336376190186
494,132901_7d205bb4_9,0.00010080481297336519,0.33164578676223755
495,73762_8c704690_0,0.0019520168425515294,0.7367703914642334
496,23209_1592b0a4_1,0.0043651810847222805,0.6972739696502686
497,49024_b7f02205_2,0.0007664876175113022,-0.9432940483093262
498,147630_7f858240_15,0.004627165384590626,0.18479466438293457
499,69337_2c778611_11,0.001005259109660983,0.40827715396881104
500,82498_92a00cd6_1,0.0025372281670570374,0.21386104822158813
501,78775_e2d8b091_1,0.0017833230085670948,0.7581197023391724
502,40067_95ae6c76_9,0.0021555398125201464,0.7690804600715637
503,80756_6f2e842f_0,0.0013975560432299972,0.7156416177749634
504,25284_1da7aa8a_0,0.0013953862944617867,0.7238799333572388
505,55605_2f8bc12e_62,0.002444150624796748,0.9164093732833862
506,39792_60786b6c_15,0.004571298137307167,0.9082295894622803
507,34063_0ca1585e_2,0.0023301721084862947,-0.5103917121887207
508,31664_1e85c690_13,0.001495213946327567,0.9572473168373108
509,131193_98f3ac52_1,0.002530524739995599,-0.13182151317596436
510,120221_e2eaa34b_2,0.0017610036302357912,0.39573168754577637
511,130286_1f71bfed_3,0.001547586522065103,0.5389580130577087
512,118342_e8142153_21,0.0014085749862715602,0.4794575572013855
513,128043_9f8cd69e_1,0.000636937387753278,0.12251704931259155
514,41504_85e300ee_1,0.000690881977789104,-1.974919319152832
515,78863_d59be42e_0,0.004546696785837412,0.4534209966659546
516,31733_5118b376_3,0.0254063718020916,0.818697452545166
517,22208_e177deb7_5,0.0021616604644805193,0.48358142375946045
518,24026_1dd4094b_43,0.0020098313689231873,-0.7577424049377441
519,73388_10a40b49_1,0.0023688431829214096,0.8605504035949707
520,138219_cdff4f61_0,0.002636319026350975,-0.7398655414581299
521,49399_dc56d180_1,0.001256439951248467,0.9765015840530396
522,41306_8f26e703_3,0.0011890557361766696,0.5901760458946228
523,51590_034b8b08_14,0.018689272925257683,0.6839407086372375
524,48402_8c965495_4,0.001250597764737904,-0.7989765405654907
525,26388_a3367cba_0,0.0029479453805834055,0.6325409412384033
526,28300_b3a6ab79_6,0.004089818336069584,0.8631690144538879
527,43938_418421a7_0,0.0011771518038585782,0.466396689414978
528,41520_60018d18_0,0.0008309028344228864,-4.982583522796631
529,137869_344b239b_0,0.00031624510302208364,0.2561047673225403
530,41648_577daf16_0,0.007600774057209492,0.6746425628662109
531,31347_386f6298_10,0.0012026299955323339,0.9772406816482544
532,82190_24b1b0fe_12,0.002843859838321805,0.5019567012786865
533,33741_4a973932_1,0.0020991771016269922,0.6519756317138672
534,42005_3da46d94_0,0.0016303241718560457,-35.505836486816406
535,132982_ee1eed2f_0,0.003380525391548872,0.8556423187255859
536,23898_6e740393_29,0.002353623043745756,-3.6376914978027344
537,105831_88a0fb85_6,0.0010442580096423626,0.9772250652313232
538,31278_749a6317_0,0.0007717210683040321,0.5364478230476379
539,51586_2ad96f8c_4,0.0009161385241895914,0.5817291140556335
540,57000_cd1ddece_14,0.0008085205336101353,0.6704451441764832
541,50692_e7ff2668_8,0.004630215931683779,0.8353183269500732
542,65346_e89312e5_0,0.0010730891954153776,-0.6217191219329834
543,38840_0e449caf_4,0.0016636500367894769,0.5703490972518921
544,29573_ca59fbbf_5,0.006966496352106333,0.929767906665802
545,30164_c5680724_12,0.017751920968294144,0.06318479776382446
546,138620_e21e10ee_0,0.0014634380349889398,-0.24717485904693604
547,50305_caf9cef2_34,0.0026887140702456236,-3.6523232460021973
548,83396_fdb2987a_0,0.0027161540929228067,0.9020780920982361
549,28379_7e292343_4,0.006777290254831314,0.8506730794906616
550,33529_756075a0_32,0.0029747646767646074,0.7789515852928162
551,109857_1d24326e_42,0.0001865776430349797,-8.29782485961914
552,22772_2b5f6629_6,0.001806548796594143,0.9703531861305237
553,34600_e2685d46_2,0.00481575820595026,0.8240230083465576
554,122344_ab1b06aa_2,0.013483424670994282,0.7562457323074341
555,123573_5f5c9584_1,0.0004419065953698009,0.6434730291366577
556,35166_562b126c_20,0.005386230070143938,0.791512131690979
557,51350_138f893a_1,0.0007782210595905781,-6.464301109313965
558,137785_67c3085b_16,0.004316968377679586,0.8937658071517944
559,50417_199cffee_12,0.010357235558331013,0.49963921308517456
560,22194_a5c323b9_3,0.0016130501171573997,0.7368350028991699
561,42329_df7f540f_18,0.0021969799418002367,0.7708500027656555
562,41779_25e4203d_6,0.0004696355026680976,0.28450268507003784
563,51094_40aa8332_20,0.006739391013979912,0.7470611929893494
564,109762_cb162371_38,0.004811939783394337,0.7466907501220703
565,45922_26941172_9,0.0014919620007276535,0.7431341409683228
566,34587_ed155e93_0,0.002235322492197156,0.9357765316963196
567,69589_a468c1b4_0,0.00493263453245163,0.8958507776260376
568,44921_00dfb467_0,0.0011070318287238479,0.7299709916114807
569,82672_4705a693_0,0.0008005384588614106,0.6433523297309875
570,26778_a71e88a6_0,0.0007395611028186977,-0.9935286045074463
571,69488_7bfb2b67_0,0.002080247737467289,0.942195475101471
572,22686_afe3a61e_0,0.0007377229048870504,-3.5578198432922363
573,109772_5faa88e8_5,0.0009597328025847673,0.34350907802581787
574,43938_418421a7_147,0.0016425596550107002,0.77434903383255
575,141694_b5ac3112_3,0.004777364432811737,-0.8413312435150146
576,31973_093ea963_16,0.0013892147690057755,0.1277807354927063
577,26858_e90dc419_25,0.0005047623417340219,-1.9210240840911865
578,131350_bbdad30d_0,0.0008803384262137115,0.498060941696167
579,35741_c43475b8_1,0.003431969555094838,-0.19603383541107178
580,30690_3df2c9e2_1,0.001955844461917877,0.833245575428009
581,122758_5f4efbf0_2,0.008764376863837242,0.42334485054016113
582,37822_3be11c62_0,0.0016066762618720531,0.3168584704399109
583,91174_ee6ee92b_1,0.0010618851520121098,0.7512121796607971
584,23676_52069f98_31,0.020864231511950493,0.7898297309875488
585,27958_fee329eb_1,0.0010165816638618708,0.7242428660392761
586,144534_3b4fdb09_18,0.004776217509061098,-0.3345874547958374
587,30292_0b5e0265_1,0.041648201644420624,0.433042049407959
588,111062_e59e2d31_0,0.02905775047838688,0.6697757244110107
589,135790_a27f9deb_77,0.010810432024300098,-1.1055998802185059
590,65842_de75838b_10,0.0027979204896837473,0.41468948125839233
591,22475_9d9601a8_3,0.000291058182483539,-0.6226307153701782
592,119884_192e3265_0,0.005266339983791113,0.2140045166015625
593,51463_3330e3aa_2,0.005571517162024975,0.42185187339782715
594,23231_efe613bb_4,0.003362479154020548,0.8277803659439087
595,22895_4533b542_2,0.004005064722150564,0.38483190536499023
596,146219_5661130f_4,0.0036694956943392754,0.9203656911849976
597,38953_19054857_19,0.0014896906213834882,-0.3238661289215088
598,21847_b2de7eb8_24,0.0017155759269371629,0.8837383985519409
599,51603_034939eb_12,0.0007912046276032925,0.5123060941696167
600,24843_5231632c_4,0.0006732916226610541,0.5811178684234619
601,41982_f75ceb8f_4,0.0010006153024733067,-6.611840724945068
602,42937_c573c439_2,0.00043865732732228935,-0.843906044960022
603,61288_2d594195_0,0.0033361748792231083,-4.484358787536621
604,55006_94230c00_0,0.0008331897552125156,0.17026042938232422
605,49898_f42a885e_5,0.0034886712674051523,0.9239619970321655
606,55709_af3825c8_4,0.003341114381328225,0.8912549614906311
607,144117_83c980ca_2,0.0003680191875901073,-0.2811121940612793
608,40417_b8d98f73_7,0.0012474781833589077,0.1698904037475586
609,53200_d1e30b87_11,0.00202352087944746,-1.2187669277191162
610,147009_977ee378_4,0.00037384682218544185,-2.301467180252075
611,63056_a5dfd66b_4,0.0005468852468766272,0.011878788471221924
612,22205_f48b96b3_10,0.003404985647648573,0.224592924118042
613,51585_b695905b_4,0.004991619847714901,0.8894752264022827
614,24084_71f37c00_1,0.0034617551136761904,0.30524933338165283
615,25815_0e853ad9_10,0.0026346934027969837,0.8352461457252502
616,55030_11a6e3e8_3,0.023081298917531967,0.7914330959320068
617,23042_1184de03_5,0.005104713141918182,0.8514555096626282
618,39719_e9629dbd_4,0.0007575398776680231,-7.3323869705200195
619,51256_ed221095_2,0.0012071540113538504,-0.3485276699066162
620,25810_93c8a71a_3,0.002762775169685483,0.8943721055984497
621,22208_e177deb7_1,0.0047106631100177765,0.6703810691833496
622,115624_d0acb46b_22,0.003866599639877677,0.9391412138938904
623,30708_4282508b_0,0.0004333972465246916,-5.708091735839844
624,31117_cd5cdbdb_12,0.0010372812394052744,0.5521807670593262
625,41733_1ec9b00c_32,0.000887304253410548,-1.6193642616271973
626,111387_c4243097_2,0.001181032625027001,-0.6040769815444946
627,119869_e8f0dd81_19,0.0014329535188153386,-0.07840859889984131
628,34569_590239d6_0,0.003178068669512868,0.8541184067726135
629,136318_130d6a06_23,0.000676276977173984,0.15817564725875854
630,145132_7aea3b66_4,0.007638385519385338,0.9000242948532104
631,41878_3aeaed3d_0,0.006195318419486284,-0.007465958595275879
632,34583_a1cf326b_0,0.0013749676290899515,0.9748356938362122
633,116581_d405b783_0,0.039512671530246735,0.4631544351577759
634,24044_9bbe7992_3,0.0004977682256139815,0.3787292242050171
635,22194_a5c323b9_2,0.003145595546811819,0.7165096402168274
636,142076_08d80e12_21,0.000703479046933353,-2.112440347671509
637,55817_6ac2912d_7,0.0004988000146113336,-4.378882884979248
638,21165_5cb2d287_2,0.0006933988770470023,-0.4610954523086548
639,39796_45dcdc7d_0,0.03985916078090668,0.4830635190010071
640,33044_7fdd9213_1,0.009034413844347,0.7605918049812317
641,23731_3fe5b501_6,0.0005945106968283653,0.08613711595535278
642,32743_f4c47bbc_31,0.008185298182070255,0.23912787437438965
643,108775_4908fba2_21,0.008900283835828304,0.2090526819229126
644,21941_1a683ec2_19,0.002593803917989135,0.8085629343986511
645,27682_04277f62_18,0.006309363525360823,0.7102494239807129
646,25815_0e853ad9_4,0.004463879391551018,0.711945652961731
647,30261_723e95cf_2,0.0047813584096729755,0.7984744310379028
648,21385_601444ba_102,0.005279369652271271,0.751667320728302
649,30368_d7fd30ce_7,0.0009201932698488235,0.6529699563980103
650,55605_2f8bc12e_3,0.010435182601213455,-0.7034734487533569
651,24650_dad8c8ee_15,0.0002146710321540013,-5.697625637054443
652,34227_48203345_7,0.010227030143141747,0.7148782014846802
653,113348_ac85cba3_1,0.0031635514460504055,0.6602650880813599
654,26552_25c5924a_1,0.0024661545176059008,0.055644452571868896
655,55381_cbaffe9b_0,0.001055894186720252,0.7076998949050903
656,55817_6ac2912d_25,0.002534625120460987,0.932640016078949
657,138947_0778db40_4,0.0008190152584575117,0.6797137260437012
658,52788_07f7da63_0,0.0019521492067724466,0.5154054164886475
659,70355_e5f58cd5_6,0.0008866098360158503,-0.4930778741836548
660,51744_cd355565_8,0.006033803336322308,-0.2370516061782837
661,41227_90e1c07c_16,0.0028561644721776247,0.928074061870575
662,45359_1768ab3f_42,0.005742169450968504,0.3939884901046753
663,41783_d1c10326_3,0.0005157008417882025,-0.6589993238449097
664,32960_0eaa1de8_13,0.0006089896778576076,-42.96422576904297
665,34674_32ee1595_3,0.0027082585729658604,0.9081428050994873
666,136885_23632908_1,0.00870528630912304,-2.1066508293151855
667,136808_00592735_3,0.004236661829054356,0.07829982042312622
668,45589_49e3c7ea_5,0.0010456520831212401,0.9784736037254333
669,141665_0564e852_3,0.0027551427483558655,0.34208786487579346
670,50897_3be92e2f_18,0.001221243990585208,0.9714809060096741
671,84256_4164b724_3,0.0005323138320818543,0.48925554752349854
672,22994_e6ad8f2b_10,0.004696848802268505,0.8256829977035522
673,28295_0dc908b9_8,0.00105367845389992,0.6699501872062683
674,23329_6939d5d9_5,0.0009203380323015153,-0.02095210552215576
675,123665_0a0da5c7_3,0.00039909264887683094,-2.115432024002075
676,121172_0ac63503_7,0.0016713367076590657,0.6835025548934937
677,50941_2a8a8c76_0,0.0011074038920924067,0.9780390858650208
678,37846_cde34fcd_66,0.002246161689981818,0.6230173110961914
679,56040_9b1307eb_21,0.0030416089575737715,0.5262529253959656
680,146535_229c95bc_1,0.00042699850746430457,-0.9564422369003296
681,50947_49287c16_2,0.006692292168736458,0.8906131982803345
682,95622_0a0787e4_5,0.0007575469207949936,0.5900214910507202
683,25432_f13e5110_0,0.0023882018867880106,0.9247931838035583
684,32454_e959e3cf_0,0.0027536710258573294,0.9225038886070251
685,65858_61e9b51a_18,0.0025708263274282217,0.4135202169418335
686,70350_751de4b0_3,0.006678342819213867,0.07674950361251831
687,129239_0d49310c_15,0.0009870849316939712,0.623782753944397
688,31008_8fa25b35_8,0.003228094195947051,0.31836313009262085
689,55306_795d845b_2,0.0007078551570884883,-3.4988903999328613
690,29729_e8bb36f1_2,0.0016490684356540442,-0.9432767629623413
691,67283_4097cbd6_5,0.0010913641890510917,-8.279373168945312
692,23904_811e466f_4,0.0014665542403236032,-0.23038578033447266
693,116076_12d31fb7_1,0.004532785154879093,0.31789982318878174
694,45302_02d7e3bc_0,0.004849231336265802,-0.21967744827270508
695,60977_4bb093ec_1,0.004590201657265425,0.7954602241516113
696,49017_76979790_8,0.002522517926990986,0.5218836665153503
697,146321_0dbae658_10,0.00015612014976795763,-14.732461929321289
698,102194_150e3faf_3,0.002846152288839221,0.912828803062439
699,34769_44655d03_5,0.0005877111107110977,0.342836856842041
700,38953_19054857_6,0.0016505725216120481,-0.3548804521560669
701,55397_ad24603f_1,0.0014111098134890199,-0.46471309661865234
702,21908_385686ec_15,0.0029530776664614677,0.8574565052986145
703,60721_57103153_4,0.001931018428876996,-2.091590166091919
704,98701_7cd4ec8d_0,0.011284285224974155,0.7950329184532166
705,91703_642cdf1a_1,0.0032656691037118435,0.9385725855827332
706,26661_ab88a525_5,0.001409893506206572,0.6443517208099365
707,51940_67bb0219_21,0.000497701985295862,-0.06063127517700195
708,22543_684108ff_22,0.0014779347693547606,-0.4686293601989746
709,145250_cde4d039_8,0.0017146102618426085,-0.9303302764892578
710,20232_e5b060d9_6,0.0008942431304603815,-0.6233270168304443
711,128043_d4650350_0,0.01587630994617939,0.7868109941482544
712,140530_30edf2c4_0,0.0018900801660493016,-0.5951107740402222
713,131814_9af6d05a_0,0.0034792094957083464,0.47683554887771606
714,26245_4aac38e1_9,0.0012447515036910772,0.4800228476524353
715,30282_88c6933c_14,0.004642061423510313,0.8218954801559448
716,32322_71d0035e_1,0.0032869528513401747,0.8313514590263367
717,131762_d10609a4_1,0.006564438808709383,0.7034832835197449
718,54812_5f7b7aba_2,0.0017418802017346025,0.23529911041259766
719,135830_8fb36dac_4,0.00825741421431303,0.6343710422515869
720,139280_8874b1ab_4,0.0007142397225834429,-0.5341838598251343
721,49904_639055dd_1,0.006344170309603214,0.27284860610961914
722,53601_59d3ecd2_0,0.01432581152766943,0.4126838445663452
723,50047_54241fe3_12,0.003684833412989974,0.7147762775421143
724,136925_70fb0381_3,0.0028430018573999405,0.8260222673416138
725,87488_95f678ce_0,0.010273677296936512,0.7731866836547852
726,137166_90691294_2,0.0012094432022422552,0.19577008485794067
727,44030_17bd5ec9_11,0.0009394710650667548,-0.48866450786590576
728,137396_b5f6bec4_5,0.00347156566567719,0.895732045173645
729,21900_760d2078_10,0.003268629312515259,0.9526519179344177
730,21185_ac5324ba_5,0.009579595178365707,0.7012337446212769
731,31132_2320d049_4,0.0015877877594903111,0.971118688583374
732,82281_80cdf67c_4,0.0009415105450898409,-1.3751842975616455
733,38287_88ec74de_15,0.0011815556790679693,0.9771180152893066
734,136128_831e37a6_0,0.0033796189818531275,0.6240251660346985
735,21330_f0cee934_18,0.0007792951655574143,0.48849183320999146
736,34109_5a868eae_10,0.0060065509751439095,0.4257250428199768
737,21174_861bd902_2,0.003661650698632002,0.6808630228042603
738,49783_365bec9e_6,0.002343042753636837,0.9297115802764893
739,24429_ace910b3_8,0.00019200750102754682,-10.237014770507812
740,22772_2b5f6629_4,0.0010938189225271344,0.7203348875045776
741,53927_ef5208b9_14,0.010153473354876041,0.576992392539978
742,56250_3b6024e3_54,0.0011743648210540414,0.9743361473083496
743,23522_5c2ec58e_8,0.010623387061059475,0.6652556657791138
744,121177_93fb3127_10,0.0008946312591433525,-0.6234902143478394
745,138840_b7f948ea_2,0.0025711744092404842,0.7383040189743042
746,41125_711db4bf_6,0.0081311771646142,0.8076804280281067
747,102606_28922dfc_0,0.03569681942462921,-374.33355712890625
748,31530_6744ae73_50,0.03444543108344078,0.3854633569717407
749,50598_eae0df5a_1,0.000888272887095809,-0.624221920967102
750,145726_19ccdbda_12,0.0007865996449254453,0.747753381729126
751,41469_b94cf3e4_0,0.002388541353866458,0.510419487953186
752,147009_977ee378_1,0.0026876453775912523,0.7416646480560303
753,24267_8a216138_10,0.0036288436967879534,0.7053900957107544
754,63071_3d434a33_16,0.0030093668028712273,0.8394384384155273
755,34436_ffc43a58_4,0.0006048441864550114,0.478227436542511
756,50692_e7ff2668_4,0.0019964633975178003,0.20003455877304077
757,146642_883a71d2_9,0.02196911908686161,0.6530575752258301
758,109772_f1a0845e_7,0.0044324337504804134,0.8965674638748169
759,136640_16741d62_1,0.002021112246438861,0.48684704303741455
760,21680_360ba5c7_11,0.0017490454483777285,0.28938859701156616
761,27729_09d75da1_2,0.0039808969013392925,0.8866053223609924
762,82148_5df06ed9_19,0.011037824675440788,0.23326611518859863
763,55287_8a57a3db_1,0.00796844158321619,0.509790301322937
764,53221_74fa81cd_5,0.0012958265142515302,0.3785563111305237
765,30417_0010bc7c_39,0.0026261545717716217,0.7950055599212646
766,23706_ef15ef9c_40,0.0050731925293803215,0.2759116291999817
767,140763_e14274f8_3,0.0006182174547575414,0.5319889187812805
768,23602_5daaccf5_3,0.0021551873069256544,0.6506251096725464
769,30282_88c6933c_9,0.0012694532051682472,0.9201440811157227
770,56824_0fc773f6_0,0.0037087013479322195,0.7885744571685791
771,42410_d3b5588e_1,0.003150307573378086,0.5213539600372314
772,55055_dd27a8a4_0,0.0013674263609573245,0.9749728441238403
773,115633_a2c63339_6,0.000607157067861408,0.32784318923950195
774,73651_a41647f8_5,0.0005912845372222364,-1.292081356048584
775,33413_060ce192_32,0.005861753597855568,0.549699068069458
776,97331_a482fa9b_0,0.002926252782344818,0.3816233277320862
777,23476_705b76d1_0,0.005517967045307159,0.7841702103614807
778,32566_7bfc936b_6,0.03336020186543465,0.6847078800201416
779,41717_eb1c1e6b_0,0.003540221368893981,0.7163005471229553
780,60720_ef9a0a95_8,0.0006671773735433817,-0.4259757995605469
781,138700_ab763a46_202,0.0007456936873495579,-410.51739501953125
782,38287_88ec74de_17,0.010091169737279415,-0.6595922708511353
783,135535_0bd0048d_0,0.011777742765843868,0.8226128816604614
784,21797_69df08d5_7,0.07718408852815628,0.38548386096954346
785,65350_b3fa8f4f_47,0.11271053552627563,0.4812493324279785
786,41714_1d49f4d1_3,0.002723662881180644,0.6956582069396973
787,66012_a13e1644_1,0.0022228029556572437,0.05737757682800293
788,22652_564979ff_11,0.000590538780670613,0.5610249042510986
789,25127_ecba81df_23,0.0031079782638698816,-1.028308391571045
790,47548_db93c988_4,0.0011216398561373353,-1.7439203262329102
791,55927_f8b31711_5,0.005334492307156324,0.7146878242492676
792,31647_ab9ad9dc_2,0.0022944139782339334,0.6898669600486755
793,41128_ee74f244_8,0.0014027172001078725,0.6160953640937805
794,20959_d4905d19_4,0.00391350919380784,0.03985971212387085
795,52009_a2b75078_3,0.07645253837108612,0.2300182580947876
796,22201_473a3a65_16,0.0022352528758347034,0.6971895694732666
797,29442_365e23df_30,0.010058801621198654,0.715498685836792
798,51859_6b2fd0f1_8,0.0012407898902893066,0.9576264023780823
799,140413_44177109_15,0.000867595081217587,0.23044836521148682
800,21822_7d3db422_11,0.004188819322735071,0.8836030960083008
801,24168_a0ede173_100,0.0007317622657865286,0.4718923568725586
802,145532_c2304f89_1,0.008870185352861881,-0.24211466312408447
803,104641_2cd02839_13,0.000744519813451916,-1.8857076168060303
804,23679_81ef9e37_2,0.0014577062102034688,0.6526786088943481
805,95271_de3df8d5_2,0.0005722595960833132,-1.7553966045379639
806,41401_e4117da2_0,0.0004519786743912846,-8.84839916229248
807,48006_babdf4af_9,0.006204661447554827,0.9281482100486755
808,142246_0851be5e_32,0.024976106360554695,0.5855333805084229
809,33615_7bab1106_4,0.0031366075854748487,0.792451024055481
810,31117_cd5cdbdb_18,0.0060206023044884205,0.9088683724403381
811,34914_8911676d_0,0.0062942178919911385,0.48110437393188477
812,55501_a09e4ced_2,0.0006088788504712284,-21.87144660949707
813,41128_ee74f244_9,0.002524072304368019,0.16446739435195923
814,142246_0851be5e_22,0.004173038061708212,0.24314314126968384
815,22413_901f5867_0,0.0010645880829542875,-2.221992015838623
816,56490_0a0fba77_0,0.0009735001367516816,0.7238779067993164
817,93676_4f934980_1,0.0011971722124144435,-1.653996467590332
818,146642_883a71d2_96,0.013200809247791767,-0.4408491849899292
819,24032_d6172503_3,0.005710535682737827,0.0319175124168396
820,44221_25c62f03_1,0.0013052328722551465,0.9758250117301941
821,50315_0f1419bf_33,0.0054779378697276115,0.46831214427948
822,133389_0938a905_2,0.0010795543203130364,0.7260165810585022
823,24824_cf51e5b6_4,0.0019279906991869211,0.638321042060852
824,33970_32f36442_3,0.00993164163082838,0.6902886629104614
825,29359_bbfab271_2,0.0014081776607781649,0.7521001696586609
826,23172_4ab01e83_0,0.0018772603943943977,0.954376757144928
827,98511_1b46a85e_45,0.01789744384586811,0.4969937205314636
828,98511_1b46a85e_46,0.017111729830503464,0.4969123601913452
829,34248_cc11976c_0,0.006134624592959881,0.7733381986618042
830,104003_46555fb2_0,0.0003747486916836351,0.16665828227996826
831,34520_035b5e9a_8,0.001836195937357843,0.3689311742782593
832,38397_93d5d7de_12,0.0174210574477911,0.7586398720741272
833,130023_93b3ca95_1,0.0033729674760252237,-0.18720626831054688
834,83213_47c49876_1,0.00634331488981843,0.27295833826065063
835,43928_6ca53538_63,0.011650548316538334,0.729068398475647
836,82779_b7b722e3_9,0.0011681218165904284,0.8604879379272461
837,134967_0f27ef51_1,0.0010321085574105382,0.22784340381622314
838,86024_714b24f4_1,0.005538152530789375,0.7830381393432617
839,40807_58058731_11,0.0025832776445895433,0.6104016304016113
840,26750_cd3cb3ff_0,0.007165966089814901,0.8756953477859497
841,126913_d253adb7_2,0.0009957841830328107,0.8035234808921814
842,24268_2804c9ff_13,0.007547377608716488,0.8036876320838928
843,45542_320c16fd_3,0.0011229367228224874,0.9776750802993774
844,22342_274ed8a6_1,0.0009509452502243221,0.7940500974655151
845,133385_e6aa64d8_17,0.00026186855393461883,-0.04974794387817383
846,143509_1dd5212d_3,0.003583358135074377,0.894313395023346
847,47989_3ff0f41d_0,0.016498548910021782,0.5306495428085327
848,21822_7d3db422_14,0.023507587611675262,0.6605459451675415
849,21517_bfe35b4c_12,0.001425335998646915,-1.4881014823913574
850,52883_e518d3f4_10,0.005054001696407795,0.17946285009384155
851,41871_f9a1ad02_14,0.014031018130481243,-0.40366387367248535
852,37016_455093c1_2,0.0007749345968477428,0.5845646858215332
853,31117_cd5cdbdb_78,0.08145427703857422,0.36834871768951416
854,129239_0d49310c_22,0.0005633096443489194,-0.6355303525924683
855,30400_8824ce97_6,0.01872113160789013,0.6085716485977173
856,53233_8dbca22c_8,0.0036903508007526398,0.741141676902771
857,40514_bb61631d_25,0.0011687023798003793,0.7414444088935852
858,24053_53349e4d_2,0.0010589888552203774,-0.3628809452056885
859,41917_f0c40fa1_16,0.002062690444290638,0.9512037038803101
860,22543_684108ff_5,0.0043836492113769054,0.8262110948562622
861,138636_c1153075_0,0.0005920979310758412,0.47147035598754883
862,24448_75004b6c_6,0.004040576051920652,0.8713550567626953
863,24831_bbd3e098_8,0.001398490509018302,-0.3703885078430176
864,53221_74fa81cd_3,0.002866657916456461,0.22506630420684814
865,76879_65a30a82_4,0.0006705626146867871,-0.09618747234344482
866,108773_f9384cff_10,0.0007849423564039171,-7.284014701843262
867,33671_0e9c6ca3_5,0.002737488364800811,0.7825766801834106
868,93103_fdb9fcb7_15,0.009495233185589314,0.4876474142074585
869,137675_d2bd633e_0,0.008280009031295776,-4.185706615447998
870,21893_0500d043_32,0.002232717117294669,-0.45967304706573486
871,22110_0bc70e9f_1,0.0008271041442640126,0.4916987419128418
872,43152_b5472481_1,0.005445228889584541,-1.044800043106079
873,115717_40314bc2_1,0.002320793690159917,0.7972214818000793
874,102943_ca9e7968_0,0.0012462616432458162,-0.6957992315292358
875,136401_69f29349_0,0.007634046021848917,-4.063742637634277
876,28542_3c922564_0,0.00293175526894629,-0.06907224655151367
877,24267_8a216138_6,0.0032841216307133436,0.819892406463623
878,84374_272a9731_7,0.0020490118768066168,0.7298471927642822
879,23531_1ecc8346_18,0.032991498708724976,0.6781914234161377
880,41871_f9a1ad02_30,0.004803967662155628,0.8543963432312012
881,132461_14abd2d0_0,0.0005873427144251764,-15.396957397460938
882,37617_3f415463_2,0.0009197252802550793,-0.5029017925262451
883,41696_de0790a1_1,0.000991121050901711,0.9779912233352661
884,54657_2a66e0de_20,0.0023324850481003523,0.7858175039291382
885,24425_0dc4b306_0,0.004356322810053825,0.5733684301376343
886,146667_fe438b5b_0,0.004135101102292538,0.8427344560623169
887,23048_8a1a5553_8,0.0006771596963517368,-17.21991729736328
888,51871_86ebf5b2_17,0.005498166661709547,-0.006530046463012695
889,30664_a3084f71_6,0.005134072154760361,0.6849673986434937
890,139801_97e2ca6a_5,0.0028855279088020325,0.40921056270599365
891,22278_12f1fb79_13,0.0050550298765301704,0.6711359620094299
892,22776_facf9bcf_8,0.0038371598348021507,0.8693985342979431
893,40500_6055e3d7_15,0.07856997102499008,0.2163657546043396
894,35740_5322d674_13,0.001347099430859089,0.18047070503234863
895,39792_60786b6c_12,0.004453352186828852,0.838326632976532
896,115524_4a411f7e_0,0.0014780163764953613,0.6642483472824097
897,24131_3ea7d5a8_17,0.004812660627067089,0.7678588628768921
898,100326_0602c712_2,0.012513366527855396,0.6025235652923584
899,34571_25c64838_2,0.0066571589559316635,0.6054404973983765
900,143534_4f65fd1a_0,0.0015580100007355213,0.47324979305267334
901,101446_95204330_1,0.0009984794305637479,0.36702823638916016
902,41749_14d0599c_10,0.0014590839855372906,-3.258307933807373
903,55715_525d1d3e_12,0.0007035286980681121,-1.0867955684661865
904,45307_b9b4bca0_30,0.06383814662694931,0.5427933931350708
905,22654_4c426b0f_0,0.002634903648868203,0.6700450778007507
906,22670_9353c710_4,0.0015630589332431555,0.520670473575592
907,99445_94c22a37_11,0.0022343259770423174,0.9668030142784119
908,132811_57264a28_4,0.0090811587870121,0.25810521841049194
909,23258_87a2ba81_3,0.0008794771274551749,-0.39018476009368896
910,50777_2934de55_22,0.006843348033726215,0.7570769786834717
911,98418_4185a7fb_0,0.0032457057386636734,0.921368420124054
912,43441_e1ab0873_2,0.0005612016539089382,-5.800329685211182
913,24271_dbc0fd2d_12,0.001080351765267551,0.7621992230415344
914,38944_0d0c3fce_0,0.07442279160022736,0.5178557634353638
915,40624_e1c5c424_11,0.00026222309679724276,-5.604355335235596
916,100028_0c3a8f1c_13,0.0029438454657793045,0.9621341228485107
917,40491_ac67bf4c_13,0.005888539366424084,0.8895451426506042
918,25416_1deb9c75_0,0.0012290826998651028,0.7872433066368103
919,21657_2651585a_6,0.0035061000380665064,0.8141632080078125
920,21986_67c5509a_15,0.002048331778496504,0.7458555698394775
921,32288_34013274_2,0.0034250987228006124,0.4202732443809509
922,55373_ddd74d2f_0,0.003916539251804352,0.4941685199737549
923,26245_4aac38e1_0,0.004487869795411825,0.742853045463562
924,33044_7fdd9213_0,0.001192585681565106,0.7870656251907349
925,31530_6744ae73_48,0.07627449929714203,0.2631816864013672
926,25555_fd3d9a3c_1,0.0007304117316380143,-0.025456666946411133
927,54175_7d864ace_6,0.0022055162116885185,0.5047101974487305
928,72950_5074f5a3_0,0.0014280667528510094,0.0559694766998291
929,129618_2962c248_0,0.006734953261911869,0.8875138759613037
930,52012_77070fda_10,0.0010980498045682907,-0.7220139503479004
931,28295_0dc908b9_7,0.0012590374099090695,0.6617878675460815
932,144419_90e59d67_2,0.0004081153601873666,-3.510129451751709
933,22734_f6bad9f7_24,0.007987958379089832,0.7527894973754883
934,22604_0b4ffb43_14,0.0013674263609573245,0.9749728441238403
935,81996_b3752ed2_3,0.0007572233444079757,0.3204540014266968
936,24504_493cee15_8,0.008925576694309711,0.6446017026901245
937,39124_28e99e62_1,0.001051986706443131,-0.18370342254638672
938,29725_0ad4937e_1,0.0004231697821523994,0.23511356115341187
939,109232_04340d62_6,0.00043817100231535733,-6.9705491065979
940,129075_8fbf62e5_0,0.0014320191694423556,-0.13327646255493164
941,102937_18c3cb6a_4,0.0025297431275248528,0.9113038778305054
942,52551_8098346a_5,0.0008110030321404338,-0.4107475280761719
943,128043_6947b64c_0,0.002288341987878084,0.8679001331329346
944,119030_292009a7_41,0.0031859169248491526,0.5326589345932007
945,48526_5aecac8a_0,0.001440512714907527,0.757435142993927
946,32541_86f7df73_4,0.0026062848046422005,-1.4794378280639648
947,55114_7bf17f6a_0,0.009090985171496868,0.34095633029937744
948,55285_6816da52_1,0.021989643573760986,0.524091362953186
949,37683_e2cca100_17,0.000399909884436056,0.370386004447937
950,78775_e2d8b091_15,0.00959541741758585,0.6862638592720032
951,93199_2146e709_2,0.0015819789841771126,0.8132336139678955
952,135595_656de97a_14,0.0006672657327726483,0.5215972661972046
953,24284_3710e946_16,0.004807029850780964,0.8910953402519226
954,135521_30553c91_2,0.00013041442434769124,-0.8914579153060913
955,29732_fb15318c_5,0.0024688937701284885,-1.3452908992767334
956,88060_389bdff4_0,0.0024899691343307495,0.84847491979599
957,27839_4a077326_28,0.005231791641563177,0.8703683614730835
958,100435_87bf423d_8,0.0011294324649497867,0.9777449369430542
959,25365_bb0e4ede_44,0.0007392707047984004,-0.04847848415374756
960,146169_144d8264_0,0.09901759773492813,0.46523046493530273
961,23342_7193a931_3,0.0007113334722816944,-1.09568452835083
962,57000_cd1ddece_12,0.0010637245140969753,0.9787330031394958
963,119790_1ed376f0_3,0.0020767119713127613,-1.2665190696716309
964,72522_e9e87960_4,0.005975845269858837,0.8878358602523804
965,65366_f618b577_2,0.0007305500912480056,0.3640802502632141
966,55707_c78416ed_35,0.007458121981471777,0.6102409362792969
967,70321_eccffc7e_0,0.002302658511325717,0.4034804701805115
968,120143_b5756e6b_0,0.0054094516672194,0.24877673387527466
969,27726_aca43af4_35,0.00038503482937812805,-16.88912582397461
970,31361_72aab333_20,0.001762205152772367,0.4399532079696655
971,121949_e10b5e85_12,0.005548502784222364,0.8467484712600708
972,146399_0e4b73c4_13,0.03242415562272072,0.3343614935874939
973,41134_fc146947_6,0.0008795980247668922,0.5887858271598816
974,21237_7887a24b_35,0.000848970958031714,-2.509798049926758
975,24885_55e20ddf_3,0.000803543662186712,0.2061244249343872
976,34914_8911676d_23,0.005188045557588339,0.07795935869216919
977,21803_8a36dcda_12,0.007701388094574213,0.7423001527786255
978,41306_8f26e703_5,0.00033213457209058106,-2.585449457168579
979,25118_f50fdc69_10,0.0008613145910203457,-0.2579888105392456
980,25473_0991d519_9,0.003476714948192239,0.9129390716552734
981,126585_86fa26cb_0,0.0006779318209737539,0.16276413202285767
982,145691_69484976_9,0.004256104584783316,0.6173248291015625
983,60729_c51868ec_0,0.0008328523254022002,0.5411803722381592
984,123929_e7dbad2c_0,0.0020191071089357138,0.04090094566345215
985,69649_70b07cac_0,0.0010745251784101129,0.976264476776123
986,55135_f1186d58_9,0.001315789995715022,-0.6392781734466553
987,20838_86c931be_2,0.0018718786304816604,0.7672692537307739
988,45242_626509cb_11,0.0019566945265978575,0.1353287696838379
989,34983_439766af_13,0.005280119366943836,0.9450780153274536
990,53453_fb0f1640_1,0.010715380311012268,0.674710750579834
991,23255_972fbfe6_25,0.0024209157563745975,0.9236907958984375
992,24168_a0ede173_203,0.12392361462116241,0.310791015625
993,55476_1473d91f_0,0.002766028745099902,-0.41013896465301514
994,55111_ef389075_1,0.00499056838452816,0.8092562556266785
995,141710_17531562_1,0.0011301081394776702,0.9051131010055542
996,96601_b89e6252_1,0.00025258451933041215,-0.34322917461395264
997,135790_a27f9deb_43,0.05577632412314415,0.28538739681243896
998,121363_746708db_0,0.0010442935163155198,0.5981961488723755
999,136886_3aa46890_0,0.0013698667753487825,0.48922979831695557
1000,50315_0f1419bf_19,0.029177185148000717,0.598668098449707
1001,37846_cde34fcd_14,0.0004254081577528268,-3.809810161590576
1002,24816_ef81ad4c_1,0.002657602308318019,0.04969280958175659
1003,75646_4baf69b2_7,0.015495920553803444,0.783007800579071
1004,140155_81f9ac63_0,0.001148216426372528,0.7135331630706787
1005,51603_034939eb_10,0.005924709141254425,0.6717736721038818
1006,30435_c97330d2_0,0.0018117333529517055,-2.0633203983306885
1007,27839_4a077326_27,0.0030744110699743032,0.8328340649604797
1008,55627_971fde61_34,0.009212354198098183,0.2877953052520752
1009,134909_ef3d003c_0,0.0007307456689886749,0.2831186056137085
1010,33413_060ce192_51,0.00017118288087658584,-22.717796325683594
1011,22245_ca848576_12,0.0012485194019973278,-0.4580737352371216
1012,52039_ba12c3ac_1,0.0010550942970439792,0.9789062738418579
1013,39707_358f88df_2,0.001436477992683649,-0.5297017097473145
1014,50014_33f250c8_3,0.08890844881534576,0.18901675939559937
1015,52987_387431ac_1,0.003898626659065485,0.7323079705238342
1016,33501_b1ee5058_15,0.0010489877313375473,0.9791406393051147
1017,82168_4844bddd_1,0.0021767124999314547,0.706103503704071
1018,30384_95e72fc2_4,0.000994086847640574,-9.948360443115234
1019,23554_a0845d54_2,0.0013375312555581331,-0.11807775497436523
1020,23800_65e0a5d1_0,0.00040516865556128323,-0.27688610553741455
1021,41128_ee74f244_0,0.0006069543887861073,0.39065229892730713
1022,143019_22dbd3e6_2,0.003781744046136737,0.8800151944160461
1023,79993_6087acd5_8,0.00865230429917574,0.726280927658081
1024,21422_b2a6bf27_0,0.0035321791656315327,0.941764235496521
1025,25487_dd2c17e8_21,0.0011305698426440358,-0.003857135772705078
1026,22654_4c426b0f_10,0.0002840723318513483,-0.9076660871505737
1027,30368_d7fd30ce_6,0.0005547108594328165,-10.863890647888184
1028,57249_6bd2af3c_2,0.004798456095159054,0.822985827922821
1029,57029_3ab80a22_0,0.0027802258264273405,0.44845885038375854
1030,79906_052c7eb4_3,0.0023158076219260693,0.4980151653289795
1031,82996_b8dc67c9_10,0.0005226427456364036,0.2787359356880188
1032,119884_192e3265_1,0.0017685354687273502,0.19341647624969482
1033,21225_c081eae3_10,0.003021438140422106,0.8267746567726135
1034,121949_e10b5e85_1,0.0014290019171312451,0.6384038329124451
1035,81994_ba8916c9_5,0.0010104675311595201,0.11706537008285522
1036,22447_4062c6cb_29,0.0017005749978125095,0.9713130593299866
1037,55044_ee57bac8_1,0.00021858784020878375,0.1694943904876709
1038,41871_f9a1ad02_13,0.037261128425598145,0.7907267808914185
1039,74688_a5168a45_2,0.00019167254504282027,-40.18349838256836
1040,23218_02d26ab4_4,0.0005997234839014709,-0.3793896436691284
1041,41205_dc60aa5d_0,0.0019033239223062992,0.5268257856369019
1042,41979_ca698776_0,0.007528293877840042,-0.5439833402633667
1043,141453_50ec6f25_7,0.002777515212073922,0.921321451663971
1044,97143_5424c420_0,0.0010508724953979254,0.7303056716918945
1045,41986_26275a06_2,0.003810587804764509,0.6407900452613831
1046,136800_c5e4d711_2,0.00045390333980321884,0.37958061695098877
1047,101635_11b839a3_5,0.0005154822720214725,-3.2231497764587402
1048,55866_b041060d_0,0.001176200108602643,0.928009569644928
1049,53846_89405f98_0,0.0021750526502728462,0.5556126832962036
1050,27725_5cceaeb7_1,0.0024962988682091236,0.7747622728347778
1051,146137_92faaea5_9,0.005626525264233351,0.5491777658462524
1052,41211_11f6b8a0_4,0.001532201305963099,0.36897921562194824
1053,21330_f0cee934_46,0.0010694415541365743,0.9786185026168823
1054,127188_5fecd146_4,0.0011449911398813128,-0.573327898979187
1055,135949_06517574_8,0.0003358374524395913,-2.48161244392395
1056,68928_0d4e4a2e_24,0.004180931486189365,0.7371029853820801
1057,50410_f8f03667_38,0.00018993380945175886,-12.075981140136719
1058,142999_171240b6_21,0.0012017671251669526,0.11143285036087036
1059,144709_642fc665_0,0.004384176805615425,0.5691536664962769
1060,53232_f8760054_10,0.0013503176160156727,-11.923674583435059
1061,22372_e91792a1_0,0.0005016073118895292,-5.4331278800964355
1062,21767_53eaa558_12,0.05395055562257767,0.30282801389694214
1063,32220_1fd19c5e_0,0.0005442140391096473,0.4408886432647705
1064,22886_a6331748_1,0.011227923445403576,-0.030844449996948242
1065,130996_b842b511_12,0.002896715886890888,0.7330052256584167
1066,55571_74a416b1_1,0.0007880859775468707,-5.685061454772949
1067,70169_914780d4_1,0.000545848160982132,0.7921414375305176
1068,23156_7788f78a_6,0.07975122332572937,0.422934353351593
1069,124496_20e20439_10,0.0011485175928100944,-1.524289608001709
1070,76300_7cb02add_1,0.0045630959793925285,0.32432299852371216
1071,21647_6b6cca6f_10,0.001690422184765339,0.07735484838485718
1072,22734_f6bad9f7_23,0.010781782679259777,0.5508475303649902
1073,94176_0a6c42ab_2,0.0006527563673444092,-118.79472351074219
1074,24048_d731886d_9,0.01046330202370882,-0.15330767631530762
1075,25487_dd2c17e8_30,0.0037972228601574898,-0.7164795398712158
1076,115717_40314bc2_4,0.0008345082169398665,-1.7144687175750732
1077,125592_875faf40_0,0.004438203759491444,0.7939934730529785
1078,41871_f9a1ad02_44,0.006525569129735231,0.5389817357063293
1079,146642_883a71d2_8,0.002748178318142891,0.3294908404350281
1080,136883_076fbff9_31,0.0011443948606029153,-2.7854108810424805
1081,60766_fb8715eb_3,0.010661792010068893,0.22030693292617798
1082,30818_33617072_0,0.01967581920325756,0.00381314754486084
1083,130679_7a357a9c_18,0.008445472456514835,0.503211259841919
1084,55306_795d845b_0,0.0007479742052964866,-0.6034513711929321
1085,135934_d2f6bb2e_33,0.0005628404906019568,0.2496156096458435
1086,111054_e45a0d40_7,0.06207021698355675,0.39957547187805176
1087,36826_d9269c2e_10,0.0029391590505838394,0.8003591895103455
1088,37619_ae810a8d_7,0.00014438526704907417,-64.94325256347656
1089,22343_34184fd5_22,0.0004047740367241204,-0.2527925968170166
1090,113020_de552f8d_0,0.0008151715737767518,0.4902458190917969
1091,20216_89b90993_0,0.005699640605598688,0.6202894449234009
1092,23325_292b3294_16,0.003434923244640231,0.6732199192047119
1093,23522_5c2ec58e_9,0.0033723805099725723,0.7439446449279785
1094,146624_359752bb_20,0.00016154097102116793,-80.43603515625
1095,104990_11b4aeee_1,0.0034908123780041933,0.920206606388092
1096,90917_4670b560_0,0.02298995479941368,0.5531848669052124
1097,54818_59adf8c2_5,0.002271754899993539,-0.9646575450897217
1098,34109_5a868eae_3,0.0017513287020847201,-1.8572700023651123
1099,23161_e7f63a9f_2,0.0028011531103402376,0.7465409636497498
1100,37160_2a95674a_27,0.0013857785379514098,0.5158393383026123
1101,61280_8bdbc90f_0,0.006965941749513149,0.7498199939727783
1102,55083_dac1f9cc_2,0.0008210275555029511,0.9316496253013611
1103,34341_d19b12fb_14,0.000339581718435511,-2.3775038719177246
1104,54516_ac9e2ef4_61,0.00209065736271441,0.6528517603874207
1105,24559_3c306e71_2,0.0008588606724515557,-0.7483392953872681
1106,105831_88a0fb85_1,0.003650136524811387,0.8613176345825195
1107,32743_f4c47bbc_19,0.0070825302973389626,-0.31603336334228516
1108,40500_6055e3d7_18,0.003931318875402212,0.8112868070602417
1109,22862_f5406bb0_0,0.0035306245554238558,0.9432032108306885
1110,141081_ae61ec46_0,0.0023221285082399845,0.9663839936256409
1111,135112_cf8007b8_4,0.008525116369128227,0.8706722259521484
1112,131442_1512d9ff_5,0.0006023399182595313,-0.27468717098236084
1113,145132_7aea3b66_1,0.12274640798568726,0.535415768623352
1114,41871_f9a1ad02_45,0.003676863620057702,0.291300892829895
1115,51775_49ef614a_1,0.0022796643897891045,0.35406947135925293
1116,143293_fc5b0ff7_23,0.0010492185829207301,-0.9168741703033447
1117,51547_a7e01c38_6,0.0010183212580159307,-0.45901012420654297
1118,114021_44c3c39c_2,0.0009432444348931313,-1.3515524864196777
1119,123766_c5a4cf5e_0,0.0012779542012140155,-7.147930145263672
1120,23031_0d684603_8,0.0020205515902489424,0.1290900707244873
1121,132996_c742ef84_4,0.005330020096153021,0.2603644132614136
1122,137096_5d77f285_1,0.002403062302619219,0.7131770849227905
1123,27072_b4756e8c_2,0.005541548132896423,-0.2533252239227295
1124,51915_e704f5dd_2,0.001810227520763874,0.7169169783592224
1125,132811_57264a28_13,0.0017066319705918431,0.9712684154510498
1126,49396_98ab955d_13,0.006452155765146017,0.2806825041770935
1127,132081_761d26ad_0,0.0018321078969165683,0.9509574770927429
1128,82906_7b72e0e8_2,0.004408647306263447,0.8771759867668152
1129,92649_26fe8262_0,0.0012418619589880109,0.4270472526550293
1130,21803_8a36dcda_11,0.0058718784712255,0.842064619064331
1131,30637_f6324fc6_5,0.0006621733773499727,-3.3826804161071777
1132,105560_a6f91315_12,0.00016319163842126727,-21.856788635253906
1133,41737_d80c34b9_0,0.014755927957594395,0.11840397119522095
1134,34983_439766af_12,0.0033641604240983725,0.6690638065338135
1135,122755_60c41889_10,0.00039096109685488045,-5.265342712402344
1136,76879_65a30a82_2,0.06549181044101715,0.4141794443130493
1137,89816_cef36e57_4,0.0029403874650597572,0.9515101909637451
1138,49406_100c707b_3,0.0027839052490890026,0.6790025234222412
1139,105560_a6f91315_10,0.00026797069585882127,-4.7860870361328125
1140,129421_483d2957_5,0.0006701971287839115,-1.8237745761871338
1141,122740_fc5c94eb_33,0.0044200848788022995,0.8646652698516846
1142,135595_656de97a_5,0.0011803902452811599,0.5688878893852234
1143,35740_5322d674_5,0.00016400849563069642,-55.92197036743164
1144,23681_932e722e_18,0.0014523171121254563,0.9725101590156555
1145,108244_329b1876_17,0.000742437900044024,-171.50555419921875
1146,125745_cf468448_6,0.002054499927908182,0.5169159173965454
1147,138838_c9a9e790_6,0.0019378216238692403,0.6233177185058594
1148,102416_b74464a2_4,0.00017104290600400418,-66.84510803222656
1149,30426_2cde26de_21,0.001059681992046535,-2.149797201156616
1150,137837_9c9f163d_5,0.0013792039826512337,-0.45228755474090576
1151,25487_dd2c17e8_15,0.010498346760869026,-0.36843013763427734
1152,21549_18160a0a_4,0.0001708168420009315,-23.112293243408203
1153,21385_601444ba_0,0.005929090548306704,0.6311564445495605
1154,35233_add576ba_9,0.004568418953567743,0.7016270160675049
1155,55345_c6423351_0,0.0017202928429469466,0.7214980125427246
1156,110697_4b2725f1_0,0.0019782274030148983,0.953917384147644
1157,109946_242843a6_1,0.0004915427998639643,-10.58719253540039
1158,34341_d19b12fb_22,0.0002897226077038795,-31.939117431640625
1159,23247_bcd1e84f_21,0.0016081250505521894,0.6623406410217285
1160,131765_29b29f08_6,0.00024233979638665915,-4.247915267944336
1161,21395_7d6fda6f_12,0.0011246288195252419,0.015715599060058594
1162,135460_6471e973_15,0.0012800694676116109,0.5795155167579651
1163,51741_49d61151_7,0.0055112107656896114,0.8008618354797363
1164,28382_90b7cc0c_12,0.0026790108531713486,0.028238415718078613
1165,30850_05d88af9_2,0.0029574893414974213,0.8779981136322021
1166,86278_1e55d036_12,0.0007056870381347835,-4.252557754516602
1167,67240_525e92c1_1,0.004029928706586361,-2.233670473098755
1168,82002_ef2b4feb_6,0.001691905315965414,0.9674910306930542
1169,53364_ec8aad42_1,0.013569509610533714,0.4169456958770752
1170,135771_b030a25c_17,0.000548553594853729,0.3654446005821228
1171,135906_29d7b495_1,0.0008866337593644857,-0.5851662158966064
1172,21822_7d3db422_38,0.0021195888984948397,-1.1504039764404297
1173,81136_5b86c723_1,0.001301307464018464,-8.556386947631836
1174,25473_0991d519_2,0.019543785601854324,0.6618790626525879
1175,73405_94381b7c_5,0.0019553767051547766,0.6713224649429321
1176,24009_c40b0d48_2,0.002870529657229781,0.9118468165397644
1177,22162_439af02a_1,0.00122344889678061,0.9759435057640076
1178,146159_f3f80701_0,0.006855998653918505,-0.8280296325683594
1179,51895_5760b481_15,0.02820459194481373,0.699810266494751
1180,33500_e58e287e_1,0.008536641485989094,0.6026318073272705
1181,31838_2e4bd173_0,0.004182721953839064,-1.7959225177764893
1182,146137_92faaea5_18,0.0004416809824761003,-2.8661859035491943
1183,124879_2257a334_2,0.0003779918188229203,-3.148604393005371
1184,144145_510eedc2_7,0.002222184557467699,0.9588175415992737
1185,21237_7887a24b_78,0.0024796912912279367,0.7843599319458008
1186,82297_93739ce0_6,0.0033055657986551523,-0.08662402629852295
1187,51536_a18dc325_31,0.0004662279679905623,-1.25984525680542
1188,93103_fdb9fcb7_7,0.008175536058843136,-0.05529677867889404
1189,24590_415f7013_9,0.00422317860648036,0.21752363443374634
1190,130659_16f2db4c_0,0.0012451832881197333,0.5880707502365112
1191,23083_fdb942ac_2,0.003988878335803747,0.8335666656494141
1192,23954_a8c09819_2,0.0013806500937789679,0.9732255935668945
1193,30417_0010bc7c_13,0.0022943781223148108,0.7959783673286438
1194,120535_e304dfca_1,0.0019414123380556703,0.8575975894927979
1195,93199_2146e709_9,0.0018270198488608003,0.5804698467254639
1196,23686_cba4f679_15,0.010290342383086681,0.7693554759025574
1197,40807_58058731_20,0.03431802615523338,0.6545895338058472
1198,94410_d32e7520_35,0.011312397196888924,0.7183389067649841
1199,79695_fd8bae0e_0,0.0030627057421952486,0.22120654582977295
1200,129422_621d0a90_35,0.005716331768780947,-1.6847472190856934
1201,44932_16cb7f21_5,0.0036551011726260185,0.8964780569076538
1202,136550_8a8672e5_1,0.0034531259443610907,0.030611932277679443
1203,20495_e8e7e80c_3,0.001534577109850943,0.9725534319877625
1204,31962_e5291336_50,0.001143785659223795,-0.09109866619110107
1205,24888_5be1de05_1,0.00029588062898255885,-4.627403736114502
1206,34114_7e58a97d_10,0.006985603366047144,0.7314375638961792
1207,108433_37a79370_0,0.005386000499129295,0.524075984954834
1208,22844_9b75b8e0_1,0.003256116760894656,0.8649306297302246
1209,115637_b4d41e8a_0,0.002783129457384348,0.7305757999420166
1210,53474_f29e4438_15,0.02369203232228756,0.3260316252708435
1211,26766_1aaa348c_0,0.003629283979535103,0.48481976985931396
1212,51940_67bb0219_7,0.0031843120232224464,0.47963452339172363
1213,41714_1d49f4d1_13,0.0006155208102427423,-1.4272820949554443
1214,21815_7090778f_9,0.013609691523015499,-0.11688482761383057
1215,32843_8e5bdf24_0,0.004265215247869492,0.8110198974609375
1216,23686_cba4f679_10,0.0020868319552391768,0.7399535775184631
1217,114425_891ab08d_0,0.012695089913904667,-0.58292555809021
1218,41786_02d48cdd_5,0.0027900247368961573,0.5682641267776489
1219,22895_4533b542_1,0.003656105836853385,0.7904559969902039
1220,49016_cd1b47bf_6,0.012205482460558414,0.6133565902709961
1221,51674_a70c1c6c_3,0.0008096956880763173,-0.2948122024536133
1222,52972_6e5a5ada_11,0.0031591937877237797,0.865905225276947
1223,120700_d818883a_8,0.0006687709828838706,0.09450846910476685
1224,34530_9525ffcd_0,0.004752537701278925,0.9106271862983704
1225,24355_99bf3f8f_1,0.0005533072398975492,-0.07151448726654053
1226,56250_3b6024e3_46,0.008184829726815224,0.8552840352058411
1227,56355_727ca47c_3,0.0016508304979652166,0.6013800501823425
1228,35057_9af89947_1,0.0016301748109981418,0.7440600991249084
1229,120881_a946667f_13,0.0006373222568072379,0.12198609113693237
1230,143021_c6df0146_5,0.00026097381487488747,-0.45321738719940186
1231,69240_dc199112_3,0.0015932584647089243,-0.4500894546508789
1232,41733_1ec9b00c_15,0.001931985141709447,0.5976681709289551
1233,30298_24191733_2,0.0007485140231437981,-4.176449775695801
1234,30400_8824ce97_18,0.0013710367493331432,0.7137185335159302
1235,37040_ecbcd25e_36,0.0022701986599713564,0.38771557807922363
1236,23035_6087bb57_4,0.0012361735571175814,-0.8499507904052734
1237,38675_6e07d74b_26,0.016531584784388542,0.7712599635124207
1238,31751_e37382e1_9,0.004149752203375101,0.557527482509613
1239,54601_e1da5b93_4,0.0011028350563719869,0.978059709072113
1240,142999_171240b6_29,0.002951299538835883,0.7762833833694458
1241,137646_14bca880_0,0.0009573665447533131,0.9115865230560303
1242,37519_442dc408_1,0.0012500048615038395,-0.5275318622589111
1243,47195_a8cd8bad_6,0.003623158670961857,0.7696019411087036
1244,22474_b10fea1a_6,0.0021209290716797113,0.7553847432136536
1245,53200_d1e30b87_10,0.010749398730695248,-0.8704948425292969
1246,41472_f9d73638_9,0.0019994748290628195,-1.05515718460083
1247,126397_cc08a23d_1,0.0007779585430398583,-0.2625793218612671
1248,31838_2e4bd173_4,0.0024682318326085806,0.9559977650642395
1249,52006_d21e4570_7,0.0012054755352437496,0.7610440254211426
1250,62109_08c31aa8_0,0.0015080900629982352,0.7312734127044678
1251,49403_458914df_0,0.0007459634798578918,0.5593681335449219
1252,122914_76ff1f5e_2,0.00018920598085969687,-15.83984375
1253,34913_d23e2a24_2,0.002437968971207738,-0.0909128189086914
1254,104641_2cd02839_15,0.0007035398157313466,-1.0330688953399658
1255,131632_6144b102_1,0.003716695122420788,0.955750584602356
1256,30850_05d88af9_0,0.0030460073612630367,0.7609986066818237
1257,86296_8a6ed4d3_7,0.00024227793619502336,0.2537769675254822
1258,34983_439766af_7,0.006138788536190987,0.9125447273254395
1259,33374_7491cbf8_2,0.050129350274801254,0.514983057975769
1260,50694_afd26bd5_10,0.005338790826499462,0.9426695704460144
1261,50292_e84db1fb_8,0.0010274412343278527,-2.506068706512451
1262,81367_622a9e51_2,0.0010735805844888091,0.7304185628890991
1263,78966_584c5305_0,0.0010786304483190179,0.43758153915405273
1264,79905_623eae86_1,0.041606031358242035,0.6592845916748047
1265,63055_6b907478_15,0.002035245532169938,0.8376486301422119
1266,135771_b030a25c_4,0.00041199219413101673,0.48129040002822876
1267,41753_9b4f8d8a_0,0.0011420848313719034,0.977576494216919
1268,80784_f7ec5f70_1,0.0024334306363016367,0.5876694917678833
1269,33607_c6f31fa6_10,0.002092688111588359,0.7437163591384888
1270,22225_a3ce4d29_42,0.003092345781624317,0.6676862239837646
1271,51938_8b9cba89_5,0.018588917329907417,0.6104345321655273
1272,44741_f386a08f_4,0.0025911652483046055,0.9230939149856567
1273,70021_e673ae54_4,0.0018476771656423807,0.9700117111206055
1274,55135_f1186d58_7,0.003465882735326886,0.6893526315689087
1275,31856_2a5a4e32_12,0.009757711552083492,0.45871514081954956
1276,75303_045fc848_4,0.0049615902826189995,0.23764801025390625
1277,129683_3ad38815_10,0.04553556814789772,0.46751266717910767
1278,21894_93f0d052_24,0.002650697948411107,0.7856296896934509
1279,143823_1b04bf80_13,0.004352005664259195,0.6859585642814636
1280,143823_1b04bf80_18,0.002547753043472767,-1.4649622440338135
1281,111863_c925f4f3_2,0.0009997491724789143,0.046041011810302734
1282,104633_d0a15bd3_6,0.0034865455236285925,0.7076407670974731
1283,48832_22363e53_33,0.0025382249150425196,0.9314399361610413
1284,127466_a18ae326_1,0.002902290318161249,-0.09343111515045166
1285,22211_b1ee53f0_12,0.006148136220872402,0.7430822849273682
1286,137837_9c9f163d_6,0.0038897532504051924,-0.059371232986450195
1287,122755_b830e22d_17,0.000791104743257165,-7.86007022857666
1288,21299_e9cd80a6_12,0.0006325775175355375,0.15171092748641968
1289,44920_70dd4b80_11,0.0019733242224901915,0.910724401473999
1290,52987_387431ac_7,0.002022488508373499,0.9383998513221741
1291,147926_b78316a8_10,0.0003223293460905552,0.7176018953323364
1292,144653_e3eccdf1_50,0.0012539525050669909,0.16454970836639404
1293,56458_c027ed41_0,0.002131123561412096,0.7354600429534912
1294,23495_6366269c_11,0.0011000921949744225,0.9781225323677063
1295,70883_e2d6a103_2,0.05462762713432312,0.18833059072494507
1296,32743_f4c47bbc_34,0.0015445504104718566,0.09977805614471436
1297,30910_38ea5a06_2,0.0013862533960491419,0.7648923993110657
1298,56476_466fc284_17,0.009803326800465584,0.7972270846366882
1299,22604_0b4ffb43_62,0.003987870644778013,0.8336104154586792
1300,21534_6367be99_0,0.0018255949253216386,0.42450714111328125
1301,133026_1085532d_1,0.0025756345130503178,0.34542328119277954
1302,137828_0b0786fb_1,0.003784834872931242,0.9272381663322449
1303,55627_971fde61_27,0.002202350180596113,0.7219797968864441
1304,93869_8b1922a3_0,0.0038136744406074286,0.6924374103546143
1305,24393_9acd18c6_3,0.003470697207376361,0.9352366328239441
1306,44996_b3e9c266_14,0.0006278820801526308,-1.4572114944458008
1307,55300_b9675d43_1,0.0012398614780977368,0.9756559133529663
1308,113352_879844fe_0,0.0021144431084394455,0.9138979911804199
1309,135317_3c58b0d0_9,0.000753604166675359,0.3036743402481079
1310,115624_fe3eb392_1,0.011173526756465435,0.4767051339149475
1311,63055_6b907478_21,0.002476989757269621,0.9096680879592896
1312,40421_032c052f_0,0.0026347741950303316,0.5995140671730042
1313,143029_70554264_3,0.0009475081460550427,-0.6231906414031982
1314,145117_78f63de3_0,0.0019251733319833875,0.504865288734436
1315,128996_35f2006e_0,0.0003411119105294347,-0.7057867050170898
1316,54503_fc6c6963_1,0.0023404948879033327,0.7043955326080322
1317,24657_0168dc6b_1,0.0015055134426802397,0.963149905204773
1318,130524_13ad16a8_0,0.101655513048172,0.4973313808441162
1319,142670_33c641dc_3,0.0009306785650551319,0.6464227437973022
1320,65375_674ff0b9_11,0.0018302539829164743,-0.6663185358047485
1321,23168_7fdf5427_3,0.000156714697368443,-70.58726501464844
1322,41717_ab2075ac_0,0.00445219362154603,0.8365334272384644
1323,21739_57582b8f_4,0.0014015965862199664,0.9177700281143188
1324,143293_fc5b0ff7_30,0.0038767214864492416,0.8942794799804688
1325,135906_587b5c3d_0,0.0007190885371528566,0.5657821893692017
1326,138685_fd9b79cd_0,0.0006419135606847703,0.48671501874923706
1327,119921_5621fcb4_0,0.005558175966143608,0.06163114309310913
1328,49403_458914df_5,0.0024883553851395845,0.7164074182510376
1329,73525_7f6b2f67_2,0.0008719840552657843,-0.3966095447540283
1330,136994_a3a2f50f_3,0.004403448197990656,0.5040186643600464
1331,31838_2e4bd173_1,0.005647297948598862,0.8777700066566467
1332,35866_d0233b36_6,0.0016554968897253275,0.9717772006988525
1333,53053_d6b4d71c_9,0.008073927834630013,0.7903783321380615
1334,90220_7baf1e18_1,0.0004143291444052011,0.4406885504722595
1335,23364_73dd9d4d_10,0.0006602218491025269,0.05111652612686157
1336,52987_387431ac_3,0.00248348037712276,0.7954623699188232
1337,51859_6b2fd0f1_4,0.0007343830075114965,0.5917291045188904
1338,51708_867d4509_12,0.00011417433415772393,0.010994970798492432
