case_num,case_name,MSE,R-Square
0000,50417_199cffee_13,0.06810306012630463,0.46951383352279663
0001,48516_2b3135bf_11,0.010271435603499413,0.6527246236801147
0002,41733_1ec9b00c_31,0.007553365547209978,0.2673211693763733
0003,31664_1e85c690_0,0.005345741752535105,0.7125911712646484
0004,21893_0500d043_18,0.0026774797588586807,0.9455638527870178
0005,31607_9a2f8140_6,0.0013635145733132958,0.9542331695556641
0006,41774_88a7a483_18,0.0031822891905903816,0.22318702936172485
0007,42143_51b31600_4,5.344599412637763e-05,0.8920075297355652
0008,23104_3b70eba4_13,0.0018094409024342895,-1.9766206741333008
0009,129075_8fbf62e5_2,0.00011036284558940679,0.7087627053260803
0010,41624_a15f83c1_13,0.00025909687974490225,0.8727715611457825
0011,36088_1ea9c8a9_12,0.007121548987925053,0.8338615298271179
0012,126477_6596d136_14,9.245081309927627e-05,0.9162006378173828
0013,130441_10c43121_0,0.05204666778445244,0.7348593473434448
0014,133385_e6aa64d8_21,0.00011310491390759125,0.9257959723472595
0015,26398_b99946da_1,0.014006175100803375,0.8157944679260254
0016,61198_0c99f50a_4,3.9325892430497333e-05,-1.477400541305542
0017,26661_ab88a525_0,5.787969348602928e-05,0.9331046342849731
0018,129075_8fbf62e5_1,0.0006247458513826132,0.4100140333175659
0019,51891_9455ea02_1,0.007990498095750809,0.873205304145813
0020,34770_6bba5bd4_13,0.0028826328925788403,0.9434021711349487
0021,21646_a2dd0d00_53,0.0015938247088342905,0.86751788854599
0022,68909_4ae1bc2e_1,0.0007679305854253471,0.278320848941803
0023,27866_ece3076e_109,0.0005450439057312906,0.9140538573265076
0024,92134_52f13f49_6,0.00011502599954837933,0.9337095022201538
0025,23342_7193a931_1,0.0005734829464927316,0.20404469966888428
0026,126572_a2d6f794_14,3.69379558833316e-05,-2.713385581970215
0027,44344_3e0b0b0c_1,1.5330319001805037e-05,-1.1232068538665771
0028,49331_3bf3bb84_4,0.004158470313996077,0.9238793253898621
0029,33971_46bb0373_0,0.0032226480543613434,0.5883487462997437
0030,21517_bfe35b4c_1,0.0005787502159364522,0.1605740785598755
0031,23165_369d62aa_6,0.004072013311088085,0.9508849382400513
0032,81846_2907c980_0,0.005933474283665419,0.7366154193878174
0033,24168_a0ede173_111,0.0075281900353729725,0.2564408779144287
0034,53461_a5942665_1,0.0007576680509373546,0.9718990325927734
0035,24907_c72322ea_13,0.0009650001884438097,0.6358717679977417
0036,133424_315bcaeb_7,9.009431232698262e-05,0.8834142684936523
0037,40490_916e13fe_0,0.003121942514553666,0.9027588367462158
0038,38000_b5822e44_3,0.004557876847684383,0.9309204816818237
0039,138520_f4e0bc0b_63,0.0004619605024345219,0.5592682361602783
0040,61294_9255796d_3,0.0003594253212213516,0.32746511697769165
0041,22176_272891b8_0,0.0023075290955603123,-0.17050433158874512
0042,24815_4f2a57e4_1,0.00985235907137394,0.7106978893280029
0043,113343_e692c488_1,6.015302278683521e-05,0.9092243313789368
0044,33995_18423507_1,0.0004818849265575409,0.3508570194244385
0045,127897_029949fd_6,0.0023063034750521183,0.9538832902908325
0046,123181_4e56fb4f_0,0.004034247249364853,0.9415558576583862
0047,22670_9353c710_1,4.679692574427463e-05,0.7148044109344482
0048,128642_4d72bf31_2,0.001019930117763579,0.4475002884864807
0049,146667_fe438b5b_6,0.009128152392804623,0.44255656003952026
0050,38260_2a31c6df_2,0.0041187480092048645,0.41953372955322266
0051,24443_996411f9_3,0.0016934924060478806,0.9615695476531982
0052,142074_34e02b6d_1,0.00020285678328946233,0.9392472505569458
0053,41501_b627682a_15,0.002234696177765727,0.8047168254852295
0054,24712_da77fe8f_0,0.0031987105030566454,0.9401529431343079
0055,32960_0eaa1de8_26,0.002904456341639161,0.946203351020813
0056,130757_b2c47f8d_2,0.00024035619571805,-6.183451175689697
0057,104817_6d73dc41_0,0.007728579919785261,0.13411390781402588
0058,79243_49539d9f_0,0.0035911083687096834,0.9226340651512146
0059,82012_c533307b_1,0.0006634846795350313,0.3819405436515808
0060,107649_e651c5ca_1,0.00022871910186950117,-0.594967246055603
0061,40997_e3c88650_12,0.004374410957098007,0.8877947330474854
0062,143029_70554264_4,0.002438071183860302,0.6667218804359436
0063,27054_342fcf5c_3,9.410151687916368e-05,0.9017860293388367
0064,41648_577daf16_17,0.0007119141519069672,0.7305050492286682
0065,89720_4e65191c_1,0.008885389193892479,0.7847498655319214
0066,75382_1b589ea9_12,5.489251998369582e-05,0.8430836200714111
0067,120371_433ba1ca_2,0.009413451887667179,0.17903387546539307
0068,49024_b7f02205_13,0.004759924951940775,0.7897605895996094
0069,51022_47816098_7,0.03770345821976662,0.6128419637680054
0070,41634_4f5d0edb_0,5.355347093427554e-05,0.8929138779640198
0071,23170_6ea8ded5_3,0.005298238713294268,0.9113335013389587
0072,69589_cd2fa794_8,0.008419755846261978,0.4494633078575134
0073,41504_85e300ee_0,0.0060759312473237514,0.17039477825164795
0074,128996_42176b10_0,0.005074269603937864,0.5892981886863708
0075,38920_e81879c2_7,1.716297811071854e-05,-19.64227294921875
0076,148051_c59af578_6,0.001425002934411168,0.9611901044845581
0077,65494_16d62db5_0,0.0002209696249337867,0.7038998603820801
0078,25473_0991d519_0,0.002656254917383194,0.9375949501991272
0079,75270_25a261ef_5,0.009376679547131062,0.0643991231918335
0080,49613_1b97c07b_12,0.00027261977083981037,-1.8954548835754395
0081,115633_a2c63339_1,0.00010007736273109913,0.9703990817070007
0082,52366_63042db4_1,0.004127534106373787,0.906058669090271
0083,30282_88c6933c_5,0.002341510960832238,0.7198783159255981
0084,53474_f29e4438_12,0.01562528684735298,0.4884505271911621
0085,24026_1dd4094b_21,0.002239912748336792,0.7444934248924255
0086,21225_c081eae3_2,0.003226745640859008,0.5734909772872925
0087,35057_9af89947_8,0.0007596422219648957,0.38979005813598633
0088,43529_4804941b_20,0.0016820102464407682,0.9487404823303223
0089,22103_fd11c71b_3,0.007489684969186783,0.06476634740829468
0090,51536_a18dc325_0,0.0010088084964081645,0.9464605450630188
0091,24230_636208ab_13,0.00338306138291955,-1.0774719715118408
0092,41117_1b3271f2_56,0.010435511358082294,0.8388592004776001
0093,140499_419d5823_0,0.0011950645130127668,0.8966953754425049
0094,115524_a949e82c_2,3.897181522916071e-05,0.8481886982917786
0095,29833_0ed4880f_3,0.008349420502781868,0.8497738838195801
0096,127556_4823a42a_6,0.001878900802694261,0.6843864917755127
0097,23960_48cc0f21_19,5.008320295019075e-05,0.2976922392845154
0098,132987_ba18d2eb_11,0.0008066879818215966,-0.5447001457214355
0099,51337_f8636fd9_30,0.00023463950492441654,0.7348885536193848
0100,40999_cad6be09_18,0.015105084516108036,0.6428791284561157
0101,136886_99fbdef3_0,0.00022291681671049446,0.617462158203125
0102,30447_4ed3b778_7,0.00693102553486824,0.9744644165039062
0103,55811_bc667b2d_13,0.002770400373265147,-0.05468559265136719
0104,41716_d55164d4_1,0.0009732202161103487,0.6594009399414062
0105,33610_aa697fc9_6,0.0003718353691510856,0.9725538492202759
0106,55095_fa260d33_6,0.011694833636283875,0.6917316913604736
0107,115639_bc0cc622_0,0.010164725594222546,0.2557716965675354
0108,20841_1620ae7d_0,0.008828684687614441,-0.21547925472259521
0109,50823_d1830e58_2,0.007554040290415287,-0.4953685998916626
0110,109762_cb162371_48,0.001395676750689745,0.5095557570457458
0111,41387_5f752e39_23,0.007508092559874058,0.7223374843597412
0112,121540_629c716f_0,0.003853005124256015,0.8368946313858032
0113,118539_1dff9cf9_12,1.7707247025100514e-05,-0.2950246334075928
0114,30714_dafa62f6_2,0.023548277094960213,0.691916823387146
0115,79633_bbbde75f_0,0.015185989439487457,0.6296338438987732
0116,33059_531cfd5e_11,0.003312203334644437,0.4579349160194397
0117,20697_d3e106b4_4,9.28620938793756e-05,0.22009485960006714
0118,136062_0027ff97_6,0.0027644168585538864,0.7449573278427124
0119,146291_6b0c8db3_1,0.027277454733848572,0.3651827573776245
0120,45466_5f662bcb_0,5.3421543270815164e-05,0.8900055885314941
0121,144500_7f600ab6_0,0.0016778614372015,0.8448433876037598
0122,44996_b3e9c266_4,0.00023232495004776865,0.950928807258606
0123,40713_4c9264ef_0,0.0014818437630310655,0.8022873401641846
0124,132384_0fcab1fa_13,0.0015203580260276794,-0.6355657577514648
0125,33738_77d49563_2,0.002879846142604947,-2.347440481185913
0126,129422_621d0a90_33,0.0007145398994907737,0.6637061238288879
0127,115633_fd3c9b97_32,5.165761831449345e-05,0.7883234024047852
0128,69337_a122ffde_1,0.00153145263902843,0.8434746265411377
0129,37241_29f91452_0,0.0014945801813155413,0.9654253721237183
0130,141199_9ae000ef_6,0.004490246064960957,-2.7955381870269775
0131,147133_92c04b84_4,0.0010736854746937752,0.05568033456802368
0132,77687_cbb18594_50,0.0032314176205545664,-1.2304677963256836
0133,144290_2a679085_11,0.00012230606807861477,0.6397908926010132
0134,130825_c59bbbfb_0,0.010537381283938885,0.7303402423858643
0135,82512_252da752_6,1.680130480963271e-05,-24.99342155456543
0136,115624_d0acb46b_24,0.004461018368601799,0.951597273349762
0137,92134_52f13f49_7,6.855930405436084e-05,0.9569858312606812
0138,100326_0602c712_7,6.60923687973991e-05,0.8958173990249634
0139,134630_f9e85072_0,0.005064831115305424,-0.16596269607543945
0140,108943_b07b2543_1,0.0026619425043463707,0.5610388517379761
0141,125416_ab456bc3_5,0.0059869852848351,0.49169546365737915
0142,57222_33b428d7_69,0.0004242479626554996,0.5756878852844238
0143,24650_dad8c8ee_13,0.005175112746655941,0.9083003997802734
0144,41749_14d0599c_1,0.001978836255148053,0.7056360840797424
0145,49396_98ab955d_27,0.0007766588823869824,0.4929429888725281
0146,136892_e2a0b32c_4,3.772819400182925e-05,0.029868781566619873
0147,31962_e5291336_28,0.0015894350362941623,0.9653116464614868
0148,34231_e27353cb_0,8.410966984229162e-05,0.9115663766860962
0149,112724_d334de09_0,0.035317160189151764,0.4510813355445862
0150,56486_82b3e23a_21,2.270505683554802e-05,0.7359752655029297
0151,40500_6055e3d7_17,2.071309063467197e-05,0.30319666862487793
0152,39468_15fb2e60_43,0.0011300434125587344,-0.8438994884490967
0153,141710_17531562_7,0.00247552921064198,0.9300357699394226
0154,33529_756075a0_12,0.002454721136018634,0.5191188454627991
0155,54169_3a875f10_8,0.004702871199697256,0.8759571313858032
0156,41023_5445cb61_9,6.82590834912844e-05,0.939967930316925
0157,146380_5c569eeb_2,0.002938402583822608,-0.5793122053146362
0158,24195_9791f5d3_38,2.4676972316228785e-05,0.5133816003799438
0159,26573_7f7e176d_2,0.03638429194688797,0.6772830486297607
0160,22734_f6bad9f7_25,0.013306127861142159,0.785608172416687
0161,48112_9538e204_0,0.002388395369052887,0.9525901675224304
0162,127545_6fa39158_10,0.029292697086930275,0.7722123265266418
0163,23788_5c0b60c6_0,0.0026036661583930254,-0.36715376377105713
0164,23792_5b4c1ce0_21,0.005992703139781952,0.8109060525894165
0165,146067_46e58ab3_1,0.054613880813121796,0.6535024642944336
0166,101072_dec6f415_3,0.0004201972624287009,0.8073850274085999
0167,22829_b6649a29_0,3.639974966063164e-05,0.39645254611968994
0168,55389_a736bd99_0,0.0077324919402599335,-3.1074600219726562
0169,30259_d709601c_9,0.02317889593541622,0.33968549966812134
0170,35866_d0233b36_13,0.00033661609631963074,-2.5743725299835205
0171,34563_52848c45_5,0.00021967216162011027,0.9110825061798096
0172,44519_90af0df6_7,0.007999041117727757,-1.3334171772003174
0173,114111_59282658_8,0.0011705956421792507,0.5994430184364319
0174,45922_26941172_15,0.0171950776129961,0.712158203125
0175,41303_bd1def52_3,0.00047467698459513485,0.8799765706062317
0176,22053_de30641b_1,3.194257806171663e-05,0.511025071144104
0177,22298_51433023_4,0.009190377779304981,0.7997623085975647
0178,23479_81a49137_0,0.002060652943328023,0.25141406059265137
0179,22225_a3ce4d29_37,0.00800243578851223,0.8892059922218323
0180,135669_490cd2d7_14,0.013033607974648476,0.3009188771247864
0181,32173_8b075b1a_4,0.00553073501214385,0.9104154109954834
0182,145119_24107428_5,0.0034791810903698206,0.7360929250717163
0183,41774_88a7a483_36,0.000179060545633547,0.9079723358154297
0184,133549_1b6c58d6_0,0.005864154547452927,0.8751906752586365
0185,40936_6de8f4f4_0,0.0825992077589035,0.4847298860549927
0186,23008_3d1bb7b2_0,0.019107529893517494,0.7258445024490356
0187,38360_ad61c9b2_1,0.0007776992279104888,0.49471259117126465
0188,136109_3d342d3c_2,0.0027469478081911802,0.8895658254623413
0189,135790_a27f9deb_11,7.212623313535005e-05,0.9105567932128906
0190,140249_7c1c5bba_0,0.0004416478332132101,0.4623876214027405
0191,128996_a3d026d6_0,0.0020505194552242756,0.5797954797744751
0192,23235_f9ccb8b0_0,0.0007713474333286285,0.39170509576797485
0193,93671_f7290ded_0,0.0009476080304011703,0.43847811222076416
0194,51109_97b211c3_7,0.001665482297539711,0.7964488863945007
0195,51916_fa226b15_13,0.00039032258791849017,0.15661931037902832
0196,86268_094d3fab_1,0.002646299544721842,0.9470850229263306
0197,39637_ca6a9a60_1,0.009220500476658344,-0.14030802249908447
0198,47219_93cb3619_3,0.055998656898736954,0.0136680006980896
0199,47878_0edb6829_0,0.004242988768965006,0.9245406985282898
0200,26764_ab35159a_6,0.007091245613992214,0.7169485092163086
0201,34341_d19b12fb_12,0.0002579907886683941,0.7159050703048706
0202,118342_c702e084_6,0.0029906490817666054,0.9316835999488831
0203,49886_dd68dccb_4,0.003759355517104268,0.7153576016426086
0204,23493_57512264_5,0.0007748563657514751,-1.4428248405456543
0205,31751_e37382e1_5,0.004990101791918278,0.8721805214881897
0206,24338_848cab42_6,0.011704615317285061,0.075289785861969
0207,24916_42eacca3_10,0.0009205592796206474,0.5026490688323975
0208,137485_a953e1be_2,0.0022802185267210007,0.9544069170951843
0209,23706_ef15ef9c_18,0.00929311290383339,0.3835614323616028
0210,143671_eaf4d13b_6,0.011518686078488827,0.8242547512054443
0211,53470_39f2e9dc_13,0.0014853022294119,-0.88231360912323
0212,145772_59253c6d_3,9.355315705761313e-05,0.8681747913360596
0213,51893_d531e2bd_2,0.002619297243654728,0.942969024181366
0214,39389_d641313f_8,0.011974433436989784,0.5431020259857178
0215,51595_41f3d1a3_5,0.00016496671014465392,0.8433870077133179
0216,51674_a70c1c6c_15,0.0007038969197310507,-1.6816418170928955
0217,37617_3f415463_5,0.000377155898604542,0.7139403223991394
0218,31862_a89f21f9_3,0.0020572999492287636,0.9388608932495117
0219,40519_55a097c6_11,0.014782707206904888,0.13808709383010864
0220,111306_9108c940_0,0.004278996959328651,0.18112701177597046
0221,136640_16741d62_4,0.0024083666503429413,-0.6389025449752808
0222,23155_d7305c5f_2,0.02552805468440056,0.48291343450546265
0223,43934_912ff891_41,0.0003546830266714096,-0.6907635927200317
0224,57017_6033d1e5_0,0.0024031007196754217,0.8790168762207031
0225,126913_d253adb7_1,0.0009326206636615098,0.6270310878753662
0226,130752_52d74f2f_48,0.003269917331635952,0.7795732021331787
0227,124177_71283cad_0,0.0016467742389068007,0.8730161190032959
0228,24650_dad8c8ee_18,0.0022328628692775965,0.9429230093955994
0229,55199_4d57661f_2,0.007757651153951883,0.5355770587921143
0230,115010_eb737aaf_20,0.004307659808546305,0.9175124764442444
0231,27855_19c5895a_12,0.0017510931938886642,0.08155769109725952
0232,52772_a6e6e320_0,0.0005375315668061376,0.2786363363265991
0233,90917_3d2d21a9_0,0.01715061441063881,0.6077471971511841
0234,40703_5f4e45d4_7,0.00274878041818738,0.9454702138900757
0235,132622_911efd2f_1,0.034248411655426025,0.4873538017272949
0236,43441_e1ab0873_6,0.025128833949565887,0.6033005714416504
0237,34917_61633e20_6,0.0015327755827456713,0.9667694568634033
0238,67221_275ba7e6_4,0.0037700289394706488,0.9243764877319336
0239,130719_e4764a36_10,0.00015269206778611988,0.6670372486114502
0240,136318_130d6a06_20,0.002518919762223959,0.7702454328536987
0241,99636_73c43ebd_10,0.0018512399401515722,0.950048565864563
0242,29377_3a04cb8d_6,0.001637857872992754,0.7610545754432678
0243,23018_63087a41_47,0.0016372244572266936,0.9551852345466614
0244,26165_100fec74_4,0.0023107468150556087,-6.270747661590576
0245,135934_d2f6bb2e_46,0.00010492645378690213,0.9490648508071899
0246,24039_448afafa_5,0.0019391101086512208,0.9065453410148621
0247,32775_a79b406b_14,0.014062968082726002,-0.7918720245361328
0248,23686_cba4f679_0,0.006025188602507114,0.428585410118103
0249,35147_bc9f2c5d_0,0.003910686355084181,0.3686937093734741
0250,136337_1351909b_2,0.0171725582331419,0.5921086668968201
0251,139222_2c10ca9a_1,0.00819327961653471,0.295157253742218
0252,139379_fe5c3f64_0,0.0010508291888982058,0.9612588882446289
0253,33084_344fec27_2,0.003132108598947525,0.9410424828529358
0254,24775_d5c98d77_0,1.8363150957156904e-05,0.4339258670806885
0255,56344_3a89f085_23,0.009419167414307594,0.12702882289886475
0256,135112_cf8007b8_5,0.015358670614659786,0.6218257546424866
0257,50706_20d07d57_2,0.03093048557639122,0.7036020755767822
0258,51744_cd355565_5,0.01613195799291134,0.5168173909187317
0259,51464_da501c24_0,0.0076294103637337685,-0.5037628412246704
0260,126572_a2d6f794_23,5.2742052503162995e-05,-0.8253844976425171
0261,70021_e673ae54_2,0.0005484604043886065,0.20975863933563232
0262,25144_31b089b6_5,0.0005596982664428651,0.7464841604232788
0263,24715_55aac5f2_2,3.960666072089225e-05,-2.297250509262085
0264,24532_f82f8000_2,0.002876502461731434,-1.328639030456543
0265,30664_a3084f71_1,0.002915960503742099,-0.21912741661071777
0266,81145_5c13a8e9_1,0.0008600493893027306,0.12154537439346313
0267,132037_2abb8c63_10,4.112625174457207e-05,0.8109503388404846
0268,50414_ac159b58_2,0.0010291518410667777,0.9625974893569946
0269,21601_360ce1c7_7,0.0027918629348278046,0.9492620229721069
0270,22119_27e3ecbe_9,0.0014264890924096107,0.9557653665542603
0271,145120_74f7316f_0,0.010238880291581154,0.5370851755142212
0272,74574_c302ff1f_0,0.0006835809326730669,0.10216587781906128
0273,52443_085efc00_4,0.0035139541141688824,-0.14818274974822998
0274,147546_ede0f31c_3,0.01428778376430273,0.6910305023193359
0275,22492_047b125b_21,0.012184975668787956,0.7171943187713623
0276,72313_5a86e234_0,0.033796392381191254,0.35440361499786377
0277,45589_49e3c7ea_2,0.001064090640284121,0.9679133892059326
0278,83432_a7f85698_0,0.007303399499505758,0.8359572887420654
0279,32775_a79b406b_0,0.0005216606659814715,-4.023641109466553
0280,121703_69c4a5ac_3,4.232365245115943e-05,0.8466483354568481
0281,80901_e9080573_6,0.0019748464692384005,0.9229313135147095
0282,21809_8bd6b10e_3,0.033729031682014465,0.25762343406677246
0283,49396_98ab955d_15,0.009683718904852867,0.07666528224945068
0284,33766_14917a4a_19,0.002255702158436179,0.9498110413551331
0285,26661_ab88a525_8,0.0015630454290658236,0.9561821818351746
0286,44030_17bd5ec9_0,0.002016085432842374,-1.4783873558044434
0287,53221_74fa81cd_7,0.00039242490311153233,0.6607812643051147
0288,21887_3306168f_7,0.008376632817089558,0.16535413265228271
0289,86185_85fde9e6_0,0.002383904531598091,0.6356672048568726
0290,87951_500b1dcd_2,7.627663580933586e-05,0.91834557056427
0291,22276_69c5036b_11,0.020517731085419655,0.4631797671318054
0292,41721_44151488_5,0.0036923293955624104,0.6581118106842041
0293,102293_5d04e48d_0,0.01970289833843708,0.06517815589904785
0294,77687_cbb18594_20,4.904941306449473e-05,0.931961715221405
0295,133248_1bab99ae_0,0.002489124657586217,-0.09725868701934814
0296,24051_4852a192_2,0.0024414234794676304,0.9162021279335022
0297,86806_2993395a_1,0.00047489427379332483,0.5968469381332397
0298,38558_b0d6b3f8_1,0.008852156810462475,0.8183119297027588
0299,140549_7d01813c_0,0.016586214303970337,0.4738526940345764
0300,24559_3c306e71_1,0.0017774458974599838,0.7266124486923218
0301,70350_751de4b0_13,0.009064091369509697,-2.6922082901000977
0302,39101_23fec10f_8,0.007511720061302185,0.20083701610565186
0303,24942_9d1b2ff2_8,0.00490979477763176,0.9427729845046997
0304,30850_05d88af9_3,0.014852829277515411,0.7530150413513184
0305,113358_08641c94_4,0.009871112182736397,0.6932629346847534
0306,21234_8b71bd47_27,0.001234611263498664,0.5533455610275269
0307,26245_4aac38e1_21,0.0022724056616425514,-4.2722883224487305
0308,66072_d301cc88_0,0.0024089093785732985,-0.041742682456970215
0309,21894_93f0d052_23,0.0021438265684992075,0.7882481813430786
0310,147816_7fb70c2b_2,0.002376374788582325,0.7507451772689819
0311,49120_4131d1e7_1,0.0028717773966491222,0.42505043745040894
0312,52224_ca16c854_4,0.006324120797216892,0.096915602684021
0313,105762_19e04e0b_1,0.0013347064377740026,-9.536336898803711
0314,30400_8824ce97_36,0.003596863243728876,0.4819173812866211
0315,95199_ffcff41e_0,0.00028427570941857994,0.7087377309799194
0316,50417_199cffee_3,0.00016803876496851444,0.869215726852417
0317,24544_d06c82dd_5,0.0029764268547296524,0.9507426023483276
0318,22604_565b91f5_2,0.0012976382859051228,0.945858359336853
0319,22788_b6a9e30a_4,0.0006096427678130567,0.8476541042327881
0320,45789_d5126eab_14,0.003094280371442437,0.3679181933403015
0321,37267_b2be4b50_3,3.69268273061607e-05,-2.715684175491333
0322,34330_5eff1ee1_3,0.003482518019154668,0.5935748815536499
0323,137999_d934160e_1,5.148002674104646e-05,0.6017745733261108
0324,134921_f5efde94_27,8.945180888986215e-05,0.9177577495574951
0325,53470_39f2e9dc_8,0.0006280355737544596,-6.045727729797363
0326,23497_f292546d_25,0.006487091537564993,0.730385422706604
0327,22289_4b848f64_2,0.002814020961523056,0.618881344795227
0328,31392_84b62622_2,0.0025826706551015377,0.7847575545310974
0329,51347_1fc6f329_0,0.002799423411488533,0.37112247943878174
0330,50777_2934de55_6,0.0015715823974460363,0.9439312219619751
0331,32841_954e8c1a_0,0.00016479108307976276,0.8299852609634399
0332,31530_6744ae73_3,0.003987629432231188,0.9414700865745544
0333,65827_d1469ad6_1,0.0010208344319835305,-6.639533996582031
0334,145461_30637b22_8,8.961174171417952e-05,-2.581859827041626
0335,31973_093ea963_13,0.00039559227298013866,0.8459995985031128
0336,70355_e5f58cd5_14,0.002316116588190198,0.7741210460662842
0337,77687_cbb18594_40,0.00016604905249550939,0.26637744903564453
0338,24392_fce351ea_0,0.00020547333406284451,0.8898459076881409
0339,36853_7efccb8c_3,0.004157070070505142,0.4326179623603821
0340,41644_d15f8e2b_5,0.000393248483305797,-1.026503324508667
0341,131762_9b5e5ff5_2,0.00440552132204175,0.733953595161438
0342,82193_96ef9433_2,0.003467717207968235,0.9459602236747742
0343,31347_386f6298_15,0.014421847648918629,0.6608961820602417
0344,34568_fbe47bf9_0,0.0011689350940287113,-2.3461315631866455
0345,115624_fe3eb392_3,0.002399076707661152,0.9450972080230713
0346,130446_e7b58dbe_0,0.020305095240473747,0.18077510595321655
0347,104641_2cd02839_33,4.5083012082614005e-05,0.9015092849731445
0348,31460_39fdfc6a_7,0.005057843402028084,-0.13845336437225342
0349,95541_ced8f936_0,0.002762083662673831,0.9404705762863159
0350,23126_725969ea_17,0.004092514049261808,0.5676052570343018
0351,23676_52069f98_5,7.898295007180423e-05,0.7025649547576904
0352,137637_ed9c537d_0,0.0015302611282095313,0.621620774269104
0353,22474_b10fea1a_2,0.002906430745497346,0.929600715637207
0354,143017_21d96cc2_10,0.007923351600766182,-0.14222288131713867
0355,105270_34f92afd_1,0.00010954845492960885,0.8463499546051025
0356,95622_0a0787e4_4,0.003784602740779519,0.9434741735458374
0357,55854_13f0399b_0,0.015074128285050392,0.6755581498146057
0358,22118_1e09e0eb_5,0.009055051952600479,0.6138105392456055
0359,146717_3e6a84c1_7,0.009877139702439308,0.8519473075866699
0360,63132_330141d7_3,0.0011713134590536356,0.7624512314796448
0361,115633_fd3c9b97_46,0.00023949844762682915,0.5066933035850525
0362,21644_aa203dc5_29,0.003996369428932667,0.01907479763031006
0363,79791_00f639ca_15,0.002776539884507656,0.9532544612884521
0364,60711_42b5a13e_1,0.002376462798565626,0.736823320388794
0365,137483_cdb8989d_0,0.0011821279767900705,0.9753186106681824
0366,21644_aa203dc5_26,0.004727955907583237,0.18399935960769653
0367,131876_b2384623_0,0.0008246356155723333,0.46756047010421753
0368,23706_ef15ef9c_10,0.008038529194891453,-0.22976338863372803
0369,68948_0d2a01cd_9,0.02106027491390705,0.4093242287635803
0370,145137_4e9eef42_1,0.00152199633885175,0.6938894391059875
0371,30426_2cde26de_20,0.0467819981276989,0.4676615595817566
0372,31378_34c52a73_0,0.005259724333882332,-0.46018826961517334
0373,92134_52f13f49_4,0.00010492306319065392,0.9291881918907166
0374,119634_fc722479_1,0.003844902152195573,0.9471001029014587
0375,24032_d6172503_24,0.004257790744304657,-0.7826615571975708
0376,136401_69f29349_4,0.000166968340636231,-1.5906832218170166
0377,41871_f9a1ad02_26,0.0048057641834020615,0.6350933313369751
0378,48220_87941c4e_116,0.0028935421723872423,0.5718064904212952
0379,115012_9ed88535_2,0.001291292835958302,0.48424386978149414
0380,69488_025cf0a2_1,0.03141670674085617,0.7870280742645264
0381,147427_69f68da4_3,0.000408099964261055,-0.13110196590423584
0382,33766_14917a4a_32,0.003222729079425335,0.884071409702301
0383,51747_3d58eae0_0,0.0057991924695670605,0.22132635116577148
0384,33785_a4c23f61_0,0.08134208619594574,0.6931305527687073
0385,114935_797875fe_2,0.00645848736166954,0.7650384902954102
0386,51775_49ef614a_26,0.0004984690458513796,0.11373025178909302
0387,38196_ea48fa42_3,0.0001769477967172861,-1.0699870586395264
0388,140413_44177109_21,2.030496580118779e-05,0.6284013986587524
0389,27676_79237cc5_1,0.0022964035160839558,0.24873894453048706
0390,52883_e518d3f4_33,0.002580702770501375,0.9491625428199768
0391,34347_841c5375_2,0.0005572900990955532,-10.330936431884766
0392,55289_292737cb_0,0.002642642939463258,0.9492658972740173
0393,50606_82cb18e2_0,0.0011584705207496881,0.9544700980186462
0394,30407_efa567f2_4,0.003469249466434121,0.9163483381271362
0395,31647_ab9ad9dc_13,0.0023069872986525297,0.7765024900436401
0396,24896_58b4730f_17,0.007170639932155609,-0.3374330997467041
0397,23602_5daaccf5_4,0.00606547761708498,0.5763529539108276
0398,27725_5cceaeb7_10,0.002046062843874097,-3.2507400512695312
0399,127734_395dcf7d_5,0.009147143922746181,-0.4873882532119751
0400,31957_d864f861_3,0.007171727251261473,-0.4614807367324829
0401,49415_1671b60c_4,0.003169420873746276,-1.963517665863037
0402,45110_fae73324_4,0.0025269382167607546,0.8651477694511414
0403,22343_34184fd5_18,0.0014630757505074143,-4.570011615753174
0404,22848_cc91b848_38,2.173624307033606e-05,-24.056026458740234
0405,73652_23b21ef2_1,0.024725954979658127,0.5027958154678345
0406,65569_bd890a32_1,0.0008730985573492944,-7.374610900878906
0407,48220_87941c4e_111,0.004910490941256285,0.13999110460281372
0408,30394_e30f932c_0,0.007458401843905449,0.5732492208480835
0409,21941_1a683ec2_26,0.004156564362347126,0.8264291882514954
0410,25564_e646fcb3_1,0.00015578954480588436,0.4738786816596985
0411,134053_87a32e31_3,0.00025269651087000966,0.3104793429374695
0412,87950_af56e26e_2,0.007857498712837696,0.42490696907043457
0413,51458_54240b70_17,0.00040870599332265556,0.5485657453536987
0414,40688_effe215a_1,0.003821275196969509,0.9053730964660645
0415,131494_c8a441d0_0,0.0011443543480709195,0.7771600484848022
0416,26768_c4df841f_21,0.0004814336134586483,0.4360554814338684
0417,136892_2d5f55a9_0,0.001410105498507619,0.6907800436019897
0418,54652_d60ac3e0_10,0.009918232448399067,0.4619046449661255
0419,51747_3d58eae0_1,0.001297114184126258,0.46974503993988037
0420,54650_df3655c1_0,4.2835392378037795e-05,0.5308424234390259
0421,41125_711db4bf_58,0.007925364188849926,0.11843842267990112
0422,45418_f603706b_2,0.004158142488449812,-0.05172991752624512
0423,21852_6cf9a734_18,0.0698472186923027,0.4030105471611023
0424,122515_758d8b70_6,2.476482950442005e-05,-19.450471878051758
0425,104081_05ba54fa_2,0.0015966459177434444,0.32943958044052124
0426,41672_cf87e0b6_0,0.0035687184426933527,0.4492092728614807
0427,22638_37f9fe91_1,4.734710091724992e-05,0.8601213693618774
0428,24559_3c306e71_3,0.0049665216356515884,0.09791314601898193
0429,31589_ac31215d_8,0.0009791884804144502,0.48184317350387573
0430,49603_143b8bd2_35,0.009559005498886108,0.2434459924697876
0431,127965_c64a91da_0,0.001947522396221757,0.4959697127342224
0432,36062_f2fb6808_1,0.0005564304883591831,-4.142531871795654
0433,139280_8874b1ab_18,0.00012053007230861112,0.8841809034347534
0434,30997_24dea167_4,0.0034379754215478897,0.6898932456970215
0435,143471_eb185912_5,5.222498293733224e-05,0.4652678966522217
0436,23176_1bf2a2d5_10,0.002367547480389476,0.9021168351173401
0437,98299_b8146029_5,0.0015826658345758915,0.8629355430603027
0438,23466_1cf60d09_4,0.0040635960176587105,0.8863736987113953
0439,41591_2d0bd0d5_3,0.0029597049579024315,0.8959565162658691
0440,134929_9049dcec_1,0.00020580236741807312,0.8896445631980896
0441,41785_e8bf0528_0,0.002069619717076421,0.9098167419433594
0442,31460_39fdfc6a_6,0.0015580360777676105,0.9666340351104736
0443,133710_00be7f31_1,0.006323690060526133,0.2743990421295166
0444,24532_f82f8000_0,0.006219395436346531,-0.368030309677124
0445,21234_8b71bd47_3,6.591614510398358e-05,0.90021812915802
0446,35175_6edc4126_5,0.009147911332547665,0.7349181175231934
0447,20495_e8e7e80c_1,7.570195884909481e-05,0.9117311835289001
0448,76546_c17e95aa_2,0.0002175681438529864,-0.2797743082046509
0449,41654_e75f89df_0,0.005120113026350737,0.7221008539199829
0450,109772_f1a0845e_6,0.0019243558635935187,-0.11192834377288818
0451,34913_d23e2a24_0,0.0013757221167907119,0.9235671162605286
0452,25203_1cc0cb3c_12,0.0035730525851249695,0.9403689503669739
0453,37160_2a95674a_4,0.0019203278934583068,0.8746439218521118
0454,69240_dc199112_4,0.005445722956210375,-0.03439939022064209
0455,25176_d9130589_0,0.001829915912821889,0.7595029473304749
0456,69235_fe79a369_0,0.0004287458723410964,0.037102460861206055
0457,39468_15fb2e60_9,0.004842398222535849,0.297491192817688
0458,103284_e25015aa_6,4.959731813869439e-05,0.6047160625457764
0459,30377_e18ea3de_0,0.00225617247633636,-0.8277881145477295
0460,66080_f578d52b_4,0.000806039955932647,-3.1428213119506836
0461,37444_52b27e94_14,0.004200643859803677,0.36026281118392944
0462,38675_6e07d74b_31,0.003066805424168706,0.9029598832130432
0463,21680_360ba5c7_28,0.007912885397672653,0.4234757423400879
0464,142032_5c32b7db_2,0.004522721283137798,0.9167180061340332
0465,44210_a155c2d1_0,0.02431829646229744,0.4586644172668457
0466,38287_88ec74de_92,0.008419081568717957,-0.24290108680725098
0467,29572_2f9283f2_4,0.0013699629344046116,0.8979511260986328
0468,28300_b3a6ab79_10,0.005489408504217863,0.810187578201294
0469,136129_e6a20c7d_5,0.00016218233213294297,0.7511593699455261
0470,119381_e4d13609_0,0.0026642433367669582,0.8991994857788086
0471,30729_b4d83b07_4,2.0635794498957694e-05,0.5762476921081543
0472,140413_44177109_11,0.0026368917897343636,0.8759819865226746
0473,26384_83eddf22_0,0.0038016659673303366,0.709744930267334
0474,82285_e7a738e7_2,0.014406537637114525,-0.19997715950012207
0475,108599_347602af_0,0.011837120167911053,0.6318992376327515
0476,119889_41a6f268_1,0.00033219458418898284,0.5097596049308777
0477,55006_94230c00_1,0.0018074362305924296,0.9434929490089417
0478,21517_bfe35b4c_10,0.00028405358898453414,0.8694683313369751
0479,20818_098cad7c_6,8.389371214434505e-05,0.9101592898368835
0480,41855_b82e6ae8_6,0.008299698121845722,0.04057520627975464
0481,137166_90691294_8,0.0005135854007676244,0.6589329242706299
0482,69561_f274e705_26,0.0006460410659201443,0.9688534736633301
0483,51579_d0c3e154_0,0.006605252623558044,0.7204983830451965
0484,23676_52069f98_4,0.004415467381477356,0.8609657287597656
0485,31962_e5291336_1,0.00638175243511796,0.8111843466758728
0486,57222_33b428d7_1,0.0009142745402641594,0.3212466239929199
0487,51586_2ad96f8c_17,2.2430787794291973e-05,0.7301993370056152
0488,41473_c2137170_32,0.00320700672455132,0.5001758933067322
0489,31123_9a1bfc50_2,0.002382814884185791,0.8200585842132568
0490,23211_3aac9c7e_0,0.001931621110998094,0.6380762457847595
0491,45798_b573e9da_5,0.011150261387228966,0.4252206087112427
0492,27847_d2436f7c_37,7.248709152918309e-05,0.9162187576293945
0493,54736_6ee1b513_1,0.0040410528890788555,-2.4912819862365723
0494,132901_7d205bb4_9,0.0002492218918632716,-0.6523863077163696
0495,73762_8c704690_0,0.0018517844146117568,0.7502867579460144
0496,23209_1592b0a4_1,0.0023019087966531515,0.8403622508049011
0497,49024_b7f02205_2,0.00013328813656698912,0.6620714664459229
0498,147630_7f858240_15,0.0039161741733551025,0.31005579233169556
0499,69337_2c778611_11,9.257801139028743e-05,0.9455060362815857
0500,82498_92a00cd6_1,0.002330997958779335,0.27775973081588745
0501,78775_e2d8b091_1,0.009228828363120556,-0.2517482042312622
0502,40067_95ae6c76_9,0.008109350688755512,0.13125818967819214
0503,80756_6f2e842f_0,0.0014781781937927008,0.699237585067749
0504,25284_1da7aa8a_0,0.005390357691794634,-0.06664788722991943
0505,55605_2f8bc12e_62,0.001965205417945981,0.9327894449234009
0506,39792_60786b6c_15,0.007306570652872324,0.8533180356025696
0507,34063_0ca1585e_2,0.0012246939586475492,0.20616698265075684
0508,31664_1e85c690_13,0.0026624707970768213,0.9238719344139099
0509,131193_98f3ac52_1,0.005619630217552185,-1.5134780406951904
0510,120221_e2eaa34b_2,0.0013325598556548357,0.5427472591400146
0511,130286_1f71bfed_3,0.0014779381453990936,0.5597070455551147
0512,118342_e8142153_21,0.00030596699798479676,0.8869290947914124
0513,128043_9f8cd69e_1,9.186275565298274e-05,0.8734443783760071
0514,41504_85e300ee_1,3.8093203329481184e-05,0.8359717130661011
0515,78863_d59be42e_0,0.006412026006728411,0.22918134927749634
0516,31733_5118b376_3,0.03244885057210922,0.7684415578842163
0517,22208_e177deb7_5,0.0021505439653992653,0.48623722791671753
0518,24026_1dd4094b_43,0.0014035424683243036,-0.2274991273880005
0519,73388_10a40b49_1,0.004870614968240261,0.7132756114006042
0520,138219_cdff4f61_0,0.003940910566598177,-1.600843906402588
0521,49399_dc56d180_1,0.003202910767868161,0.9400979280471802
0522,41306_8f26e703_3,0.0002500890986993909,0.9138034582138062
0523,51590_034b8b08_14,0.04137584939599037,0.3002818822860718
0524,48402_8c965495_4,0.0002419356460450217,0.6519771814346313
0525,26388_a3367cba_0,0.005273299291729927,0.3426874279975891
0526,28300_b3a6ab79_6,0.0027211501728743315,0.9089598655700684
0527,43938_418421a7_0,0.0018223697552457452,0.1739192008972168
0528,41520_60018d18_0,5.041160693508573e-05,0.6370313763618469
0529,137869_344b239b_0,0.00011582073784666136,0.7275578379631042
0530,41648_577daf16_0,0.006443714257329702,0.7241714596748352
0531,31347_386f6298_10,0.0031755222007632256,0.9399044513702393
0532,82190_24b1b0fe_12,0.0028567633125931025,0.49969691038131714
0533,33741_4a973932_1,0.003567091189324856,0.40860891342163086
0534,42005_3da46d94_0,0.000831760058645159,-17.624576568603516
0535,132982_ee1eed2f_0,0.0015589167596772313,0.933430016040802
0536,23898_6e740393_29,0.0018494537798687816,-2.644252300262451
0537,105831_88a0fb85_6,0.006530207581818104,0.8575782775878906
0538,31278_749a6317_0,0.0005076071829535067,0.6950939893722534
0539,51586_2ad96f8c_4,0.0026648291386663914,-0.2166506052017212
0540,57000_cd1ddece_14,0.0034843178000301123,-0.42021608352661133
0541,50692_e7ff2668_8,0.0068160174414515495,0.7575764656066895
0542,65346_e89312e5_0,0.0006869030185043812,-0.03809046745300293
0543,38840_0e449caf_4,0.003188078524544835,0.17665338516235352
0544,29573_ca59fbbf_5,0.006716011092066765,0.932293176651001
0545,30164_c5680724_12,0.01875133439898491,0.01044321060180664
0546,138620_e21e10ee_0,0.00039450739859603345,0.6637918949127197
0547,50305_caf9cef2_34,0.0024621644988656044,-3.2603211402893066
0548,83396_fdb2987a_0,0.008216280490159988,0.7037894129753113
0549,28379_7e292343_4,0.006713268347084522,0.852083683013916
0550,33529_756075a0_32,0.0019077801844105124,0.8582369089126587
0551,109857_1d24326e_42,1.8541886674938723e-05,0.07599210739135742
0552,22772_2b5f6629_6,0.002989746630191803,0.9509360790252686
0553,34600_e2685d46_2,0.005023553501814604,0.8164297938346863
0554,122344_ab1b06aa_2,0.010445144027471542,0.8111720085144043
0555,123573_5f5c9584_1,0.000656042480841279,0.47070980072021484
0556,35166_562b126c_20,0.0007365763885900378,0.971488893032074
0557,51350_138f893a_1,5.163509922567755e-05,0.5047423839569092
0558,137785_67c3085b_16,0.0026399570051580667,0.9350345730781555
0559,50417_199cffee_12,0.0115268025547266,0.44313710927963257
0560,22194_a5c323b9_3,0.006443401798605919,-0.051224350929260254
0561,42329_df7f540f_18,0.008195769973099232,0.1451627016067505
0562,41779_25e4203d_6,0.0010501170763745904,-0.5998704433441162
0563,51094_40aa8332_20,0.005593795329332352,0.7900570034980774
0564,109762_cb162371_38,0.011596547439694405,0.38953667879104614
0565,45922_26941172_9,0.005825277883559465,-0.002917766571044922
0566,34587_ed155e93_0,0.0013294002274051309,0.9618047475814819
0567,69589_a468c1b4_0,0.015447393991053104,0.6738388538360596
0568,44921_00dfb467_0,0.00012634923041332513,0.969180703163147
0569,82672_4705a693_0,0.0014338946202769876,0.36118602752685547
0570,26778_a71e88a6_0,0.00015258145867846906,0.5887081623077393
0571,69488_7bfb2b67_0,0.001336511573754251,0.962861955165863
0572,22686_afe3a61e_0,0.0001861234923126176,-0.14991319179534912
0573,109772_5faa88e8_5,0.0024436144158244133,-0.671518087387085
0574,43938_418421a7_147,0.002162007847800851,0.7029885053634644
0575,141694_b5ac3112_3,0.0032956660725176334,-0.27024269104003906
0576,31973_093ea963_16,0.0005288537358865142,0.6679588556289673
0577,26858_e90dc419_25,4.972876558895223e-05,0.7122231721878052
0578,131350_bbdad30d_0,0.0005548744229599833,0.6836295127868652
0579,35741_c43475b8_1,0.0017612164374440908,0.38621997833251953
0580,30690_3df2c9e2_1,0.0038833841681480408,0.6689044237136841
0581,122758_5f4efbf0_2,0.0010438525350764394,0.9313193559646606
0582,37822_3be11c62_0,0.00021397949603851885,0.9090182185173035
0583,91174_ee6ee92b_1,0.0009531863615848124,0.7766790986061096
0584,23676_52069f98_31,0.027279572561383247,0.7252064943313599
0585,27958_fee329eb_1,0.004777020774781704,-0.2958109378814697
0586,144534_3b4fdb09_18,0.004230072256177664,-0.18198168277740479
0587,30292_0b5e0265_1,0.014892351813614368,0.7972700595855713
0588,111062_e59e2d31_0,0.04196236655116081,0.5231223106384277
0589,135790_a27f9deb_77,0.0014146895846351981,0.7244541049003601
0590,65842_de75838b_10,0.0022529326379299164,0.5286981463432312
0591,22475_9d9601a8_3,0.00026655590045265853,-0.48603224754333496
0592,119884_192e3265_0,0.006356212310492992,0.0513421893119812
0593,51463_3330e3aa_2,0.010507674887776375,-0.09036600589752197
0594,23231_efe613bb_4,0.004441908560693264,0.7724940776824951
0595,22895_4533b542_2,0.0018616904271766543,0.7140489220619202
0596,146219_5661130f_4,0.004866915754973888,0.8943796753883362
0597,38953_19054857_19,0.0010600937530398369,0.057910263538360596
0598,21847_b2de7eb8_24,0.002453052205964923,0.8337608575820923
0599,51603_034939eb_12,0.0011168265482410789,0.3115946054458618
0600,24843_5231632c_4,8.861129026627168e-05,0.9448713064193726
0601,41982_f75ceb8f_4,0.000221137423068285,-0.682227611541748
0602,42937_c573c439_2,0.000613357697147876,-1.5782630443572998
0603,61288_2d594195_0,0.00629159901291132,-9.342799186706543
0604,55006_94230c00_0,0.0016578062204644084,-0.6509413719177246
0605,49898_f42a885e_5,0.004718392621725798,0.8971593379974365
0606,55709_af3825c8_4,0.004085260909050703,0.8670348525047302
0607,144117_83c980ca_2,7.354848639806733e-05,0.7439702749252319
0608,40417_b8d98f73_7,0.00034402895835228264,0.7710727453231812
0609,53200_d1e30b87_11,0.0037793037481606007,-3.1439619064331055
0610,147009_977ee378_4,2.9046581403235905e-05,0.7434875965118408
0611,63056_a5dfd66b_4,0.0002750454586930573,0.5030433535575867
0612,22205_f48b96b3_10,0.00533864414319396,-0.21575331687927246
0613,51585_b695905b_4,0.003155738115310669,0.9301254749298096
0614,24084_71f37c00_1,0.002415384165942669,0.5152488350868225
0615,25815_0e853ad9_10,0.0019266443559899926,0.8795222043991089
0616,55030_11a6e3e8_3,0.0333273708820343,0.6988476514816284
0617,23042_1184de03_5,0.0022749961353838444,0.9337987899780273
0618,39719_e9629dbd_4,0.00015929680375847965,-0.7521487474441528
0619,51256_ed221095_2,0.0003679781802929938,0.5889267921447754
0620,25810_93c8a71a_3,0.002031386597082019,0.9223349690437317
0621,22208_e177deb7_1,0.0050450824201107025,0.6469807624816895
0622,115624_d0acb46b_22,0.003639678470790386,0.9427128434181213
0623,30708_4282508b_0,5.078591493656859e-05,0.21393918991088867
0624,31117_cd5cdbdb_12,0.00011251553951296955,0.9514243602752686
0625,41733_1ec9b00c_32,4.045605965075083e-05,0.8805717825889587
0626,111387_c4243097_2,0.0003775735094677657,0.48718011379241943
0627,119869_e8f0dd81_19,0.0003232950111851096,0.7566954493522644
0628,34569_590239d6_0,0.0034185019321739674,0.8430818915367126
0629,136318_130d6a06_23,0.00014201585145201534,0.8232197761535645
0630,145132_7aea3b66_4,0.011092753149569035,0.854811429977417
0631,41878_3aeaed3d_0,0.0063758790493011475,-0.03682816028594971
0632,34583_a1cf326b_0,0.003520064754411578,0.9355766177177429
0633,116581_d405b783_0,0.003257988253608346,0.9557347893714905
0634,24044_9bbe7992_3,9.632264846004546e-05,0.8797785043716431
0635,22194_a5c323b9_2,0.006575400475412607,0.40740543603897095
0636,142076_08d80e12_21,6.328332528937608e-05,0.7200121879577637
0637,55817_6ac2912d_7,0.00010779609146993607,-0.16243493556976318
0638,21165_5cb2d287_2,0.00017044674314092845,0.6408431529998779
0639,39796_45dcdc7d_0,0.03722004592418671,0.5172903537750244
0640,33044_7fdd9213_1,0.016848817467689514,0.5535132884979248
0641,23731_3fe5b501_6,7.161279063438997e-05,0.889919102191925
0642,32743_f4c47bbc_31,0.006826032418757677,0.3654797673225403
0643,108775_4908fba2_21,0.001012973370961845,0.9099794626235962
0644,21941_1a683ec2_19,0.0030356706120073795,0.7759506702423096
0645,27682_04277f62_18,0.0039517744444310665,0.818519115447998
0646,25815_0e853ad9_4,0.002449048450216651,0.8419628143310547
0647,30261_723e95cf_2,0.0019004113273695111,0.9199011325836182
0648,21385_601444ba_102,0.00306802149862051,0.8556854128837585
0649,30368_d7fd30ce_7,0.0007767764036543667,0.7070564031600952
0650,55605_2f8bc12e_3,0.006125234067440033,9.66787338256836e-05
0651,24650_dad8c8ee_15,2.159402720280923e-05,0.326277494430542
0652,34227_48203345_7,0.006744704209268093,0.8119627833366394
0653,113348_ac85cba3_1,0.005187550559639931,0.4429071545600891
0654,26552_25c5924a_1,0.0009449940407648683,0.6381368637084961
0655,55381_cbaffe9b_0,0.0014223038451746106,0.6062678098678589
0656,55817_6ac2912d_25,0.01438786368817091,0.6176294088363647
0657,138947_0778db40_4,0.00021444642334245145,0.9161379933357239
0658,52788_07f7da63_0,0.001898004673421383,0.528846025466919
0659,70355_e5f58cd5_6,8.376972982659936e-05,0.8589292168617249
0660,51744_cd355565_8,0.006980158854275942,-0.43107354640960693
0661,41227_90e1c07c_16,0.008557213470339775,0.7845062613487244
0662,45359_1768ab3f_42,0.005217832047492266,0.4493255019187927
0663,41783_d1c10326_3,0.0003157528699375689,-0.015770673751831055
0664,32960_0eaa1de8_13,4.8168170906137675e-05,-2.477360248565674
0665,34674_32ee1595_3,0.006330171134322882,0.7852967977523804
0666,136885_23632908_1,0.003054562956094742,-0.09008026123046875
0667,136808_00592735_3,0.0011502564884722233,0.7497578263282776
0668,45589_49e3c7ea_5,0.0029726591892540455,0.9388030767440796
0669,141665_0564e852_3,0.002241307869553566,0.46478861570358276
0670,50897_3be92e2f_18,0.0021843062713742256,0.9489910006523132
0671,84256_4164b724_3,9.087491343962029e-05,0.9128073453903198
0672,22994_e6ad8f2b_10,0.00382096110843122,0.8581903576850891
0673,28295_0dc908b9_8,0.0026189335621893406,0.17965620756149292
0674,23329_6939d5d9_5,0.0004617203667294234,0.48780298233032227
0675,123665_0a0da5c7_3,3.271668538218364e-05,0.7446041107177734
0676,121172_0ac63503_7,0.002262434223666787,0.5715676546096802
0677,50941_2a8a8c76_0,0.003053564578294754,0.9394447803497314
0678,37846_cde34fcd_66,0.007914804853498936,-0.3283747434616089
0679,56040_9b1307eb_21,0.004289301112294197,0.33191806077957153
0680,146535_229c95bc_1,0.00018892779189627618,0.13436156511306763
0681,50947_49287c16_2,0.004437197465449572,0.9274731874465942
0682,95622_0a0787e4_5,0.00019628799054771662,0.8937704563140869
0683,25432_f13e5110_0,0.004525993950664997,0.8574720621109009
0684,32454_e959e3cf_0,0.002671830588951707,0.9248071312904358
0685,65858_61e9b51a_18,0.003081411588937044,0.2970409393310547
0686,70350_751de4b0_3,0.011671802029013634,-0.6135735511779785
0687,129239_0d49310c_15,0.0008568119956180453,0.6734349727630615
0688,31008_8fa25b35_8,0.0037823929451406,0.2013186812400818
0689,55306_795d845b_2,6.679415673715994e-05,0.575478732585907
0690,29729_e8bb36f1_2,0.0011084500001743436,-0.30620718002319336
0691,67283_4097cbd6_5,0.0004002692294307053,-2.4033071994781494
0692,23904_811e466f_4,0.0004142895631957799,0.6524261236190796
0693,116076_12d31fb7_1,0.0015491109807044268,0.7668875455856323
0694,45302_02d7e3bc_0,0.002483302727341652,0.3754003047943115
0695,60977_4bb093ec_1,0.0017691811081022024,0.9211651682853699
0696,49017_76979790_8,0.003795988392084837,0.28051090240478516
0697,146321_0dbae658_10,1.6993417375488207e-05,-0.7124521732330322
0698,102194_150e3faf_3,0.0010229911422356963,0.9686681032180786
0699,34769_44655d03_5,0.0005529356421902776,0.3817219138145447
0700,38953_19054857_6,0.0011425820412114263,0.06210601329803467
0701,55397_ad24603f_1,0.00027763188700191677,0.7118217945098877
0702,21908_385686ec_15,0.0018022848526015878,0.9130046367645264
0703,60721_57103153_4,0.0004953582538291812,0.20692384243011475
0704,98701_7cd4ec8d_0,0.01034501288086176,0.8120937943458557
0705,91703_642cdf1a_1,0.004901893436908722,0.9077950716018677
0706,26661_ab88a525_5,0.000867777387611568,0.7811015844345093
0707,51940_67bb0219_21,0.00033664610236883163,0.2825878858566284
0708,22543_684108ff_22,0.0003423873567953706,0.6597683429718018
0709,145250_cde4d039_8,0.0011056222720071673,-0.24472379684448242
0710,20232_e5b060d9_6,0.000496693595778197,0.09834796190261841
0711,128043_d4650350_0,0.02717430144548416,0.6351001858711243
0712,140530_30edf2c4_0,0.0012972154654562473,-0.09476959705352783
0713,131814_9af6d05a_0,0.002615053206682205,0.6067776679992676
0714,26245_4aac38e1_9,0.0003688748402055353,0.8459078073501587
0715,30282_88c6933c_14,0.00688564870506525,0.7358145713806152
0716,32322_71d0035e_1,0.0014745471999049187,0.9243432283401489
0717,131762_d10609a4_1,0.003421593690291047,0.8454461097717285
0718,54812_5f7b7aba_2,0.00025034125428646803,0.890097975730896
0719,135830_8fb36dac_4,0.008522781543433666,0.6226209402084351
0720,139280_8874b1ab_4,0.00020872980530839413,0.551649272441864
0721,49904_639055dd_1,0.0018554565031081438,0.7873326539993286
0722,53601_59d3ecd2_0,0.0157195832580328,0.355543315410614
0723,50047_54241fe3_12,0.002716360380873084,0.7897407412528992
0724,136925_70fb0381_3,0.00440942170098424,0.7301651239395142
0725,87488_95f678ce_0,0.022724801674485207,0.49830162525177
0726,137166_90691294_2,0.0005901051335968077,0.6076043844223022
0727,44030_17bd5ec9_11,0.000505652918945998,0.19875377416610718
0728,137396_b5f6bec4_5,0.003402749542146921,0.8977988958358765
0729,21900_760d2078_10,0.008584034629166126,0.8756550550460815
0730,21185_ac5324ba_5,0.012451792135834694,0.6116562485694885
0731,31132_2320d049_4,0.002918377984315157,0.9469157457351685
0732,82281_80cdf67c_4,5.5757762311259285e-05,0.8593378067016602
0733,38287_88ec74de_15,0.003573456546291709,0.9307964444160461
0734,136128_831e37a6_0,0.003479985985904932,0.6128596067428589
0735,21330_f0cee934_18,0.0002828061697073281,0.8143737316131592
0736,34109_5a868eae_10,0.002338727470487356,0.7763986587524414
0737,21174_861bd902_2,0.0043088956736028194,0.6244513988494873
0738,49783_365bec9e_6,0.003673234023153782,0.8898074626922607
0739,24429_ace910b3_8,2.160619078495074e-05,-0.2644771337509155
0740,22772_2b5f6629_4,0.003930703271180391,-0.0049932003021240234
0741,53927_ef5208b9_14,0.012590638361871243,0.47545671463012695
0742,56250_3b6024e3_54,0.0019212160259485245,0.9580149054527283
0743,23522_5c2ec58e_8,0.00820088479667902,0.7415890693664551
0744,121177_93fb3127_10,0.0004969784640707076,0.09813159704208374
0745,138840_b7f948ea_2,0.002213913481682539,0.7746663093566895
0746,41125_711db4bf_6,0.011247497983276844,0.7339728474617004
0747,102606_28922dfc_0,0.002120525110512972,-21.29622459411621
0748,31530_6744ae73_50,0.026122817769646645,0.5339460372924805
0749,50598_eae0df5a_1,5.384350515669212e-05,0.9015462398529053
0750,145726_19ccdbda_12,0.0007238965481519699,0.767861008644104
0751,41469_b94cf3e4_0,0.003364341100677848,0.3104092478752136
0752,147009_977ee378_1,0.00578639330342412,0.44381439685821533
0753,24267_8a216138_10,0.00988720078021288,0.19730150699615479
0754,63071_3d434a33_16,0.006826819386333227,0.6357623338699341
0755,34436_ffc43a58_4,0.00014140954590402544,0.8780121803283691
0756,50692_e7ff2668_4,0.00156085891649127,0.37457746267318726
0757,146642_883a71d2_9,0.02934252843260765,0.5366145968437195
0758,109772_f1a0845e_7,0.0026144639123231173,0.9389904737472534
0759,136640_16741d62_1,0.0034769533667713404,0.11721432209014893
0760,21680_360ba5c7_11,0.0016113288002088666,0.3453407883644104
0761,27729_09d75da1_2,0.0034740350674837828,0.9010431170463562
0762,82148_5df06ed9_19,0.022112475708127022,-0.5360260009765625
0763,55287_8a57a3db_1,0.012259848415851593,0.24578773975372314
0764,53221_74fa81cd_5,0.0008992317016236484,0.5687525868415833
0765,30417_0010bc7c_39,0.003369975835084915,0.736943781375885
0766,23706_ef15ef9c_40,0.0005207418580539525,0.9256753921508789
0767,140763_e14274f8_3,5.776603575213812e-05,0.9562692046165466
0768,23602_5daaccf5_3,0.0021597123704850674,0.6498916149139404
0769,30282_88c6933c_9,0.0031324902083724737,0.8029482960700989
0770,56824_0fc773f6_0,0.012757864780724049,0.27269989252090454
0771,42410_d3b5588e_1,0.0035745964851230383,0.4568890333175659
0772,55055_dd27a8a4_0,0.003513309871777892,0.9356980323791504
0773,115633_a2c63339_6,0.0004177647642791271,0.5375110507011414
0774,73651_a41647f8_5,0.0001229000772582367,0.5235847234725952
0775,33413_060ce192_32,0.0035453811287879944,0.7276431918144226
0776,97331_a482fa9b_0,0.0026662813033908606,0.4365605115890503
0777,23476_705b76d1_0,0.0007322747260332108,0.9713578224182129
0778,32566_7bfc936b_6,0.019942738115787506,0.8115183115005493
0779,41717_eb1c1e6b_0,0.0052382550202310085,0.5802267789840698
0780,60720_ef9a0a95_8,0.0007178304949775338,-0.5342379808425903
0781,138700_ab763a46_202,1.638382309465669e-05,-8.04155158996582
0782,38287_88ec74de_17,0.012454474344849586,-1.0482609272003174
0783,135535_0bd0048d_0,0.014983451925218105,0.7743310332298279
0784,21797_69df08d5_7,0.06390618532896042,0.49119848012924194
0785,65350_b3fa8f4f_47,0.01091914251446724,0.9497445821762085
0786,41714_1d49f4d1_3,0.0016856713918969035,0.8116432428359985
0787,66012_a13e1644_1,0.0025523758959025145,-0.08238422870635986
0788,22652_564979ff_11,0.0007107679266482592,0.47165292501449585
0789,25127_ecba81df_23,0.0024434071965515614,-0.5946004390716553
0790,47548_db93c988_4,0.001410007826052606,-2.449368476867676
0791,55927_f8b31711_5,0.010891987010836601,0.41744858026504517
0792,31647_ab9ad9dc_2,0.0020555632654577494,0.7221521139144897
0793,41128_ee74f244_8,0.0023817887995392084,0.3481367826461792
0794,20959_d4905d19_4,0.001134688500314951,0.7216155529022217
0795,52009_a2b75078_3,0.047476403415203094,0.5218476057052612
0796,22201_473a3a65_16,0.0020233073737472296,0.7259019017219543
0797,29442_365e23df_30,0.010332467034459114,0.7077584266662598
0798,51859_6b2fd0f1_8,0.0029049392323940992,0.9007949233055115
0799,140413_44177109_15,0.0003659107314888388,0.6754393577575684
0800,21822_7d3db422_11,0.007112682797014713,0.8023562431335449
0801,24168_a0ede173_100,0.00012182667705928907,0.9120785593986511
0802,145532_c2304f89_1,0.0023181044962257147,0.6753898859024048
0803,104641_2cd02839_13,5.188790601096116e-05,0.7988860607147217
0804,23679_81ef9e37_2,0.004066837020218372,0.031012356281280518
0805,95271_de3df8d5_2,6.583831418538466e-05,0.6829923391342163
0806,41401_e4117da2_0,2.7967364076175727e-05,0.39060449600219727
0807,48006_babdf4af_9,0.005784517154097557,0.9330136179924011
0808,142246_0851be5e_32,0.02170790173113346,0.6397677659988403
0809,33615_7bab1106_4,0.009131530299782753,0.39576756954193115
0810,31117_cd5cdbdb_18,0.004589847754687071,0.9305251836776733
0811,34914_8911676d_0,0.0032071515452116728,0.7356022596359253
0812,55501_a09e4ced_2,3.781807026825845e-05,-0.42056822776794434
0813,41128_ee74f244_9,0.0019202512921765447,0.36434757709503174
0814,142246_0851be5e_22,0.004980860743671656,0.09662961959838867
0815,22413_901f5867_0,0.0003566629602573812,-0.07944583892822266
0816,56490_0a0fba77_0,0.003438863204792142,0.024606168270111084
0817,93676_4f934980_1,0.0004992583417333663,-0.10679972171783447
0818,146642_883a71d2_96,0.0027070429641753435,0.7045301795005798
0819,24032_d6172503_3,0.0025752249639481306,0.5634332299232483
0820,44221_25c62f03_1,0.00333404541015625,0.9382481575012207
0821,50315_0f1419bf_33,0.006290590390563011,0.38943618535995483
0822,133389_0938a905_2,0.005504836328327656,-0.3970893621444702
0823,24824_cf51e5b6_4,0.0027598238084465265,0.4822744131088257
0824,33970_32f36442_3,0.0055412170477211475,0.8272010087966919
0825,29359_bbfab271_2,0.003671236103400588,0.353704571723938
0826,23172_4ab01e83_0,0.0026628277264535427,0.9352850317955017
0827,98511_1b46a85e_45,0.005340913310647011,0.8498940467834473
0828,98511_1b46a85e_46,0.005828689783811569,0.828635573387146
0829,34248_cc11976c_0,0.005966944620013237,0.7795336246490479
0830,104003_46555fb2_0,0.00038662657607346773,0.14024502038955688
0831,34520_035b5e9a_8,0.0028678865637630224,0.01435697078704834
0832,38397_93d5d7de_12,0.01857171580195427,0.742698073387146
0833,130023_93b3ca95_1,0.0018910096259787679,0.3344085216522217
0834,83213_47c49876_1,0.0018549233209341764,0.7873972058296204
0835,43928_6ca53538_63,0.013838913291692734,0.6781783103942871
0836,82779_b7b722e3_9,0.0026854579336941242,0.6792682409286499
0837,134967_0f27ef51_1,9.249451977666467e-05,0.9308016300201416
0838,86024_714b24f4_1,0.0007317393319681287,0.9713335037231445
0839,40807_58058731_11,0.002234912943094969,0.662940502166748
0840,26750_cd3cb3ff_0,0.01939871720969677,0.6634995937347412
0841,126913_d253adb7_2,0.0021053284872323275,0.5846011638641357
0842,24268_2804c9ff_13,0.002904147608205676,0.9244611859321594
0843,45542_320c16fd_3,0.0023055896162986755,0.9541629552841187
0844,22342_274ed8a6_1,0.004051344934850931,0.12258446216583252
0845,133385_e6aa64d8_17,7.136320346035063e-05,0.7139275670051575
0846,143509_1dd5212d_3,0.0024336050264537334,0.9282239079475403
0847,47989_3ff0f41d_0,0.009394364431500435,0.7327492237091064
0848,21822_7d3db422_14,0.022870581597089767,0.6697444915771484
0849,21517_bfe35b4c_12,0.0015389911131933331,-1.6865007877349854
0850,52883_e518d3f4_10,0.0016198218800127506,0.7370154857635498
0851,41871_f9a1ad02_14,0.011412416584789753,-0.141698956489563
0852,37016_455093c1_2,0.00020566285820677876,0.8897460103034973
0853,31117_cd5cdbdb_78,0.049958568066358566,0.6125876307487488
0854,129239_0d49310c_22,3.7810659705428407e-05,0.8902193903923035
0855,30400_8824ce97_6,0.00941135548055172,0.8032239079475403
0856,53233_8dbca22c_8,0.004419902805238962,0.6899675130844116
0857,40514_bb61631d_25,0.001374511164613068,0.6959127187728882
0858,24053_53349e4d_2,0.00018253318557981402,0.76508629322052
0859,41917_f0c40fa1_16,0.0010790342930704355,0.9744736552238464
0860,22543_684108ff_5,0.005547169130295515,0.7800835967063904
0861,138636_c1153075_0,6.945793575141579e-05,0.9379991292953491
0862,24448_75004b6c_6,0.0016572939930483699,0.9472346305847168
0863,24831_bbd3e098_8,0.00029295231797732413,0.7129344344139099
0864,53221_74fa81cd_3,0.0010698946425691247,0.710779070854187
0865,76879_65a30a82_4,0.0003043239121325314,0.5025131702423096
0866,108773_f9384cff_10,4.858625106862746e-05,0.48723721504211426
0867,33671_0e9c6ca3_5,0.0011913363123312593,0.9053788185119629
0868,93103_fdb9fcb7_15,0.00863383524119854,0.5341274738311768
0869,137675_d2bd633e_0,0.0018286879640072584,-0.14529335498809814
0870,21893_0500d043_32,0.002151207299903035,-0.4063847064971924
0871,22110_0bc70e9f_1,0.0035546193830668926,-1.1845102310180664
0872,43152_b5472481_1,0.0012227881234139204,0.5408169031143188
0873,115717_40314bc2_1,0.01055983453989029,0.07733821868896484
0874,102943_ca9e7968_0,0.00020666062482632697,0.7187950611114502
0875,136401_69f29349_0,0.006505153141915798,-3.3149361610412598
0876,28542_3c922564_0,0.0014689802192151546,0.4643325209617615
0877,24267_8a216138_6,0.004599595908075571,0.7477492690086365
0878,84374_272a9731_7,0.0034942219499498606,0.5393028259277344
0879,23531_1ecc8346_18,0.02765626832842827,0.730232834815979
0880,41871_f9a1ad02_30,0.007218239828944206,0.7812220454216003
0881,132461_14abd2d0_0,5.9555783082032576e-05,-0.6626300811767578
0882,37617_3f415463_2,0.0005345850950106978,0.1264469027519226
0883,41696_de0790a1_1,0.0023822863586246967,0.9470991492271423
0884,54657_2a66e0de_20,0.009200925007462502,0.1551169753074646
0885,24425_0dc4b306_0,0.0018252510344609618,0.8212460875511169
0886,146667_fe438b5b_0,0.0009244150132872164,0.9648427963256836
0887,23048_8a1a5553_8,8.894918573787436e-05,-1.3933007717132568
0888,51871_86ebf5b2_17,0.0033354847691953182,0.38938450813293457
0889,30664_a3084f71_6,0.004460426047444344,0.7263031005859375
0890,139801_97e2ca6a_5,0.002904495457187295,0.40532708168029785
0891,22278_12f1fb79_13,0.008164843544363976,0.4688214063644409
0892,22776_facf9bcf_8,0.003996267914772034,0.863983154296875
0893,40500_6055e3d7_15,0.03263098746538162,0.6745479106903076
0894,35740_5322d674_13,0.0002831026795320213,0.8277699947357178
0895,39792_60786b6c_12,0.0026007595006376505,0.9055826663970947
0896,115524_4a411f7e_0,0.0004730204527731985,0.8925469517707825
0897,24131_3ea7d5a8_17,0.009771513752639294,0.5286660194396973
0898,100326_0602c712_2,0.0182243250310421,0.4211198091506958
0899,34571_25c64838_2,0.008037960156798363,0.5236025452613831
0900,143534_4f65fd1a_0,0.0019700787961483,0.3339328169822693
0901,101446_95204330_1,0.0025355236139148474,-0.6073589324951172
0902,41749_14d0599c_10,0.0003128265670966357,0.08702176809310913
0903,55715_525d1d3e_12,0.0007225050940178335,-1.143082857131958
0904,45307_b9b4bca0_30,0.016926664859056473,0.8787717819213867
0905,22654_4c426b0f_0,0.0015706811100244522,0.8033120036125183
0906,22670_9353c710_4,0.0010757484706118703,0.6701096892356873
0907,99445_94c22a37_11,0.003948334604501724,0.9413368105888367
0908,132811_57264a28_4,0.0028488195966929197,0.7672626972198486
0909,23258_87a2ba81_3,8.499212708557025e-05,0.865653395652771
0910,50777_2934de55_22,0.006132993381470442,0.782292902469635
0911,98418_4185a7fb_0,0.006666694767773151,0.83849036693573
0912,43441_e1ab0873_2,0.00015815571532584727,-0.91644287109375
0913,24271_dbc0fd2d_12,0.00018198358884546906,0.9599428176879883
0914,38944_0d0c3fce_0,0.03554307669401169,0.7697359919548035
0915,40624_e1c5c424_11,2.092797149089165e-05,0.47290778160095215
0916,100028_0c3a8f1c_13,0.004137617535889149,0.9467790126800537
0917,40491_ac67bf4c_13,0.0027188933454453945,0.9490000605583191
0918,25416_1deb9c75_0,0.00362732564099133,0.37210261821746826
0919,21657_2651585a_6,0.001414070837199688,0.925048828125
0920,21986_67c5509a_15,0.0075638508424162865,0.06152373552322388
0921,32288_34013274_2,0.005802064668387175,0.01795172691345215
0922,55373_ddd74d2f_0,0.010287337005138397,-0.3286370038986206
0923,26245_4aac38e1_0,0.002047104761004448,0.882704496383667
0924,33044_7fdd9213_0,0.0011097399983555079,0.801857590675354
0925,31530_6744ae73_48,0.03929447755217552,0.6204118728637695
0926,25555_fd3d9a3c_1,9.563712228555232e-05,0.865730881690979
0927,54175_7d864ace_6,0.0027515166439116,0.3820955753326416
0928,72950_5074f5a3_0,0.0015385118313133717,-0.017040729522705078
0929,129618_2962c248_0,0.013835478574037552,0.768921971321106
0930,52012_77070fda_10,7.387292134808376e-05,0.8841489553451538
0931,28295_0dc908b9_7,0.0030719288624823093,0.1747952103614807
0932,144419_90e59d67_2,3.965520954807289e-05,0.5617657899856567
0933,22734_f6bad9f7_24,0.010490966029465199,0.6753267049789429
0934,22604_0b4ffb43_14,0.003513309871777892,0.9356980323791504
0935,81996_b3752ed2_3,0.00025565101532265544,0.7705740928649902
0936,24504_493cee15_8,0.005442221183329821,0.783301830291748
0937,39124_28e99e62_1,0.0005747945397160947,0.35323673486709595
0938,29725_0ad4937e_1,6.209220737218857e-05,0.8877673149108887
0939,109232_04340d62_6,0.00031456127180717885,-4.722026348114014
0940,129075_8fbf62e5_0,0.0013689971528947353,-0.08340179920196533
0941,102937_18c3cb6a_4,0.009442484006285667,0.6689341068267822
0942,52551_8098346a_5,0.0005848095752298832,-0.01728188991546631
0943,128043_6947b64c_0,0.007735051214694977,0.5534762144088745
0944,119030_292009a7_41,0.0023722017649561167,0.6520224809646606
0945,48526_5aecac8a_0,0.004929871764034033,0.16986942291259766
0946,32541_86f7df73_4,0.0003670997393783182,0.6507668495178223
0947,55114_7bf17f6a_0,0.01469935942441225,-0.06561815738677979
0948,55285_6816da52_1,0.024968259036540985,0.4596269726753235
0949,37683_e2cca100_17,0.00015416720998473465,0.757280707359314
0950,78775_e2d8b091_15,0.006921084597706795,0.7737050652503967
0951,93199_2146e709_2,0.0018760557286441326,0.7785153388977051
0952,135595_656de97a_14,8.640534360893071e-05,0.9380508661270142
0953,24284_3710e946_16,0.0025127495173364878,0.9430729150772095
0954,135521_30553c91_2,0.000504131952766329,-6.311648845672607
0955,29732_fb15318c_5,0.0005951639031991363,0.43463242053985596
0956,88060_389bdff4_0,0.004436081741005182,0.7300457954406738
0957,27839_4a077326_28,0.010932856239378452,0.7291091680526733
0958,100435_87bf423d_8,0.0033910726197063923,0.9331801533699036
0959,25365_bb0e4ede_44,0.000999651150777936,-0.417765736579895
0960,146169_144d8264_0,0.043158020824193954,0.7669142484664917
0961,23342_7193a931_3,0.00012231414439156651,0.6396459937095642
0962,57000_cd1ddece_12,0.0026526721194386482,0.946965217590332
0963,119790_1ed376f0_3,0.0005428482545539737,0.40753650665283203
0964,72522_e9e87960_4,0.002753585111349821,0.9483163356781006
0965,65366_f618b577_2,0.0016682968707755208,-0.45219743251800537
0966,55707_c78416ed_35,0.009414159692823887,0.5080190896987915
0967,70321_eccffc7e_0,0.0008942964486777782,0.7683263421058655
0968,120143_b5756e6b_0,0.009634993970394135,-0.33803415298461914
0969,27726_aca43af4_35,0.00010066623508464545,-3.6770596504211426
0970,31361_72aab333_20,0.0016504758968949318,0.4754619002342224
0971,121949_e10b5e85_12,0.004837989341467619,0.8663731217384338
0972,146399_0e4b73c4_13,0.003264739876613021,0.9329778552055359
0973,41134_fc146947_6,0.0013053654693067074,0.3897385597229004
0974,21237_7887a24b_35,0.0010565075790509582,-3.3677916526794434
0975,24885_55e20ddf_3,7.254835509229451e-05,0.9283245205879211
0976,34914_8911676d_23,0.0012434725649654865,0.7790049910545349
0977,21803_8a36dcda_12,0.00683749932795763,0.7712071537971497
0978,41306_8f26e703_5,2.3816437533241697e-05,0.7428975105285645
0979,25118_f50fdc69_10,6.195456808200106e-05,0.9095125794410706
0980,25473_0991d519_9,0.0038537748623639345,0.9034970998764038
0981,126585_86fa26cb_0,6.030512668075971e-05,0.9255240559577942
0982,145691_69484976_9,0.0077789356000721455,0.30057990550994873
0983,60729_c51868ec_0,0.0011204200563952327,0.38275885581970215
0984,123929_e7dbad2c_0,0.005126374773681164,-1.435086727142334
0985,69649_70b07cac_0,0.002530562924221158,0.9441016316413879
0986,55135_f1186d58_9,0.000245703908149153,0.6938895583152771
0987,20838_86c931be_2,0.002261372283101082,0.7188434600830078
0988,45242_626509cb_11,0.0013790623052045703,0.390586793422699
0989,34983_439766af_13,0.006589075550436974,0.9314627051353455
0990,53453_fb0f1640_1,0.01464955322444439,0.5552800893783569
0991,23255_972fbfe6_25,0.0013632862828671932,0.9570280909538269
0992,24168_a0ede173_203,0.11417287588119507,0.36502039432525635
0993,55476_1473d91f_0,0.001483401982113719,0.24375230073928833
0994,55111_ef389075_1,0.004500823561102152,0.8279746770858765
0995,141710_17531562_1,0.0008262971532531083,0.930621862411499
0996,96601_b89e6252_1,5.0687271141214296e-05,0.7304481863975525
0997,135790_a27f9deb_43,0.027008473873138428,0.6539644002914429
0998,121363_746708db_0,0.0011464663548395038,0.5588839650154114
0999,136886_3aa46890_0,0.0002675659488886595,0.9002350568771362
1000,50315_0f1419bf_19,0.016831139102578163,0.7684878706932068
1001,37846_cde34fcd_14,8.438242366537452e-05,0.04594343900680542
1002,24816_ef81ad4c_1,0.0019077799515798688,0.31781476736068726
1003,75646_4baf69b2_7,0.0072616469115018845,0.8983138203620911
1004,140155_81f9ac63_0,0.0040361881256103516,-0.006982684135437012
1005,51603_034939eb_10,0.00709350872784853,0.6070226430892944
1006,30435_c97330d2_0,0.00019219178648199886,0.6750377416610718
1007,27839_4a077326_27,0.0016614854102954268,0.9096595048904419
1008,55627_971fde61_34,0.008865985088050365,0.3145729899406433
1009,134909_ef3d003c_0,0.00012428543413989246,0.8780726194381714
1010,33413_060ce192_51,1.533752765681129e-05,-1.1250510215759277
1011,22245_ca848576_12,0.0005590558866970241,0.34711092710494995
1012,52039_ba12c3ac_1,0.0026412128936499357,0.9471961855888367
1013,39707_358f88df_2,0.0008901895489543676,0.052039384841918945
1014,50014_33f250c8_3,0.08075880259275436,0.26335418224334717
1015,52987_387431ac_1,0.013716863468289375,0.05815678834915161
1016,33501_b1ee5058_15,0.002725975587964058,0.9457933902740479
1017,82168_4844bddd_1,0.006288509350270033,0.15093481540679932
1018,30384_95e72fc2_4,8.801958756521344e-05,0.03059762716293335
1019,23554_a0845d54_2,0.002794929314404726,-1.336355209350586
1020,23800_65e0a5d1_0,0.0003905370831489563,-0.2307748794555664
1021,41128_ee74f244_0,0.00011154033563798293,0.888019859790802
1022,143019_22dbd3e6_2,0.01136618573218584,0.6393808126449585
1023,79993_6087acd5_8,0.01134636253118515,0.641053318977356
1024,21422_b2a6bf27_0,0.003317154012620449,0.9453094005584717
1025,25487_dd2c17e8_21,0.0007506308029405773,0.33349883556365967
1026,22654_4c426b0f_10,3.895015470334329e-05,0.7384332418441772
1027,30368_d7fd30ce_6,3.218735582777299e-05,0.3115922212600708
1028,57249_6bd2af3c_2,0.0007614214555360377,0.9719113111495972
1029,57029_3ab80a22_0,0.0023996373638510704,0.5239599943161011
1030,79906_052c7eb4_3,0.0066820839419960976,-0.44843828678131104
1031,82996_b8dc67c9_10,6.928888615220785e-05,0.9043790698051453
1032,119884_192e3265_1,0.0029971813783049583,-0.3669372797012329
1033,21225_c081eae3_10,0.00629558926448226,0.6390607357025146
1034,121949_e10b5e85_1,0.0024256024044007063,0.3862230181694031
1035,81994_ba8916c9_5,8.761463686823845e-05,0.9234433770179749
1036,22447_4062c6cb_29,0.0027614072896540165,0.9534178972244263
1037,55044_ee57bac8_1,0.00020462890097405761,0.22253024578094482
1038,41871_f9a1ad02_13,0.05536070838570595,0.6890723705291748
1039,74688_a5168a45_2,3.143507638014853e-05,-5.754261016845703
1040,23218_02d26ab4_4,0.0001106949130189605,0.7453969717025757
1041,41205_dc60aa5d_0,0.002346329391002655,0.4166927933692932
1042,41979_ca698776_0,0.0023959435056895018,0.508614182472229
1043,141453_50ec6f25_7,0.00193939043674618,0.9450629353523254
1044,97143_5424c420_0,0.0014793676091358066,0.6203372478485107
1045,41986_26275a06_2,0.0021916048135608435,0.7934055328369141
1046,136800_c5e4d711_2,9.091858373722062e-05,0.8757275938987732
1047,101635_11b839a3_5,0.0001045158933266066,0.14374113082885742
1048,55866_b041060d_0,0.0006636885227635503,0.9593783020973206
1049,53846_89405f98_0,0.0020513050258159637,0.580895721912384
1050,27725_5cceaeb7_1,0.009181254543364048,0.17158746719360352
1051,146137_92faaea5_9,0.0034789375495165586,0.7212520837783813
1052,41211_11f6b8a0_4,0.00021397040109150112,0.9118785858154297
1053,21330_f0cee934_46,0.0026645702309906483,0.94672691822052
1054,127188_5fecd146_4,0.00011243503831792623,0.8455034494400024
1055,135949_06517574_8,2.419323573121801e-05,0.7491897344589233
1056,68928_0d4e4a2e_24,0.007197778206318617,0.5474036335945129
1057,50410_f8f03667_38,2.137472984031774e-05,-0.4715418815612793
1058,142999_171240b6_21,0.000915990793146193,0.32273125648498535
1059,144709_642fc665_0,0.0070380535908043385,0.3083491325378418
1060,53232_f8760054_10,0.000870788935571909,-7.3341827392578125
1061,22372_e91792a1_0,5.524420703295618e-05,0.29149144887924194
1062,21767_53eaa558_12,0.060054339468479156,0.22395235300064087
1063,32220_1fd19c5e_0,0.0007356866844929755,0.24417465925216675
1064,22886_a6331748_1,0.001721823588013649,0.8419179916381836
1065,130996_b842b511_12,0.0014609054196625948,0.8653460741043091
1066,55571_74a416b1_1,0.00024977241992019117,-1.1187334060668945
1067,70169_914780d4_1,0.0021218054462224245,0.1920182704925537
1068,23156_7788f78a_6,0.06319107860326767,0.5427606105804443
1069,124496_20e20439_10,0.00012715058983303607,0.7205398082733154
1070,76300_7cb02add_1,0.0033079911954700947,0.51017165184021
1071,21647_6b6cca6f_10,0.0008213603869080544,0.5516953468322754
1072,22734_f6bad9f7_23,0.00831982959061861,0.6534086465835571
1073,94176_0a6c42ab_2,2.0290075553930365e-05,-2.7236618995666504
1074,24048_d731886d_9,0.0021949931979179382,0.7580589056015015
1075,25487_dd2c17e8_30,0.0033345106057822704,-0.5073171854019165
1076,115717_40314bc2_4,4.106745109311305e-05,0.8664167523384094
1077,125592_875faf40_0,0.009389466606080532,0.5641723871231079
1078,41871_f9a1ad02_44,0.004826352931559086,0.6590279340744019
1079,146642_883a71d2_8,0.0008167519699782133,0.8007262945175171
1080,136883_076fbff9_31,0.0005995178362354636,-0.9830754995346069
1081,60766_fb8715eb_3,0.001362152281217277,0.9003862738609314
1082,30818_33617072_0,0.011376705951988697,0.42399728298187256
1083,130679_7a357a9c_18,0.007978362031280994,0.5306881666183472
1084,55306_795d845b_0,4.3982417992083356e-05,0.9057137966156006
1085,135934_d2f6bb2e_33,5.033237539464608e-05,0.9328963756561279
1086,111054_e45a0d40_7,0.05639553442597389,0.45446842908859253
1087,36826_d9269c2e_10,0.0070162867195904255,0.5234224796295166
1088,37619_ae810a8d_7,2.589080759207718e-05,-10.824779510498047
1089,22343_34184fd5_22,0.0005512154311873019,-0.706034779548645
1090,113020_de552f8d_0,7.840232865419239e-05,0.9509723782539368
1091,20216_89b90993_0,0.007293366361409426,0.5141153335571289
1092,23325_292b3294_16,0.004039617720991373,0.6156924962997437
1093,23522_5c2ec58e_9,0.0042687165550887585,0.6758882999420166
1094,146624_359752bb_20,1.3154485714039765e-05,-5.631439208984375
1095,104990_11b4aeee_1,0.0023288100492209196,0.9467678070068359
1096,90917_4670b560_0,0.023745084181427956,0.5385087728500366
1097,54818_59adf8c2_5,0.0032189905177801847,-1.7838451862335205
1098,34109_5a868eae_3,0.0010167518630623817,-0.6588174104690552
1099,23161_e7f63a9f_2,0.010149823501706123,0.08160519599914551
1100,37160_2a95674a_27,0.004616123158484697,-0.6127722263336182
1101,61280_8bdbc90f_0,0.0025949508417397738,0.9068030118942261
1102,55083_dac1f9cc_2,0.002309525851160288,0.8077324628829956
1103,34341_d19b12fb_14,2.481195770087652e-05,0.7532185316085815
1104,54516_ac9e2ef4_61,0.0021181004121899605,0.6482949256896973
1105,24559_3c306e71_2,0.0005069472827017307,-0.0319669246673584
1106,105831_88a0fb85_1,0.003752769436687231,0.8574181795120239
1107,32743_f4c47bbc_19,0.004126723390072584,0.2331969141960144
1108,40500_6055e3d7_18,0.0023619479034096003,0.8866205215454102
1109,22862_f5406bb0_0,0.004309742245823145,0.9306696057319641
1110,141081_ae61ec46_0,0.0040373667143285275,0.9415535926818848
1111,135112_cf8007b8_4,0.018015610054135323,0.7266994714736938
1112,131442_1512d9ff_5,3.741322871064767e-05,0.920825183391571
1113,145132_7aea3b66_1,0.10354715585708618,0.6080832481384277
1114,41871_f9a1ad02_45,0.0037319909315556288,0.28067535161972046
1115,51775_49ef614a_1,0.0015377728268504143,0.5642803907394409
1116,143293_fc5b0ff7_23,0.0005155313410796225,0.05814778804779053
1117,51547_a7e01c38_6,6.490984378615394e-05,0.9069997668266296
1118,114021_44c3c39c_2,5.944559597992338e-05,0.8517993688583374
1119,123766_c5a4cf5e_0,0.0005207103677093983,-2.319924831390381
1120,23031_0d684603_8,0.0013884252402931452,0.40155285596847534
1121,132996_c742ef84_4,0.008348805829882622,-0.15854597091674805
1122,137096_5d77f285_1,0.002786307130008936,0.6674340963363647
1123,27072_b4756e8c_2,0.0019028953975066543,0.5696244239807129
1124,51915_e704f5dd_2,0.00820301566272974,-0.28278589248657227
1125,132811_57264a28_13,0.002776763867586851,0.9532524943351746
1126,49396_98ab955d_13,0.008433885872364044,0.059749603271484375
1127,132081_761d26ad_0,0.0014782744692638516,0.9604290127754211
1128,82906_7b72e0e8_2,0.005577186122536659,0.8446207642555237
1129,92649_26fe8262_0,0.0006834616069681942,0.6846741437911987
1130,21803_8a36dcda_11,0.010839411988854408,0.708453357219696
1131,30637_f6324fc6_5,0.00022710843768436462,-0.5031466484069824
1132,105560_a6f91315_12,1.881840216810815e-05,-1.6357247829437256
1133,41737_d80c34b9_0,0.011765695177018642,0.29705607891082764
1134,34983_439766af_12,0.002358302939683199,0.7680111527442932
1135,122755_60c41889_10,5.8161382185062394e-05,0.06793546676635742
1136,76879_65a30a82_2,0.03338796645402908,0.7013465166091919
1137,89816_cef36e57_4,0.003004695288836956,0.9504496455192566
1138,49406_100c707b_3,0.0009443347807973623,0.8911136984825134
1139,105560_a6f91315_10,2.118430165864993e-05,0.5425835251808167
1140,129421_483d2957_5,9.216000034939498e-05,0.6116976737976074
1141,122740_fc5c94eb_33,0.001481380546465516,0.9546428918838501
1142,135595_656de97a_5,0.0003000422439072281,0.8904160261154175
1143,35740_5322d674_5,1.5129887287912425e-05,-4.251087665557861
1144,23681_932e722e_18,0.0026820835191756487,0.9492328763008118
1145,108244_329b1876_17,2.0802397557417862e-05,-3.833439826965332
1146,125745_cf468448_6,0.0028564753010869026,0.3283436894416809
1147,138838_c9a9e790_6,0.00664784898981452,-0.2922382354736328
1148,102416_b74464a2_4,1.7778655092115514e-05,-6.052000522613525
1149,30426_2cde26de_21,0.0002142924931831658,0.3630372881889343
1150,137837_9c9f163d_5,0.0007279645651578903,0.23346084356307983
1151,25487_dd2c17e8_15,0.006357322912663221,0.17134076356887817
1152,21549_18160a0a_4,1.5326033462770283e-05,-1.1634037494659424
1153,21385_601444ba_0,0.006692678201943636,0.5836544036865234
1154,35233_add576ba_9,0.007404332514852285,0.5164076089859009
1155,55345_c6423351_0,0.004829167854040861,0.21819543838500977
1156,110697_4b2725f1_0,0.002467955695465207,0.9425091743469238
1157,109946_242843a6_1,6.353173375828192e-05,-0.4976404905319214
1158,34341_d19b12fb_22,1.9433249690337107e-05,-1.2094032764434814
1159,23247_bcd1e84f_21,0.007830566726624966,-0.6441905498504639
1160,131765_29b29f08_6,2.0733987184939906e-05,0.5510014295578003
1161,21395_7d6fda6f_12,0.001875981455668807,-0.6418744325637817
1162,135460_6471e973_15,0.000531759753357619,0.825324535369873
1163,51741_49d61151_7,0.003255063435062766,0.8823838233947754
1164,28382_90b7cc0c_12,0.0006220038630999625,0.7743796110153198
1165,30850_05d88af9_2,0.0032697608694434166,0.8651163578033447
1166,86278_1e55d036_12,0.00022368122881744057,-0.6649003028869629
1167,67240_525e92c1_1,0.0019387893844395876,-0.5557113885879517
1168,82002_ef2b4feb_6,0.002638230100274086,0.949307918548584
1169,53364_ec8aad42_1,0.013363688252866268,0.42578941583633423
1170,135771_b030a25c_17,0.001934062922373414,-1.237283706665039
1171,135906_29d7b495_1,5.409562436398119e-05,0.9032852649688721
1172,21822_7d3db422_38,0.001083972747437656,-0.0997316837310791
1173,81136_5b86c723_1,7.996153726708144e-05,0.4127879738807678
1174,25473_0991d519_2,0.02985837124288082,0.48342961072921753
1175,73405_94381b7c_5,0.004291475750505924,0.27864956855773926
1176,24009_c40b0d48_2,0.001015589339658618,0.9688115119934082
1177,22162_439af02a_1,0.0026321890763938427,0.9482436776161194
1178,146159_f3f80701_0,0.003609477775171399,0.0375971794128418
1179,51895_5760b481_15,0.05077696219086647,0.4595659375190735
1180,33500_e58e287e_1,0.012196382507681847,0.43227618932724
1181,31838_2e4bd173_0,0.005045510362833738,-2.3726494312286377
1182,146137_92faaea5_18,0.00010947308328468353,0.041744351387023926
1183,124879_2257a334_2,0.00012829266779590398,-0.40806102752685547
1184,144145_510eedc2_7,0.007528296671807766,0.8604825139045715
1185,21237_7887a24b_78,0.0014765049563720822,0.8715994954109192
1186,82297_93739ce0_6,0.0010189501335844398,0.6650450229644775
1187,51536_a18dc325_31,0.0006670819129794836,-2.23340106010437
1188,93103_fdb9fcb7_7,0.0024592389818280935,0.6825618743896484
1189,24590_415f7013_9,0.0019726906903088093,0.6344971656799316
1190,130659_16f2db4c_0,0.00019179796800017357,0.936549723148346
1191,23083_fdb942ac_2,0.001297574257478118,0.9458595514297485
1192,23954_a8c09819_2,0.003162511857226491,0.9386706948280334
1193,30417_0010bc7c_13,0.009477776475250721,0.15721333026885986
1194,120535_e304dfca_1,0.0023009036667644978,0.8312289118766785
1195,93199_2146e709_9,0.0027357705403119326,0.3717976212501526
1196,23686_cba4f679_15,0.01660090498626232,0.6279124617576599
1197,40807_58058731_20,0.012021167203783989,0.87900710105896
1198,94410_d32e7520_35,0.008472070097923279,0.7890586256980896
1199,79695_fd8bae0e_0,0.004790778737515211,-0.21821272373199463
1200,129422_621d0a90_35,0.006191406399011612,-1.907871961593628
1201,44932_16cb7f21_5,0.007369161117821932,0.791286289691925
1202,136550_8a8672e5_1,0.0009161498164758086,0.742811381816864
1203,20495_e8e7e80c_3,0.004077120218425989,0.927078902721405
1204,31962_e5291336_50,0.001920812763273716,-0.8323332071304321
1205,24888_5be1de05_1,4.598478335537948e-05,0.1254076361656189
1206,34114_7e58a97d_10,0.00834918674081564,0.6790144443511963
1207,108433_37a79370_0,0.007278489414602518,0.356849730014801
1208,22844_9b75b8e0_1,0.000610640796367079,0.9746695756912231
1209,115637_b4d41e8a_0,0.0031103964429348707,0.6988942623138428
1210,53474_f29e4438_15,0.022877607494592667,0.3491995930671692
1211,26766_1aaa348c_0,0.0016115688486024737,0.7712363004684448
1212,51940_67bb0219_7,0.0033850655891001225,0.44682836532592773
1213,41714_1d49f4d1_13,8.182584861060604e-05,0.6773229837417603
1214,21815_7090778f_9,0.0054465108551084995,0.5530298948287964
1215,32843_8e5bdf24_0,0.0027454649098217487,0.8783559203147888
1216,23686_cba4f679_10,0.007226300425827503,0.09950894117355347
1217,114425_891ab08d_0,0.005672499071806669,0.2927073836326599
1218,41786_02d48cdd_5,0.00171738862991333,0.7342467308044434
1219,22895_4533b542_1,0.004048353061079979,0.7679749727249146
1220,49016_cd1b47bf_6,0.014960585162043571,0.526080846786499
1221,51674_a70c1c6c_3,0.00011388921848265454,0.817875862121582
1222,52972_6e5a5ada_11,0.007346433121711016,0.6881741285324097
1223,120700_d818883a_8,0.00011531134805409238,0.8438726663589478
1224,34530_9525ffcd_0,0.0042867898009717464,0.9193856716156006
1225,24355_99bf3f8f_1,0.00045022444101050496,0.1281118392944336
1226,56250_3b6024e3_46,0.012059020809829235,0.7867845296859741
1227,56355_727ca47c_3,0.002149596344679594,0.4809448719024658
1228,35057_9af89947_1,0.0030663686338812113,0.5185755491256714
1229,120881_a946667f_13,9.190202399622649e-05,0.8733901977539062
1230,143021_c6df0146_5,6.185112579260021e-05,0.6555856466293335
1231,69240_dc199112_3,0.0010762098245322704,0.020497560501098633
1232,41733_1ec9b00c_15,0.001470379065722227,0.6937966346740723
1233,30298_24191733_2,6.734468479407951e-05,0.5342687368392944
1234,30400_8824ce97_18,0.005696691107004881,-0.18950653076171875
1235,37040_ecbcd25e_36,0.004547839052975178,-0.22657597064971924
1236,23035_6087bb57_4,0.00024673284497112036,0.630760908126831
1237,38675_6e07d74b_26,0.03693177178502083,0.48899179697036743
1238,31751_e37382e1_9,0.0013318086275830865,0.8579941987991333
1239,54601_e1da5b93_4,0.002945692278444767,0.9413970112800598
1240,142999_171240b6_29,0.00700375996530056,0.46909570693969727
1241,137646_14bca880_0,0.0036156014539301395,0.6660966277122498
1242,37519_442dc408_1,0.00022112221631687135,0.7297840714454651
1243,47195_a8cd8bad_6,0.0009342942503280938,0.9405878782272339
1244,22474_b10fea1a_6,0.0023476476781070232,0.729236364364624
1245,53200_d1e30b87_10,0.003024351317435503,0.47373485565185547
1246,41472_f9d73638_9,0.0006909869844093919,0.2897700071334839
1247,126397_cc08a23d_1,6.180365016916767e-05,0.8996964693069458
1248,31838_2e4bd173_4,0.0031727668829262257,0.9434377551078796
1249,52006_d21e4570_7,0.0025145539548248053,0.5015513896942139
1250,62109_08c31aa8_0,0.001987853553146124,0.6457842588424683
1251,49403_458914df_0,0.0013154398184269667,0.22298508882522583
1252,122914_76ff1f5e_2,2.1025760361226276e-05,-0.8713494539260864
1253,34913_d23e2a24_2,0.000969066983088851,0.5663735866546631
1254,104641_2cd02839_15,6.414551171474159e-05,0.8146341443061829
1255,131632_6144b102_1,0.004112385679036379,0.9510396718978882
1256,30850_05d88af9_0,0.006998791359364986,0.4508479833602905
1257,86296_8a6ed4d3_7,0.00013532157754525542,0.5832056403160095
1258,34983_439766af_7,0.00656862510368228,0.9064211249351501
1259,33374_7491cbf8_2,0.018093617632985115,0.8249386548995972
1260,50694_afd26bd5_10,0.004508795216679573,0.9515824913978577
1261,50292_e84db1fb_8,0.000511711637955159,-0.7461786270141602
1262,81367_622a9e51_2,0.005279973614960909,-0.3258274793624878
1263,78966_584c5305_0,0.0012044776231050491,0.37196242809295654
1264,79905_623eae86_1,0.05133180692791939,0.5796393156051636
1265,63055_6b907478_15,0.0011472756741568446,0.9084818959236145
1266,135771_b030a25c_4,0.00016190894530154765,0.7961521148681641
1267,41753_9b4f8d8a_0,0.0035591034684330225,0.930121123790741
1268,80784_f7ec5f70_1,0.002303832210600376,0.6096291542053223
1269,33607_c6f31fa6_10,0.0024652057327330112,0.6980955600738525
1270,22225_a3ce4d29_42,0.004122254438698292,0.5570088028907776
1271,51938_8b9cba89_5,0.013410769402980804,0.7189522981643677
1272,44741_f386a08f_4,0.003886912716552615,0.8846359848976135
1273,70021_e673ae54_4,0.003105345880612731,0.9495994448661804
1274,55135_f1186d58_7,0.007943791337311268,0.28799736499786377
1275,31856_2a5a4e32_12,0.015536045655608177,0.13817638158798218
1276,75303_045fc848_4,0.002952148439362645,0.5464001893997192
1277,129683_3ad38815_10,0.02504093572497368,0.7071744203567505
1278,21894_93f0d052_24,0.0035485378466546535,0.713018536567688
1279,143823_1b04bf80_13,0.002841788111254573,0.7949361205101013
1280,143823_1b04bf80_18,0.000279243104159832,0.7298310995101929
1281,111863_c925f4f3_2,0.001704199705272913,-0.6261446475982666
1282,104633_d0a15bd3_6,0.009935596957802773,0.166864812374115
1283,48832_22363e53_33,0.001235944451764226,0.9666158556938171
1284,127466_a18ae326_1,0.001497646444477141,0.43576520681381226
1285,22211_b1ee53f0_12,0.01236868929117918,0.48313838243484497
1286,137837_9c9f163d_6,0.0007949612336233258,0.783492922782898
1287,122755_b830e22d_17,4.483501470531337e-05,0.4978650212287903
1288,21299_e9cd80a6_12,0.000705054379068315,0.0545191764831543
1289,44920_70dd4b80_11,0.0041414895094931126,0.8126339912414551
1290,52987_387431ac_7,0.0031331670470535755,0.9045712351799011
1291,147926_b78316a8_10,0.0008325422531925142,0.270595908164978
1292,144653_e3eccdf1_50,0.00047308066859841347,0.6848083734512329
1293,56458_c027ed41_0,0.0012860156130045652,0.8403647541999817
1294,23495_6366269c_11,0.0023456125054508448,0.9533529281616211
1295,70883_e2d6a103_2,0.023330073803663254,0.6533565521240234
1296,32743_f4c47bbc_34,0.002758001908659935,-0.6074670553207397
1297,30910_38ea5a06_2,0.0012310196179896593,0.79121994972229
1298,56476_466fc284_17,0.013360565528273582,0.7236487865447998
1299,22604_0b4ffb43_62,0.0012982694897800684,0.9458311200141907
1300,21534_6367be99_0,0.003450298449024558,-0.08765757083892822
1301,133026_1085532d_1,0.001081210095435381,0.725219190120697
1302,137828_0b0786fb_1,0.006416570395231247,0.8766441941261292
1303,55627_971fde61_27,0.01119457557797432,-0.41318047046661377
1304,93869_8b1922a3_0,0.008151480928063393,0.34260499477386475
1305,24393_9acd18c6_3,0.002635361859574914,0.9508240222930908
1306,44996_b3e9c266_14,3.68596738553606e-05,0.8557499647140503
1307,55300_b9675d43_1,0.0026773742865771055,0.9474310874938965
1308,113352_879844fe_0,0.003260402474552393,0.8672335147857666
1309,135317_3c58b0d0_9,0.000504647265188396,0.533708930015564
1310,115624_fe3eb392_1,0.00910578016191721,0.5735448002815247
1311,63055_6b907478_21,0.0009737364598549902,0.9644893407821655
1312,40421_032c052f_0,0.0023285711649805307,0.6460569500923157
1313,143029_70554264_3,0.0008865325362421572,-0.5187324285507202
1314,145117_78f63de3_0,0.0015200705965980887,0.6090535521507263
1315,128996_35f2006e_0,0.00017093562928494066,0.14520800113677979
1316,54503_fc6c6963_1,0.001869770116172731,0.763848066329956
1317,24657_0168dc6b_1,0.0013684384757652879,0.9665050506591797
1318,130524_13ad16a8_0,0.02390735037624836,0.8817823529243469
1319,142670_33c641dc_3,0.0019983479287475348,0.2408008575439453
1320,65375_674ff0b9_11,0.002022768836468458,-0.8415898084640503
1321,23168_7fdf5427_3,2.3944185159052722e-05,-9.937702178955078
1322,41717_ab2075ac_0,0.0012910981895402074,0.9525960683822632
1323,21739_57582b8f_4,0.0018221556674689054,0.8930963277816772
1324,143293_fc5b0ff7_30,0.002593949669972062,0.9292614459991455
1325,135906_587b5c3d_0,0.00011080149852205068,0.9330930709838867
1326,138685_fd9b79cd_0,0.00010617799853207543,0.915098249912262
1327,119921_5621fcb4_0,0.001283808029256761,0.7832587957382202
1328,49403_458914df_5,0.008373236283659935,0.04572016000747681
1329,73525_7f6b2f67_2,5.7109096815111116e-05,0.9085314273834229
1330,136994_a3a2f50f_3,0.0016834912821650505,0.8103803396224976
1331,31838_2e4bd173_1,0.004114088602364063,0.9109547734260559
1332,35866_d0233b36_6,0.0026949059683829546,0.9540573954582214
1333,53053_d6b4d71c_9,0.005862894933670759,0.8477829098701477
1334,90220_7baf1e18_1,0.00022288529726210982,0.6991225481033325
1335,23364_73dd9d4d_10,6.776498048566282e-05,0.9026068449020386
1336,52987_387431ac_3,0.009967312216758728,0.17909950017929077
1337,51859_6b2fd0f1_4,0.0001641669514356181,0.9087334871292114
1338,51708_867d4509_12,0.00019242912821937352,-0.6668665409088135
1339,93199_2146e709_3,0.002654923824593425,0.9437103867530823
