case_num,case_name,MSE,R-Square
0,50417_199cffee_13,0.0009765003342181444,0.9923936128616333
1,48516_2b3135bf_11,0.0004368801019154489,0.9852291345596313
2,41733_1ec9b00c_31,0.0004554588522296399,0.9558203220367432
3,31664_1e85c690_0,0.0002119609562214464,0.9886041283607483
4,21893_0500d043_18,0.0002747393155004829,0.9944142699241638
5,31607_9a2f8140_6,0.0002496558881830424,0.9916202425956726
6,41774_88a7a483_18,0.00032902389648370445,0.919683575630188
7,42143_51b31600_4,1.3514646525436547e-05,0.9726924300193787
8,23104_3b70eba4_13,0.0007003432256169617,-0.152099609375
9,129075_8fbf62e5_2,2.7128917281515896e-05,0.9284093379974365
10,41624_a15f83c1_13,6.338826642604545e-05,0.9688734412193298
11,36088_1ea9c8a9_12,0.0002681794867385179,0.9937436580657959
12,126477_6596d136_14,8.271310070995241e-05,0.925027072429657
13,130441_10c43121_0,0.0007997824577614665,0.9959256649017334
14,133385_e6aa64d8_21,0.00012748978042509407,0.9163585901260376
15,26398_b99946da_1,0.0008033920312300324,0.989434003829956
16,61198_0c99f50a_4,2.464246608724352e-05,-0.5523935556411743
17,26661_ab88a525_0,7.192462362581864e-05,0.916871964931488
18,129075_8fbf62e5_1,9.998543828260154e-05,0.9055776000022888
19,51891_9455ea02_1,0.0005336241447366774,0.9915323257446289
20,34770_6bba5bd4_13,0.0002554527309257537,0.9949844479560852
21,21646_a2dd0d00_53,0.0003124679788015783,0.9740269780158997
22,68909_4ae1bc2e_1,4.466071186470799e-05,0.9580291509628296
23,27866_ece3076e_109,3.6127501516602933e-05,0.9943031668663025
24,92134_52f13f49_6,0.00010553846368566155,0.9391772150993347
25,23342_7193a931_1,4.4467295083450153e-05,0.9382824301719666
26,126572_a2d6f794_14,6.186947302921908e-06,0.37802398204803467
27,44344_3e0b0b0c_1,2.779762326099444e-06,0.6150106191635132
28,49331_3bf3bb84_4,9.96304297586903e-05,0.9981762766838074
29,33971_46bb0373_0,0.0005489478935487568,0.9298790693283081
30,21517_bfe35b4c_1,5.9864607464987785e-05,0.9131717085838318
31,23165_369d62aa_6,0.00024602250778116286,0.9970325827598572
32,81846_2907c980_0,0.00028155860491096973,0.9875017404556274
33,24168_a0ede173_111,0.00024345920246560127,0.9759535193443298
34,53461_a5942665_1,6.172141729621217e-05,0.9977108240127563
35,24907_c72322ea_13,0.0005347663536667824,0.7982139587402344
36,133424_315bcaeb_7,7.612963963765651e-05,0.9014851450920105
37,40490_916e13fe_0,0.00022518850164487958,0.9929859042167664
38,38000_b5822e44_3,0.00021843919239472598,0.9966893196105957
39,138520_f4e0bc0b_63,7.439451292157173e-05,0.9290241599082947
40,61294_9255796d_3,1.8558241208666004e-05,0.9652749300003052
41,22176_272891b8_0,0.0004886973765678704,0.7521060705184937
42,24815_4f2a57e4_1,0.00036302689113654196,0.9893401861190796
43,113343_e692c488_1,2.0617060727090575e-05,0.968887209892273
44,33995_18423507_1,7.494302553823218e-05,0.8990448713302612
45,127897_029949fd_6,0.00014044620911590755,0.9971916675567627
46,123181_4e56fb4f_0,0.00022721305140294135,0.9967083930969238
47,22670_9353c710_1,1.6810197848826647e-05,0.8975532054901123
48,128642_4d72bf31_2,7.742219895590097e-05,0.9580601453781128
49,146667_fe438b5b_6,0.0003429055504966527,0.9790592193603516
50,38260_2a31c6df_2,0.00042401583050377667,0.9402422904968262
51,24443_996411f9_3,0.0009257736383005977,0.9789913892745972
52,142074_34e02b6d_1,4.186710066278465e-05,0.9874613881111145
53,41501_b627682a_15,0.0003828850167337805,0.9665408730506897
54,24712_da77fe8f_0,0.00011558998812688515,0.9978373646736145
55,32960_0eaa1de8_26,0.0002603328030090779,0.9951781034469604
56,130757_b2c47f8d_2,9.307517757406458e-05,-1.7817089557647705
57,104817_6d73dc41_0,0.00021078613644931465,0.976384162902832
58,79243_49539d9f_0,0.0009162536007352173,0.9802604913711548
59,82012_c533307b_1,0.0001053081577992998,0.9019017219543457
60,107649_e651c5ca_1,4.928386988467537e-05,0.6563200950622559
61,40997_e3c88650_12,0.00043037673458456993,0.9889606833457947
62,143029_70554264_4,0.00025216341600753367,0.9655299186706543
63,27054_342fcf5c_3,9.223691449733451e-05,0.9037321209907532
64,41648_577daf16_17,0.0001349560625385493,0.9489124417304993
65,89720_4e65191c_1,0.0002479276154190302,0.993993878364563
66,75382_1b589ea9_12,3.0081091608735733e-05,0.9140098690986633
67,120371_433ba1ca_2,0.0002611820527818054,0.9772217869758606
68,49024_b7f02205_13,0.0007396091241389513,0.9673324823379517
69,51022_47816098_7,0.0010371869429945946,0.9893496632575989
70,41634_4f5d0edb_0,1.3569891052611638e-05,0.9728654623031616
71,23170_6ea8ded5_3,0.0003381775750312954,0.9943405389785767
72,69589_cd2fa794_8,0.0006175016751512885,0.9596238732337952
73,41504_85e300ee_0,0.00292188860476017,0.6010464429855347
74,128996_42176b10_0,0.0008332321303896606,0.9325597882270813
75,38920_e81879c2_7,1.8656419342732988e-06,-1.2438466548919678
76,148051_c59af578_6,0.0002688794629648328,0.9926770925521851
77,65494_16d62db5_0,7.603855192428455e-05,0.8981080651283264
78,25473_0991d519_0,0.0003108929086010903,0.9926959872245789
79,75270_25a261ef_5,0.00029475626070052385,0.9705893397331238
80,49613_1b97c07b_12,4.875845115748234e-05,0.4821435809135437
81,115633_a2c63339_1,8.74680481501855e-05,0.9741286635398865
82,52366_63042db4_1,0.00021386206208262593,0.995132565498352
83,30282_88c6933c_5,0.0005343793891370296,0.9360706806182861
84,53474_f29e4438_12,0.00022328333579935133,0.9926900267601013
85,24026_1dd4094b_21,0.00041858202894218266,0.9522523880004883
86,21225_c081eae3_2,0.0008510709158144891,0.8875060081481934
87,35057_9af89947_8,0.00016847485676407814,0.8646665215492249
88,43529_4804941b_20,7.118524081306532e-05,0.9978306293487549
89,22103_fd11c71b_3,0.000224651928874664,0.9719477891921997
90,51536_a18dc325_0,0.0004300648288335651,0.9771755933761597
91,24230_636208ab_13,0.00041244475869461894,0.7467256784439087
92,41117_1b3271f2_56,0.0005651701940223575,0.9912728667259216
93,140499_419d5823_0,0.0001739042781991884,0.9849672317504883
94,115524_a949e82c_2,1.702568624750711e-05,0.9336779117584229
95,29833_0ed4880f_3,0.0001852568530011922,0.9966667890548706
96,127556_4823a42a_6,0.0002695125003810972,0.9547278881072998
97,23960_48cc0f21_19,4.537924542091787e-05,0.3636549711227417
98,132987_ba18d2eb_11,7.313329842872918e-05,0.8599594831466675
99,51337_f8636fd9_30,3.238828503526747e-05,0.9634055495262146
100,40999_cad6be09_18,0.000565004360396415,0.9866419434547424
101,136886_99fbdef3_0,9.593887079972774e-05,0.835363507270813
102,30447_4ed3b778_7,0.00025720015401020646,0.9990524053573608
103,55811_bc667b2d_13,0.0006844510207884014,0.7394309043884277
104,41716_d55164d4_1,0.0001303213939536363,0.9543912410736084
105,33610_aa697fc9_6,0.0001662026479607448,0.9877321720123291
106,55095_fa260d33_6,0.0005352171137928963,0.9858919978141785
107,115639_bc0cc622_0,0.0003013647219631821,0.9779350757598877
108,20841_1620ae7d_0,0.0003392143116798252,0.9532990455627441
109,50823_d1830e58_2,0.00040436512790620327,0.919953465461731
110,109762_cb162371_48,0.00022778433049097657,0.9199560284614563
111,41387_5f752e39_23,0.00020561914425343275,0.99239581823349
112,121540_629c716f_0,0.00024520597071386874,0.9896199703216553
113,118539_1dff9cf9_12,4.390556568978354e-06,0.6788953542709351
114,30714_dafa62f6_2,0.0009186690440401435,0.9879810214042664
115,79633_bbbde75f_0,0.0006112760747782886,0.9850918054580688
116,33059_531cfd5e_11,0.0002653110132087022,0.9565799832344055
117,20697_d3e106b4_4,3.22012638207525e-05,0.729556679725647
118,136062_0027ff97_6,0.0002709415275603533,0.975003182888031
119,146291_6b0c8db3_1,0.0008115311502479017,0.9811135530471802
120,45466_5f662bcb_0,1.3402432159637101e-05,0.9724045395851135
121,144500_7f600ab6_0,0.00016972734010778368,0.9843048453330994
122,44996_b3e9c266_4,3.2563380955252796e-05,0.9931220412254333
123,40713_4c9264ef_0,0.00042997635318897665,0.9426310658454895
124,132384_0fcab1fa_13,0.0006478105206042528,0.3031005263328552
125,33738_77d49563_2,0.00011670724779833108,0.8643432855606079
126,129422_621d0a90_33,6.089079397497699e-05,0.9713420867919922
127,115633_fd3c9b97_32,1.689587406872306e-05,0.9307660460472107
128,69337_a122ffde_1,0.00026779755717143416,0.972629189491272
129,37241_29f91452_0,0.000296199374133721,0.9931479096412659
130,141199_9ae000ef_6,0.0003673497121781111,0.6894847750663757
131,147133_92c04b84_4,0.00046715038479305804,0.5891354084014893
132,77687_cbb18594_50,0.00021653161093126982,0.850540280342102
133,144290_2a679085_11,2.3369360860669985e-05,0.9311738610267639
134,130825_c59bbbfb_0,0.00019789967336691916,0.9949355721473694
135,82512_252da752_6,2.4236458102677716e-06,-2.7496402263641357
136,115624_d0acb46b_24,0.0002528676704969257,0.997256338596344
137,92134_52f13f49_7,8.644755143905059e-05,0.9457627534866333
138,100326_0602c712_7,6.987389497226104e-05,0.8898564577102661
139,134630_f9e85072_0,0.0001857561437645927,0.9572375416755676
140,108943_b07b2543_1,0.00048425784916616976,0.9201446175575256
141,125416_ab456bc3_5,0.0007451426354236901,0.9367362260818481
142,57222_33b428d7_69,8.43682064441964e-05,0.9156190156936646
143,24650_dad8c8ee_13,0.0004059369384776801,0.9928070902824402
144,41749_14d0599c_1,0.000417775270761922,0.9378533959388733
145,49396_98ab955d_27,3.912840111297555e-05,0.9744542241096497
146,136892_e2a0b32c_4,2.037472222582437e-05,0.47609061002731323
147,31962_e5291336_28,0.00048663539928384125,0.9893795251846313
148,34231_e27353cb_0,5.051141488365829e-05,0.9468919038772583
149,112724_d334de09_0,0.0006591781275346875,0.9897546768188477
150,56486_82b3e23a_21,2.6911140594165772e-05,0.6870650053024292
151,40500_6055e3d7_17,6.0470351854746696e-06,0.7965733408927917
152,39468_15fb2e60_43,0.00029993802309036255,0.5105891227722168
153,141710_17531562_7,0.0002409075095783919,0.9931914210319519
154,33529_756075a0_12,0.0003951078397221863,0.9225981831550598
155,54169_3a875f10_8,0.002002029214054346,0.947194516658783
156,41023_5445cb61_9,5.576871262746863e-05,0.9509528875350952
157,146380_5c569eeb_2,0.0002767104597296566,0.8512755632400513
158,24195_9791f5d3_38,1.299858013226185e-05,0.7436740398406982
159,26573_7f7e176d_2,0.0005253545241430402,0.9953402876853943
160,22734_f6bad9f7_25,0.0005225638742558658,0.9915803074836731
161,48112_9538e204_0,0.00011403123789932579,0.9977364540100098
162,127545_6fa39158_10,0.0008616875275038183,0.9932993054389954
163,23788_5c0b60c6_0,7.633725908817723e-05,0.9599162340164185
164,23792_5b4c1ce0_21,0.0002998769923578948,0.9905376434326172
165,146067_46e58ab3_1,0.0008948221802711487,0.9943227767944336
166,101072_dec6f415_3,0.0001855790033005178,0.914932131767273
167,22829_b6649a29_0,1.745647023199126e-05,0.7105526924133301
168,55389_a736bd99_0,0.00041952761239372194,0.7771490812301636
169,30259_d709601c_9,0.0016159869264811277,0.9539641737937927
170,35866_d0233b36_13,0.00010779686999740079,-0.14464569091796875
171,34563_52848c45_5,7.04145131749101e-05,0.9714980721473694
172,44519_90af0df6_7,0.0007890573469921947,0.7698224186897278
173,114111_59282658_8,8.041669934755191e-05,0.9724828600883484
174,45922_26941172_15,0.0005195064004510641,0.991303563117981
175,41303_bd1def52_3,7.644904690096155e-05,0.9806696176528931
176,22053_de30641b_1,2.9429349524434656e-05,0.5494974851608276
177,22298_51433023_4,0.0006847960758022964,0.985079824924469
178,23479_81a49137_0,0.0005346343386918306,0.8057801127433777
179,22225_a3ce4d29_37,0.0004902502405457199,0.9932124614715576
180,135669_490cd2d7_14,0.00013792325626127422,0.9926022291183472
181,32173_8b075b1a_4,0.0002950353955384344,0.9952211380004883
182,145119_24107428_5,0.0005189619841985404,0.9606350660324097
183,41774_88a7a483_36,6.299993401626125e-05,0.967621386051178
184,133549_1b6c58d6_0,0.0002883213746827096,0.9938635230064392
185,40936_6de8f4f4_0,0.001286196056753397,0.9919764399528503
186,23008_3d1bb7b2_0,0.0005536879179999232,0.9920556545257568
187,38360_ad61c9b2_1,0.00021306314738467336,0.8615684509277344
188,136109_3d342d3c_2,0.0003868286148644984,0.9844485521316528
189,135790_a27f9deb_11,3.629940692917444e-05,0.9549853801727295
190,140249_7c1c5bba_0,0.00012179342593299225,0.8517423868179321
191,128996_a3d026d6_0,0.001016409252770245,0.7917114496231079
192,23235_f9ccb8b0_0,0.0008259163587354124,0.3486713171005249
193,93671_f7290ded_0,0.000140912743518129,0.916499674320221
194,51109_97b211c3_7,0.0002368056302657351,0.971058189868927
195,51916_fa226b15_13,5.978605986456387e-05,0.8708186149597168
196,86268_094d3fab_1,9.717907232698053e-05,0.9980568289756775
197,39637_ca6a9a60_1,0.0011424102121964097,0.8587170243263245
198,47219_93cb3619_3,0.0007268222980201244,0.9871981143951416
199,47878_0edb6829_0,0.00012117284495616332,0.9978449940681458
200,26764_ab35159a_6,0.0008377894409932196,0.966559112071991
201,34341_d19b12fb_12,3.0392253393074498e-05,0.9665325880050659
202,118342_c702e084_6,0.00016881938790902495,0.9961435794830322
203,49886_dd68dccb_4,0.00032068166183307767,0.9757193326950073
204,23493_57512264_5,0.00012040552246617153,0.6204075813293457
205,31751_e37382e1_5,0.0009982978226616979,0.9744290113449097
206,24338_848cab42_6,0.0024187013041228056,0.8089131712913513
207,24916_42eacca3_10,0.0008303247741423547,0.5514000654220581
208,137485_a953e1be_2,0.00012198157492093742,0.997560977935791
209,23706_ef15ef9c_18,0.0007886717794463038,0.947685182094574
210,143671_eaf4d13b_6,0.0008043255074881017,0.9877280592918396
211,53470_39f2e9dc_13,0.0005610515363514423,0.2889831066131592
212,145772_59253c6d_3,3.5807843232760206e-05,0.9495433568954468
213,51893_d531e2bd_2,0.00025792690576054156,0.9943840503692627
214,39389_d641313f_8,0.0010553770698606968,0.9597309231758118
215,51595_41f3d1a3_5,6.480488082161173e-05,0.9384767413139343
216,51674_a70c1c6c_15,0.0002796421176753938,-0.06535482406616211
217,37617_3f415463_5,3.7669422454200685e-05,0.9714290499687195
218,31862_a89f21f9_3,0.0002442365512251854,0.9927417635917664
219,40519_55a097c6_11,0.0007756215636618435,0.9547770023345947
220,111306_9108c940_0,0.0009116789442487061,0.8255317211151123
221,136640_16741d62_4,0.00024232942087110132,0.8350939154624939
222,23155_d7305c5f_2,0.0010171988978981972,0.9793959856033325
223,43934_912ff891_41,0.00017915542412083596,0.1459713578224182
224,57017_6033d1e5_0,0.00017560223932377994,0.9911593794822693
225,126913_d253adb7_1,0.0004649917536880821,0.814042866230011
226,130752_52d74f2f_48,0.0009161283378489316,0.9382433295249939
227,124177_71283cad_0,0.0001484395907027647,0.9885537028312683
228,24650_dad8c8ee_18,0.000270869059022516,0.993075966835022
229,55199_4d57661f_2,0.002026272239163518,0.8786942958831787
230,115010_eb737aaf_20,0.00010404729982838035,0.998007595539093
231,27855_19c5895a_12,9.685229451861233e-05,0.9492012858390808
232,52772_a6e6e320_0,0.00017521173867862672,0.7648670673370361
233,90917_3d2d21a9_0,0.0008319883490912616,0.9809715151786804
234,40703_5f4e45d4_7,9.042956662597135e-05,0.9982060790061951
235,132622_911efd2f_1,0.0006503931945189834,0.9902645945549011
236,43441_e1ab0873_6,0.001669219578616321,0.9736486673355103
237,34917_61633e20_6,0.0005548209883272648,0.9879714846611023
238,67221_275ba7e6_4,0.00024080082948785275,0.9951697587966919
239,130719_e4764a36_10,4.446817547432147e-05,0.9030320048332214
240,136318_130d6a06_20,0.0004961843369528651,0.9547422528266907
241,99636_73c43ebd_10,0.0003999328182544559,0.9892087578773499
242,29377_3a04cb8d_6,0.00016170830349437892,0.9764085412025452
243,23018_63087a41_47,0.00042886819574050605,0.9882608652114868
244,26165_100fec74_4,0.00016713651712052524,0.47410619258880615
245,135934_d2f6bb2e_46,0.00017298589227721095,0.91602623462677
246,24039_448afafa_5,0.0003744989517144859,0.9819511771202087
247,32775_a79b406b_14,0.000872381788212806,0.8888430595397949
248,23686_cba4f679_0,0.0003131849516648799,0.9702982902526855
249,35147_bc9f2c5d_0,0.002065465319901705,0.666569709777832
250,136337_1351909b_2,0.002731071785092354,0.9351301789283752
251,139222_2c10ca9a_1,0.00024353741900995374,0.9790492057800293
252,139379_fe5c3f64_0,0.00010840934555744752,0.996003270149231
253,33084_344fec27_2,9.79663964244537e-05,0.9981558918952942
254,24775_d5c98d77_0,8.426682143181097e-06,0.7402337789535522
255,56344_3a89f085_23,0.00021483827731572092,0.9800887107849121
256,135112_cf8007b8_5,0.000491695012897253,0.9878930449485779
257,50706_20d07d57_2,0.00097612728131935,0.9906460642814636
258,51744_cd355565_5,0.0006740508251823485,0.979810893535614
259,51464_da501c24_0,0.0005398992216214538,0.8935854434967041
260,126572_a2d6f794_23,1.4225610357243568e-05,0.507656455039978
261,70021_e673ae54_2,4.303595778765157e-05,0.9379922747612
262,25144_31b089b6_5,0.00019036143203265965,0.913775622844696
263,24715_55aac5f2_2,1.0945014764729422e-05,0.08882856369018555
264,24532_f82f8000_2,0.0004999245284125209,0.5952919125556946
265,30664_a3084f71_1,0.0008519039838574827,0.643829345703125
266,81145_5c13a8e9_1,0.00014222982281353325,0.8547264337539673
267,132037_2abb8c63_10,5.171871816855855e-05,0.762258768081665
268,50414_ac159b58_2,8.807459380477667e-05,0.996799111366272
269,21601_360ce1c7_7,0.0001816662261262536,0.9966984987258911
270,22119_27e3ecbe_9,0.0004416760930325836,0.9863038659095764
271,145120_74f7316f_0,0.0018572889966890216,0.9160292148590088
272,74574_c302ff1f_0,0.00023801605857443064,0.6873831152915955
273,52443_085efc00_4,0.00013316579861566424,0.9564881324768066
274,147546_ede0f31c_3,0.001717813778668642,0.9628527164459229
275,22492_047b125b_21,0.0008902806439436972,0.9793371558189392
276,72313_5a86e234_0,0.0013443311909213662,0.9743198752403259
277,45589_49e3c7ea_2,5.996185427648015e-05,0.9981918931007385
278,83432_a7f85698_0,0.00011649847874650732,0.9973832964897156
279,32775_a79b406b_0,3.522038605296984e-05,0.6608244180679321
280,121703_69c4a5ac_3,1.8709290088736452e-05,0.9322104454040527
281,80901_e9080573_6,0.0006273845210671425,0.9755162000656128
282,21809_8bd6b10e_3,0.0025105453096330166,0.9447428584098816
283,49396_98ab955d_15,0.0004038139886688441,0.9614966511726379
284,33766_14917a4a_19,0.00047301326412707567,0.9894755482673645
285,26661_ab88a525_8,0.00024240951461251825,0.9932044148445129
286,44030_17bd5ec9_0,0.0005025097052566707,0.3822614550590515
287,53221_74fa81cd_7,0.0002609399671200663,0.7744390964508057
288,21887_3306168f_7,0.0012133707059547305,0.8791000247001648
289,86185_85fde9e6_0,0.0003713119949679822,0.9432522654533386
290,87951_500b1dcd_2,4.204941069474444e-05,0.9549859762191772
291,22276_69c5036b_11,0.0006598103209398687,0.9827368855476379
292,41721_44151488_5,0.0005587233463302255,0.9482654929161072
293,102293_5d04e48d_0,0.0006021311855874956,0.971431314945221
294,77687_cbb18594_20,3.603255390771665e-05,0.9500178694725037
295,133248_1bab99ae_0,0.0005395810585469007,0.762141227722168
296,24051_4852a192_2,0.00038382411003112793,0.9868258833885193
297,86806_2993395a_1,7.625139551237226e-05,0.9352677464485168
298,38558_b0d6b3f8_1,0.00012144844367867336,0.9975073337554932
299,140549_7d01813c_0,0.00022140877263154835,0.9929764866828918
300,24559_3c306e71_1,0.000802778173238039,0.876525342464447
301,70350_751de4b0_13,0.0010116671910509467,0.5879029035568237
302,39101_23fec10f_8,0.0016380812739953399,0.8257265090942383
303,24942_9d1b2ff2_8,0.000367467146134004,0.99571692943573
304,30850_05d88af9_3,0.0007161400862969458,0.9880914092063904
305,113358_08641c94_4,0.0005385966505855322,0.9832635521888733
306,21234_8b71bd47_27,0.0002228734956588596,0.9193693995475769
307,26245_4aac38e1_21,9.277094068238512e-05,0.7847588658332825
308,66072_d301cc88_0,0.0005056684021838009,0.78132164478302
309,21894_93f0d052_23,0.0005715301376767457,0.9435483813285828
310,147816_7fb70c2b_2,0.0005041643162257969,0.947118878364563
311,49120_4131d1e7_1,0.00011368065315764397,0.9772403240203857
312,52224_ca16c854_4,0.0004627864109352231,0.9339141249656677
313,105762_19e04e0b_1,7.46001533116214e-05,0.4110972285270691
314,30400_8824ce97_36,0.0003510286333039403,0.949438750743866
315,95199_ffcff41e_0,0.00020589660562109202,0.7890431880950928
316,50417_199cffee_3,6.522562762256712e-05,0.9492350220680237
317,24544_d06c82dd_5,0.00017906846187543124,0.9970365762710571
318,22604_565b91f5_2,9.912673704093322e-05,0.9958640933036804
319,22788_b6a9e30a_4,4.637360689230263e-05,0.988411545753479
320,45789_d5126eab_14,0.00035570759791880846,0.9273381233215332
321,37267_b2be4b50_3,6.186724021972623e-06,0.3774738907814026
322,34330_5eff1ee1_3,0.0003101660404354334,0.9638022780418396
323,137999_d934160e_1,1.5000638995843474e-05,0.8839620351791382
324,134921_f5efde94_27,6.609981937799603e-05,0.9392276406288147
325,53470_39f2e9dc_8,4.318878927733749e-05,0.5154789686203003
326,23497_f292546d_25,0.0007686330354772508,0.9680542945861816
327,22289_4b848f64_2,0.00012864102609455585,0.9825774431228638
328,31392_84b62622_2,0.00039478286635130644,0.9670984148979187
329,51347_1fc6f329_0,0.0007022460922598839,0.8422436714172363
330,50777_2934de55_6,9.663552191341296e-05,0.9965523481369019
331,32841_954e8c1a_0,4.583174450090155e-05,0.9527154564857483
332,31530_6744ae73_3,0.0002635971177369356,0.9961309432983398
333,65827_d1469ad6_1,7.158514199545607e-05,0.46428418159484863
334,145461_30637b22_8,3.4779666748363525e-05,-0.3901737928390503
335,31973_093ea963_13,0.00012841002899222076,0.9500111937522888
336,70355_e5f58cd5_14,0.00032322522019967437,0.9684774875640869
337,77687_cbb18594_40,8.510675252182409e-05,0.6239892244338989
338,24392_fce351ea_0,0.00010516355541767552,0.9436219334602356
339,36853_7efccb8c_3,0.0005282229394651949,0.9279049634933472
340,41644_d15f8e2b_5,5.5716805945849046e-05,0.7128779888153076
341,131762_9b5e5ff5_2,0.00032739006564952433,0.9802291393280029
342,82193_96ef9433_2,0.00020046358986292034,0.996876060962677
343,31347_386f6298_15,0.0007399205933324993,0.9826021194458008
344,34568_fbe47bf9_0,0.00010480400669621304,0.6999936103820801
345,115624_fe3eb392_3,0.0005770025891251862,0.9867953062057495
346,130446_e7b58dbe_0,0.0007161490502767265,0.9711064100265503
347,104641_2cd02839_33,2.888239578169305e-05,0.9369020462036133
348,31460_39fdfc6a_7,0.000689105421770364,0.8448915481567383
349,95541_ced8f936_0,0.00019608788716141135,0.9957738518714905
350,23126_725969ea_17,0.0002528055920265615,0.9732898473739624
351,23676_52069f98_5,2.2798700229031965e-05,0.9141443371772766
352,137637_ed9c537d_0,0.00037729836185462773,0.9067075252532959
353,22474_b10fea1a_2,0.0004898736951872706,0.9881343245506287
354,143017_21d96cc2_10,0.0005874746711924672,0.9153102040290833
355,105270_34f92afd_1,5.505776061909273e-05,0.9227772951126099
356,95622_0a0787e4_4,0.0002526637108530849,0.9962263107299805
357,55854_13f0399b_0,0.0005671264370903373,0.9877936840057373
358,22118_1e09e0eb_5,0.000720059615559876,0.9692901372909546
359,146717_3e6a84c1_7,0.0007444092771038413,0.988841712474823
360,63132_330141d7_3,9.797215898288414e-05,0.9801307320594788
361,115633_fd3c9b97_46,6.423352169804275e-05,0.8676950931549072
362,21644_aa203dc5_29,0.00029647175688296556,0.9272297620773315
363,79791_00f639ca_15,0.00015831956989131868,0.9973345398902893
364,60711_42b5a13e_1,0.00043297617230564356,0.9520509243011475
365,137483_cdb8989d_0,0.00019295181846246123,0.9959713816642761
366,21644_aa203dc5_26,0.0005650661187246442,0.9024749398231506
367,131876_b2384623_0,0.000192793901078403,0.8755194544792175
368,23706_ef15ef9c_10,0.0003118583408650011,0.9522907733917236
369,68948_0d2a01cd_9,0.0005643673939630389,0.9841712117195129
370,145137_4e9eef42_1,0.00037721265107393265,0.9241333603858948
371,30426_2cde26de_20,0.00046304852003231645,0.9947308897972107
372,31378_34c52a73_0,0.000141562195494771,0.9606999158859253
373,92134_52f13f49_4,0.00011352098226780072,0.923385500907898
374,119634_fc722479_1,0.0002721514320001006,0.99625563621521
375,24032_d6172503_24,0.0005709809483960271,0.7609403729438782
376,136401_69f29349_4,3.807688699453138e-05,0.40919846296310425
377,41871_f9a1ad02_26,0.0004046638496220112,0.9692734479904175
378,48220_87941c4e_116,0.0007031547138467431,0.8959454298019409
379,115012_9ed88535_2,0.0004616114019881934,0.8156274557113647
380,69488_025cf0a2_1,0.00048567517660558224,0.9967076182365417
381,147427_69f68da4_3,4.1082468669628724e-05,0.8861346244812012
382,33766_14917a4a_32,0.00029008727869950235,0.9895649552345276
383,51747_3d58eae0_0,0.000380250858142972,0.9489426612854004
384,33785_a4c23f61_0,0.0009951578686013818,0.9962456822395325
385,114935_797875fe_2,0.0008936155936680734,0.967490017414093
386,51775_49ef614a_26,4.897254621027969e-05,0.9129276275634766
387,38196_ea48fa42_3,5.065389268565923e-05,0.40743595361709595
388,140413_44177109_21,4.301223725633463e-06,0.9212838411331177
389,27676_79237cc5_1,0.00045430019963532686,0.8513771295547485
390,52883_e518d3f4_33,0.00011153547529829666,0.9978028535842896
391,34347_841c5375_2,2.8677597583737224e-05,0.4169211983680725
392,55289_292737cb_0,0.00016917093307711184,0.9967522025108337
393,50606_82cb18e2_0,0.00016479242185596377,0.993523359298706
394,30407_efa567f2_4,0.00022843237093184143,0.9944919943809509
395,31647_ab9ad9dc_13,0.0004549348377622664,0.9559265971183777
396,24896_58b4730f_17,0.00022163196990732104,0.9586622714996338
397,23602_5daaccf5_4,0.0007229010807350278,0.949508547782898
398,27725_5cceaeb7_10,0.0001247067702934146,0.7409189939498901
399,127734_395dcf7d_5,0.0012205943930894136,0.801522970199585
400,31957_d864f861_3,0.0014389571733772755,0.7067640423774719
401,49415_1671b60c_4,0.000286123831756413,0.7324643731117249
402,45110_fae73324_4,0.00027759038493968546,0.9851861596107483
403,22343_34184fd5_18,0.00015543763583991677,0.4082401394844055
404,22848_cc91b848_38,2.128630057995906e-06,-1.4537365436553955
405,73652_23b21ef2_1,0.00021785570424981415,0.9956192374229431
406,65569_bd890a32_1,9.680258517619222e-05,0.07148635387420654
407,48220_87941c4e_111,0.0006810376071371138,0.880725085735321
408,30394_e30f932c_0,0.0006175323505885899,0.9646663665771484
409,21941_1a683ec2_26,0.00034996744943782687,0.9853859543800354
410,25564_e646fcb3_1,4.315617115935311e-05,0.8542560338973999
411,134053_87a32e31_3,9.83204081421718e-05,0.7317178845405579
412,87950_af56e26e_2,0.00029085532878525555,0.9787122011184692
413,51458_54240b70_17,5.930865154368803e-05,0.9344909191131592
414,40688_effe215a_1,0.0004978631623089314,0.9876713156700134
415,131494_c8a441d0_0,0.00010606432624626905,0.9793460965156555
416,26768_c4df841f_21,0.000545174116268754,0.36139076948165894
417,136892_2d5f55a9_0,0.00041020193020813167,0.9100474119186401
418,54652_d60ac3e0_10,0.0006757493247278035,0.9633384943008423
419,51747_3d58eae0_1,0.0003466195485088974,0.8583033680915833
420,54650_df3655c1_0,4.1167615563608706e-05,0.5491088032722473
421,41125_711db4bf_58,0.0003525379579514265,0.9607861638069153
422,45418_f603706b_2,0.00018722763343248516,0.9526440501213074
423,21852_6cf9a734_18,0.0006416806136257946,0.9945154786109924
424,122515_758d8b70_6,1.405354396410985e-05,-10.605233192443848
425,104081_05ba54fa_2,0.0005736914463341236,0.7590606808662415
426,41672_cf87e0b6_0,0.0002654003619682044,0.959038496017456
427,22638_37f9fe91_1,2.4715434847166762e-05,0.9269826412200928
428,24559_3c306e71_3,0.0003780089900828898,0.9313408732414246
429,31589_ac31215d_8,0.00015630730194970965,0.9172869324684143
430,49603_143b8bd2_35,0.0003108888049609959,0.9753944873809814
431,127965_c64a91da_0,0.00038010207936167717,0.9016273617744446
432,36062_f2fb6808_1,6.324036075966433e-05,0.4155324101448059
433,139280_8874b1ab_18,0.00012517627328634262,0.8797162771224976
434,30997_24dea167_4,0.0006395622622221708,0.9423112273216248
435,143471_eb185912_5,2.3951884941197932e-05,0.7547564506530762
436,23176_1bf2a2d5_10,0.0004081753722857684,0.9831244945526123
437,98299_b8146029_5,0.00033635227009654045,0.9708706736564636
438,23466_1cf60d09_4,0.000928821973502636,0.9740282893180847
439,41591_2d0bd0d5_3,0.0003133846039418131,0.9889835119247437
440,134929_9049dcec_1,0.00010511273285374045,0.943636417388916
441,41785_e8bf0528_0,0.0008646928472444415,0.9623211622238159
442,31460_39fdfc6a_6,0.000478434405522421,0.9897541403770447
443,133710_00be7f31_1,0.0004438593168742955,0.9490700960159302
444,24532_f82f8000_0,0.0001889136474346742,0.958446204662323
445,21234_8b71bd47_3,4.9160636990563944e-05,0.9255821108818054
446,35175_6edc4126_5,0.0003903066390193999,0.9886899590492249
447,20495_e8e7e80c_1,7.386658398900181e-05,0.9138712286949158
448,76546_c17e95aa_2,0.00012484249600674957,0.2656543254852295
449,41654_e75f89df_0,0.0003331993066240102,0.981915295124054
450,109772_f1a0845e_6,4.101080048712902e-05,0.976303219795227
451,34913_d23e2a24_0,0.00031477745505981147,0.9825114607810974
452,25203_1cc0cb3c_12,0.00041095472988672554,0.9931415319442749
453,37160_2a95674a_4,0.0004815706342924386,0.9685637950897217
454,69240_dc199112_4,0.0005406460841186345,0.8973058462142944
455,25176_d9130589_0,0.00016617198707535863,0.9781607985496521
456,69235_fe79a369_0,8.812580199446529e-05,0.8020829558372498
457,39468_15fb2e60_9,0.0003643973614089191,0.9471352100372314
458,103284_e25015aa_6,4.261495632817969e-05,0.6603645086288452
459,30377_e18ea3de_0,8.292804704979062e-05,0.9328176975250244
460,66080_f578d52b_4,0.0005003466503694654,-1.5716426372528076
461,37444_52b27e94_14,0.00022649651509709656,0.9655057191848755
462,38675_6e07d74b_31,0.0007126897689886391,0.9774489998817444
463,21680_360ba5c7_28,0.00027503009187057614,0.979961633682251
464,142032_5c32b7db_2,0.0002727516693994403,0.9949775338172913
465,44210_a155c2d1_0,0.0009302995167672634,0.9792911410331726
466,38287_88ec74de_92,0.00020791211863979697,0.9693061113357544
467,29572_2f9283f2_4,0.00021545810159295797,0.9839504957199097
468,28300_b3a6ab79_10,0.0003435263060964644,0.9881215691566467
469,136129_e6a20c7d_5,4.801544127985835e-05,0.9263286590576172
470,119381_e4d13609_0,0.0006566679803654552,0.975155234336853
471,30729_b4d83b07_4,6.36913182461285e-06,0.8692110180854797
472,140413_44177109_11,0.0004243027069605887,0.9800442457199097
473,26384_83eddf22_0,0.00020645342010539025,0.9842373728752136
474,82285_e7a738e7_2,0.0008561678696423769,0.9286863803863525
475,108599_347602af_0,0.0002763876982498914,0.9914051294326782
476,119889_41a6f268_1,6.594171281903982e-05,0.9026857018470764
477,55006_94230c00_1,0.0001823671191232279,0.99429851770401
478,21517_bfe35b4c_10,6.418085104087368e-05,0.9705068469047546
479,20818_098cad7c_6,4.7456909669563174e-05,0.9491789937019348
480,41855_b82e6ae8_6,0.00019317289115861058,0.9776697158813477
481,137166_90691294_8,5.014089765609242e-05,0.9667019248008728
482,69561_f274e705_26,0.0002194533299189061,0.9894198775291443
483,51579_d0c3e154_0,0.0004112996393814683,0.9825958609580994
484,23676_52069f98_4,0.00026840914506465197,0.9915483593940735
485,31962_e5291336_1,0.00018677429761737585,0.994473934173584
486,57222_33b428d7_1,6.914984987815842e-05,0.9486634731292725
487,51586_2ad96f8c_17,8.870641977409832e-06,0.8933026790618896
488,41473_c2137170_32,0.00026035099290311337,0.959423303604126
489,31123_9a1bfc50_2,0.0002849720185622573,0.9784799814224243
490,23211_3aac9c7e_0,0.00021034148812759668,0.9605887532234192
491,45798_b573e9da_5,0.0009320902172476053,0.9519521594047546
492,27847_d2436f7c_37,5.798699930892326e-05,0.932978093624115
493,54736_6ee1b513_1,0.00028732113423757255,0.7517678737640381
494,132901_7d205bb4_9,0.00022365455515682697,-0.4828702211380005
495,73762_8c704690_0,0.0005436219507828355,0.926692545413971
496,23209_1592b0a4_1,0.0003924103220924735,0.9727863073348999
497,49024_b7f02205_2,6.0871821915498e-05,0.845670223236084
498,147630_7f858240_15,0.0002811392769217491,0.950469434261322
499,69337_2c778611_11,0.00012860340939369053,0.9243005514144897
500,82498_92a00cd6_1,0.00017328860121779144,0.9463079571723938
501,78775_e2d8b091_1,0.0004487413680180907,0.9391351342201233
502,40067_95ae6c76_9,0.00032766431104391813,0.964897871017456
503,80756_6f2e842f_0,0.0003475972916930914,0.9292749762535095
504,25284_1da7aa8a_0,0.00016032617713790387,0.9682745337486267
505,55605_2f8bc12e_62,0.00029313424602150917,0.9899747371673584
506,39792_60786b6c_15,0.0003951492253690958,0.9920672178268433
507,34063_0ca1585e_2,0.00046232042950578034,0.700329065322876
508,31664_1e85c690_13,0.00028884364292025566,0.9917410612106323
509,131193_98f3ac52_1,0.0002587783383205533,0.8842568397521973
510,120221_e2eaa34b_2,0.0015852763317525387,0.45603054761886597
511,130286_1f71bfed_3,0.0009917746065184474,0.7045401334762573
512,118342_e8142153_21,9.118566958932206e-05,0.9663020968437195
513,128043_9f8cd69e_1,7.259480480570346e-05,0.8999890685081482
514,41504_85e300ee_1,1.9281096683698706e-05,0.9169760942459106
515,78863_d59be42e_0,0.0006717302603647113,0.9192482829093933
516,31733_5118b376_3,0.0007313482346944511,0.9947810173034668
517,22208_e177deb7_5,0.00032521519460715353,0.9223064184188843
518,24026_1dd4094b_43,0.00021511809609364718,0.8118637204170227
519,73388_10a40b49_1,0.0005137055413797498,0.9697590470314026
520,138219_cdff4f61_0,0.00038118715747259557,0.7484316825866699
521,49399_dc56d180_1,0.00010122933599632233,0.9981067776679993
522,41306_8f26e703_3,8.919106767280027e-05,0.9692590832710266
523,51590_034b8b08_14,0.0003801603161264211,0.9935709834098816
524,48402_8c965495_4,3.160649066558108e-05,0.9545342922210693
525,26388_a3367cba_0,0.0003198240592610091,0.9601342082023621
526,28300_b3a6ab79_6,0.00018774019554257393,0.9937188625335693
527,43938_418421a7_0,0.00039854540955275297,0.8193392157554626
528,41520_60018d18_0,1.931893712026067e-05,0.8609017133712769
529,137869_344b239b_0,7.814785203663632e-05,0.8161748051643372
530,41648_577daf16_0,0.0014122833963483572,0.9395460486412048
531,31347_386f6298_10,9.139588655671105e-05,0.9982703924179077
532,82190_24b1b0fe_12,0.0012564973440021276,0.7799504399299622
533,33741_4a973932_1,0.0005406172131188214,0.9103705883026123
534,42005_3da46d94_0,0.00013297295663505793,-1.97749924659729
535,132982_ee1eed2f_0,0.00033431308111175895,0.9857239127159119
536,23898_6e740393_29,0.00010459783516125754,0.793895423412323
537,105831_88a0fb85_6,8.393290045205504e-05,0.9981694221496582
538,31278_749a6317_0,6.324302376015112e-05,0.9620115756988525
539,51586_2ad96f8c_4,5.4862142860656604e-05,0.974952220916748
540,57000_cd1ddece_14,9.123737254412845e-05,0.9628114104270935
541,50692_e7ff2668_8,0.000481847848277539,0.9828622341156006
542,65346_e89312e5_0,0.000266792718321085,0.5968062877655029
543,38840_0e449caf_4,8.945098670665175e-05,0.9768985509872437
544,29573_ca59fbbf_5,0.00042256806045770645,0.9957399368286133
545,30164_c5680724_12,0.00032404906232841313,0.9828990697860718
546,138620_e21e10ee_0,3.39246034855023e-05,0.971088707447052
547,50305_caf9cef2_34,0.00033567362697795033,0.41917872428894043
548,83396_fdb2987a_0,0.0004945016116835177,0.9821723699569702
549,28379_7e292343_4,0.000503293878864497,0.9889107346534729
550,33529_756075a0_32,0.0008441920508630574,0.9372698664665222
551,109857_1d24326e_42,2.4847915938153164e-06,0.8761740326881409
552,22772_2b5f6629_6,0.0001697316620266065,0.9972145557403564
553,34600_e2685d46_2,0.0001045368771883659,0.99617999792099
554,122344_ab1b06aa_2,0.00039884389843791723,0.9927896857261658
555,123573_5f5c9584_1,0.00040469333180226386,0.6734963655471802
556,35166_562b126c_20,5.147299452801235e-05,0.998007595539093
557,51350_138f893a_1,1.866325328592211e-05,0.820991575717926
558,137785_67c3085b_16,0.0006474379333667457,0.9840674996376038
559,50417_199cffee_12,0.0005726180970668793,0.9723366498947144
560,22194_a5c323b9_3,0.00015106209320947528,0.9753546118736267
561,42329_df7f540f_18,0.00021957207354716957,0.9770981073379517
562,41779_25e4203d_6,0.00016949241398833692,0.7417755722999573
563,51094_40aa8332_20,0.0010596795473247766,0.9602287411689758
564,109762_cb162371_38,0.00055187992984429,0.9709480404853821
565,45922_26941172_9,0.0002952930226456374,0.9491604566574097
566,34587_ed155e93_0,9.814451914280653e-05,0.997180163860321
567,69589_a468c1b4_0,0.000490419624838978,0.9896451234817505
568,44921_00dfb467_0,0.00010690266208257526,0.9739241003990173
569,82672_4705a693_0,0.00039110120269469917,0.8257606029510498
570,26778_a71e88a6_0,2.4827657398418523e-05,0.9330756664276123
571,69488_7bfb2b67_0,8.385673572774976e-05,0.9976698756217957
572,22686_afe3a61e_0,6.365362060023472e-05,0.6067334413528442
573,109772_5faa88e8_5,0.0002868592564482242,0.8037781715393066
574,43938_418421a7_147,0.00032767647644504905,0.9549846053123474
575,141694_b5ac3112_3,0.0009463916649110615,0.6352338790893555
576,31973_093ea963_16,3.4874621633207425e-05,0.9781039357185364
577,26858_e90dc419_25,2.2701615307596512e-05,0.8686273097991943
578,131350_bbdad30d_0,0.0001905181270558387,0.8913730382919312
579,35741_c43475b8_1,0.00020563145517371595,0.9283378720283508
580,30690_3df2c9e2_1,0.0004341964377090335,0.9629806280136108
581,122758_5f4efbf0_2,0.0001963653921848163,0.9870800971984863
582,37822_3be11c62_0,5.984741437714547e-05,0.9745535254478455
583,91174_ee6ee92b_1,0.00015420893032569438,0.9638705849647522
584,23676_52069f98_31,0.0003843957092612982,0.9961279034614563
585,27958_fee329eb_1,0.00014037551591172814,0.9619218707084656
586,144534_3b4fdb09_18,0.00203685462474823,0.4308549165725708
587,30292_0b5e0265_1,0.0005390715668909252,0.9926615953445435
588,111062_e59e2d31_0,0.0018176204757764935,0.979343831539154
589,135790_a27f9deb_77,0.00014763581566512585,0.9712442755699158
590,65842_de75838b_10,0.00011892269685631618,0.9751219749450684
591,22475_9d9601a8_3,0.00011243751214351505,0.37316805124282837
592,119884_192e3265_0,0.0005160457803867757,0.9229807257652283
593,51463_3330e3aa_2,0.00046353944344446063,0.9518991708755493
594,23231_efe613bb_4,0.0009721689275465906,0.9502074122428894
595,22895_4533b542_2,0.00012167062959633768,0.9813116788864136
596,146219_5661130f_4,0.0002568203490227461,0.9944265484809875
597,38953_19054857_19,0.00032787228701636195,0.7086247205734253
598,21847_b2de7eb8_24,0.0009768191957846284,0.9338026642799377
599,51603_034939eb_12,0.00020238629076629877,0.8752502799034119
600,24843_5231632c_4,0.00011658947914838791,0.9274649620056152
601,41982_f75ceb8f_4,7.47300437069498e-05,0.4315166473388672
602,42937_c573c439_2,0.00014002007083036005,0.4114224314689636
603,61288_2d594195_0,0.0006409629713743925,-0.05368304252624512
604,55006_94230c00_0,0.0005906340084038675,0.4118117094039917
605,49898_f42a885e_5,0.0002546296746004373,0.9944501519203186
606,55709_af3825c8_4,0.0007109516300261021,0.9768602848052979
607,144117_83c980ca_2,5.537621473195031e-05,0.80722975730896
608,40417_b8d98f73_7,5.717491148971021e-05,0.9619541168212891
609,53200_d1e30b87_11,0.00012556595902424306,0.8623183965682983
610,147009_977ee378_4,1.642676943447441e-05,0.8549340963363647
611,63056_a5dfd66b_4,7.896371971582994e-05,0.8573270440101624
612,22205_f48b96b3_10,0.0002101311256410554,0.9521474838256836
613,51585_b695905b_4,0.00026357939350418746,0.9941638112068176
614,24084_71f37c00_1,0.00021483829186763614,0.956883430480957
615,25815_0e853ad9_10,0.00013250659685581923,0.9917140603065491
616,55030_11a6e3e8_3,0.001132143777795136,0.9897697567939758
617,23042_1184de03_5,0.00024106491764541715,0.9929851293563843
618,39719_e9629dbd_4,2.8580991056514904e-05,0.6856299638748169
619,51256_ed221095_2,4.209328835713677e-05,0.9529770612716675
620,25810_93c8a71a_3,0.0002673465642146766,0.9897786378860474
621,22208_e177deb7_1,0.000482552481116727,0.9662343859672546
622,115624_d0acb46b_22,0.00020983525610063225,0.9966972470283508
623,30708_4282508b_0,7.59716840548208e-06,0.882411539554596
624,31117_cd5cdbdb_12,0.0001570944004924968,0.9321785569190979
625,41733_1ec9b00c_32,2.3728222004137933e-05,0.9299531579017639
626,111387_c4243097_2,0.00010950731666525826,0.8512673377990723
627,119869_e8f0dd81_19,4.3918396841036156e-05,0.9669480323791504
628,34569_590239d6_0,0.0004806126235052943,0.9779386520385742
629,136318_130d6a06_23,7.428254320984706e-05,0.9075336456298828
630,145132_7aea3b66_4,0.00026056147180497646,0.9965896010398865
631,41878_3aeaed3d_0,0.0009554688003845513,0.8446242809295654
632,34583_a1cf326b_0,0.00012549839448183775,0.9977031350135803
633,116581_d405b783_0,0.0013263975270092487,0.9819786548614502
634,24044_9bbe7992_3,7.626866863574833e-05,0.9048081040382385
635,22194_a5c323b9_2,0.00047691003419458866,0.9570194482803345
636,142076_08d80e12_21,3.731835386133753e-05,0.8348903656005859
637,55817_6ac2912d_7,4.9065856728702784e-05,0.4708911180496216
638,21165_5cb2d287_2,2.791294173221104e-05,0.9411832690238953
639,39796_45dcdc7d_0,0.0008174962131306529,0.9893978238105774
640,33044_7fdd9213_1,0.0007415953441523015,0.9803480505943298
641,23731_3fe5b501_6,3.281238241470419e-05,0.9495618343353271
642,32743_f4c47bbc_31,0.00023709749802947044,0.9779603481292725
643,108775_4908fba2_21,0.00021032150834798813,0.9813092350959778
644,21941_1a683ec2_19,0.000503199000377208,0.9628611207008362
645,27682_04277f62_18,0.0005240095197223127,0.9759354591369629
646,25815_0e853ad9_4,0.00014476744399871677,0.990658164024353
647,30261_723e95cf_2,0.0001880405325209722,0.9920744299888611
648,21385_601444ba_102,0.0005729565746150911,0.9730491042137146
649,30368_d7fd30ce_7,0.00020523977582342923,0.9225984811782837
650,55605_2f8bc12e_3,0.0002194898115703836,0.9641697406768799
651,24650_dad8c8ee_15,6.887689778523054e-06,0.7851076126098633
652,34227_48203345_7,0.00027425913140177727,0.9923538565635681
653,113348_ac85cba3_1,0.0003652759187389165,0.9607728719711304
654,26552_25c5924a_1,0.0001225104642799124,0.9530875086784363
655,55381_cbaffe9b_0,0.0001201164341182448,0.9667485356330872
656,55817_6ac2912d_25,0.00029379467014223337,0.9921921491622925
657,138947_0778db40_4,0.00010972216114168987,0.957091748714447
658,52788_07f7da63_0,0.0002388895081821829,0.9406989216804504
659,70355_e5f58cd5_6,4.5382403186522424e-05,0.923574686050415
660,51744_cd355565_8,0.0006751709734089673,0.8615763187408447
661,41227_90e1c07c_16,0.00033987616188824177,0.991441011428833
662,45359_1768ab3f_42,0.0015974657144397497,0.8314082026481628
663,41783_d1c10326_3,0.0001470987481297925,0.5267862677574158
664,32960_0eaa1de8_13,2.0263645637896843e-05,-0.4628746509552002
665,34674_32ee1595_3,0.002515435451641679,0.9146828651428223
666,136885_23632908_1,0.0007682379800826311,0.7258393168449402
667,136808_00592735_3,8.684903150424361e-05,0.9811056852340698
668,45589_49e3c7ea_5,8.15065941424109e-05,0.998322069644928
669,141665_0564e852_3,0.00046788036706857383,0.8882728815078735
670,50897_3be92e2f_18,9.142985072685406e-05,0.9978649020195007
671,84256_4164b724_3,7.366103091044351e-05,0.9293237328529358
672,22994_e6ad8f2b_10,0.0007738074054941535,0.9712812304496765
673,28295_0dc908b9_8,0.00013053092698100954,0.9591130614280701
674,23329_6939d5d9_5,0.0002584372996352613,0.7133095264434814
675,123665_0a0da5c7_3,1.7263095287489705e-05,0.8652393221855164
676,121172_0ac63503_7,0.00040199776412919164,0.92387455701828
677,50941_2a8a8c76_0,0.00010399775783298537,0.9979376196861267
678,37846_cde34fcd_66,0.0005113544757477939,0.9141772389411926
679,56040_9b1307eb_21,0.0018006492173299193,0.7195391058921814
680,146535_229c95bc_1,4.939117934554815e-05,0.7736971378326416
681,50947_49287c16_2,0.0004668917681556195,0.9923685789108276
682,95622_0a0787e4_5,0.00011534067743923515,0.9375784993171692
683,25432_f13e5110_0,8.609478391008452e-05,0.9972887635231018
684,32454_e959e3cf_0,0.0003317291266284883,0.9906641840934753
685,65858_61e9b51a_18,0.0006949861999601126,0.8414535522460938
686,70350_751de4b0_3,0.0007482345681637526,0.8965599536895752
687,129239_0d49310c_15,9.416731336386874e-05,0.9641091227531433
688,31008_8fa25b35_8,0.00017467260477133095,0.9631165266036987
689,55306_795d845b_2,2.7646885428112e-05,0.8242856860160828
690,29729_e8bb36f1_2,0.00033108892966993153,0.6098418831825256
691,67283_4097cbd6_5,0.00016658879758324474,-0.416428804397583
692,23904_811e466f_4,3.441262379055843e-05,0.9711290597915649
693,116076_12d31fb7_1,0.0002981793659273535,0.9551295042037964
694,45302_02d7e3bc_0,0.000534406746737659,0.8655861616134644
695,60977_4bb093ec_1,0.00036669251858256757,0.9836601614952087
696,49017_76979790_8,0.00028357969131320715,0.9462504982948303
697,146321_0dbae658_10,6.431704605347477e-06,0.3518674969673157
698,102194_150e3faf_3,5.933858119533397e-05,0.9981825947761536
699,34769_44655d03_5,9.430260251974687e-05,0.8945533037185669
700,38953_19054857_6,0.0002772402949631214,0.7724259495735168
701,55397_ad24603f_1,3.015646325366106e-05,0.9686980247497559
702,21908_385686ec_15,0.00036935030948370695,0.9821716547012329
703,60721_57103153_4,0.0002052957279374823,0.6713184118270874
704,98701_7cd4ec8d_0,0.0008687893860042095,0.9842193722724915
705,91703_642cdf1a_1,0.00021685184037778527,0.9959210157394409
706,26661_ab88a525_5,0.0021570150274783373,0.45588892698287964
707,51940_67bb0219_21,0.00010261698480462655,0.7813173532485962
708,22543_684108ff_22,3.073008338105865e-05,0.9694634079933167
709,145250_cde4d039_8,0.00010735008982010186,0.8791438937187195
710,20232_e5b060d9_6,3.948236189899035e-05,0.9283273220062256
711,128043_d4650350_0,0.0003916501591447741,0.994740903377533
712,140530_30edf2c4_0,0.0004718122072517872,0.6018196940422058
713,131814_9af6d05a_0,0.0002235519204987213,0.966384768486023
714,26245_4aac38e1_9,9.92518980638124e-05,0.9585389494895935
715,30282_88c6933c_14,0.0006503834156319499,0.9750463962554932
716,32322_71d0035e_1,0.00014872808242216706,0.9923689961433411
717,131762_d10609a4_1,0.0006903784233145416,0.9688155055046082
718,54812_5f7b7aba_2,7.000826008152217e-05,0.9692657589912415
719,135830_8fb36dac_4,0.0010039606131613255,0.9555457830429077
720,139280_8874b1ab_4,4.3698950321413577e-05,0.906134843826294
721,49904_639055dd_1,0.00014678871957585216,0.9831754565238953
722,53601_59d3ecd2_0,0.0007923809462226927,0.96751469373703
723,50047_54241fe3_12,0.00015993157285265625,0.9876205325126648
724,136925_70fb0381_3,0.00029452622402459383,0.9819764494895935
725,87488_95f678ce_0,0.00043414856190793216,0.9904152750968933
726,137166_90691294_2,5.3006904636276886e-05,0.9647526144981384
727,44030_17bd5ec9_11,4.030564014101401e-05,0.9361326098442078
728,137396_b5f6bec4_5,8.785628597252071e-05,0.9973612427711487
729,21900_760d2078_10,0.0007230885094031692,0.9895256161689758
730,21185_ac5324ba_5,0.0006055267876945436,0.9811149835586548
731,31132_2320d049_4,0.0001533017202746123,0.9972115159034729
732,82281_80cdf67c_4,2.0897881768178195e-05,0.9472801089286804
733,38287_88ec74de_15,9.072489774553105e-05,0.9982430338859558
734,136128_831e37a6_0,0.0004599095555022359,0.948836088180542
735,21330_f0cee934_18,0.00014270632527768612,0.9063314199447632
736,34109_5a868eae_10,0.0002647236979100853,0.9746902585029602
737,21174_861bd902_2,0.00036221451591700315,0.9684306383132935
738,49783_365bec9e_6,0.00040632110903970897,0.9878108501434326
739,24429_ace910b3_8,2.339411594221019e-06,0.8630886673927307
740,22772_2b5f6629_4,0.00020567984029185027,0.9474122524261475
741,53927_ef5208b9_14,0.001066109980456531,0.9555844068527222
742,56250_3b6024e3_54,0.0005420625093393028,0.9881541132926941
743,23522_5c2ec58e_8,0.0006196409231051803,0.9804750084877014
744,121177_93fb3127_10,3.943499905290082e-05,0.9284371733665466
745,138840_b7f948ea_2,0.000343023071764037,0.9650868773460388
746,41125_711db4bf_6,0.000593742763157934,0.9859567284584045
747,102606_28922dfc_0,0.0001326137426076457,-0.3943648338317871
748,31530_6744ae73_50,0.0010759528959169984,0.9808040857315063
749,50598_eae0df5a_1,1.5098834410309792e-05,0.9723915457725525
750,145726_19ccdbda_12,0.00018757701036520302,0.9398478269577026
751,41469_b94cf3e4_0,0.00037514843279495835,0.9231055974960327
752,147009_977ee378_1,0.0004043069202452898,0.9611381888389587
753,24267_8a216138_10,0.000318924750899896,0.9741079211235046
754,63071_3d434a33_16,0.00024917995324358344,0.9867052435874939
755,34436_ffc43a58_4,0.00010904583177762106,0.9059309363365173
756,50692_e7ff2668_4,0.000443233031546697,0.8224003911018372
757,146642_883a71d2_9,0.0009038617718033493,0.9857259392738342
758,109772_f1a0845e_7,0.00035209927591495216,0.991783618927002
759,136640_16741d62_1,0.0006047477363608778,0.84645676612854
760,21680_360ba5c7_11,0.0005274034338071942,0.7857237458229065
761,27729_09d75da1_2,0.0002642341423779726,0.9924733638763428
762,82148_5df06ed9_19,0.001522418693639338,0.8942463397979736
763,55287_8a57a3db_1,0.0010617313673719764,0.9346834421157837
764,53221_74fa81cd_5,0.00017653884424362332,0.9153367280960083
765,30417_0010bc7c_39,0.0003715210477821529,0.970999538898468
766,23706_ef15ef9c_40,0.00019768891797866672,0.9717841744422913
767,140763_e14274f8_3,7.704398012720048e-05,0.9416751265525818
768,23602_5daaccf5_3,8.059195533860475e-05,0.9869353175163269
769,30282_88c6933c_9,0.00033061247086152434,0.9792025685310364
770,56824_0fc773f6_0,0.000517271866556257,0.9705113768577576
771,42410_d3b5588e_1,9.182625944959e-05,0.9860482811927795
772,55055_dd27a8a4_0,0.00012564865755848587,0.9977003335952759
773,115633_a2c63339_6,0.0001879662595456466,0.7919108271598816
774,73651_a41647f8_5,2.067852437903639e-05,0.9198408722877502
775,33413_060ce192_32,0.0003655104374047369,0.971921443939209
776,97331_a482fa9b_0,0.0012060442240908742,0.7451383471488953
777,23476_705b76d1_0,4.997841460863128e-05,0.9980451464653015
778,32566_7bfc936b_6,0.0010634647915139794,0.9899490475654602
779,41717_eb1c1e6b_0,0.0005800975486636162,0.9535132646560669
780,60720_ef9a0a95_8,0.00039313806337304413,0.15973562002182007
781,138700_ab763a46_202,3.2308480513165705e-06,-0.7829709053039551
782,38287_88ec74de_17,0.0027358061634004116,0.5500696897506714
783,135535_0bd0048d_0,0.0009260962251573801,0.9860518574714661
784,21797_69df08d5_7,0.0025657920632511377,0.9795719385147095
785,65350_b3fa8f4f_47,0.0006938314763829112,0.9968066215515137
786,41714_1d49f4d1_3,0.0008286068914458156,0.9074115753173828
787,66012_a13e1644_1,0.00027874839724972844,0.881791353225708
788,22652_564979ff_11,0.0003286957507953048,0.7556650638580322
789,25127_ecba81df_23,0.0005902718985453248,0.614780604839325
790,47548_db93c988_4,5.926509402343072e-05,0.8550170063972473
791,55927_f8b31711_5,0.0005070182960480452,0.9728824496269226
792,31647_ab9ad9dc_2,0.0003512839903123677,0.9525173902511597
793,41128_ee74f244_8,0.00084055116167292,0.7699525356292725
794,20959_d4905d19_4,7.925854151835665e-05,0.9805546998977661
795,52009_a2b75078_3,0.00032196278334595263,0.9967573881149292
796,22201_473a3a65_16,0.000623062311206013,0.9155935645103455
797,29442_365e23df_30,0.0002853581972885877,0.9919289946556091
798,51859_6b2fd0f1_8,0.00014180009020492435,0.9951574802398682
799,140413_44177109_15,0.00010938340710708871,0.9029775857925415
800,21822_7d3db422_11,0.00046722759725525975,0.9870169162750244
801,24168_a0ede173_100,0.00012082091416232288,0.9128044247627258
802,145532_c2304f89_1,0.0004691398935392499,0.9343051314353943
803,104641_2cd02839_13,1.697544394119177e-05,0.9342043399810791
804,23679_81ef9e37_2,0.00021767783618997782,0.9481348395347595
805,95271_de3df8d5_2,1.9545361283235252e-05,0.9058902263641357
806,41401_e4117da2_0,9.164894436253235e-06,0.8003013134002686
807,48006_babdf4af_9,0.00029668674687854946,0.9965642690658569
808,142246_0851be5e_32,0.000532777514308691,0.9911587834358215
809,33615_7bab1106_4,0.00038467004196718335,0.9745464324951172
810,31117_cd5cdbdb_18,0.00021629701950587332,0.9967259764671326
811,34914_8911676d_0,0.00021122324687894434,0.9825867414474487
812,55501_a09e4ced_2,1.4569312043022364e-05,0.45272982120513916
813,41128_ee74f244_9,0.00025431555695831776,0.9158150553703308
814,142246_0851be5e_22,0.0012965034693479538,0.7648553252220154
815,22413_901f5867_0,6.969898549868958e-06,0.9789054989814758
816,56490_0a0fba77_0,0.00020125186711084098,0.9429172277450562
817,93676_4f934980_1,0.00033576402347534895,0.2556488513946533
818,146642_883a71d2_96,0.0006174241425469518,0.9326090812683105
819,24032_d6172503_3,0.00019755825633183122,0.9665088057518005
820,44221_25c62f03_1,0.00010551275045145303,0.9980457425117493
821,50315_0f1419bf_33,0.0006713091861456633,0.9348428249359131
822,133389_0938a905_2,0.00014377098705153912,0.9635119438171387
823,24824_cf51e5b6_4,0.000270864024059847,0.9491876363754272
824,33970_32f36442_3,0.00033361927489750087,0.9895963072776794
825,29359_bbfab271_2,0.0003488972142804414,0.9385790824890137
826,23172_4ab01e83_0,0.00014651610399596393,0.9964392185211182
827,98511_1b46a85e_45,0.0003237448399886489,0.9909011721611023
828,98511_1b46a85e_46,0.00042689312249422073,0.9874492883682251
829,34248_cc11976c_0,0.0003410470380913466,0.9873989820480347
830,104003_46555fb2_0,0.00036430603358894587,0.18987995386123657
831,34520_035b5e9a_8,6.156437302706763e-05,0.9788413643836975
832,38397_93d5d7de_12,0.0008797331829555333,0.9878117442131042
833,130023_93b3ca95_1,0.0006200483185239136,0.7817573547363281
834,83213_47c49876_1,0.0001468412228859961,0.9831697344779968
835,43928_6ca53538_63,0.0007245609886012971,0.9831504225730896
836,82779_b7b722e3_9,0.0003784304135479033,0.9548029899597168
837,134967_0f27ef51_1,0.00015063839964568615,0.8873021602630615
838,86024_714b24f4_1,4.90540151076857e-05,0.9980782866477966
839,40807_58058731_11,0.00024127194774337113,0.96361243724823
840,26750_cd3cb3ff_0,0.00041987161966972053,0.9927166700363159
841,126913_d253adb7_2,0.000653841532766819,0.8709916472434998
842,24268_2804c9ff_13,0.0008580434368923306,0.9776816964149475
843,45542_320c16fd_3,0.00012677225458901376,0.9974796772003174
844,22342_274ed8a6_1,0.000355203403159976,0.9230722188949585
845,133385_e6aa64d8_17,4.924675158690661e-05,0.8025854229927063
846,143509_1dd5212d_3,0.00039637074223719537,0.9883095622062683
847,47989_3ff0f41d_0,0.0008169813081622124,0.9767585396766663
848,21822_7d3db422_14,0.0010155329946428537,0.9853355288505554
849,21517_bfe35b4c_12,0.00011417928908485919,0.8006858229637146
850,52883_e518d3f4_10,0.00014010857557877898,0.9772528409957886
851,41871_f9a1ad02_14,0.0010738074779510498,0.8925762176513672
852,37016_455093c1_2,0.0001051290673785843,0.9436412453651428
853,31117_cd5cdbdb_78,0.00027417251840233803,0.9978739023208618
854,129239_0d49310c_22,2.4475250029354356e-05,0.9289377927780151
855,30400_8824ce97_6,0.0012096208520233631,0.9747087955474854
856,53233_8dbca22c_8,0.0003657596535049379,0.9743438959121704
857,40514_bb61631d_25,0.00023567210882902145,0.9478615522384644
858,24053_53349e4d_2,5.4188469221116975e-05,0.9302613735198975
859,41917_f0c40fa1_16,0.00034998485352844,0.9917205572128296
860,22543_684108ff_5,0.0011926296865567565,0.9527184367179871
861,138636_c1153075_0,9.985344513552263e-05,0.910866916179657
862,24448_75004b6c_6,0.00014110305346548557,0.995507538318634
863,24831_bbd3e098_8,3.191179348505102e-05,0.9687294363975525
864,53221_74fa81cd_3,0.00012348225573077798,0.9666194915771484
865,76879_65a30a82_4,9.554254938848317e-05,0.8438138961791992
866,108773_f9384cff_10,2.9896817068220116e-05,0.6844791769981384
867,33671_0e9c6ca3_5,0.00012510092346929014,0.9900639653205872
868,93103_fdb9fcb7_15,0.00014118076069280505,0.9923820495605469
869,137675_d2bd633e_0,0.0002512723149266094,0.8426300287246704
870,21893_0500d043_32,0.00042505914461798966,0.7221111059188843
871,22110_0bc70e9f_1,0.0006529370439238846,0.5987340807914734
872,43152_b5472481_1,0.00012021899601677433,0.95485520362854
873,115717_40314bc2_1,0.00043612992158159614,0.9618933200836182
874,102943_ca9e7968_0,3.56617929355707e-05,0.951474666595459
875,136401_69f29349_0,0.0005528830224648118,0.6332669258117676
876,28542_3c922564_0,0.00023271919053513557,0.9151383638381958
877,24267_8a216138_6,0.0005507849855348468,0.9697939157485962
878,84374_272a9731_7,0.00038786925142630935,0.9488612413406372
879,23531_1ecc8346_18,0.0012197305914014578,0.988102376461029
880,41871_f9a1ad02_30,0.0005805175751447678,0.9824050664901733
881,132461_14abd2d0_0,1.794553463696502e-05,0.49901115894317627
882,37617_3f415463_2,2.8768339689122513e-05,0.9529902935028076
883,41696_de0790a1_1,0.00031524503719992936,0.9929996728897095
884,54657_2a66e0de_20,0.00015729361621197313,0.9855563640594482
885,24425_0dc4b306_0,0.0005477860104292631,0.9463531970977783
886,146667_fe438b5b_0,0.0001053163650794886,0.9959946274757385
887,23048_8a1a5553_8,3.749559255084023e-05,-0.008870720863342285
888,51871_86ebf5b2_17,0.00034149011480621994,0.937484622001648
889,30664_a3084f71_6,0.0006836585234850645,0.9580498933792114
890,139801_97e2ca6a_5,0.00016035531007219106,0.9671685099601746
891,22278_12f1fb79_13,0.000509236881043762,0.9668706655502319
892,22776_facf9bcf_8,0.000640151440165937,0.9782118201255798
893,40500_6055e3d7_15,0.005986229050904512,0.9402951002120972
894,35740_5322d674_13,9.763085108716041e-05,0.9406047463417053
895,39792_60786b6c_12,0.0005041106487624347,0.9816988706588745
896,115524_4a411f7e_0,0.00040833422099240124,0.9072412848472595
897,24131_3ea7d5a8_17,0.000579600571654737,0.9720426797866821
898,100326_0602c712_2,0.00035232838126830757,0.9888085722923279
899,34571_25c64838_2,0.0008776002796366811,0.9479860067367554
900,143534_4f65fd1a_0,0.0003466639027465135,0.8827958106994629
901,101446_95204330_1,0.00012450190843082964,0.9210737943649292
902,41749_14d0599c_10,8.017166692297906e-05,0.7660205364227295
903,55715_525d1d3e_12,0.00018886002362705767,0.4398064613342285
904,45307_b9b4bca0_30,0.00045887083979323506,0.9967135787010193
905,22654_4c426b0f_0,0.00038393205613829195,0.9519222378730774
906,22670_9353c710_4,0.0002702552010305226,0.9171231985092163
907,99445_94c22a37_11,0.00022339567658491433,0.9966808557510376
908,132811_57264a28_4,0.00019829215307254344,0.9838002920150757
909,23258_87a2ba81_3,7.20877360436134e-05,0.8860512971878052
910,50777_2934de55_22,0.0002477513044141233,0.9912053942680359
911,98418_4185a7fb_0,0.00016519463679287583,0.995997965335846
912,43441_e1ab0873_2,6.747060251655057e-05,0.182428777217865
913,24271_dbc0fd2d_12,0.0001140724343713373,0.9748910665512085
914,38944_0d0c3fce_0,0.00033259944757446647,0.9978452920913696
915,40624_e1c5c424_11,1.0093834134750068e-05,0.7457765340805054
916,100028_0c3a8f1c_13,0.0002556110266596079,0.9967121481895447
917,40491_ac67bf4c_13,0.000178594229510054,0.996649980545044
918,25416_1deb9c75_0,0.0003459472209215164,0.9401158094406128
919,21657_2651585a_6,0.0002148221101379022,0.9886136054992676
920,21986_67c5509a_15,0.00023016762861516327,0.9714422225952148
921,32288_34013274_2,0.0007013800786808133,0.881285548210144
922,55373_ddd74d2f_0,0.0010597347281873226,0.8631324172019958
923,26245_4aac38e1_0,0.0002009346499107778,0.9884868264198303
924,33044_7fdd9213_0,0.0001277651754207909,0.9771876931190491
925,31530_6744ae73_48,0.0007503853412345052,0.9927512407302856
926,25555_fd3d9a3c_1,6.260968075366691e-05,0.9120995402336121
927,54175_7d864ace_6,0.00010808987281052396,0.9757264256477356
928,72950_5074f5a3_0,0.0003347192541696131,0.778732180595398
929,129618_2962c248_0,0.0009425118332728744,0.9842582941055298
930,52012_77070fda_10,1.6407344446633942e-05,0.9742692112922668
931,28295_0dc908b9_7,0.00017567664326634258,0.9528083801269531
932,144419_90e59d67_2,1.7238809959962964e-05,0.8094919323921204
933,22734_f6bad9f7_24,0.001089965458959341,0.9662678837776184
934,22604_0b4ffb43_14,0.00012564865755848587,0.9977003335952759
935,81996_b3752ed2_3,4.565409471979365e-05,0.9590291976928711
936,24504_493cee15_8,0.0004728836065623909,0.9811707139015198
937,39124_28e99e62_1,0.00010021738853538409,0.887234628200531
938,29725_0ad4937e_1,4.7699133574496955e-05,0.9137830138206482
939,109232_04340d62_6,6.405438762158155e-05,-0.16518115997314453
940,129075_8fbf62e5_0,0.00022196986537892371,0.8243367075920105
941,102937_18c3cb6a_4,0.00036056688986718655,0.987358033657074
942,52551_8098346a_5,0.00029471106245182455,0.48734724521636963
943,128043_6947b64c_0,0.0006752979825250804,0.961016833782196
944,119030_292009a7_41,0.00020397669868543744,0.970078706741333
945,48526_5aecac8a_0,0.0003490696253720671,0.9412209391593933
946,32541_86f7df73_4,0.00026446921401657164,0.7484023571014404
947,55114_7bf17f6a_0,0.0012173560680821538,0.9117487668991089
948,55285_6816da52_1,0.0009026223560795188,0.9804651141166687
949,37683_e2cca100_17,5.087201498099603e-05,0.9199076294898987
950,78775_e2d8b091_15,0.001269926899112761,0.9584779143333435
951,93199_2146e709_2,0.00022360360890161246,0.9736016392707825
952,135595_656de97a_14,7.566739805042744e-05,0.9457495212554932
953,24284_3710e946_16,0.00013086560647934675,0.9970352053642273
954,135521_30553c91_2,5.4989395721349865e-05,0.20246446132659912
955,29732_fb15318c_5,8.210175292333588e-05,0.9220085740089417
956,88060_389bdff4_0,0.0002844456466846168,0.9826902747154236
957,27839_4a077326_28,0.000445810379460454,0.9889538288116455
958,100435_87bf423d_8,8.975089440355077e-05,0.9982314705848694
959,25365_bb0e4ede_44,0.00012192110443720594,0.8270841240882874
960,146169_144d8264_0,0.0004474846937227994,0.997583270072937
961,23342_7193a931_3,2.3375645469059236e-05,0.9311321973800659
962,57000_cd1ddece_12,0.00011023761908290908,0.9977959990501404
963,119790_1ed376f0_3,0.00016281210992019624,0.8223072290420532
964,72522_e9e87960_4,0.00017625423788558692,0.9966917634010315
965,65366_f618b577_2,0.0003148558607790619,0.7259283661842346
966,55707_c78416ed_35,0.00045706130913458765,0.9761141538619995
967,70321_eccffc7e_0,0.000590647105127573,0.8469887971878052
968,120143_b5756e6b_0,0.000709816871676594,0.9014260768890381
969,27726_aca43af4_35,3.0204137146938592e-05,-0.4033161401748657
970,31361_72aab333_20,0.001658898894675076,0.47278499603271484
971,121949_e10b5e85_12,0.0003481022431515157,0.9903852939605713
972,146399_0e4b73c4_13,0.000317775848088786,0.9934763312339783
973,41134_fc146947_6,0.00025420470046810806,0.881158709526062
974,21237_7887a24b_35,0.0001924754906212911,0.20427179336547852
975,24885_55e20ddf_3,5.8445395552553236e-05,0.942257821559906
976,34914_8911676d_23,0.00011876432108692825,0.9788927435874939
977,21803_8a36dcda_12,0.0008380370563827455,0.9719580411911011
978,41306_8f26e703_5,1.2951286407769658e-05,0.8601886630058289
979,25118_f50fdc69_10,2.2131413061288185e-05,0.967676043510437
980,25473_0991d519_9,0.00017963332356885076,0.9955017566680908
981,126585_86fa26cb_0,5.414012412074953e-05,0.9331377148628235
982,145691_69484976_9,0.0001907315745484084,0.9828509092330933
983,60729_c51868ec_0,0.0004394626594148576,0.7578993439674377
984,123929_e7dbad2c_0,0.0003211422299500555,0.847453773021698
985,69649_70b07cac_0,9.06600835151039e-05,0.9979974031448364
986,55135_f1186d58_9,3.082444527535699e-05,0.9615973234176636
987,20838_86c931be_2,0.000290082476567477,0.963934063911438
988,45242_626509cb_11,0.0002738036564551294,0.8790050745010376
989,34983_439766af_13,0.00039822139660827816,0.995857834815979
990,53453_fb0f1640_1,0.00114062475040555,0.9653738141059875
991,23255_972fbfe6_25,0.0002276314189657569,0.9928248524665833
992,24168_a0ede173_203,0.0005093621439300478,0.99716717004776
993,55476_1473d91f_0,0.00025032024132087827,0.8723851442337036
994,55111_ef389075_1,0.0005633246037177742,0.9784692525863647
995,141710_17531562_1,0.0002593750541564077,0.9782221913337708
996,96601_b89e6252_1,7.470822311006486e-05,0.6027061939239502
997,135790_a27f9deb_43,0.004459364339709282,0.9428660869598389
998,121363_746708db_0,0.0004096236953046173,0.84239262342453
999,136886_3aa46890_0,0.00011631331290118396,0.9566313028335571
1000,50315_0f1419bf_19,0.0004006015369668603,0.9944897294044495
1001,37846_cde34fcd_14,5.195346602704376e-05,0.41259634494781494
1002,24816_ef81ad4c_1,0.00018273689784109592,0.9346567988395691
1003,75646_4baf69b2_7,0.001360746449790895,0.9809452295303345
1004,140155_81f9ac63_0,0.00010857702000066638,0.9729112982749939
1005,51603_034939eb_10,0.00047582012484781444,0.9736397862434387
1006,30435_c97330d2_0,2.3050466552376747e-05,0.9610257148742676
1007,27839_4a077326_27,0.0002589536306913942,0.9859198331832886
1008,55627_971fde61_34,0.0008187342900782824,0.9367038607597351
1009,134909_ef3d003c_0,5.345487443264574e-05,0.9475592970848083
1010,33413_060ce192_51,7.430217010551132e-06,-0.029474258422851562
1011,22245_ca848576_12,0.0001700580323813483,0.8013990521430969
1012,52039_ba12c3ac_1,9.253233292838559e-05,0.9981500506401062
1013,39707_358f88df_2,0.0001394862774759531,0.8514614105224609
1014,50014_33f250c8_3,0.0007369662635028362,0.9932777285575867
1015,52987_387431ac_1,0.0005002071848139167,0.965654194355011
1016,33501_b1ee5058_15,8.988592162495479e-05,0.9982125759124756
1017,82168_4844bddd_1,0.00015698830247856677,0.9788036942481995
1018,30384_95e72fc2_4,9.010606299852952e-05,0.007618308067321777
1019,23554_a0845d54_2,0.00011454900959506631,0.9042454361915588
1020,23800_65e0a5d1_0,0.0002480324183125049,0.21832752227783203
1021,41128_ee74f244_0,0.0001479105994803831,0.8515061736106873
1022,143019_22dbd3e6_2,0.0004255095846019685,0.9864997267723083
1023,79993_6087acd5_8,0.0007541973609477282,0.9761406779289246
1024,21422_b2a6bf27_0,0.00018818763783201575,0.9968973398208618
1025,25487_dd2c17e8_21,0.000475363020086661,0.5779149532318115
1026,22654_4c426b0f_10,5.4442665714304894e-05,0.6343944072723389
1027,30368_d7fd30ce_6,2.565344220784027e-05,0.45133644342422485
1028,57249_6bd2af3c_2,6.331203621812165e-05,0.9976644515991211
1029,57029_3ab80a22_0,0.0004273313097655773,0.9152260422706604
1030,79906_052c7eb4_3,0.00047640723641961813,0.8967318534851074
1031,82996_b8dc67c9_10,5.8446559705771506e-05,0.9193418622016907
1032,119884_192e3265_1,0.0009186528041027486,0.5810260772705078
1033,21225_c081eae3_10,0.0009194966405630112,0.9472833275794983
1034,121949_e10b5e85_1,0.0002896159130614251,0.9267152547836304
1035,81994_ba8916c9_5,7.449092663591728e-05,0.9349107146263123
1036,22447_4062c6cb_29,0.0001574973139213398,0.9973431825637817
1037,55044_ee57bac8_1,8.179262658813968e-05,0.689236044883728
1038,41871_f9a1ad02_13,0.0015650650020688772,0.9912099838256836
1039,74688_a5168a45_2,2.0159970517852344e-05,-3.331648349761963
1040,23218_02d26ab4_4,3.920406743418425e-05,0.9098289608955383
1041,41205_dc60aa5d_0,0.00012693493044935167,0.9684434533119202
1042,41979_ca698776_0,0.0002966042375192046,0.9391692280769348
1043,141453_50ec6f25_7,0.00016277287795674056,0.9953891634941101
1044,97143_5424c420_0,0.00018906453624367714,0.9514787793159485
1045,41986_26275a06_2,7.195003854576498e-05,0.9932175278663635
1046,136800_c5e4d711_2,6.190250860527158e-05,0.9153883457183838
1047,101635_11b839a3_5,7.016384188318625e-05,0.42517441511154175
1048,55866_b041060d_0,0.00016695665544830263,0.9897812604904175
1049,53846_89405f98_0,0.0005346074467524886,0.8907737731933594
1050,27725_5cceaeb7_1,0.0007595086935907602,0.931470513343811
1051,146137_92faaea5_9,0.000594473269302398,0.9523681402206421
1052,41211_11f6b8a0_4,5.998100095894188e-05,0.9752974510192871
1053,21330_f0cee934_46,9.699817019281909e-05,0.9980607032775879
1054,127188_5fecd146_4,2.1953354007564485e-05,0.9698339700698853
1055,135949_06517574_8,1.2142111700086389e-05,0.874123215675354
1056,68928_0d4e4a2e_24,0.0006822687573730946,0.9570989608764648
1057,50410_f8f03667_38,1.754197455738904e-06,0.8792324066162109
1058,142999_171240b6_21,4.632247146219015e-05,0.9657499194145203
1059,144709_642fc665_0,0.00035759381717070937,0.9648581743240356
1060,53232_f8760054_10,0.00010629883036017418,-0.01736927032470703
1061,22372_e91792a1_0,3.2235871913144365e-05,0.5865740180015564
1062,21767_53eaa558_12,0.0026314752176404,0.9659949541091919
1063,32220_1fd19c5e_0,4.271203943062574e-05,0.9561187624931335
1064,22886_a6331748_1,0.00022447180526796728,0.9793910980224609
1065,130996_b842b511_12,0.0001436420134268701,0.9867603182792664
1066,55571_74a416b1_1,7.04196427250281e-05,0.4026544690132141
1067,70169_914780d4_1,0.000359291210770607,0.8631821870803833
1068,23156_7788f78a_6,0.0004225671000313014,0.996942400932312
1069,124496_20e20439_10,7.331860979320481e-05,0.8388553857803345
1070,76300_7cb02add_1,0.000409044063417241,0.9394311308860779
1071,21647_6b6cca6f_10,0.0002472514461260289,0.8650482892990112
1072,22734_f6bad9f7_23,0.0008297167951241136,0.965435266494751
1073,94176_0a6c42ab_2,3.244183517381316e-06,0.4046230912208557
1074,24048_d731886d_9,0.00030385784339159727,0.9665075540542603
1075,25487_dd2c17e8_30,0.000856806815136224,0.6126928925514221
1076,115717_40314bc2_4,2.733497785811778e-05,0.9110854268074036
1077,125592_875faf40_0,0.0008381103398278356,0.9610977172851562
1078,41871_f9a1ad02_44,0.000580050575081259,0.9590206146240234
1079,146642_883a71d2_8,7.751284283585846e-05,0.9810881614685059
1080,136883_076fbff9_31,5.100929774926044e-05,0.8312722444534302
1081,60766_fb8715eb_3,0.0002781889634206891,0.9796561598777771
1082,30818_33617072_0,0.0019117349293082952,0.90320885181427
1083,130679_7a357a9c_18,0.0008730544941499829,0.94864422082901
1084,55306_795d845b_0,2.6603383957990445e-05,0.9429696798324585
1085,135934_d2f6bb2e_33,4.346639980212785e-05,0.9420501589775085
1086,111054_e45a0d40_7,0.0022526562679558992,0.978209376335144
1087,36826_d9269c2e_10,0.00033260066993534565,0.9774082899093628
1088,37619_ae810a8d_7,9.689523722045124e-06,-3.4253735542297363
1089,22343_34184fd5_22,0.00013880725600756705,0.570385754108429
1090,113020_de552f8d_0,0.00017458538059145212,0.8908258676528931
1091,20216_89b90993_0,0.0021819560788571835,0.854637861251831
1092,23325_292b3294_16,0.0008961596759036183,0.9147441983222961
1093,23522_5c2ec58e_9,0.0003491335082799196,0.9734912514686584
1094,146624_359752bb_20,1.2551979125419166e-05,-5.327703475952148
1095,104990_11b4aeee_1,0.00016539939679205418,0.996219277381897
1096,90917_4670b560_0,0.0014689014060422778,0.9714515805244446
1097,54818_59adf8c2_5,0.00025515741435810924,0.7793349623680115
1098,34109_5a868eae_3,0.0003095688298344612,0.49494248628616333
1099,23161_e7f63a9f_2,0.00023204188619274646,0.9790039658546448
1100,37160_2a95674a_27,0.0005937067908234894,0.7925719022750854
1101,61280_8bdbc90f_0,0.0003924914344679564,0.985903799533844
1102,55083_dac1f9cc_2,0.00019038707250729203,0.9841502904891968
1103,34341_d19b12fb_14,1.1961265045101754e-05,0.881032407283783
1104,54516_ac9e2ef4_61,0.0007132100290618837,0.8815733194351196
1105,24559_3c306e71_2,0.00011467034346424043,0.7665713429450989
1106,105831_88a0fb85_1,0.0002407725405646488,0.9908521175384521
1107,32743_f4c47bbc_19,0.0007222522981464863,0.865795373916626
1108,40500_6055e3d7_18,0.00029954378260299563,0.9856211543083191
1109,22862_f5406bb0_0,0.00023933977354317904,0.9961497783660889
1110,141081_ae61ec46_0,0.00022740389977116138,0.9967080354690552
1111,135112_cf8007b8_4,0.0007335961563512683,0.9888712167739868
1112,131442_1512d9ff_5,3.143885260215029e-05,0.9334682822227478
1113,145132_7aea3b66_1,0.0007583066471852362,0.9971298575401306
1114,41871_f9a1ad02_45,0.00037066140794195235,0.9285566806793213
1115,51775_49ef614a_1,0.00032627643668092787,0.9075513482093811
1116,143293_fc5b0ff7_23,7.037974864942953e-05,0.8714194297790527
1117,51547_a7e01c38_6,2.2531805370817892e-05,0.9677173495292664
1118,114021_44c3c39c_2,2.097202195727732e-05,0.9477157592773438
1119,123766_c5a4cf5e_0,0.00013218692038208246,0.15720784664154053
1120,23031_0d684603_8,0.00026788373361341655,0.8845351934432983
1121,132996_c742ef84_4,0.0005190936499275267,0.9279664754867554
1122,137096_5d77f285_1,0.00013561738887801766,0.9838131070137024
1123,27072_b4756e8c_2,0.000477344001410529,0.8920396566390991
1124,51915_e704f5dd_2,0.0006254963227547705,0.9021850228309631
1125,132811_57264a28_13,0.00015831741620786488,0.9973346590995789
1126,49396_98ab955d_13,0.0008819642825983465,0.9016743898391724
1127,132081_761d26ad_0,8.373029413633049e-05,0.997758686542511
1128,82906_7b72e0e8_2,0.00048075479571707547,0.9866062998771667
1129,92649_26fe8262_0,0.00020466154091991484,0.9055761694908142
1130,21803_8a36dcda_11,0.0007491386495530605,0.9798504710197449
1131,30637_f6324fc6_5,8.288429671665654e-05,0.45141953229904175
1132,105560_a6f91315_12,1.9929371774196625e-05,-1.7913281917572021
1133,41737_d80c34b9_0,0.00024052908702287823,0.9856295585632324
1134,34983_439766af_12,7.968628051457927e-05,0.9921611547470093
1135,122755_60c41889_10,4.5481148845283315e-05,0.2711424231529236
1136,76879_65a30a82_2,0.0010020523332059383,0.9910367131233215
1137,89816_cef36e57_4,0.0001803458435460925,0.9970259070396423
1138,49406_100c707b_3,0.00010673548240447417,0.9876928925514221
1139,105560_a6f91315_10,5.6354328989982605e-06,0.8783183693885803
1140,129421_483d2957_5,1.9386325220693834e-05,0.9183186292648315
1141,122740_fc5c94eb_33,0.00019633403280749917,0.9939886331558228
1142,135595_656de97a_5,7.722617010585964e-05,0.9717947840690613
1143,35740_5322d674_5,5.381883511290653e-06,-0.8678752183914185
1144,23681_932e722e_18,0.00014313813881017268,0.9972906708717346
1145,108244_329b1876_17,4.8837950998859014e-06,-0.13475048542022705
1146,125745_cf468448_6,0.00015206400712486356,0.9642444849014282
1147,138838_c9a9e790_6,0.00030640335171483457,0.9404399394989014
1148,102416_b74464a2_4,3.6546312003338244e-06,-0.44962942600250244
1149,30426_2cde26de_21,8.887733201845549e-06,0.9735820889472961
1150,137837_9c9f163d_5,7.631895277881995e-05,0.9196369051933289
1151,25487_dd2c17e8_15,0.001013187924399972,0.8679337501525879
1152,21549_18160a0a_4,2.8206268325448036e-06,0.6018438339233398
1153,21385_601444ba_0,0.00047619882388971746,0.9703760743141174
1154,35233_add576ba_9,0.0013576139463111758,0.9113314151763916
1155,55345_c6423351_0,0.00023471478198189288,0.9620015025138855
1156,110697_4b2725f1_0,0.00016537346527911723,0.996147632598877
1157,109946_242843a6_1,2.3027632778394036e-05,0.4571670889854431
1158,34341_d19b12fb_22,2.0651584691222524e-06,0.7652081847190857
1159,23247_bcd1e84f_21,0.000170918254298158,0.9641121625900269
1160,131765_29b29f08_6,7.001076937740436e-06,0.8483903408050537
1161,21395_7d6fda6f_12,0.00016376875282730907,0.85666823387146
1162,135460_6471e973_15,9.19615849852562e-05,0.9697919487953186
1163,51741_49d61151_7,0.00020288268569856882,0.9926691651344299
1164,28382_90b7cc0c_12,0.00010604356793919578,0.9615346789360046
1165,30850_05d88af9_2,0.0006067370413802564,0.9749709963798523
1166,86278_1e55d036_12,0.0001165779322036542,0.1322891116142273
1167,67240_525e92c1_1,0.00030845936271362007,0.7524879574775696
1168,82002_ef2b4feb_6,0.0001689511409495026,0.9967536926269531
1169,53364_ec8aad42_1,0.001681014196947217,0.9277702569961548
1170,135771_b030a25c_17,0.000550868280697614,0.3627670407295227
1171,135906_29d7b495_1,1.541143501526676e-05,0.9724466800689697
1172,21822_7d3db422_38,0.0001499001809861511,0.8479205369949341
1173,81136_5b86c723_1,2.7854724976350553e-05,0.7954437732696533
1174,25473_0991d519_2,0.0014811964938417077,0.9743742942810059
1175,73405_94381b7c_5,0.00027731034788303077,0.9533871412277222
1176,24009_c40b0d48_2,5.966983735561371e-05,0.9981675744056702
1177,22162_439af02a_1,0.0001106237614294514,0.9978248476982117
1178,146159_f3f80701_0,0.0022847175132483244,0.39082086086273193
1179,51895_5760b481_15,0.0015454009408131242,0.9835518598556519
1180,33500_e58e287e_1,0.0008550045895390213,0.9602007865905762
1181,31838_2e4bd173_0,0.0007940163486637175,0.46924322843551636
1182,146137_92faaea5_18,4.310451549827121e-05,0.62269127368927
1183,124879_2257a334_2,8.487894956488162e-05,0.06842118501663208
1184,144145_510eedc2_7,0.000152210021042265,0.9971792101860046
1185,21237_7887a24b_78,0.0006011063233017921,0.947726309299469
1186,82297_93739ce0_6,0.0005158600979484618,0.8304235935211182
1187,51536_a18dc325_31,0.0001821626938180998,0.1170424222946167
1188,93103_fdb9fcb7_7,9.337165829492733e-05,0.9879475831985474
1189,24590_415f7013_9,8.254913700511679e-05,0.9847052097320557
1190,130659_16f2db4c_0,8.911496843211353e-05,0.9705191254615784
1191,23083_fdb942ac_2,9.918631985783577e-05,0.9958615303039551
1192,23954_a8c09819_2,0.00010938358900602907,0.9978787899017334
1193,30417_0010bc7c_13,0.0002554328821133822,0.9772862792015076
1194,120535_e304dfca_1,0.0002628237125463784,0.9807218909263611
1195,93199_2146e709_9,0.00036564236506819725,0.916039228439331
1196,23686_cba4f679_15,0.0004660345730371773,0.9895544648170471
1197,40807_58058731_20,0.0005888164741918445,0.9940735697746277
1198,94410_d32e7520_35,0.0003877663111779839,0.9903452396392822
1199,79695_fd8bae0e_0,0.0005934435175731778,0.849097490310669
1200,129422_621d0a90_35,0.0005405841511674225,0.746107816696167
1201,44932_16cb7f21_5,0.0033314619213342667,0.9056443572044373
1202,136550_8a8672e5_1,7.403214840451255e-05,0.9792171120643616
1203,20495_e8e7e80c_3,0.00013614345516543835,0.9975650310516357
1204,31962_e5291336_50,0.00018295853806193918,0.8254691958427429
1205,24888_5be1de05_1,8.426339263678528e-06,0.8397380113601685
1206,34114_7e58a97d_10,0.00045070608030073345,0.9826725721359253
1207,108433_37a79370_0,0.00048043043352663517,0.957547664642334
1208,22844_9b75b8e0_1,0.00018408439063932747,0.9923638701438904
1209,115637_b4d41e8a_0,0.0001804769126465544,0.9825286865234375
1210,53474_f29e4438_15,0.0008657873258925974,0.9753708839416504
1211,26766_1aaa348c_0,0.00026338797761127353,0.9626118540763855
1212,51940_67bb0219_7,0.00033824550337158144,0.944725513458252
1213,41714_1d49f4d1_13,2.3271666577784345e-05,0.9082291126251221
1214,21815_7090778f_9,0.0008441214449703693,0.9307268261909485
1215,32843_8e5bdf24_0,0.0018500902224332094,0.9180275201797485
1216,23686_cba4f679_10,0.000533838989213109,0.9334766864776611
1217,114425_891ab08d_0,0.0016254453221336007,0.7973264455795288
1218,41786_02d48cdd_5,0.000312002666760236,0.9517198801040649
1219,22895_4533b542_1,0.0004145953862462193,0.9762381315231323
1220,49016_cd1b47bf_6,0.0013614462222903967,0.9568723440170288
1221,51674_a70c1c6c_3,3.222005761926994e-05,0.9484757781028748
1222,52972_6e5a5ada_11,0.00044111901661381125,0.9812763333320618
1223,120700_d818883a_8,4.911309588351287e-05,0.9335026741027832
1224,34530_9525ffcd_0,0.00037372138467617333,0.9929720759391785
1225,24355_99bf3f8f_1,0.00018053091480396688,0.6503904461860657
1226,56250_3b6024e3_46,0.0006847038166597486,0.9878937602043152
1227,56355_727ca47c_3,0.0003997229505330324,0.9034803509712219
1228,35057_9af89947_1,0.000649519672151655,0.8980244398117065
1229,120881_a946667f_13,7.259591075126082e-05,0.8999874591827393
1230,143021_c6df0146_5,3.148196265101433e-05,0.8246945142745972
1231,69240_dc199112_3,0.0004307508352212608,0.6079561114311218
1232,41733_1ec9b00c_15,0.0006052483804523945,0.8739582896232605
1233,30298_24191733_2,2.7675236196955666e-05,0.8086081743240356
1234,30400_8824ce97_18,0.0002589524374343455,0.9459290504455566
1235,37040_ecbcd25e_36,0.0002073276264127344,0.9440826773643494
1236,23035_6087bb57_4,2.8732267310260795e-05,0.9570017457008362
1237,38675_6e07d74b_26,0.00046683932305313647,0.9935405850410461
1238,31751_e37382e1_9,0.0001419355976395309,0.9848659634590149
1239,54601_e1da5b93_4,0.00013215751096140593,0.9973707795143127
1240,142999_171240b6_29,0.00037829435314051807,0.9713242650032043
1241,137646_14bca880_0,0.00024460884742438793,0.9774101972579956
1242,37519_442dc408_1,4.2176645365543664e-05,0.948459267616272
1243,47195_a8cd8bad_6,0.00024225727247539908,0.9845947623252869
1244,22474_b10fea1a_6,0.000380439538275823,0.9561223983764648
1245,53200_d1e30b87_10,0.00021840599947609007,0.9619953632354736
1246,41472_f9d73638_9,0.00020105045405216515,0.7933505773544312
1247,126397_cc08a23d_1,2.282632158312481e-05,0.9629542827606201
1248,31838_2e4bd173_4,0.00016760939615778625,0.9970119595527649
1249,52006_d21e4570_7,0.00044950301526114345,0.9108970761299133
1250,62109_08c31aa8_0,0.0003683955001179129,0.934355616569519
1251,49403_458914df_0,9.241164661943913e-05,0.9454135298728943
1252,122914_76ff1f5e_2,1.5367611922556534e-05,-0.36775898933410645
1253,34913_d23e2a24_2,4.4639142288360745e-05,0.9800254106521606
1254,104641_2cd02839_15,3.396480678929947e-05,0.9018495082855225
1255,131632_6144b102_1,0.0002409262815490365,0.9971316456794739
1256,30850_05d88af9_0,0.0002991147921420634,0.9765303134918213
1257,86296_8a6ed4d3_7,4.618145976564847e-05,0.8577597737312317
1258,34983_439766af_7,0.0003357211244292557,0.9952172040939331
1259,33374_7491cbf8_2,0.00038631385541521013,0.9962623119354248
1260,50694_afd26bd5_10,0.0002547178592067212,0.9972647428512573
1261,50292_e84db1fb_8,0.00010417002340545878,0.6445273160934448
1262,81367_622a9e51_2,0.00016153804608620703,0.9594370126724243
1263,78966_584c5305_0,0.00018894132517743856,0.9014824032783508
1264,79905_623eae86_1,0.0011361852521076798,0.9906956553459167
1265,63055_6b907478_15,0.00011556879326235503,0.9907810688018799
1266,135771_b030a25c_4,4.876216917182319e-05,0.9386070966720581
1267,41753_9b4f8d8a_0,0.00011049400200136006,0.9978305697441101
1268,80784_f7ec5f70_1,0.00048673860146664083,0.9175249934196472
1269,33607_c6f31fa6_10,0.00030794861959293485,0.9622867107391357
1270,22225_a3ce4d29_42,0.00036099503631703556,0.9612062573432922
1271,51938_8b9cba89_5,0.0011732190614566207,0.9754130244255066
1272,44741_f386a08f_4,0.0010814430424943566,0.967902660369873
1273,70021_e673ae54_4,0.0001721061416901648,0.9972066879272461
1274,55135_f1186d58_7,0.00046521739568561316,0.9583024978637695
1275,31856_2a5a4e32_12,0.0008586624171584845,0.9523678421974182
1276,75303_045fc848_4,0.000179486014530994,0.9724218249320984
1277,129683_3ad38815_10,0.0008994342060759664,0.9894821047782898
1278,21894_93f0d052_24,0.0006220424547791481,0.9496934413909912
1279,143823_1b04bf80_13,0.00037434216937981546,0.9729874134063721
1280,143823_1b04bf80_18,6.925276102265343e-05,0.9329976439476013
1281,111863_c925f4f3_2,0.00010720752470660955,0.8977027535438538
1282,104633_d0a15bd3_6,0.0005340367206372321,0.9552191495895386
1283,48832_22363e53_33,0.0002307513204868883,0.9937671422958374
1284,127466_a18ae326_1,0.0007410217076539993,0.7208218574523926
1285,22211_b1ee53f0_12,0.0005137521657161415,0.9785313606262207
1286,137837_9c9f163d_6,6.17450350546278e-05,0.9831838011741638
1287,122755_b830e22d_17,2.887001210183371e-05,0.6766669154167175
1288,21299_e9cd80a6_12,9.282564860768616e-05,0.8755204081535339
1289,44920_70dd4b80_11,0.0002605291083455086,0.9882133603096008
1290,52987_387431ac_7,0.00024585166829638183,0.9925119280815125
1291,147926_b78316a8_10,0.00016330357175320387,0.8569270372390747
1292,144653_e3eccdf1_50,6.07755318924319e-05,0.9595080614089966
1293,56458_c027ed41_0,0.00023432448506355286,0.9709129333496094
1294,23495_6366269c_11,0.00011355006427038461,0.9977418184280396
1295,70883_e2d6a103_2,0.0001789598900359124,0.997340977191925
1296,32743_f4c47bbc_34,0.0005722633795812726,0.6664634346961975
1297,30910_38ea5a06_2,0.00010348367504775524,0.9824492335319519
1298,56476_466fc284_17,0.0005636285059154034,0.9883418679237366
1299,22604_0b4ffb43_62,9.921276068780571e-05,0.9958604574203491
1300,21534_6367be99_0,0.0006559074972756207,0.7932344675064087
1301,133026_1085532d_1,0.0001497133052907884,0.9619515538215637
1302,137828_0b0786fb_1,0.0002273276331834495,0.9956297278404236
1303,55627_971fde61_27,0.00022443381021730602,0.9716679453849792
1304,93869_8b1922a3_0,0.00020719609165098518,0.9832901954650879
1305,24393_9acd18c6_3,0.000167128600878641,0.996881365776062
1306,44996_b3e9c266_14,4.760675074066967e-05,0.8136913776397705
1307,55300_b9675d43_1,0.00011043860286008567,0.9978315830230713
1308,113352_879844fe_0,0.00036393225309439003,0.9851803779602051
1309,135317_3c58b0d0_9,0.00010565894626779482,0.9023717641830444
1310,115624_fe3eb392_1,0.0011317592579871416,0.9469957947731018
1311,63055_6b907478_21,0.00014866559649817646,0.9945784211158752
1312,40421_032c052f_0,0.0002361883089179173,0.9640993475914001
1313,143029_70554264_3,4.573501064442098e-05,0.9216506481170654
1314,145117_78f63de3_0,0.00042874060454778373,0.8897323608398438
1315,128996_35f2006e_0,0.00011958303366554901,0.4020051956176758
1316,54503_fc6c6963_1,0.00024290589499287307,0.9693210124969482
1317,24657_0168dc6b_1,0.00036501529393717647,0.9910656213760376
1318,130524_13ad16a8_0,0.000732559768948704,0.9963776469230652
1319,142670_33c641dc_3,0.00011354355228831992,0.956863284111023
1320,65375_674ff0b9_11,0.00131618429441005,-0.19829392433166504
1321,23168_7fdf5427_3,7.65841468819417e-06,-2.4983630180358887
1322,41717_ab2075ac_0,0.00011891571921296418,0.9956339001655579
1323,21739_57582b8f_4,0.0001848263927968219,0.9891564846038818
1324,143293_fc5b0ff7_30,0.00012096877617295831,0.9967011213302612
1325,135906_587b5c3d_0,9.909339132718742e-05,0.9401629567146301
1326,138685_fd9b79cd_0,0.00011284845822956413,0.9097644686698914
1327,119921_5621fcb4_0,0.00012893513485323638,0.9782323241233826
1328,49403_458914df_5,0.00025950136478058994,0.9704251885414124
1329,73525_7f6b2f67_2,1.809927744034212e-05,0.9710113406181335
1330,136994_a3a2f50f_3,0.0003574767033569515,0.9597356915473938
1331,31838_2e4bd173_1,0.004043101333081722,0.9124912023544312
1332,35866_d0233b36_6,0.0001551345776533708,0.9973552823066711
1333,53053_d6b4d71c_9,0.0009322449332103133,0.9757963418960571
1334,90220_7baf1e18_1,9.878887794911861e-05,0.8666428327560425
1335,23364_73dd9d4d_10,4.247873221174814e-05,0.9389487504959106
1336,52987_387431ac_3,0.0001684753951849416,0.9861245155334473
1337,51859_6b2fd0f1_4,0.00011398788046790287,0.9366298913955688
1338,51708_867d4509_12,5.438684092951007e-05,0.5288883447647095
1339,93199_2146e709_3,0.00014475159696303308,0.9969309568405151
