case_num,case_name,MSE,R-Square
0000,50417_199cffee_13,0.11355873197317123,0.11543858051300049
0001,48516_2b3135bf_11,0.013619629666209221,0.5395227670669556
0002,41733_1ec9b00c_31,0.024699898436665535,-1.3958981037139893
0003,31664_1e85c690_0,0.008146359585225582,0.5620185732841492
0004,21893_0500d043_18,0.013568878173828125,0.7241296768188477
0005,31607_9a2f8140_6,0.007676067296415567,0.7423501014709473
0006,41774_88a7a483_18,0.014958389103412628,-2.651418924331665
0007,42143_51b31600_4,0.00035314291017130017,0.2864428758621216
0008,23104_3b70eba4_13,0.0049734096974134445,-7.181507110595703
0009,129075_8fbf62e5_2,0.00034260982647538185,0.09588456153869629
0010,41624_a15f83c1_13,0.0031350029166787863,-0.539429783821106
0011,36088_1ea9c8a9_12,0.015040026977658272,0.6491315364837646
0012,126477_6596d136_14,0.0022393118124455214,-1.029759407043457
0013,130441_10c43121_0,0.22463883459568024,-0.14437460899353027
0014,133385_e6aa64d8_21,0.002377560827881098,-0.5598317384719849
0015,26398_b99946da_1,0.04421497508883476,0.4184962511062622
0016,61198_0c99f50a_4,0.0006763292476534843,-41.60649490356445
0017,26661_ab88a525_0,0.0011461066314950585,-0.3246312141418457
0018,129075_8fbf62e5_1,0.012624909169971943,-10.922477722167969
0019,51891_9455ea02_1,0.025288118049502373,0.5987234115600586
0020,34770_6bba5bd4_13,0.01595914363861084,0.6866569519042969
0021,21646_a2dd0d00_53,0.012733105570077896,-0.0584031343460083
0022,68909_4ae1bc2e_1,0.0010664524743333459,-0.0022214651107788086
0023,27866_ece3076e_109,0.005716448649764061,0.09859234094619751
0024,92134_52f13f49_6,0.0033162222243845463,-0.9111690521240234
0025,23342_7193a931_1,0.0012462021550163627,-0.7296435832977295
0026,126572_a2d6f794_14,7.106696284608915e-05,-6.144387245178223
0027,44344_3e0b0b0c_1,0.0004099379002582282,-55.7752685546875
0028,49331_3bf3bb84_4,0.015568848699331284,0.7150126695632935
0029,33971_46bb0373_0,0.007738021202385426,0.011568665504455566
0030,21517_bfe35b4c_1,0.009564545005559921,-12.872525215148926
0031,23165_369d62aa_6,0.030783945694565773,0.628696084022522
0032,81846_2907c980_0,0.007814215496182442,0.653130054473877
0033,24168_a0ede173_111,0.02910546027123928,-1.8747456073760986
0034,53461_a5942665_1,0.0036312215961515903,0.865322470664978
0035,24907_c72322ea_13,0.0017864451510831714,0.32591187953948975
0036,133424_315bcaeb_7,0.0004966838168911636,0.35727089643478394
0037,40490_916e13fe_0,0.010874568484723568,0.6612828969955444
0038,38000_b5822e44_3,0.023914096876978874,0.6375560760498047
0039,138520_f4e0bc0b_63,0.01038974616676569,-8.912301063537598
0040,61294_9255796d_3,0.0006811295752413571,-0.2744884490966797
0041,22176_272891b8_0,0.0020919530652463436,-0.06115245819091797
0042,24815_4f2a57e4_1,0.026605360209941864,0.218766987323761
0043,113343_e692c488_1,0.00041721982415765524,0.37038230895996094
0044,33995_18423507_1,0.001542954589240253,-1.078500747680664
0045,127897_029949fd_6,0.015904275700449944,0.6819788217544556
0046,123181_4e56fb4f_0,0.02266872487962246,0.6715981364250183
0047,22670_9353c710_1,0.0005510135088115931,-2.3580541610717773
0048,128642_4d72bf31_2,0.005494358483701944,-1.9763128757476807
0049,146667_fe438b5b_6,0.04503403976559639,-1.7501657009124756
0050,38260_2a31c6df_2,0.019978761672973633,-1.8156609535217285
0051,24443_996411f9_3,0.01192382350564003,0.7294123768806458
0052,142074_34e02b6d_1,0.000926982902456075,0.7223817110061646
0053,41501_b627682a_15,0.0076036350801587105,0.3355417847633362
0054,24712_da77fe8f_0,0.015217870473861694,0.7152774333953857
0055,32960_0eaa1de8_26,0.018859829753637314,0.6506762504577637
0056,130757_b2c47f8d_2,0.0009686591220088303,-27.950014114379883
0057,104817_6d73dc41_0,0.020128123462200165,-1.2550923824310303
0058,79243_49539d9f_0,0.01409108005464077,0.6964253187179565
0059,82012_c533307b_1,0.000896249373909086,0.16511201858520508
0060,107649_e651c5ca_1,0.001625610631890595,-10.336156845092773
0061,40997_e3c88650_12,0.01015318650752306,0.7395669221878052
0062,143029_70554264_4,0.010847977362573147,-0.4828908443450928
0063,27054_342fcf5c_3,0.001042250543832779,-0.0877995491027832
0064,41648_577daf16_17,0.004011147189885378,-0.5184187889099121
0065,89720_4e65191c_1,0.011823245324194431,0.7135797739028931
0066,75382_1b589ea9_12,0.00016091985162347555,0.5399928092956543
0067,120371_433ba1ca_2,0.015000933781266212,-0.3082616329193115
0068,49024_b7f02205_13,0.006190352141857147,0.7265805006027222
0069,51022_47816098_7,0.07551170140504837,0.22460782527923584
0070,41634_4f5d0edb_0,0.0003548871318344027,0.290363609790802
0071,23170_6ea8ded5_3,0.01998213306069374,0.6655972599983215
0072,69589_cd2fa794_8,0.020726226270198822,-0.35521137714385986
0073,41504_85e300ee_0,0.00964925717562437,-0.31750571727752686
0074,128996_42176b10_0,0.055921416729688644,-3.5261735916137695
0075,38920_e81879c2_7,9.374116052640602e-05,-111.74445343017578
0076,148051_c59af578_6,0.0062978859059512615,0.8284773826599121
0077,65494_16d62db5_0,0.0013994957553222775,-0.8753297328948975
0078,25473_0991d519_0,0.009998336434364319,0.7651029229164124
0079,75270_25a261ef_5,0.017092660069465637,-0.7054979801177979
0080,49613_1b97c07b_12,0.001692566554993391,-16.976503372192383
0081,115633_a2c63339_1,0.015208355151116848,-3.4983291625976562
0082,52366_63042db4_1,0.011643823236227036,0.7349902987480164
0083,30282_88c6933c_5,0.023152900859713554,-1.7698478698730469
0084,53474_f29e4438_12,0.013515613973140717,0.5575181841850281
0085,24026_1dd4094b_21,0.022519255056977272,-1.5687687397003174
0086,21225_c081eae3_2,0.06884915381669998,-8.100432395935059
0087,35057_9af89947_8,0.002557434607297182,-1.0543513298034668
0088,43529_4804941b_20,0.007378766313195229,0.7751308679580688
0089,22103_fd11c71b_3,0.022527379915118217,-1.812983751296997
0090,51536_a18dc325_0,0.0050046746619045734,0.7343921661376953
0091,24230_636208ab_13,0.0247556883841753,-14.201985359191895
0092,41117_1b3271f2_56,0.04101375862956047,0.36668264865875244
0093,140499_419d5823_0,0.0048875967040658,0.5775028467178345
0094,115524_a949e82c_2,0.00021160831965971738,0.17569822072982788
0095,29833_0ed4880f_3,0.01963675394654274,0.6466876864433289
0096,127556_4823a42a_6,0.006345829460769892,-0.06595814228057861
0097,23960_48cc0f21_19,7.907553663244471e-05,-0.10886204242706299
0098,132987_ba18d2eb_11,0.001526162843219936,-1.9223988056182861
0099,51337_f8636fd9_30,0.003352720756083727,-2.78812837600708
0100,40999_cad6be09_18,0.054422423243522644,-0.2866781949996948
0101,136886_99fbdef3_0,0.0016516309697180986,-1.834291696548462
0102,30447_4ed3b778_7,0.30099889636039734,-0.10895407199859619
0103,55811_bc667b2d_13,0.004299809690564871,-0.6369285583496094
0104,41716_d55164d4_1,0.0062187896110117435,-1.1763975620269775
0105,33610_aa697fc9_6,0.0028603968676179647,0.7888666987419128
0106,55095_fa260d33_6,0.04889708012342453,-0.2888956069946289
0107,115639_bc0cc622_0,0.03100327029824257,-1.2699589729309082
0108,20841_1620ae7d_0,0.019437089562416077,-1.6759796142578125
0109,50823_d1830e58_2,0.02495640143752098,-3.940272808074951
0110,109762_cb162371_48,0.004542677663266659,-0.5963079929351807
0111,41387_5f752e39_23,0.02306596003472805,0.14698022603988647
0112,121540_629c716f_0,0.018149975687265396,0.23167544603347778
0113,118539_1dff9cf9_12,0.00042459656833671033,-30.052993774414062
0114,30714_dafa62f6_2,0.06762121617794037,0.11530852317810059
0115,79633_bbbde75f_0,0.010565875098109245,0.7423123121261597
0116,33059_531cfd5e_11,0.005183112807571888,0.15174752473831177
0117,20697_d3e106b4_4,0.00011284741049166769,0.05224752426147461
0118,136062_0027ff97_6,0.006968974135816097,0.35704857110977173
0119,146291_6b0c8db3_1,0.05413933843374252,-0.2599630355834961
0120,45466_5f662bcb_0,0.00035060103982686996,0.2781161665916443
0121,144500_7f600ab6_0,0.011530051939189434,-0.0662163496017456
0122,44996_b3e9c266_4,0.008692472241818905,-0.836005449295044
0123,40713_4c9264ef_0,0.01812727190554142,-1.4186022281646729
0124,132384_0fcab1fa_13,0.0010873157298192382,-0.16970884799957275
0125,33738_77d49563_2,0.02282104827463627,-25.526453018188477
0126,129422_621d0a90_33,0.005754753015935421,-1.708439588546753
0127,115633_fd3c9b97_32,0.00021323210967238992,0.12624233961105347
0128,69337_a122ffde_1,0.023207463324069977,-1.3719677925109863
0129,37241_29f91452_0,0.011171895079314709,0.7415566444396973
0130,141199_9ae000ef_6,0.022319283336400986,-17.86615753173828
0131,147133_92c04b84_4,0.0026810411363840103,-1.358008861541748
0132,77687_cbb18594_50,0.05337168648838997,-35.83950424194336
0133,144290_2a679085_11,0.0007374598062597215,-1.1719262599945068
0134,130825_c59bbbfb_0,0.009418429806828499,0.758975088596344
0135,82512_252da752_6,9.44733910728246e-05,-145.1604766845703
0136,115624_d0acb46b_24,0.035582397133111954,0.6139253973960876
0137,92134_52f13f49_7,0.002697140909731388,-0.6921883821487427
0138,100326_0602c712_7,0.0006789931212551892,-0.07030951976776123
0139,134630_f9e85072_0,0.0082920603454113,-0.9088956117630005
0140,108943_b07b2543_1,0.0034104585647583008,0.4376066327095032
0141,125416_ab456bc3_5,0.022952929139137268,-0.9487398862838745
0142,57222_33b428d7_69,0.00033622566843405366,0.6637234687805176
0143,24650_dad8c8ee_13,0.01783045195043087,0.6840561628341675
0144,41749_14d0599c_1,0.011059483513236046,-0.6451653242111206
0145,49396_98ab955d_27,0.005491985939443111,-2.5855510234832764
0146,136892_e2a0b32c_4,0.0006411349750123918,-15.48594856262207
0147,31962_e5291336_28,0.012292400002479553,0.7317267060279846
0148,34231_e27353cb_0,0.000986861647106707,-0.03759455680847168
0149,112724_d334de09_0,0.06880852580070496,-0.06945979595184326
0150,56486_82b3e23a_21,0.0004657351819332689,-4.415780544281006
0151,40500_6055e3d7_17,0.0004245312011335045,-13.281537055969238
0152,39468_15fb2e60_43,0.000689951644744724,-0.12579870223999023
0153,141710_17531562_7,0.00805575493723154,0.7723256349563599
0154,33529_756075a0_12,0.03599918633699417,-6.0522589683532715
0155,54169_3a875f10_8,0.01165155041962862,0.6926788091659546
0156,41023_5445cb61_9,0.0018854689551517367,-0.6582201719284058
0157,146380_5c569eeb_2,0.015809316188097,-7.497081756591797
0158,24195_9791f5d3_38,0.00042496516834944487,-7.380114555358887
0159,26573_7f7e176d_2,0.08022534102201462,0.28842711448669434
0160,22734_f6bad9f7_25,0.033379990607500076,0.46217280626296997
0161,48112_9538e204_0,0.016278086230158806,0.676878809928894
0162,127545_6fa39158_10,0.1516350358724594,-0.1791536808013916
0163,23788_5c0b60c6_0,0.03412056714296341,-16.91629981994629
0164,23792_5b4c1ce0_21,0.009111423045396805,0.7124979496002197
0165,146067_46e58ab3_1,0.1093527302145958,0.30621200799942017
0166,101072_dec6f415_3,0.003825770691037178,-0.75370192527771
0167,22829_b6649a29_0,0.0005278947646729648,-7.753069877624512
0168,55389_a736bd99_0,0.048206619918346405,-24.60711097717285
0169,30259_d709601c_9,0.04737567529082298,-0.34962618350982666
0170,35866_d0233b36_13,0.0019055679440498352,-19.234357833862305
0171,34563_52848c45_5,0.0062408591620624065,-1.526134729385376
0172,44519_90af0df6_7,0.015962466597557068,-3.656445026397705
0173,114111_59282658_8,0.006757072173058987,-1.3121497631072998
0174,45922_26941172_15,0.0748288556933403,-0.2526184320449829
0175,41303_bd1def52_3,0.0028180729132145643,0.287442147731781
0176,22053_de30641b_1,0.0006398073164746165,-8.794127464294434
0177,22298_51433023_4,0.015813259407877922,0.6554645895957947
0178,23479_81a49137_0,0.033053088933229446,-11.007396697998047
0179,22225_a3ce4d29_37,0.02825784496963024,0.6087691187858582
0180,135669_490cd2d7_14,0.034638263285160065,-0.8578859567642212
0181,32173_8b075b1a_4,0.022207895293831825,0.6402854919433594
0182,145119_24107428_5,0.005470516625791788,0.585043728351593
0183,41774_88a7a483_36,0.005032428540289402,-1.5864019393920898
0184,133549_1b6c58d6_0,0.01691933535039425,0.6398985385894775
0185,40936_6de8f4f4_0,0.15114682912826538,0.05711632966995239
0186,23008_3d1bb7b2_0,0.04262543097138405,0.388408899307251
0187,38360_ad61c9b2_1,0.0011650297092273831,0.2430558204650879
0188,136109_3d342d3c_2,0.0054530189372599125,0.7807750701904297
0189,135790_a27f9deb_11,0.0005047105369158089,0.37411242723464966
0190,140249_7c1c5bba_0,0.0012085939524695277,-0.47120630741119385
0191,128996_a3d026d6_0,0.014237004332244396,-1.9175307750701904
0192,23235_f9ccb8b0_0,0.010033300146460533,-6.9123945236206055
0193,93671_f7290ded_0,0.0035730083473026752,-1.1172492504119873
0194,51109_97b211c3_7,0.0035361710470169783,0.5678179264068604
0195,51916_fa226b15_13,0.0007604692946188152,-0.6431668996810913
0196,86268_094d3fab_1,0.0138252517208457,0.7235526442527771
0197,39637_ca6a9a60_1,0.012566440738737583,-0.5541036128997803
0198,47219_93cb3619_3,0.09516767412424088,-0.6762351989746094
0199,47878_0edb6829_0,0.016616521403193474,0.7044839859008789
0200,26764_ab35159a_6,0.017883488908410072,0.28616929054260254
0201,34341_d19b12fb_12,0.002254278166219592,-1.4823713302612305
0202,118342_c702e084_6,0.01707165129482746,0.6100265383720398
0203,49886_dd68dccb_4,0.020076651126146317,-0.5201184749603271
0204,23493_57512264_5,0.0008362538646906614,-1.636387586593628
0205,31751_e37382e1_5,0.011038430035114288,0.7172549366950989
0206,24338_848cab42_6,0.004659441765397787,0.6318858861923218
0207,24916_42eacca3_10,0.0023085237480700016,-0.24722719192504883
0208,137485_a953e1be_2,0.01592647098004818,0.6815496683120728
0209,23706_ef15ef9c_18,0.011944751255214214,0.2076706886291504
0210,143671_eaf4d13b_6,0.0326434001326561,0.5019465088844299
0211,53470_39f2e9dc_13,0.001041541458107531,-0.3199385404586792
0212,145772_59253c6d_3,0.001979716122150421,-1.7896063327789307
0213,51893_d531e2bd_2,0.010741186328232288,0.7661280035972595
0214,39389_d641313f_8,0.041313059628009796,-0.5763463973999023
0215,51595_41f3d1a3_5,0.0013465933734551072,-0.2784034013748169
0216,51674_a70c1c6c_15,0.0002170404331991449,0.1731392741203308
0217,37617_3f415463_5,0.002203620271757245,-0.6713695526123047
0218,31862_a89f21f9_3,0.016757221892476082,0.5020066499710083
0219,40519_55a097c6_11,0.025770608335733414,-0.5025677680969238
0220,111306_9108c940_0,0.03735184669494629,-6.14803409576416
0221,136640_16741d62_4,0.007960419170558453,-4.417095184326172
0222,23155_d7305c5f_2,0.08608239144086838,-0.7436521053314209
0223,43934_912ff891_41,0.0002571482618805021,-0.22581827640533447
0224,57017_6033d1e5_0,0.0037885112687945366,0.8092689514160156
0225,126913_d253adb7_1,0.004356944002211094,-0.7424070835113525
0226,130752_52d74f2f_48,0.018964773043990135,-0.27842485904693604
0227,124177_71283cad_0,0.02090262807905674,-0.6118156909942627
0228,24650_dad8c8ee_18,0.009170069359242916,0.7655923366546631
0229,55199_4d57661f_2,0.007821480743587017,0.531755805015564
0230,115010_eb737aaf_20,0.01463519036769867,0.7197502851486206
0231,27855_19c5895a_12,0.0022351518273353577,-0.17232942581176758
0232,52772_a6e6e320_0,0.0029544455464929342,-2.9648451805114746
0233,90917_3d2d21a9_0,0.047663263976573944,-0.09010946750640869
0234,40703_5f4e45d4_7,0.013889332301914692,0.7244661450386047
0235,132622_911efd2f_1,0.05181151255965233,0.2244611382484436
0236,43441_e1ab0873_6,0.05199456959962845,0.17918133735656738
0237,34917_61633e20_6,0.014826780185103416,0.6785559058189392
0238,67221_275ba7e6_4,0.014878654852509499,0.7015469670295715
0239,130719_e4764a36_10,0.0005531750502996147,-0.206262469291687
0240,136318_130d6a06_20,0.016201484948396683,-0.47776222229003906
0241,99636_73c43ebd_10,0.010465671308338642,0.7176082134246826
0242,29377_3a04cb8d_6,0.023818982765078545,-2.4749269485473633
0243,23018_63087a41_47,0.009386792778968811,0.7430609464645386
0244,26165_100fec74_4,0.0023232430685311556,-6.3100666999816895
0245,135934_d2f6bb2e_46,0.0037947508972138166,-0.8421123027801514
0246,24039_448afafa_5,0.01941668801009655,0.06422024965286255
0247,32775_a79b406b_14,0.01384967751801014,-0.7646950483322144
0248,23686_cba4f679_0,0.012597019784152508,-0.19467151165008545
0249,35147_bc9f2c5d_0,0.016304491087794304,-1.6320514678955078
0250,136337_1351909b_2,0.027570495381951332,0.3451315760612488
0251,139222_2c10ca9a_1,0.03113216534256935,-1.6782050132751465
0252,139379_fe5c3f64_0,0.0038917739875614643,0.8565211892127991
0253,33084_344fec27_2,0.015059120953083038,0.7165332436561584
0254,24775_d5c98d77_0,0.00044705861364491284,-12.781311988830566
0255,56344_3a89f085_23,0.01573571003973484,-0.4583902359008789
0256,135112_cf8007b8_5,0.037273749709129333,0.0822141170501709
0257,50706_20d07d57_2,0.07792271673679352,0.2532891631126404
0258,51744_cd355565_5,0.020182838663458824,0.39548587799072266
0259,51464_da501c24_0,0.035282619297504425,-5.954232215881348
0260,126572_a2d6f794_23,6.176249007694423e-05,-1.1375787258148193
0261,70021_e673ae54_2,0.001197769190184772,-0.7257885932922363
0262,25144_31b089b6_5,0.011493136174976826,-4.205827236175537
0263,24715_55aac5f2_2,6.833796942373738e-05,-4.68912935256958
0264,24532_f82f8000_2,0.025444990023970604,-19.598695755004883
0265,30664_a3084f71_1,0.008662205189466476,-2.6215620040893555
0266,81145_5c13a8e9_1,0.004478550050407648,-3.574392318725586
0267,132037_2abb8c63_10,0.00018599245231598616,0.14502757787704468
0268,50414_ac159b58_2,0.005092623643577099,0.8149185180664062
0269,21601_360ce1c7_7,0.018908750265836716,0.6563613414764404
0270,22119_27e3ecbe_9,0.008325502276420593,0.7418307065963745
0271,145120_74f7316f_0,0.04508064687252045,-1.0381624698638916
0272,74574_c302ff1f_0,0.00290232477709651,-2.8119935989379883
0273,52443_085efc00_4,0.016690732911229134,-4.453688144683838
0274,147546_ede0f31c_3,0.028839940205216408,0.3763440251350403
0275,22492_047b125b_21,0.025152865797281265,0.4162176251411438
0276,72313_5a86e234_0,0.06501487642526627,-0.24194824695587158
0277,45589_49e3c7ea_2,0.005178510211408138,0.8438469767570496
0278,83432_a7f85698_0,0.01210834551602602,0.728032648563385
0279,32775_a79b406b_0,0.004044207278639078,-37.94609451293945
0280,121703_69c4a5ac_3,0.00022527531837113202,0.18375784158706665
0281,80901_e9080573_6,0.0061454763635993,0.7601717710494995
0282,21809_8bd6b10e_3,0.03820805996656418,0.15903985500335693
0283,49396_98ab955d_15,0.026422806084156036,-1.5193932056427002
0284,33766_14917a4a_19,0.012161496095359325,0.7294089794158936
0285,26661_ab88a525_8,0.006157644093036652,0.827379047870636
0286,44030_17bd5ec9_0,0.025427745655179024,-30.25849723815918
0287,53221_74fa81cd_7,0.0019427145598456264,-0.6793153285980225
0288,21887_3306168f_7,0.04458857327699661,-3.442795753479004
0289,86185_85fde9e6_0,0.018749671056866646,-1.8655178546905518
0290,87951_500b1dcd_2,0.0007991247111931443,0.144534170627594
0291,22276_69c5036b_11,0.052636682987213135,-0.3771716356277466
0292,41721_44151488_5,0.01792883686721325,-0.66010582447052
0293,102293_5d04e48d_0,0.09407272189855576,-3.4633655548095703
0294,77687_cbb18594_20,0.0004948522546328604,0.3135716915130615
0295,133248_1bab99ae_0,0.02933349274098873,-11.93082332611084
0296,24051_4852a192_2,0.009210438467562199,0.6838666200637817
0297,86806_2993395a_1,0.0005485792644321918,0.5342934131622314
0298,38558_b0d6b3f8_1,0.01648087240755558,0.6617347002029419
0299,140549_7d01813c_0,0.06022680550813675,-0.9105126857757568
0300,24559_3c306e71_1,0.007358215283602476,-0.13176119327545166
0301,70350_751de4b0_13,0.03405207023024559,-12.87092399597168
0302,39101_23fec10f_8,0.013959923759102821,-0.4851796627044678
0303,24942_9d1b2ff2_8,0.033315908163785934,0.6116803288459778
0304,30850_05d88af9_3,0.03523403778672218,0.41409969329833984
0305,113358_08641c94_4,0.03464774042367935,-0.07665133476257324
0306,21234_8b71bd47_27,0.004131899680942297,-0.49482762813568115
0307,26245_4aac38e1_21,0.0007847110973671079,-0.8206359148025513
0308,66072_d301cc88_0,0.007528206333518028,-2.255603551864624
0309,21894_93f0d052_23,0.010364196263253689,-0.023700952529907227
0310,147816_7fb70c2b_2,0.016702668741345406,-0.7519209384918213
0311,49120_4131d1e7_1,0.015899786725640297,-2.183246612548828
0312,52224_ca16c854_4,0.029855728149414062,-3.263397693634033
0313,105762_19e04e0b_1,0.00770555529743433,-59.8286018371582
0314,30400_8824ce97_36,0.02014198899269104,-1.9011988639831543
0315,95199_ffcff41e_0,0.0013801032910123467,-0.41402149200439453
0316,50417_199cffee_3,0.001710147480480373,-0.3310049772262573
0317,24544_d06c82dd_5,0.019482629373669624,0.6775785684585571
0318,22604_565b91f5_2,0.01634928770363331,0.3178550601005554
0319,22788_b6a9e30a_4,0.004451769404113293,-0.11246919631958008
0320,45789_d5126eab_14,0.007343142759054899,-0.5000150203704834
0321,37267_b2be4b50_3,7.108927820809186e-05,-6.153209209442139
0322,34330_5eff1ee1_3,0.011147803626954556,-0.3009974956512451
0323,137999_d934160e_1,0.0001579386880621314,-0.2217400074005127
0324,134921_f5efde94_27,0.0006229733699001372,0.4272366762161255
0325,53470_39f2e9dc_8,0.0006396194803528488,-6.175683975219727
0326,23497_f292546d_25,0.006581784226000309,0.7264498472213745
0327,22289_4b848f64_2,0.008713559247553349,-0.18012607097625732
0328,31392_84b62622_2,0.009065310470759869,0.2444877028465271
0329,51347_1fc6f329_0,0.0216275192797184,-3.858522891998291
0330,50777_2934de55_6,0.004160963464528322,0.8515508770942688
0331,32841_954e8c1a_0,0.003921508323401213,-3.0458149909973145
0332,31530_6744ae73_3,0.022292250767350197,0.6727973222732544
0333,65827_d1469ad6_1,0.006207084283232689,-45.451446533203125
0334,145461_30637b22_8,0.0004930915893055499,-18.709300994873047
0335,31973_093ea963_13,0.010455198585987091,-3.07011079788208
0336,70355_e5f58cd5_14,0.042673688381910324,-3.161745071411133
0337,77687_cbb18594_40,0.0011149401543661952,-3.9259257316589355
0338,24392_fce351ea_0,0.004399356432259083,-1.3584911823272705
0339,36853_7efccb8c_3,0.017744969576597214,-1.421940565109253
0340,41644_d15f8e2b_5,0.0008155583636835217,-3.2027668952941895
0341,131762_9b5e5ff5_2,0.006708131171762943,0.5949006080627441
0342,82193_96ef9433_2,0.021018318831920624,0.6724572777748108
0343,31347_386f6298_15,0.016468454152345657,0.6127738952636719
0344,34568_fbe47bf9_0,0.001658919733017683,-3.7487354278564453
0345,115624_fe3eb392_3,0.02300356701016426,0.4735642671585083
0346,130446_e7b58dbe_0,0.03706635534763336,-0.49547088146209717
0347,104641_2cd02839_33,0.0002016744256252423,0.5594115853309631
0348,31460_39fdfc6a_7,0.06669176369905472,-14.011429786682129
0349,95541_ced8f936_0,0.014270245097577572,0.6924424767494202
0350,23126_725969ea_17,0.0221233107149601,-1.3374388217926025
0351,23676_52069f98_5,0.00046841049334034324,-0.7639464139938354
0352,137637_ed9c537d_0,0.002928674453869462,0.2758428454399109
0353,22474_b10fea1a_2,0.01103329099714756,0.7327526211738586
0354,143017_21d96cc2_10,0.016001520678400993,-1.3067641258239746
0355,105270_34f92afd_1,0.0008128856425173581,-0.14013421535491943
0356,95622_0a0787e4_4,0.022238049656152725,0.667858362197876
0357,55854_13f0399b_0,0.024709274992346764,0.46818000078201294
0358,22118_1e09e0eb_5,0.0064825075678527355,0.7235271334648132
0359,146717_3e6a84c1_7,0.03411438688635826,0.4886447787284851
0360,63132_330141d7_3,0.008218740113079548,-0.6668055057525635
0361,115633_fd3c9b97_46,0.0019272459903731942,-2.9696431159973145
0362,21644_aa203dc5_29,0.019477467983961105,-3.7808241844177246
0363,79791_00f639ca_15,0.01895265281200409,0.6809149980545044
0364,60711_42b5a13e_1,0.04319657012820244,-3.7837185859680176
0365,137483_cdb8989d_0,0.013585381209850311,0.7163536548614502
0366,21644_aa203dc5_26,0.021554572507739067,-2.720116138458252
0367,131876_b2384623_0,0.003412224119529128,-1.2031586170196533
0368,23706_ef15ef9c_10,0.019564807415008545,-1.9930953979492188
0369,68948_0d2a01cd_9,0.04275663569569588,-0.19919168949127197
0370,145137_4e9eef42_1,0.003537012031301856,0.28862065076828003
0371,30426_2cde26de_20,0.08474520593881607,0.03567326068878174
0372,31378_34c52a73_0,0.026824308559298515,-6.44688081741333
0373,92134_52f13f49_4,0.002556535881012678,-0.725387454032898
0374,119634_fc722479_1,0.02735546976327896,0.6236312389373779
0375,24032_d6172503_24,0.003993535414338112,-0.6720224618911743
0376,136401_69f29349_4,0.0012817532988265157,-18.88770294189453
0377,41871_f9a1ad02_26,0.013462545350193977,-0.022225141525268555
0378,48220_87941c4e_116,0.006353671196848154,0.05976802110671997
0379,115012_9ed88535_2,0.004960379097610712,-0.981228232383728
0380,69488_025cf0a2_1,0.195101797580719,-0.32258284091949463
0381,147427_69f68da4_3,0.0007851982372812927,-1.176278829574585
0382,33766_14917a4a_32,0.006647592410445213,0.7608716487884521
0383,51747_3d58eae0_0,0.0232528243213892,-2.1222212314605713
0384,33785_a4c23f61_0,0.1916854977607727,0.2768512964248657
0385,114935_797875fe_2,0.01564829982817173,0.43071067333221436
0386,51775_49ef614a_26,0.0009732978069223464,-0.730507493019104
0387,38196_ea48fa42_3,0.0009225289104506373,-9.792013168334961
0388,140413_44177109_21,0.00042393009061925113,-6.758291244506836
0389,27676_79237cc5_1,0.009755019098520279,-2.1913235187530518
0390,52883_e518d3f4_33,0.016561485826969147,0.673754096031189
0391,34347_841c5375_2,0.0031790784560143948,-63.63768005371094
0392,55289_292737cb_0,0.016177944839000702,0.6894117593765259
0393,50606_82cb18e2_0,0.005009086802601814,0.8031340837478638
0394,30407_efa567f2_4,0.010489252395927906,0.7470797896385193
0395,31647_ab9ad9dc_13,0.009325345978140831,0.09657418727874756
0396,24896_58b4730f_17,0.028273649513721466,-4.273464202880859
0397,23602_5daaccf5_4,0.012244462966918945,0.14477777481079102
0398,27725_5cceaeb7_10,0.018857313320040703,-38.176475524902344
0399,127734_395dcf7d_5,0.009442564100027084,-0.5354255437850952
0400,31957_d864f861_3,0.023466726765036583,-3.782135486602783
0401,49415_1671b60c_4,0.034057337790727615,-30.844783782958984
0402,45110_fae73324_4,0.0064002154394984245,0.6584470272064209
0403,22343_34184fd5_18,0.0008492544293403625,-2.2331595420837402
0404,22848_cc91b848_38,7.503986853407696e-05,-85.500732421875
0405,73652_23b21ef2_1,0.07257942110300064,-0.4594700336456299
0406,65569_bd890a32_1,0.041622716933488846,-398.2379150390625
0407,48220_87941c4e_111,0.01092193927615881,-0.9128363132476807
0408,30394_e30f932c_0,0.03730900213122368,-1.1347262859344482
0409,21941_1a683ec2_26,0.01045643538236618,0.5633577108383179
0410,25564_e646fcb3_1,0.0011042929254472256,-2.729339122772217
0411,134053_87a32e31_3,0.0007532949093729258,-1.0554792881011963
0412,87950_af56e26e_2,0.012475055642426014,0.08694642782211304
0413,51458_54240b70_17,0.0005850726156495512,0.35376089811325073
0414,40688_effe215a_1,0.010136510245501995,0.7489877939224243
0415,131494_c8a441d0_0,0.003730672411620617,0.27352678775787354
0416,26768_c4df841f_21,0.0009109609527513385,-0.06708669662475586
0417,136892_2d5f55a9_0,0.008359765633940697,-0.8332006931304932
0418,54652_d60ac3e0_10,0.024064086377620697,-0.3055523633956909
0419,51747_3d58eae0_1,0.0019357838900759816,0.20865947008132935
0420,54650_df3655c1_0,9.175721788778901e-05,-0.0049773454666137695
0421,41125_711db4bf_58,0.026665370911359787,-1.9660675525665283
0422,45418_f603706b_2,0.018413957208395004,-3.6574902534484863
0423,21852_6cf9a734_18,0.10402458906173706,0.11089396476745605
0424,122515_758d8b70_6,0.00045647320803254843,-375.9496154785156
0425,104081_05ba54fa_2,0.0030968082137405872,-0.3005995750427246
0426,41672_cf87e0b6_0,0.006967138033360243,-0.07529783248901367
0427,22638_37f9fe91_1,0.00018470047507435083,0.45433509349823
0428,24559_3c306e71_3,0.005512368865311146,-0.0012309551239013672
0429,31589_ac31215d_8,0.010171127505600452,-4.3822526931762695
0430,49603_143b8bd2_35,0.00864881556481123,0.31548362970352173
0431,127965_c64a91da_0,0.007491002324968576,-0.9387154579162598
0432,36062_f2fb6808_1,0.0013843219494447112,-11.793906211853027
0433,139280_8874b1ab_18,0.001314610242843628,-0.26322805881500244
0434,30997_24dea167_4,0.015063092112541199,-0.35869717597961426
0435,143471_eb185912_5,0.0001295740803470835,-0.32671022415161133
0436,23176_1bf2a2d5_10,0.006302834954112768,0.7394174933433533
0437,98299_b8146029_5,0.01741507463157177,-0.5082070827484131
0438,23466_1cf60d09_4,0.01627737656235695,0.5448517799377441
0439,41591_2d0bd0d5_3,0.021881120279431343,0.2308058738708496
0440,134929_9049dcec_1,0.004401010926812887,-1.359912395477295
0441,41785_e8bf0528_0,0.004581619054079056,0.8003568649291992
0442,31460_39fdfc6a_6,0.01297816913574934,0.7220673561096191
0443,133710_00be7f31_1,0.019547458738088608,-1.2429394721984863
0444,24532_f82f8000_0,0.027378011494874954,-5.022120952606201
0445,21234_8b71bd47_3,0.0007059570052661002,-0.06865620613098145
0446,35175_6edc4126_5,0.012348380871117115,0.6421771049499512
0447,20495_e8e7e80c_1,0.0013272439828142524,-0.5475724935531616
0448,76546_c17e95aa_2,0.00016015954315662384,0.05791318416595459
0449,41654_e75f89df_0,0.010778610594570637,0.41498035192489624
0450,109772_f1a0845e_6,0.032658252865076065,-17.870540618896484
0451,34913_d23e2a24_0,0.0044617061503231525,0.7521149516105652
0452,25203_1cc0cb3c_12,0.016908714547753334,0.7178087830543518
0453,37160_2a95674a_4,0.0062140971422195435,0.5943533182144165
0454,69240_dc199112_4,0.022807640954852104,-3.332245349884033
0455,25176_d9130589_0,0.017337476834654808,-1.278581142425537
0456,69235_fe79a369_0,0.002527223201468587,-4.675755977630615
0457,39468_15fb2e60_9,0.007553980220109224,-0.09589040279388428
0458,103284_e25015aa_6,0.00018129237287212163,-0.4448758363723755
0459,30377_e18ea3de_0,0.03473276272416115,-27.13797950744629
0460,66080_f578d52b_4,0.01319203246384859,-66.80337524414062
0461,37444_52b27e94_14,0.005858843680471182,0.10772722959518433
0462,38675_6e07d74b_31,0.008683417923748493,0.7252385020256042
0463,21680_360ba5c7_28,0.008493943139910698,0.3811405301094055
0464,142032_5c32b7db_2,0.01629086397588253,0.7000178098678589
0465,44210_a155c2d1_0,0.056060194969177246,-0.24792373180389404
0466,38287_88ec74de_92,0.014089596457779408,-1.0800340175628662
0467,29572_2f9283f2_4,0.0029544131830334663,0.7799250483512878
0468,28300_b3a6ab79_10,0.0048288567923009396,0.8330281376838684
0469,136129_e6a20c7d_5,0.0006393109215423465,0.019088327884674072
0470,119381_e4d13609_0,0.00849177222698927,0.6787174940109253
0471,30729_b4d83b07_4,0.0004304894828237593,-7.840023994445801
0472,140413_44177109_11,0.006811208091676235,0.679655909538269
0473,26384_83eddf22_0,0.013981415890157223,-0.06747329235076904
0474,82285_e7a738e7_2,0.0217681135982275,-0.8131517171859741
0475,108599_347602af_0,0.03959619998931885,-0.231329083442688
0476,119889_41a6f268_1,0.0025371492374688387,-2.7442305088043213
0477,55006_94230c00_1,0.01634887605905533,0.48887431621551514
0478,21517_bfe35b4c_10,0.003281618235632777,-0.5080077648162842
0479,20818_098cad7c_6,0.0006449616048485041,0.30931878089904785
0480,41855_b82e6ae8_6,0.021249182522296906,-1.4563534259796143
0481,137166_90691294_8,0.006788785569369793,-3.508366107940674
0482,69561_f274e705_26,0.003504765685647726,0.8310303688049316
0483,51579_d0c3e154_0,0.015707718208432198,0.3353270888328552
0484,23676_52069f98_4,0.016373710706830025,0.4844245910644531
0485,31962_e5291336_1,0.00902864895761013,0.7328711748123169
0486,57222_33b428d7_1,0.0026329648680984974,-0.9547014236450195
0487,51586_2ad96f8c_17,0.0004840875044465065,-4.822671413421631
0488,41473_c2137170_32,0.04522198438644409,-6.0480170249938965
0489,31123_9a1bfc50_2,0.005618125665932894,0.575739860534668
0490,23211_3aac9c7e_0,0.011562460102140903,-1.166433572769165
0491,45798_b573e9da_5,0.032383717596530914,-0.6693325042724609
0492,27847_d2436f7c_37,0.0008484135032631457,0.01939624547958374
0493,54736_6ee1b513_1,0.002279620850458741,-0.9694865942001343
0494,132901_7d205bb4_9,0.0014428506838157773,-8.566361427307129
0495,73762_8c704690_0,0.04645899310708046,-5.264997959136963
0496,23209_1592b0a4_1,0.011727103032171726,0.18672341108322144
0497,49024_b7f02205_2,0.00043653688044287264,-0.10676217079162598
0498,147630_7f858240_15,0.0070005967281758785,-0.2333519458770752
0499,69337_2c778611_11,0.002607752103358507,-0.5349938869476318
0500,82498_92a00cd6_1,0.00303842406719923,0.05856966972351074
0501,78775_e2d8b091_1,0.013752023689448833,-0.8652498722076416
0502,40067_95ae6c76_9,0.011398863978683949,-0.22114217281341553
0503,80756_6f2e842f_0,0.05918864905834198,-11.043013572692871
0504,25284_1da7aa8a_0,0.026435350999236107,-4.231046199798584
0505,55605_2f8bc12e_62,0.008157560601830482,0.7210091352462769
0506,39792_60786b6c_15,0.017007077112793922,0.6585769653320312
0507,34063_0ca1585e_2,0.0022868458181619644,-0.482308030128479
0508,31664_1e85c690_13,0.007713705766946077,0.7794418931007385
0509,131193_98f3ac52_1,0.0056042359210550785,-1.5065927505493164
0510,120221_e2eaa34b_2,0.002930517541244626,-0.005573630332946777
0511,130286_1f71bfed_3,0.0030550542287528515,0.08986788988113403
0512,118342_e8142153_21,0.008392149582505226,-2.1013402938842773
0513,128043_9f8cd69e_1,0.000556882587261498,0.23280537128448486
0514,41504_85e300ee_1,0.00019597983919084072,0.15611600875854492
0515,78863_d59be42e_0,0.008936452679336071,-0.07429146766662598
0516,31733_5118b376_3,0.07810697704553604,0.4426202178001404
0517,22208_e177deb7_5,0.007413733750581741,-0.7711336612701416
0518,24026_1dd4094b_43,0.00518012885004282,-3.530395984649658
0519,73388_10a40b49_1,0.016217567026615143,0.04530090093612671
0520,138219_cdff4f61_0,0.017129620537161827,-10.3048677444458
0521,49399_dc56d180_1,0.015231304802000523,0.7151384353637695
0522,41306_8f26e703_3,0.008157576434314251,-1.8116178512573242
0523,51590_034b8b08_14,0.08658141642808914,-0.46420156955718994
0524,48402_8c965495_4,0.0015807835152372718,-1.2739465236663818
0525,26388_a3367cba_0,0.022214658558368683,-1.7690396308898926
0526,28300_b3a6ab79_6,0.014983395114541054,0.49870818853378296
0527,43938_418421a7_0,0.0019833201076835394,0.10096043348312378
0528,41520_60018d18_0,0.00016059937479440123,-0.15633153915405273
0529,137869_344b239b_0,0.0009560096659697592,-1.2487969398498535
0530,41648_577daf16_0,0.012102276086807251,0.4819520115852356
0531,31347_386f6298_10,0.015059101395308971,0.7150123119354248
0532,82190_24b1b0fe_12,0.004954419564455748,0.13233572244644165
0533,33741_4a973932_1,0.003647900652140379,0.395211398601532
0534,42005_3da46d94_0,0.006811460945755243,-151.5206298828125
0535,132982_ee1eed2f_0,0.006220740266144276,0.7343573570251465
0536,23898_6e740393_29,0.027871903032064438,-53.920135498046875
0537,105831_88a0fb85_6,0.01095797773450613,0.7610100507736206
0538,31278_749a6317_0,0.0016686104936525226,-0.0022896528244018555
0539,51586_2ad96f8c_4,0.03245621174573898,-13.818161010742188
0540,57000_cd1ddece_14,0.02694043703377247,-9.980984687805176
0541,50692_e7ff2668_8,0.012663543224334717,0.5495990514755249
0542,65346_e89312e5_0,0.002809908939525485,-3.246509075164795
0543,38840_0e449caf_4,0.0030890093185007572,0.2022387981414795
0544,29573_ca59fbbf_5,0.03929061070084572,0.6038954257965088
0545,30164_c5680724_12,0.04675178602337837,-1.4672136306762695
0546,138620_e21e10ee_0,0.0029280518647283316,-1.495352029800415
0547,50305_caf9cef2_34,0.041701726615428925,-71.15714263916016
0548,83396_fdb2987a_0,0.010873147286474705,0.6080049276351929
0549,28379_7e292343_4,0.013281668536365032,0.7073593735694885
0550,33529_756075a0_32,0.010977610014379025,0.1842772364616394
0551,109857_1d24326e_42,0.00041926783160306513,-19.893600463867188
0552,22772_2b5f6629_6,0.019685914739966393,0.6769397258758545
0553,34600_e2685d46_2,0.006011053919792175,0.7803446054458618
0554,122344_ab1b06aa_2,0.02649872377514839,0.5209542512893677
0555,123573_5f5c9584_1,0.0012337906518951058,0.00458681583404541
0556,35166_562b126c_20,0.003507259301841259,0.8642425537109375
0557,51350_138f893a_1,0.00013040490739513189,-0.25077760219573975
0558,137785_67c3085b_16,0.013966092839837074,0.6563152074813843
0559,50417_199cffee_12,0.020109478384256363,0.02850574254989624
0560,22194_a5c323b9_3,0.02367493510246277,-2.862504482269287
0561,42329_df7f540f_18,0.023403435945510864,-1.4410312175750732
0562,41779_25e4203d_6,0.007409361656755209,-10.28828239440918
0563,51094_40aa8332_20,0.0274215005338192,-0.0291672945022583
0564,109762_cb162371_38,0.024883614853024483,-0.3099186420440674
0565,45922_26941172_9,0.025929896160960197,-3.464259624481201
0566,34587_ed155e93_0,0.005833715200424194,0.8323904275894165
0567,69589_a468c1b4_0,0.031837787479162216,0.32776689529418945
0568,44921_00dfb467_0,0.016421351581811905,-3.0055227279663086
0569,82672_4705a693_0,0.008959820494055748,-2.991687059402466
0570,26778_a71e88a6_0,0.0007696225075051188,-1.0745606422424316
0571,69488_7bfb2b67_0,0.006166750565171242,0.8286425471305847
0572,22686_afe3a61e_0,0.0005916469963267446,-2.655329704284668
0573,109772_5faa88e8_5,0.022081028670072556,-14.104198455810547
0574,43938_418421a7_147,0.03246234357357025,-3.459599494934082
0575,141694_b5ac3112_3,0.011394673958420753,-3.391829490661621
0576,31973_093ea963_16,0.005101955961436033,-2.203265905380249
0577,26858_e90dc419_25,0.0005460595129989088,-2.160008192062378
0578,131350_bbdad30d_0,0.009073703549802303,-4.173517227172852
0579,35741_c43475b8_1,0.0047775618731975555,-0.6649696826934814
0580,30690_3df2c9e2_1,0.01210061926394701,-0.031693339347839355
0581,122758_5f4efbf0_2,0.004897591657936573,0.6777613162994385
0582,37822_3be11c62_0,0.008753309957683086,-2.721813678741455
0583,91174_ee6ee92b_1,0.03018113225698471,-6.071101188659668
0584,23676_52069f98_31,0.09389970451593399,0.054126203060150146
0585,27958_fee329eb_1,0.029392030090093613,-6.972858905792236
0586,144534_3b4fdb09_18,0.020100191235542297,-4.616466522216797
0587,30292_0b5e0265_1,0.048844244331121445,0.33508217334747314
0588,111062_e59e2d31_0,0.062329310923814774,0.29166388511657715
0589,135790_a27f9deb_77,0.018626095727086067,-2.627894401550293
0590,65842_de75838b_10,0.0062840660102665424,-0.3145941495895386
0591,22475_9d9601a8_3,0.0005823918036185205,-2.2467973232269287
0592,119884_192e3265_0,0.030542362481355667,-3.5584144592285156
0593,51463_3330e3aa_2,0.030946888029575348,-2.211313009262085
0594,23231_efe613bb_4,0.011911049485206604,0.38993918895721436
0595,22895_4533b542_2,0.004832382779568434,0.25775790214538574
0596,146219_5661130f_4,0.013117806985974312,0.7153213024139404
0597,38953_19054857_19,0.002691190456971526,-1.3916213512420654
0598,21847_b2de7eb8_24,0.008259535767138004,0.4402654767036438
0599,51603_034939eb_12,0.003873022273182869,-1.3873083591461182
0600,24843_5231632c_4,0.0028178878128528595,-0.7531228065490723
0601,41982_f75ceb8f_4,0.0006600749329663813,-4.021295547485352
0602,42937_c573c439_2,0.00025812131934799254,-0.08501887321472168
0603,61288_2d594195_0,0.023626800626516342,-37.84024429321289
0604,55006_94230c00_0,0.0015621670754626393,-0.5556982755661011
0605,49898_f42a885e_5,0.015827227383852005,0.655034601688385
0606,55709_af3825c8_4,0.008245968259871006,0.7316140532493591
0607,144117_83c980ca_2,0.00035808098618872464,-0.24651622772216797
0608,40417_b8d98f73_7,0.0013901048805564642,0.07498228549957275
0609,53200_d1e30b87_11,0.017846405506134033,-18.56837272644043
0610,147009_977ee378_4,0.0005043926648795605,-3.454326629638672
0611,63056_a5dfd66b_4,0.0016276297392323613,-1.9408280849456787
0612,22205_f48b96b3_10,0.01033027097582817,-1.3524813652038574
0613,51585_b695905b_4,0.00972354132682085,0.7847007513046265
0614,24084_71f37c00_1,0.04837567359209061,-8.70866870880127
0615,25815_0e853ad9_10,0.011248967610299587,0.29657429456710815
0616,55030_11a6e3e8_3,0.06945305317640305,0.37240928411483765
0617,23042_1184de03_5,0.015488749369978905,0.5492855310440063
0618,39719_e9629dbd_4,0.0006697160424664617,-6.36638879776001
0619,51256_ed221095_2,0.002134992042556405,-1.3850276470184326
0620,25810_93c8a71a_3,0.009212011471390724,0.6478015780448914
0621,22208_e177deb7_1,0.009527873247861862,0.3333066701889038
0622,115624_d0acb46b_22,0.021607795730233192,0.6599016189575195
0623,30708_4282508b_0,0.0005603258032351732,-7.672682762145996
0624,31117_cd5cdbdb_12,0.003694873070344329,-0.5951653718948364
0625,41733_1ec9b00c_32,0.0001676746178418398,0.5050166249275208
0626,111387_c4243097_2,0.005781296640634537,-6.8521504402160645
0627,119869_e8f0dd81_19,0.0030485019087791443,-1.294234037399292
0628,34569_590239d6_0,0.005801931954920292,0.7336763143539429
0629,136318_130d6a06_23,0.0007845733198337257,0.023369252681732178
0630,145132_7aea3b66_4,0.027867712080478668,0.6352508068084717
0631,41878_3aeaed3d_0,0.008879375644028187,-0.44394004344940186
0632,34583_a1cf326b_0,0.01581387035548687,0.710578441619873
0633,116581_d405b783_0,0.07198341935873032,0.021985113620758057
0634,24044_9bbe7992_3,0.001250728266313672,-0.5610496997833252
0635,22194_a5c323b9_2,0.013150766491889954,-0.18518602848052979
0636,142076_08d80e12_21,0.00019267204334028065,0.14755064249038696
0637,55817_6ac2912d_7,0.0008694095886312425,-8.375405311584473
0638,21165_5cb2d287_2,0.001643617288209498,-2.463348150253296
0639,39796_45dcdc7d_0,0.05947304517030716,0.2286895513534546
0640,33044_7fdd9213_1,0.05376792326569557,-0.42482757568359375
0641,23731_3fe5b501_6,0.0006979657919146121,-0.07289063930511475
0642,32743_f4c47bbc_31,0.09016288816928864,-7.381175994873047
0643,108775_4908fba2_21,0.0035170952323824167,0.6874439716339111
0644,21941_1a683ec2_19,0.006124146282672882,0.548004150390625
0645,27682_04277f62_18,0.006473443005234003,0.7027142643928528
0646,25815_0e853ad9_4,0.005166112910956144,0.6666305065155029
0647,30261_723e95cf_2,0.013878768309950829,0.41503506898880005
0648,21385_601444ba_102,0.00700234854593873,0.6706212759017944
0649,30368_d7fd30ce_7,0.0038523473776876926,-0.4528254270553589
0650,55605_2f8bc12e_3,0.03107518143951893,-4.07281494140625
0651,24650_dad8c8ee_15,0.00041900837095454335,-12.072846412658691
0652,34227_48203345_7,0.011117474175989628,0.6900532841682434
0653,113348_ac85cba3_1,0.006472897715866566,0.3048732876777649
0654,26552_25c5924a_1,0.006311544682830572,-1.4168567657470703
0655,55381_cbaffe9b_0,0.005409144796431065,-0.4973975419998169
0656,55817_6ac2912d_25,0.008813722990453243,0.7657672762870789
0657,138947_0778db40_4,0.010868927463889122,-3.2504310607910156
0658,52788_07f7da63_0,0.00914304330945015,-1.269636631011963
0659,70355_e5f58cd5_6,0.0003368101315572858,0.4328014850616455
0660,51744_cd355565_8,0.08265500515699387,-15.945945739746094
0661,41227_90e1c07c_16,0.010270274244248867,0.7413667440414429
0662,45359_1768ab3f_42,0.009793251752853394,-0.03355062007904053
0663,41783_d1c10326_3,0.0005357310874387622,-0.7234361171722412
0664,32960_0eaa1de8_13,0.00026078656082972884,-17.82672119140625
0665,34674_32ee1595_3,0.009363807737827301,0.6824036240577698
0666,136885_23632908_1,0.037553127855062485,-12.401564598083496
0667,136808_00592735_3,0.007890947163105011,-0.7167023420333862
0668,45589_49e3c7ea_5,0.012234981171786785,0.7481235265731812
0669,141665_0564e852_3,0.021701110526919365,-4.18209981918335
0670,50897_3be92e2f_18,0.009085621684789658,0.7878279685974121
0671,84256_4164b724_3,0.0019553389865905046,-0.8761087656021118
0672,22994_e6ad8f2b_10,0.02706640586256981,-0.004531979560852051
0673,28295_0dc908b9_8,0.030426546931266785,-8.530684471130371
0674,23329_6939d5d9_5,0.0009741413523443043,-0.08063733577728271
0675,123665_0a0da5c7_3,0.0005043674609623849,-2.937237501144409
0676,121172_0ac63503_7,0.010848470032215118,-1.0543513298034668
0677,50941_2a8a8c76_0,0.014149054884910583,0.7194103002548218
0678,37846_cde34fcd_66,0.00878640916198492,-0.47465980052948
0679,56040_9b1307eb_21,0.02388174831867218,-2.7197117805480957
0680,146535_229c95bc_1,0.0004219982656650245,-0.9335318803787231
0681,50947_49287c16_2,0.021175410598516464,0.6538839340209961
0682,95622_0a0787e4_5,0.0041336980648338795,-1.2371251583099365
0683,25432_f13e5110_0,0.005638838279992342,0.82242751121521
0684,32454_e959e3cf_0,0.009205101989209652,0.7409423589706421
0685,65858_61e9b51a_18,0.01924595981836319,-3.390559673309326
0686,70350_751de4b0_3,0.029309915378689766,-3.051962375640869
0687,129239_0d49310c_15,0.0022311804350465536,0.14960861206054688
0688,31008_8fa25b35_8,0.008119017817080021,-0.714392900466919
0689,55306_795d845b_2,0.0001526803825981915,0.029614686965942383
0690,29729_e8bb36f1_2,0.00048731669085100293,0.4257417321205139
0691,67283_4097cbd6_5,0.001208553439937532,-9.27578067779541
0692,23904_811e466f_4,0.0030030766502022743,-1.5194721221923828
0693,116076_12d31fb7_1,0.015111119486391544,-1.2739434242248535
0694,45302_02d7e3bc_0,0.040148407220840454,-9.09811782836914
0695,60977_4bb093ec_1,0.006193117238581181,0.7240341901779175
0696,49017_76979790_8,0.005896036513149738,-0.11753082275390625
0697,146321_0dbae658_10,0.0004797385772690177,-47.34397506713867
0698,102194_150e3faf_3,0.005010694265365601,0.8465337157249451
0699,34769_44655d03_5,0.001837274874560535,-1.0543923377990723
0700,38953_19054857_6,0.0022952102590352297,-0.8840343952178955
0701,55397_ad24603f_1,0.0024223760701715946,-1.5143940448760986
0702,21908_385686ec_15,0.024922803044319153,-0.20301055908203125
0703,60721_57103153_4,0.0012558428570628166,-1.0106236934661865
0704,98701_7cd4ec8d_0,0.0315069742500782,0.42770916223526
0705,91703_642cdf1a_1,0.016431717202067375,0.6909184455871582
0706,26661_ab88a525_5,0.005242816638201475,-0.3225102424621582
0707,51940_67bb0219_21,0.0008109664195217192,-0.7282158136367798
0708,22543_684108ff_22,0.002462188946083188,-1.4466865062713623
0709,145250_cde4d039_8,0.017193133011460304,-18.356250762939453
0710,20232_e5b060d9_6,0.0009700016817077994,-0.7608520984649658
0711,128043_d4650350_0,0.062319185584783554,0.16317039728164673
0712,140530_30edf2c4_0,0.013740559108555317,-10.596182823181152
0713,131814_9af6d05a_0,0.02299163118004799,-2.4572229385375977
0714,26245_4aac38e1_9,0.004883985035121441,-1.040215015411377
0715,30282_88c6933c_14,0.01508182380348444,0.421347439289093
0716,32322_71d0035e_1,0.00364875141531229,0.8127881288528442
0717,131762_d10609a4_1,0.022814102470874786,-0.030516505241394043
0718,54812_5f7b7aba_2,0.004698281176388264,-1.0625872611999512
0719,135830_8fb36dac_4,0.011712146922945976,0.48139941692352295
0720,139280_8874b1ab_4,0.001365453703328967,-1.9329886436462402
0721,49904_639055dd_1,0.007542027626186609,0.1355534791946411
0722,53601_59d3ecd2_0,0.03291698172688484,-0.34949934482574463
0723,50047_54241fe3_12,0.009302869439125061,0.2799134850502014
0724,136925_70fb0381_3,0.009569554589688778,0.41439032554626465
0725,87488_95f678ce_0,0.035555388778448105,0.21503913402557373
0726,137166_90691294_2,0.006927761249244213,-3.606675624847412
0727,44030_17bd5ec9_11,0.0010870840633288026,-0.7225688695907593
0728,137396_b5f6bec4_5,0.006578782107681036,0.8024072051048279
0729,21900_760d2078_10,0.02303641475737095,0.6663036346435547
0730,21185_ac5324ba_5,0.022751368582248688,0.2904353141784668
0731,31132_2320d049_4,0.01668662019073963,0.6964762210845947
0732,82281_80cdf67c_4,0.00030844443244859576,0.22187554836273193
0733,38287_88ec74de_15,0.01394028402864933,0.7300325632095337
0734,136128_831e37a6_0,0.007637064438313246,0.15039414167404175
0735,21330_f0cee934_18,0.0037309876643121243,-1.4489190578460693
0736,34109_5a868eae_10,0.00358701148070395,0.6570526361465454
0737,21174_861bd902_2,0.011958112008869648,-0.042228102684020996
0738,49783_365bec9e_6,0.009136466309428215,0.7259172201156616
0739,24429_ace910b3_8,0.0004031275457236916,-22.592571258544922
0740,22772_2b5f6629_4,0.021578894928097725,-4.517241954803467
0741,53927_ef5208b9_14,0.0429452545940876,-0.7891582250595093
0742,56250_3b6024e3_54,0.01212511770427227,0.73502516746521
0743,23522_5c2ec58e_8,0.016418088227510452,0.48266392946243286
0744,121177_93fb3127_10,0.0009699634392745793,-0.7601958513259888
0745,138840_b7f948ea_2,0.01215482596307993,-0.23712694644927979
0746,41125_711db4bf_6,0.016340164467692375,0.6135205030441284
0747,102606_28922dfc_0,0.003971141763031483,-40.75449752807617
0748,31530_6744ae73_50,0.0555117204785347,0.009622275829315186
0749,50598_eae0df5a_1,0.0003681049565784633,0.32691389322280884
0750,145726_19ccdbda_12,0.0007214671932160854,0.7686400413513184
0751,41469_b94cf3e4_0,0.019579194486141205,-3.013157844543457
0752,147009_977ee378_1,0.020856283605098724,-1.0046968460083008
0753,24267_8a216138_10,0.01580360345542431,-0.28302526473999023
0754,63071_3d434a33_16,0.018522748723626137,0.011738479137420654
0755,34436_ffc43a58_4,0.002728536957874894,-1.3537890911102295
0756,50692_e7ff2668_4,0.001961739733815193,0.21394801139831543
0757,146642_883a71d2_9,0.035197414457798004,0.4441526532173157
0758,109772_f1a0845e_7,0.008555086329579353,0.8003637194633484
0759,136640_16741d62_1,0.013280251994729042,-2.371807098388672
0760,21680_360ba5c7_11,0.004555008374154568,-0.8506330251693726
0761,27729_09d75da1_2,0.009494267404079437,0.7295585870742798
0762,82148_5df06ed9_19,0.04816689342260361,-2.3458759784698486
0763,55287_8a57a3db_1,0.013411900028586388,0.17491477727890015
0764,53221_74fa81cd_5,0.013522117398679256,-5.484845161437988
0765,30417_0010bc7c_39,0.0072195446118712425,0.4364510774612427
0766,23706_ef15ef9c_40,0.0061188917607069016,0.12666070461273193
0767,140763_e14274f8_3,0.0021240387577563524,-0.6079676151275635
0768,23602_5daaccf5_3,0.017566561698913574,-1.8476946353912354
0769,30282_88c6933c_9,0.012332494370639324,0.22421491146087646
0770,56824_0fc773f6_0,0.023184003308415413,-0.32167327404022217
0771,42410_d3b5588e_1,0.009776949882507324,-0.48547351360321045
0772,55055_dd27a8a4_0,0.015804342925548553,0.7107428312301636
0773,115633_a2c63339_6,0.0066367690451443195,-6.3472747802734375
0774,73651_a41647f8_5,0.00020298590243328363,0.2131364941596985
0775,33413_060ce192_32,0.01033470593392849,0.20608603954315186
0776,97331_a482fa9b_0,0.01566956378519535,-2.3112974166870117
0777,23476_705b76d1_0,0.003493168391287327,0.8633682131767273
0778,32566_7bfc936b_6,0.06594011932611465,0.3767904043197632
0779,41717_eb1c1e6b_0,0.012599744834005833,-0.009694099426269531
0780,60720_ef9a0a95_8,0.006419235374778509,-12.720001220703125
0781,138700_ab763a46_202,8.79823710420169e-05,-47.55381774902344
0782,38287_88ec74de_17,0.047563690692186356,-6.822317123413086
0783,135535_0bd0048d_0,0.043205376714468,0.3492746353149414
0784,21797_69df08d5_7,0.12514758110046387,0.0036131739616394043
0785,65350_b3fa8f4f_47,0.25647369027137756,-0.18042123317718506
0786,41714_1d49f4d1_3,0.020317353308200836,-1.270258903503418
0787,66012_a13e1644_1,0.005919777322560549,-1.5103955268859863
0788,22652_564979ff_11,0.004827534314244986,-2.5885322093963623
0789,25127_ecba81df_23,0.0016527788247913122,-0.07862579822540283
0790,47548_db93c988_4,0.013178340159356594,-31.238792419433594
0791,55927_f8b31711_5,0.018604114651679993,0.004970073699951172
0792,31647_ab9ad9dc_2,0.01876528561115265,-1.5364797115325928
0793,41128_ee74f244_8,0.006142310798168182,-0.6810671091079712
0794,20959_d4905d19_4,0.00775934150442481,-0.9036767482757568
0795,52009_a2b75078_3,0.12587223947048187,-0.2677057981491089
0796,22201_473a3a65_16,0.008148526772856712,-0.10388362407684326
0797,29442_365e23df_30,0.03477747365832329,0.016360342502593994
0798,51859_6b2fd0f1_8,0.007357498165220022,0.7487378120422363
0799,140413_44177109_15,0.0008533946238458157,0.24304407835006714
0800,21822_7d3db422_11,0.015015650540590286,0.5827524065971375
0801,24168_a0ede173_100,0.00208074739202857,-0.5016605854034424
0802,145532_c2304f89_1,0.004122450482100248,0.4227227568626404
0803,104641_2cd02839_13,0.00022120121866464615,0.14263927936553955
0804,23679_81ef9e37_2,0.03562895208597183,-7.4891557693481445
0805,95271_de3df8d5_2,0.000624005391728133,-2.004549503326416
0806,41401_e4117da2_0,0.0004171703476458788,-8.08994197845459
0807,48006_babdf4af_9,0.032404977828264236,0.6247409582138062
0808,142246_0851be5e_32,0.06047230213880539,-0.003508925437927246
0809,33615_7bab1106_4,0.015257425606250763,-0.009582281112670898
0810,31117_cd5cdbdb_18,0.023988043889403343,0.6369017958641052
0811,34914_8911676d_0,0.006997064687311649,0.4231616258621216
0812,55501_a09e4ced_2,6.326293805614114e-05,-1.376359224319458
0813,41128_ee74f244_9,0.0036728917621076107,-0.2158212661743164
0814,142246_0851be5e_22,0.024008015170693398,-3.3542933464050293
0815,22413_901f5867_0,0.0008141004364006221,-1.4638874530792236
0816,56490_0a0fba77_0,0.029051927849650383,-7.240243911743164
0817,93676_4f934980_1,0.00120742607396096,-1.6767282485961914
0818,146642_883a71d2_96,0.01246404368430376,-0.3604322671890259
0819,24032_d6172503_3,0.013288735412061214,-1.252781867980957
0820,44221_25c62f03_1,0.015484148636460304,0.7132089138031006
0821,50315_0f1419bf_33,0.013338007964193821,-0.29458510875701904
0822,133389_0938a905_2,0.02272954396903515,-4.768600940704346
0823,24824_cf51e5b6_4,0.010156885720789433,-0.9053678512573242
0824,33970_32f36442_3,0.0337124764919281,-0.05130016803741455
0825,29359_bbfab271_2,0.007970156148076057,-0.403090238571167
0826,23172_4ab01e83_0,0.012063075788319111,0.7068299055099487
0827,98511_1b46a85e_45,0.01309895794838667,0.631854772567749
0828,98511_1b46a85e_46,0.012123819440603256,0.6435577273368835
0829,34248_cc11976c_0,0.014450636692345142,0.46607857942581177
0830,104003_46555fb2_0,0.0014297952875494957,-2.179485559463501
0831,34520_035b5e9a_8,0.01798930950462818,-5.182614803314209
0832,38397_93d5d7de_12,0.04039311408996582,0.44037336111068726
0833,130023_93b3ca95_1,0.010149339213967323,-2.5723319053649902
0834,83213_47c49876_1,0.007542667910456657,0.13549399375915527
0835,43928_6ca53538_63,0.04480301961302757,-0.04188692569732666
0836,82779_b7b722e3_9,0.031880006194114685,-2.807518243789673
0837,134967_0f27ef51_1,0.001596996677108109,-0.1947692632675171
0838,86024_714b24f4_1,0.0034941816702485085,0.8631124496459961
0839,40807_58058731_11,0.0178698617964983,-1.6950523853302002
0840,26750_cd3cb3ff_0,0.037838682532310486,0.34363019466400146
0841,126913_d253adb7_2,0.04924292117357254,-8.71603775024414
0842,24268_2804c9ff_13,0.011737409047782421,0.6947021484375
0843,45542_320c16fd_3,0.01628686860203743,0.6762034893035889
0844,22342_274ed8a6_1,0.030924201011657715,-5.69737434387207
0845,133385_e6aa64d8_17,0.0003634720342233777,-0.45704400539398193
0846,143509_1dd5212d_3,0.011099988594651222,0.6726199388504028
0847,47989_3ff0f41d_0,0.04417460784316063,-0.25667858123779297
0848,21822_7d3db422_14,0.0477822870016098,0.3100147247314453
0849,21517_bfe35b4c_12,0.0007732886588200927,-0.3498716354370117
0850,52883_e518d3f4_10,0.00795904453843832,-0.2921823263168335
0851,41871_f9a1ad02_14,0.013075941242277622,-0.30811798572540283
0852,37016_455093c1_2,0.004400555044412613,-1.3590970039367676
0853,31117_cd5cdbdb_78,0.10005149990320206,0.22413331270217896
0854,129239_0d49310c_22,0.00024998807930387557,0.27417701482772827
0855,30400_8824ce97_6,0.04941830039024353,-0.03325605392456055
0856,53233_8dbca22c_8,0.011505826376378536,0.19292807579040527
0857,40514_bb61631d_25,0.005326472222805023,-0.17839157581329346
0858,24053_53349e4d_2,0.0021253807935863733,-1.7352895736694336
0859,41917_f0c40fa1_16,0.010986815206706524,0.740088939666748
0860,22543_684108ff_5,0.024249371141195297,0.03863859176635742
0861,138636_c1153075_0,0.0014964002184569836,-0.33574509620666504
0862,24448_75004b6c_6,0.01525101251900196,0.5144342184066772
0863,24831_bbd3e098_8,0.002483104355633259,-1.4332077503204346
0864,53221_74fa81cd_3,0.005921571981161833,-0.6007580757141113
0865,76879_65a30a82_4,0.0020175345707684755,-2.2981197834014893
0866,108773_f9384cff_10,0.0001278000563615933,-0.3487582206726074
0867,33671_0e9c6ca3_5,0.012403015047311783,0.014898180961608887
0868,93103_fdb9fcb7_15,0.0407547727227211,-1.1990838050842285
0869,137675_d2bd633e_0,0.0034107191022485495,-1.1361074447631836
0870,21893_0500d043_32,0.009947529062628746,-5.503349781036377
0871,22110_0bc70e9f_1,0.009124362841248512,-4.607425689697266
0872,43152_b5472481_1,0.006855242419987917,-1.5742902755737305
0873,115717_40314bc2_1,0.01985079050064087,-0.7344558238983154
0874,102943_ca9e7968_0,0.00037828675704076886,0.48526179790496826
0875,136401_69f29349_0,0.09352222084999084,-61.03426742553711
0876,28542_3c922564_0,0.006278416141867638,-1.2894408702850342
0877,24267_8a216138_6,0.0076326108537614346,0.5814129114151001
0878,84374_272a9731_7,0.014441304840147495,-0.9040199518203735
0879,23531_1ecc8346_18,0.0648362785577774,0.36756831407546997
0880,41871_f9a1ad02_30,0.04130658507347107,-0.2519632577896118
0881,132461_14abd2d0_0,6.189935083966702e-05,-0.7280558347702026
0882,37617_3f415463_2,0.0009610349079594016,-0.5704048871994019
0883,41696_de0790a1_1,0.00994863361120224,0.7790814638137817
0884,54657_2a66e0de_20,0.015674401074647903,-0.4393155574798584
0885,24425_0dc4b306_0,0.027991099283099174,-1.7412769794464111
0886,146667_fe438b5b_0,0.0036910916678607464,0.8596209287643433
0887,23048_8a1a5553_8,0.00016943342052400112,-3.558839797973633
0888,51871_86ebf5b2_17,0.05045425146818161,-8.236483573913574
0889,30664_a3084f71_6,0.005908166989684105,0.6374680399894714
0890,139801_97e2ca6a_5,0.0036781178787350655,0.2469339370727539
0891,22278_12f1fb79_13,0.017719712108373642,-0.1527876853942871
0892,22776_facf9bcf_8,0.010414841584861279,0.6455206871032715
0893,40500_6055e3d7_15,0.15635870397090912,-0.5594767332077026
0894,35740_5322d674_13,0.005013090092688799,-2.049792766571045
0895,39792_60786b6c_12,0.019354980438947678,0.29734164476394653
0896,115524_4a411f7e_0,0.01872728206217289,-3.2541589736938477
0897,24131_3ea7d5a8_17,0.01679600402712822,0.18983608484268188
0898,100326_0602c712_2,0.05011090636253357,-0.5917303562164307
0899,34571_25c64838_2,0.009738713502883911,0.42280149459838867
0900,143534_4f65fd1a_0,0.0042050848715007305,-0.42170417308807373
0901,101446_95204330_1,0.01490193884819746,-8.446870803833008
0902,41749_14d0599c_10,0.0003979369648732245,-0.16137123107910156
0903,55715_525d1d3e_12,0.001673868391662836,-3.965001106262207
0904,45307_b9b4bca0_30,0.13772495090961456,0.0136185884475708
0905,22654_4c426b0f_0,0.005710897967219353,0.2848547101020813
0906,22670_9353c710_4,0.015534759499132633,-3.7639079093933105
0907,99445_94c22a37_11,0.021856706589460373,0.6752593517303467
0908,132811_57264a28_4,0.0038503515534102917,0.6854414939880371
0909,23258_87a2ba81_3,0.0005548536428250372,0.12294578552246094
0910,50777_2934de55_22,0.011922737583518028,0.5767703652381897
0911,98418_4185a7fb_0,0.010246031917631626,0.7517761588096619
0912,43441_e1ab0873_2,0.0001218501856783405,-0.4765127897262573
0913,24271_dbc0fd2d_12,0.019114814698696136,-3.207442283630371
0914,38944_0d0c3fce_0,0.09793127328157425,0.3655571937561035
0915,40624_e1c5c424_11,0.0004482327203731984,-10.289196014404297
0916,100028_0c3a8f1c_13,0.027032140642404556,0.6522932052612305
0917,40491_ac67bf4c_13,0.019855499267578125,0.6275584697723389
0918,25416_1deb9c75_0,0.00877353735268116,-0.5187170505523682
0919,21657_2651585a_6,0.004747992847114801,0.7483381032943726
0920,21986_67c5509a_15,0.022651344537734985,-1.8104398250579834
0921,32288_34013274_2,0.03582713007926941,-5.0640435218811035
0922,55373_ddd74d2f_0,0.04712085425853729,-5.085784435272217
0923,26245_4aac38e1_0,0.010951141826808453,0.37251895666122437
0924,33044_7fdd9213_0,0.031207503750920296,-4.5720534324646
0925,31530_6744ae73_48,0.0802023708820343,0.2252381443977356
0926,25555_fd3d9a3c_1,0.001700662774965167,-1.387634038925171
0927,54175_7d864ace_6,0.007798277772963047,-0.751248836517334
0928,72950_5074f5a3_0,0.0027606890071183443,-0.8249670267105103
0929,129618_2962c248_0,0.05899025872349739,0.01475381851196289
0930,52012_77070fda_10,0.0011172362137585878,-0.7521028518676758
0931,28295_0dc908b9_7,0.03071780316531658,-7.251648902893066
0932,144419_90e59d67_2,0.0008215361158363521,-8.078888893127441
0933,22734_f6bad9f7_24,0.01708962954580784,0.4711119532585144
0934,22604_0b4ffb43_14,0.015804342925548553,0.7107428312301636
0935,81996_b3752ed2_3,0.003642055904492736,-2.268447160720825
0936,24504_493cee15_8,0.009143899194896221,0.6359084844589233
0937,39124_28e99e62_1,0.0009274909389205277,-0.04361987113952637
0938,29725_0ad4937e_1,0.0007900797645561397,-0.42808234691619873
0939,109232_04340d62_6,0.0005426325951702893,-8.870758056640625
0940,129075_8fbf62e5_0,0.0012037656269967556,0.04735970497131348
0941,102937_18c3cb6a_4,0.0075007048435509205,0.7370154857635498
0942,52551_8098346a_5,0.003471515141427517,-5.038733959197998
0943,128043_6947b64c_0,0.007451436948031187,0.5698485374450684
0944,119030_292009a7_41,0.006200746167451143,0.09041458368301392
0945,48526_5aecac8a_0,0.022002413868904114,-2.704939603805542
0946,32541_86f7df73_4,0.0034635344054549932,-2.2949655055999756
0947,55114_7bf17f6a_0,0.023609008640050888,-0.7115161418914795
0948,55285_6816da52_1,0.049946531653404236,-0.08096277713775635
0949,37683_e2cca100_17,0.0011024976847693324,-0.7357608079910278
0950,78775_e2d8b091_15,0.012149563059210777,0.6027523279190063
0951,93199_2146e709_2,0.00807972252368927,0.04611861705780029
0952,135595_656de97a_14,0.0026021895464509726,-0.8656653165817261
0953,24284_3710e946_16,0.01199150551110506,0.7283289432525635
0954,135521_30553c91_2,0.0018932850798591971,-26.459150314331055
0955,29732_fb15318c_5,0.0008657894213683903,0.17755556106567383
0956,88060_389bdff4_0,0.010851890780031681,0.33961689472198486
0957,27839_4a077326_28,0.017293039709329605,0.5715185403823853
0958,100435_87bf423d_8,0.013438351452350616,0.7352022528648376
0959,25365_bb0e4ede_44,0.01491906400769949,-20.159120559692383
0960,146169_144d8264_0,0.14775563776493073,0.20200836658477783
0961,23342_7193a931_3,0.0007374775595963001,-1.172708511352539
0962,57000_cd1ddece_12,0.013835078105330467,0.7233956456184387
0963,119790_1ed376f0_3,0.002698988886550069,-1.9456710815429688
0964,72522_e9e87960_4,0.01978793740272522,0.6285885572433472
0965,65366_f618b577_2,0.000552940764464438,0.5186833143234253
0966,55707_c78416ed_35,0.03025187738239765,-0.5809532403945923
0967,70321_eccffc7e_0,0.0242274422198534,-5.276285171508789
0968,120143_b5756e6b_0,0.032589711248874664,-3.5258092880249023
0969,27726_aca43af4_35,0.00021097890567034483,-8.802303314208984
0970,31361_72aab333_20,0.005382093135267496,-0.7104840278625488
0971,121949_e10b5e85_12,0.011261243373155594,0.6889606714248657
0972,146399_0e4b73c4_13,0.0515940822660923,-0.05917966365814209
0973,41134_fc146947_6,0.007991314865648746,-2.7359585762023926
0974,21237_7887a24b_35,0.002095292555168271,-7.662315368652344
0975,24885_55e20ddf_3,0.0014264637138694525,-0.40930068492889404
0976,34914_8911676d_23,0.008264386095106602,-0.46878039836883545
0977,21803_8a36dcda_12,0.010890954174101353,0.6355725526809692
0978,41306_8f26e703_5,0.0004902630462311208,-4.292473316192627
0979,25118_f50fdc69_10,0.00042819176451303065,0.3746066093444824
0980,25473_0991d519_9,0.008219351060688496,0.7941781282424927
0981,126585_86fa26cb_0,0.0004900333588011563,0.39481598138809204
0982,145691_69484976_9,0.014352728612720966,-0.29048335552215576
0983,60729_c51868ec_0,0.004525287076830864,-1.492987871170044
0984,123929_e7dbad2c_0,0.04423016309738159,-20.009836196899414
0985,69649_70b07cac_0,0.010415858589112759,0.7699208855628967
0986,55135_f1186d58_9,0.001962447538971901,-1.4449172019958496
0987,20838_86c931be_2,0.002613847376778722,0.6750202775001526
0988,45242_626509cb_11,0.0013095461763441563,0.4213062524795532
0989,34983_439766af_13,0.03796754032373428,0.6050747632980347
0990,53453_fb0f1640_1,0.029478156939148903,0.10512471199035645
0991,23255_972fbfe6_25,0.007567653898149729,0.7614613771438599
0992,24168_a0ede173_203,0.18561239540576935,-0.03229498863220215
0993,55476_1473d91f_0,0.005556612275540829,-1.8327958583831787
0994,55111_ef389075_1,0.007496475242078304,0.7134783267974854
0995,141710_17531562_1,0.0035846265964210033,0.6990251541137695
0996,96601_b89e6252_1,0.0002615309495013207,-0.39080584049224854
0997,135790_a27f9deb_43,0.07920460402965546,-0.014778375625610352
0998,121363_746708db_0,0.004714482929557562,-0.8139512538909912
0999,136886_3aa46890_0,0.0044969916343688965,-0.6767537593841553
1000,50315_0f1419bf_19,0.043893951922655106,0.39623916149139404
1001,37846_cde34fcd_14,0.00010161676618736237,-0.14891397953033447
1002,24816_ef81ad4c_1,0.005811143666505814,-1.0779523849487305
1003,75646_4baf69b2_7,0.042227696627378464,0.4086778163909912
1004,140155_81f9ac63_0,0.026149602606892586,-5.524026393890381
1005,51603_034939eb_10,0.007235133554786444,0.5991767644882202
1006,30435_c97330d2_0,0.005509432405233383,-8.315474510192871
1007,27839_4a077326_27,0.005061229690909386,0.724804162979126
1008,55627_971fde61_34,0.031114697456359863,-1.4054691791534424
1009,134909_ef3d003c_0,0.0012400068808346987,-0.21648049354553223
1010,33413_060ce192_51,0.0004098815843462944,-55.79007339477539
1011,22245_ca848576_12,0.002994706854224205,-2.497345209121704
1012,52039_ba12c3ac_1,0.013802229426801205,0.7240623831748962
1013,39707_358f88df_2,0.012103091925382614,-11.888551712036133
1014,50014_33f250c8_3,0.09380954504013062,0.14431113004684448
1015,52987_387431ac_1,0.03742150217294693,-1.5694787502288818
1016,33501_b1ee5058_15,0.013855072669684887,0.7244888544082642
1017,82168_4844bddd_1,0.011294168420135975,-0.5249218940734863
1018,30384_95e72fc2_4,0.000278341380180791,-2.0655083656311035
1019,23554_a0845d54_2,0.025673910975456238,-20.46150016784668
1020,23800_65e0a5d1_0,0.000913743453565985,-1.8796560764312744
1021,41128_ee74f244_0,0.002067337743937969,-1.0754897594451904
1022,143019_22dbd3e6_2,0.038794681429862976,-0.23085331916809082
1023,79993_6087acd5_8,0.014528466388583183,0.5403861999511719
1024,21422_b2a6bf27_0,0.020258255302906036,0.665998101234436
1025,25487_dd2c17e8_21,0.0012576151639223099,-0.11666345596313477
1026,22654_4c426b0f_10,0.00018473714590072632,-0.24058818817138672
1027,30368_d7fd30ce_6,6.338160892482847e-05,-0.35557544231414795
1028,57249_6bd2af3c_2,0.0036532345693558455,0.8652328252792358
1029,57029_3ab80a22_0,0.017219815403223038,-2.416066884994507
1030,79906_052c7eb4_3,0.005105835385620594,-0.10676360130310059
1031,82996_b8dc67c9_10,0.0007122792303562164,0.017031431198120117
1032,119884_192e3265_1,0.048726800829172134,-21.223039627075195
1033,21225_c081eae3_10,0.005840297322720289,0.6651635766029358
1034,121949_e10b5e85_1,0.007473967503756285,-0.8912205696105957
1035,81994_ba8916c9_5,0.001370050711557269,-0.19713425636291504
1036,22447_4062c6cb_29,0.018895646557211876,0.6812498569488525
1037,55044_ee57bac8_1,0.0004697368131019175,-0.784724235534668
1038,41871_f9a1ad02_13,0.12898659706115723,0.27556025981903076
1039,74688_a5168a45_2,0.00043437822023406625,-92.33216857910156
1040,23218_02d26ab4_4,0.0004071879666298628,0.06345027685165405
1041,41205_dc60aa5d_0,0.01165833044797182,-1.8983092308044434
1042,41979_ca698776_0,0.0033296598121523857,0.3171176314353943
1043,141453_50ec6f25_7,0.00977953802794218,0.7229753732681274
1044,97143_5424c420_0,0.01369138527661562,-2.5137369632720947
1045,41986_26275a06_2,0.016918139532208443,-0.5948101282119751
1046,136800_c5e4d711_2,0.0009949719533324242,-0.3599809408187866
1047,101635_11b839a3_5,0.0005872289766557515,-3.810943126678467
1048,55866_b041060d_0,0.012996799312531948,0.2045186161994934
1049,53846_89405f98_0,0.011834688484668732,-1.4179577827453613
1050,27725_5cceaeb7_1,0.015562810935080051,-0.40421199798583984
1051,146137_92faaea5_9,0.026761841028928757,-1.144277572631836
1052,41211_11f6b8a0_4,0.009255067445337772,-2.811601161956787
1053,21330_f0cee934_46,0.013846572488546371,0.7231636047363281
1054,127188_5fecd146_4,0.001716777915135026,-1.359018087387085
1055,135949_06517574_8,0.00048098215484060347,-3.986321449279785
1056,68928_0d4e4a2e_24,0.03240320459008217,-1.0375137329101562
1057,50410_f8f03667_38,0.0003971756377723068,-26.343530654907227
1058,142999_171240b6_21,0.005209391936659813,-2.8517398834228516
1059,144709_642fc665_0,0.029285499826073647,-1.8779747486114502
1060,53232_f8760054_10,0.0014853404136374593,-13.215957641601562
1061,22372_e91792a1_0,7.627704326296225e-05,0.02174478769302368
1062,21767_53eaa558_12,0.08044371008872986,-0.0395277738571167
1063,32220_1fd19c5e_0,0.0009189065895043314,0.055939316749572754
1064,22886_a6331748_1,0.009594754315912724,0.11909812688827515
1065,130996_b842b511_12,0.0016183346742764115,0.8508356213569641
1066,55571_74a416b1_1,0.000588516762945801,-3.992185115814209
1067,70169_914780d4_1,0.004818251356482506,-0.8347861766815186
1068,23156_7788f78a_6,0.10417736321687698,0.24619120359420776
1069,124496_20e20439_10,0.001115313614718616,-1.4513115882873535
1070,76300_7cb02add_1,0.0026995385996997356,0.6002678275108337
1071,21647_6b6cca6f_10,0.016845140606164932,-8.194205284118652
1072,22734_f6bad9f7_23,0.015144845470786095,0.3690890073776245
1073,94176_0a6c42ab_2,7.573326001875103e-05,-12.898669242858887
1074,24048_d731886d_9,0.022690216079354286,-1.5010077953338623
1075,25487_dd2c17e8_30,0.022382471710443497,-9.117671966552734
1076,115717_40314bc2_4,0.00014752012793906033,0.5201500058174133
1077,125592_875faf40_0,0.040210235863924026,-0.8664246797561646
1078,41871_f9a1ad02_44,0.010182171128690243,0.28065019845962524
1079,146642_883a71d2_8,0.006177365779876709,-0.5071730613708496
1080,136883_076fbff9_31,0.0003311521140858531,-0.09537971019744873
1081,60766_fb8715eb_3,0.013699700124561787,-0.0018541812896728516
1082,30818_33617072_0,0.04957461729645729,-1.5099632740020752
1083,130679_7a357a9c_18,0.03369833528995514,-0.982239842414856
1084,55306_795d845b_0,0.00020497127843555063,0.5605978965759277
1085,135934_d2f6bb2e_33,0.0009000939317047596,-0.2000138759613037
1086,111054_e45a0d40_7,0.13358516991138458,-0.2922109365463257
1087,36826_d9269c2e_10,0.013745330274105072,0.06635582447052002
1088,37619_ae810a8d_7,0.00046784678124822676,-212.67373657226562
1089,22343_34184fd5_22,0.00045140853035263717,-0.39712822437286377
1090,113020_de552f8d_0,0.00340924970805645,-1.1319184303283691
1091,20216_89b90993_0,0.021090984344482422,-0.4050832986831665
1092,23325_292b3294_16,0.011732359416782856,-0.11615347862243652
1093,23522_5c2ec58e_9,0.0040908316150307655,0.6893946528434753
1094,146624_359752bb_20,0.0004071823786944151,-204.26878356933594
1095,104990_11b4aeee_1,0.015574430115520954,0.6439979076385498
1096,90917_4670b560_0,0.06516378372907639,-0.26647329330444336
1097,54818_59adf8c2_5,0.0027160104364156723,-1.34885835647583
1098,34109_5a868eae_3,0.002501879585906863,-3.081784248352051
1099,23161_e7f63a9f_2,0.018978415057063103,-0.717239499092102
1100,37160_2a95674a_27,0.011982128955423832,-3.186293125152588
1101,61280_8bdbc90f_0,0.011204454116523266,0.5975949764251709
1102,55083_dac1f9cc_2,0.024183865636587143,-1.0133016109466553
1103,34341_d19b12fb_14,0.0004935411270707846,-3.9087953567504883
1104,54516_ac9e2ef4_61,0.009115525521337986,-0.5136094093322754
1105,24559_3c306e71_2,0.0009437787812203169,-0.9212028980255127
1106,105831_88a0fb85_1,0.006060126703232527,0.7697530388832092
1107,32743_f4c47bbc_19,0.02336753159761429,-3.342015266418457
1108,40500_6055e3d7_18,0.022636599838733673,-0.08661389350891113
1109,22862_f5406bb0_0,0.020961809903383255,0.6627894639968872
1110,141081_ae61ec46_0,0.0226929672062397,0.6714882850646973
1111,135112_cf8007b8_4,0.04692281782627106,0.2881712317466736
1112,131442_1512d9ff_5,0.0003672454331535846,0.2228257656097412
1113,145132_7aea3b66_1,0.25410935282707214,0.03821873664855957
1114,41871_f9a1ad02_45,0.007191529963165522,-0.3861353397369385
1115,51775_49ef614a_1,0.040059350430965424,-10.350600242614746
1116,143293_fc5b0ff7_23,0.0007026573875918984,-0.2837228775024414
1117,51547_a7e01c38_6,0.0008879742817953229,-0.2722541093826294
1118,114021_44c3c39c_2,0.0003419885179027915,0.14740663766860962
1119,123766_c5a4cf5e_0,0.002072726609185338,-12.2152099609375
1120,23031_0d684603_8,0.01570526696741581,-5.769374847412109
1121,132996_c742ef84_4,0.012260213494300842,-0.7013237476348877
1122,137096_5d77f285_1,0.027312010526657104,-2.2598862648010254
1123,27072_b4756e8c_2,0.009363549761474133,-1.1177427768707275
1124,51915_e704f5dd_2,0.01272158045321703,-0.9893981218338013
1125,132811_57264a28_13,0.018953537568449974,0.6809124946594238
1126,49396_98ab955d_13,0.01039270032197237,-0.1586284637451172
1127,132081_761d26ad_0,0.006705182138830423,0.8205132484436035
1128,82906_7b72e0e8_2,0.017596377059817314,0.509768545627594
1129,92649_26fe8262_0,0.00519954040646553,-1.398890495300293
1130,21803_8a36dcda_11,0.00978966522961855,0.7366883158683777
1131,30637_f6324fc6_5,0.0009084267076104879,-5.012539863586426
1132,105560_a6f91315_12,0.00048270964180119336,-66.60881042480469
1133,41737_d80c34b9_0,0.03739025071263313,-1.2338883876800537
1134,34983_439766af_12,0.001520498306490481,0.8504269123077393
1135,122755_60c41889_10,0.0004383948107715696,-6.025490760803223
1136,76879_65a30a82_2,0.09863133728504181,0.11774826049804688
1137,89816_cef36e57_4,0.019567666575312614,0.6773102283477783
1138,49406_100c707b_3,0.011430075392127037,-0.3179420232772827
1139,105560_a6f91315_10,0.0004134642658755183,-7.927618980407715
1140,129421_483d2957_5,0.0005918312235735357,-1.4935917854309082
1141,122740_fc5c94eb_33,0.008034187369048595,0.7540082335472107
1142,135595_656de97a_5,0.007211881689727306,-1.6339845657348633
1143,35740_5322d674_5,0.000407184474170208,-140.3203887939453
1144,23681_932e722e_18,0.015622769482433796,0.7042884230613708
1145,108244_329b1876_17,7.970472506713122e-05,-17.5194034576416
1146,125745_cf468448_6,0.003886426566168666,0.08616650104522705
1147,138838_c9a9e790_6,0.0182757917791605,-2.5525288581848145
1148,102416_b74464a2_4,0.00041725384653545916,-164.50601196289062
1149,30426_2cde26de_21,0.0007275071111507714,-1.1624410152435303
1150,137837_9c9f163d_5,0.0011809116695076227,-0.24348783493041992
1151,25487_dd2c17e8_15,0.03108958899974823,-3.052441120147705
1152,21549_18160a0a_4,0.0004097990458831191,-56.84672546386719
1153,21385_601444ba_0,0.009279768913984299,0.4227137565612793
1154,35233_add576ba_9,0.011698662303388119,0.2359359860420227
1155,55345_c6423351_0,0.014700512401759624,-1.3798980712890625
1156,110697_4b2725f1_0,0.010598045773804188,0.7531194686889648
1157,109946_242843a6_1,0.0004293575184419751,-9.121292114257812
1158,34341_d19b12fb_22,0.00038931352901272476,-43.26179885864258
1159,23247_bcd1e84f_21,0.018732711672782898,-2.9333231449127197
1160,131765_29b29f08_6,0.0004294448590371758,-8.299712181091309
1161,21395_7d6fda6f_12,0.03525373712182045,-29.85436248779297
1162,135460_6471e973_15,0.003801510902121663,-0.24874186515808105
1163,51741_49d61151_7,0.004703471437096596,0.8300480842590332
1164,28382_90b7cc0c_12,0.00635131960734725,-1.303823709487915
1165,30850_05d88af9_2,0.007919516414403915,0.673305332660675
1166,86278_1e55d036_12,0.0011200017761439085,-7.33637809753418
1167,67240_525e92c1_1,0.006668839603662491,-4.351169109344482
1168,82002_ef2b4feb_6,0.016163241118192673,0.6894326210021973
1169,53364_ec8aad42_1,0.038207679986953735,-0.6417064666748047
1170,135771_b030a25c_17,0.0033923264127224684,-2.9241726398468018
1171,135906_29d7b495_1,0.0003723793779499829,0.33424240350723267
1172,21822_7d3db422_38,0.009303675964474678,-8.438934326171875
1173,81136_5b86c723_1,0.0003525220963638276,-1.5888097286224365
1174,25473_0991d519_2,0.05263752117753029,0.08933460712432861
1175,73405_94381b7c_5,0.02650747448205948,-3.455617904663086
1176,24009_c40b0d48_2,0.0049834358505904675,0.8469600677490234
1177,22162_439af02a_1,0.016620619222521782,0.6731915473937988
1178,146159_f3f80701_0,0.026965158060193062,-6.1897783279418945
1179,51895_5760b481_15,0.0792764350771904,0.1562376618385315
1180,33500_e58e287e_1,0.014285535551607609,0.3350292444229126
1181,31838_2e4bd173_0,0.023753276094794273,-14.877774238586426
1182,146137_92faaea5_18,0.00010477062460267916,0.08290660381317139
1183,124879_2257a334_2,0.00011104746954515576,-0.2187882661819458
1184,144145_510eedc2_7,0.018812786787748337,0.6513537168502808
1185,21237_7887a24b_78,0.015859702602028847,-0.37919890880584717
1186,82297_93739ce0_6,0.0015275438781827688,0.4978572726249695
1187,51536_a18dc325_31,0.0008621251909062266,-3.1787919998168945
1188,93103_fdb9fcb7_7,0.01631111279129982,-1.1054353713989258
1189,24590_415f7013_9,0.006978475023061037,-0.29298150539398193
1190,130659_16f2db4c_0,0.012653238140046597,-3.1859211921691895
1191,23083_fdb942ac_2,0.016344241797924042,0.31804734468460083
1192,23954_a8c09819_2,0.01708771474659443,0.6686248779296875
1193,30417_0010bc7c_13,0.010926108807325363,0.02842414379119873
1194,120535_e304dfca_1,0.003419625572860241,0.7491707801818848
1195,93199_2146e709_9,0.02026662416756153,-3.653731346130371
1196,23686_cba4f679_15,0.011013480834662914,0.7531472444534302
1197,40807_58058731_20,0.057901933789253235,0.41721779108047485
1198,94410_d32e7520_35,0.014060177840292454,0.6499234437942505
1199,79695_fd8bae0e_0,0.04774630814790726,-11.14106559753418
1200,129422_621d0a90_35,0.027191558852791786,-11.770857810974121
1201,44932_16cb7f21_5,0.010217693634331226,0.7106084823608398
1202,136550_8a8672e5_1,0.0073438710533082485,-1.0616281032562256
1203,20495_e8e7e80c_3,0.016451943665742874,0.7057498097419739
1204,31962_e5291336_50,0.002887302776798606,-1.754303216934204
1205,24888_5be1de05_1,0.00036244705552235246,-5.893441677093506
1206,34114_7e58a97d_10,0.019019169732928276,0.26880550384521484
1207,108433_37a79370_0,0.0719788447022438,-5.3602776527404785
1208,22844_9b75b8e0_1,0.004076900891959667,0.8308830857276917
1209,115637_b4d41e8a_0,0.01562479417771101,-0.5125771760940552
1210,53474_f29e4438_15,0.04541059955954552,-0.2917975187301636
1211,26766_1aaa348c_0,0.016073720529675484,-1.281679630279541
1212,51940_67bb0219_7,0.00545888114720583,0.10793501138687134
1213,41714_1d49f4d1_13,0.0006403907318599522,-1.5253558158874512
1214,21815_7090778f_9,0.03693830221891403,-2.0313565731048584
1215,32843_8e5bdf24_0,0.007889133878052235,0.6504539251327515
1216,23686_cba4f679_10,0.028753140941262245,-2.5830154418945312
1217,114425_891ab08d_0,0.01023103203624487,-0.2756870985031128
1218,41786_02d48cdd_5,0.007963932119309902,-0.2323601245880127
1219,22895_4533b542_1,0.0039100381545722485,0.775902271270752
1220,49016_cd1b47bf_6,0.012925881892442703,0.5905358791351318
1221,51674_a70c1c6c_3,0.0023829888086766005,-2.8107192516326904
1222,52972_6e5a5ada_11,0.01702074520289898,0.27753937244415283
1223,120700_d818883a_8,0.0014987934846431017,-1.0293116569519043
1224,34530_9525ffcd_0,0.022935448214411736,0.5686923265457153
1225,24355_99bf3f8f_1,0.0034211643505841494,-5.625301361083984
1226,56250_3b6024e3_46,0.03378207981586456,0.40269917249679565
1227,56355_727ca47c_3,0.06460089236497879,-14.5989408493042
1228,35057_9af89947_1,0.00513805216178298,0.19331806898117065
1229,120881_a946667f_13,0.0005569299682974815,0.23273944854736328
1230,143021_c6df0146_5,0.0005929304170422256,-2.3016982078552246
1231,69240_dc199112_3,0.0027566892094910145,-1.5089752674102783
1232,41733_1ec9b00c_15,0.02706911787390709,-4.637086868286133
1233,30298_24191733_2,0.0001465981622459367,-0.013819336891174316
1234,30400_8824ce97_18,0.02566658891737461,-4.3593525886535645
1235,37040_ecbcd25e_36,0.021004056558012962,-4.66490364074707
1236,23035_6087bb57_4,0.001539162010885775,-1.303377389907837
1237,38675_6e07d74b_26,0.07884655147790909,-0.09096395969390869
1238,31751_e37382e1_9,0.009885496459901333,-0.054053425788879395
1239,54601_e1da5b93_4,0.014047606848180294,0.7205303907394409
1240,142999_171240b6_29,0.01830556057393551,-0.38761186599731445
1241,137646_14bca880_0,0.004271696321666241,0.6055058240890503
1242,37519_442dc408_1,0.0017153682420030236,-1.0962154865264893
1243,47195_a8cd8bad_6,0.0036556697450578213,0.7675345540046692
1244,22474_b10fea1a_6,0.009310784749686718,-0.07385027408599854
1245,53200_d1e30b87_10,0.0012724987464025617,0.7785733938217163
1246,41472_f9d73638_9,0.0037388892378658056,-2.8430118560791016
1247,126397_cc08a23d_1,0.0003681086818687618,0.402582049369812
1248,31838_2e4bd173_4,0.01754279062151909,0.6872571706771851
1249,52006_d21e4570_7,0.009983963333070278,-0.9790757894515991
1250,62109_08c31aa8_0,0.03010876104235649,-4.365081310272217
1251,49403_458914df_0,0.015083585865795612,-7.909697532653809
1252,122914_76ff1f5e_2,0.00029806821839883924,-25.528879165649414
1253,34913_d23e2a24_2,0.021659191697835922,-8.691793441772461
1254,104641_2cd02839_15,0.0002892977499868721,0.16399574279785156
1255,131632_6144b102_1,0.03133638575673103,0.626922070980072
1256,30850_05d88af9_0,0.01295013353228569,-0.016117095947265625
1257,86296_8a6ed4d3_7,0.00064366206061095,-0.9824976921081543
1258,34983_439766af_7,0.021078478544950485,0.6997088193893433
1259,33374_7491cbf8_2,0.06863392889499664,0.3359455466270447
1260,50694_afd26bd5_10,0.03609195351600647,0.6124278903007507
1261,50292_e84db1fb_8,0.00042090468923561275,-0.43630659580230713
1262,81367_622a9e51_2,0.029097987338900566,-6.3066487312316895
1263,78966_584c5305_0,0.018722226843237877,-8.762125968933105
1264,79905_623eae86_1,0.08203614503145218,0.32819879055023193
1265,63055_6b907478_15,0.012611625716090202,-0.006028294563293457
1266,135771_b030a25c_4,0.004113934002816677,-4.179556846618652
1267,41753_9b4f8d8a_0,0.01443810760974884,0.716524600982666
1268,80784_f7ec5f70_1,0.00452139787375927,0.23387569189071655
1269,33607_c6f31fa6_10,0.05715076997876167,-5.999039173126221
1270,22225_a3ce4d29_42,0.007848127745091915,0.15661394596099854
1271,51938_8b9cba89_5,0.030119052156805992,0.368799090385437
1272,44741_f386a08f_4,0.009134647436439991,0.7288826704025269
1273,70021_e673ae54_4,0.020008129999041557,0.6752628684043884
1274,55135_f1186d58_7,0.0835544541478157,-6.488991737365723
1275,31856_2a5a4e32_12,0.027661489322781563,-0.5344525575637817
1276,75303_045fc848_4,0.022222192957997322,-2.414456367492676
1277,129683_3ad38815_10,0.0612451396882534,0.28380686044692993
1278,21894_93f0d052_24,0.009001674130558968,0.27200615406036377
1279,143823_1b04bf80_13,0.012610694393515587,0.09001022577285767
1280,143823_1b04bf80_18,0.0027793447952717543,-1.689028263092041
1281,111863_c925f4f3_2,0.0008589281351305544,0.1804121732711792
1282,104633_d0a15bd3_6,0.037295665591955185,-2.1273744106292725
1283,48832_22363e53_33,0.009455992840230465,0.7445839047431946
1284,127466_a18ae326_1,0.007735684514045715,-1.9144010543823242
1285,22211_b1ee53f0_12,0.015892378985881805,0.3358907699584961
1286,137837_9c9f163d_6,0.0059595671482384205,-0.6230833530426025
1287,122755_b830e22d_17,0.00012600857007782906,-0.4112478494644165
1288,21299_e9cd80a6_12,0.011020226404070854,-13.778169631958008
1289,44920_70dd4b80_11,0.003813300747424364,0.8274816870689392
1290,52987_387431ac_7,0.008748315274715424,0.7335472106933594
1291,147926_b78316a8_10,0.003409881144762039,-1.9874534606933594
1292,144653_e3eccdf1_50,0.0011390739819034934,0.24108797311782837
1293,56458_c027ed41_0,0.015949970111250877,-0.9798963069915771
1294,23495_6366269c_11,0.016209157183766365,0.6776492595672607
1295,70883_e2d6a103_2,0.04470019042491913,0.33583468198776245
1296,32743_f4c47bbc_34,0.008792285807430744,-4.124474048614502
1297,30910_38ea5a06_2,0.0011441567912697792,0.8059518337249756
1298,56476_466fc284_17,0.054156381636857986,-0.12017560005187988
1299,22604_0b4ffb43_62,0.016342194750905037,0.31813961267471313
1300,21534_6367be99_0,0.00653413450345397,-1.0597929954528809
1301,133026_1085532d_1,0.005306152626872063,-0.3485158681869507
1302,137828_0b0786fb_1,0.017820851877331734,0.6574018001556396
1303,55627_971fde61_27,0.019807865843176842,-1.500504732131958
1304,93869_8b1922a3_0,0.0017348963301628828,0.8600852489471436
1305,24393_9acd18c6_3,0.018481794744729996,0.6551287174224854
1306,44996_b3e9c266_14,0.0001993780315387994,0.21973568201065063
1307,55300_b9675d43_1,0.016674034297466278,0.6726134419441223
1308,113352_879844fe_0,0.004674003459513187,0.8096704483032227
1309,135317_3c58b0d0_9,0.0014305327786132693,-0.3218036890029907
1310,115624_fe3eb392_1,0.01392102800309658,0.348030149936676
1311,63055_6b907478_21,0.008660589344799519,0.6841619610786438
1312,40421_032c052f_0,0.0013051853748038411,0.8016116619110107
1313,143029_70554264_3,0.00028771485085599124,0.5071113109588623
1314,145117_78f63de3_0,0.06337057799100876,-15.298257827758789
1315,128996_35f2006e_0,0.0006519628805108368,-2.2602484226226807
1316,54503_fc6c6963_1,0.00965752825140953,-0.21974575519561768
1317,24657_0168dc6b_1,0.009371794760227203,0.7706089615821838
1318,130524_13ad16a8_0,0.22711294889450073,-0.12303352355957031
1319,142670_33c641dc_3,0.03192678838968277,-11.129414558410645
1320,65375_674ff0b9_11,0.0030502474401146173,-1.7770376205444336
1321,23168_7fdf5427_3,0.00044158706441521645,-200.71693420410156
1322,41717_ab2075ac_0,0.003688782686367631,0.8645628094673157
1323,21739_57582b8f_4,0.0034183128736913204,0.7994517087936401
1324,143293_fc5b0ff7_30,0.014958484098315239,0.5920730829238892
1325,135906_587b5c3d_0,0.0032204058952629566,-0.9446250200271606
1326,138685_fd9b79cd_0,0.0021456757094711065,-0.7157187461853027
1327,119921_5621fcb4_0,0.008324302732944489,-0.40536510944366455
1328,49403_458914df_5,0.015277286060154438,-0.7411196231842041
1329,73525_7f6b2f67_2,0.00039873752393759787,0.3613637089729309
1330,136994_a3a2f50f_3,0.005103679373860359,0.4251483082771301
1331,31838_2e4bd173_1,0.014604300260543823,0.6839048266410828
1332,35866_d0233b36_6,0.018596995621919632,0.6829594373703003
1333,53053_d6b4d71c_9,0.015730470418930054,0.5915931463241577
1334,90220_7baf1e18_1,0.004185850266367197,-4.650565147399902
1335,23364_73dd9d4d_10,0.0004322448221500963,0.3787694573402405
1336,52987_387431ac_3,0.0170335303992033,-0.4028688669204712
1337,51859_6b2fd0f1_4,0.0036960167344659567,-1.0547535419464111
1338,51708_867d4509_12,0.0011266071815043688,-8.758936882019043
1339,93199_2146e709_3,0.013164857402443886,0.720879077911377
