case_num,case_name,MSE,R-Square
0,50417_199cffee_13,0.0017925843130797148,0.9860367178916931
1,48516_2b3135bf_11,0.001103728893212974,0.9626831412315369
2,41733_1ec9b00c_31,0.0031878785230219364,0.6907747983932495
3,31664_1e85c690_0,0.0006437652627937496,0.9653885364532471
4,21893_0500d043_18,0.0005007059080526233,0.989820122718811
5,31607_9a2f8140_6,0.00035875762114301324,0.9879581928253174
6,41774_88a7a483_18,0.0004191981570329517,0.8976715803146362
7,42143_51b31600_4,6.754446076229215e-05,0.8635203242301941
8,23104_3b70eba4_13,0.0006117523880675435,-0.006363272666931152
9,129075_8fbf62e5_2,4.498009366216138e-05,0.8813017010688782
10,41624_a15f83c1_13,0.00022242033446673304,0.8907814621925354
11,36088_1ea9c8a9_12,0.00026803716900758445,0.9937469959259033
12,126477_6596d136_14,0.00025432309485040605,0.7694761753082275
13,130441_10c43121_0,0.0029695751145482063,0.9848721027374268
14,133385_e6aa64d8_21,0.00027406049775891006,0.8201988339424133
15,26398_b99946da_1,0.001415806356817484,0.9813796877861023
16,61198_0c99f50a_4,5.220383536652662e-05,-2.288668155670166
17,26661_ab88a525_0,0.00014513992937281728,0.8322521448135376
18,129075_8fbf62e5_1,0.001183119835332036,-0.11729276180267334
19,51891_9455ea02_1,0.0008642770117148757,0.9862855076789856
20,34770_6bba5bd4_13,0.0002779453934635967,0.9945427775382996
21,21646_a2dd0d00_53,0.00037741148844361305,0.9686287641525269
22,68909_4ae1bc2e_1,0.00010042862413683906,0.9056200385093689
23,27866_ece3076e_109,0.00013233587378636003,0.9791324138641357
24,92134_52f13f49_6,0.0002524674928281456,0.8545006513595581
25,23342_7193a931_1,5.183579560252838e-05,0.928055465221405
26,126572_a2d6f794_14,1.3763024981017224e-05,-0.3836017847061157
27,44344_3e0b0b0c_1,3.4259694530192064e-06,0.5255126953125
28,49331_3bf3bb84_4,0.00027346215210855007,0.9949942827224731
29,33971_46bb0373_0,0.0007319042342714965,0.9065088033676147
30,21517_bfe35b4c_1,0.0002127539337379858,0.691419243812561
31,23165_369d62aa_6,0.00029151569469831884,0.9964838624000549
32,81846_2907c980_0,0.0005630405503325164,0.9750068187713623
33,24168_a0ede173_111,0.002949862042441964,0.7086421847343445
34,53461_a5942665_1,0.00012117555888835341,0.9955057501792908
35,24907_c72322ea_13,0.0005395242478698492,0.7964186668395996
36,133424_315bcaeb_7,0.00013245290028862655,0.8286005258560181
37,40490_916e13fe_0,0.0003363502328284085,0.9895234704017639
38,38000_b5822e44_3,0.00034950120607391,0.994702935218811
39,138520_f4e0bc0b_63,0.00041427803807891905,0.6047594547271729
40,61294_9255796d_3,4.711072688223794e-05,0.9118492603302002
41,22176_272891b8_0,0.0003302172408439219,0.8324958086013794
42,24815_4f2a57e4_1,0.001154172234237194,0.9661091566085815
43,113343_e692c488_1,6.196244794409722e-05,0.9064937829971313
44,33995_18423507_1,0.00017642014427110553,0.7623459696769714
45,127897_029949fd_6,0.00018908712081611156,0.9962190389633179
46,123181_4e56fb4f_0,0.0003092641127295792,0.9955196976661682
47,22670_9353c710_1,2.326090179849416e-05,0.85824054479599
48,128642_4d72bf31_2,0.0005382315721362829,0.7084380984306335
49,146667_fe438b5b_6,0.0009893367532640696,0.9395825862884521
50,38260_2a31c6df_2,0.0007374206325039268,0.8960733413696289
51,24443_996411f9_3,0.0008162064477801323,0.9814777970314026
52,142074_34e02b6d_1,5.713081918656826e-05,0.9828901290893555
53,41501_b627682a_15,0.0010047744726762176,0.9121958613395691
54,24712_da77fe8f_0,0.00013427052181214094,0.9974878430366516
55,32960_0eaa1de8_26,0.0002790263097267598,0.9948318600654602
56,130757_b2c47f8d_2,5.298744508763775e-05,-0.5836193561553955
57,104817_6d73dc41_0,0.0005385769181884825,0.9396595358848572
58,79243_49539d9f_0,0.0011749549303203821,0.9746870398521423
59,82012_c533307b_1,0.00010653385834302753,0.9007599353790283
60,107649_e651c5ca_1,3.954803469241597e-05,0.7242127060890198
61,40997_e3c88650_12,0.0007218701648525894,0.9814837574958801
62,143029_70554264_4,0.00076301145600155,0.8956982493400574
63,27054_342fcf5c_3,0.00019304626039229333,0.798517107963562
64,41648_577daf16_17,0.00016864408098626882,0.9361598491668701
65,89720_4e65191c_1,0.0006396286189556122,0.9845048785209656
66,75382_1b589ea9_12,5.564033199334517e-05,0.8409459590911865
67,120371_433ba1ca_2,0.000317756668664515,0.9722877740859985
68,49024_b7f02205_13,0.0013830057578161359,0.9389145374298096
69,51022_47816098_7,0.0012865248136222363,0.986789345741272
70,41634_4f5d0edb_0,6.671081064268947e-05,0.8666043281555176
71,23170_6ea8ded5_3,0.0005176304839551449,0.9913374185562134
72,69589_cd2fa794_8,0.0021829658653587103,0.8572639226913452
73,41504_85e300ee_0,0.0017817134503275156,0.756725549697876
74,128996_42176b10_0,0.0007841476472094655,0.9365325570106506
75,38920_e81879c2_7,3.20163308060728e-05,-37.506710052490234
76,148051_c59af578_6,0.00015486408665310591,0.9957822561264038
77,65494_16d62db5_0,0.00011967746104346588,0.8396317362785339
78,25473_0991d519_0,0.0005475767538882792,0.9871354699134827
79,75270_25a261ef_5,0.000326549110468477,0.9674170613288879
80,49613_1b97c07b_12,3.438517887843773e-05,0.6347999572753906
81,115633_a2c63339_1,0.0001665061863604933,0.9507507681846619
82,52366_63042db4_1,0.0003668521821964532,0.9916505813598633
83,30282_88c6933c_5,0.0005226445500738919,0.9374745488166809
84,53474_f29e4438_12,0.0009285127744078636,0.9696018099784851
85,24026_1dd4094b_21,0.0006782817654311657,0.9226284623146057
86,21225_c081eae3_2,0.0010052245343104005,0.8671301603317261
87,35057_9af89947_8,0.0003368354809936136,0.729424774646759
88,43529_4804941b_20,0.00038727340870536864,0.9881978034973145
89,22103_fd11c71b_3,0.0002542970178183168,0.9682460427284241
90,51536_a18dc325_0,0.000605361012276262,0.9678723216056824
91,24230_636208ab_13,0.0007050989661365747,0.5670124292373657
92,41117_1b3271f2_56,0.0015374356880784035,0.9762595891952515
93,140499_419d5823_0,0.0002817638742271811,0.9756435751914978
94,115524_a949e82c_2,4.131039895582944e-05,0.839078962802887
95,29833_0ed4880f_3,0.0002138962154276669,0.9961515069007874
96,127556_4823a42a_6,0.0002874197962228209,0.9517198801040649
97,23960_48cc0f21_19,5.361847433960065e-05,0.24811774492263794
98,132987_ba18d2eb_11,9.026742191053927e-05,0.8271498680114746
99,51337_f8636fd9_30,6.626368849538267e-05,0.9251308441162109
100,40999_cad6be09_18,0.0008301151683554053,0.9803740382194519
101,136886_99fbdef3_0,0.00010890726116485894,0.8131090402603149
102,30447_4ed3b778_7,0.0005943189025856555,0.9978103637695312
103,55811_bc667b2d_13,0.0017205987824127078,0.3449716567993164
104,41716_d55164d4_1,0.0002563260495662689,0.9102932214736938
105,33610_aa697fc9_6,0.00034835204132832587,0.974287211894989
106,55095_fa260d33_6,0.0010132754687219858,0.9732906818389893
107,115639_bc0cc622_0,0.001537721836939454,0.887412965297699
108,20841_1620ae7d_0,0.0005668058292940259,0.9219656586647034
109,50823_d1830e58_2,0.0010134309995919466,0.799385130405426
110,109762_cb162371_48,0.0003744505811482668,0.8684171438217163
111,41387_5f752e39_23,0.0005214920383878052,0.9807143211364746
112,121540_629c716f_0,0.0006114744464866817,0.9741150736808777
113,118539_1dff9cf9_12,6.4348423620685935e-06,0.5293859243392944
114,30714_dafa62f6_2,0.001835157279856503,0.9759905338287354
115,79633_bbbde75f_0,0.001023648539558053,0.9750345945358276
116,33059_531cfd5e_11,0.0003597457252908498,0.9411250948905945
117,20697_d3e106b4_4,3.7411242374219e-05,0.6858005523681641
118,136062_0027ff97_6,0.0005090090562589467,0.953039288520813
119,146291_6b0c8db3_1,0.0016612373292446136,0.9613386988639832
120,45466_5f662bcb_0,6.896260310895741e-05,0.8580067157745361
121,144500_7f600ab6_0,0.00020828229025937617,0.9807395339012146
122,44996_b3e9c266_4,7.67614328651689e-05,0.9837865829467773
123,40713_4c9264ef_0,0.0003902465396095067,0.9479320049285889
124,132384_0fcab1fa_13,0.0004426583764143288,0.5237984657287598
125,33738_77d49563_2,0.0001953111495822668,0.7729766368865967
126,129422_621d0a90_33,0.00020822427177336067,0.9020005464553833
127,115633_fd3c9b97_32,4.468196857487783e-05,0.8169074654579163
128,69337_a122ffde_1,0.0005531240603886545,0.9434667825698853
129,37241_29f91452_0,0.00039946523611433804,0.990759015083313
130,141199_9ae000ef_6,0.001159690204076469,0.019731104373931885
131,147133_92c04b84_4,0.000712358218152076,0.37347209453582764
132,77687_cbb18594_50,0.001255430979654193,0.1334458589553833
133,144290_2a679085_11,3.505803397274576e-05,0.8967490196228027
134,130825_c59bbbfb_0,0.0006846720934845507,0.9824787378311157
135,82512_252da752_6,2.9770370019832626e-05,-45.057952880859375
136,115624_d0acb46b_24,0.00037609951687045395,0.9959192872047424
137,92134_52f13f49_7,0.00023243087343871593,0.8541727066040039
138,100326_0602c712_7,0.00011020918464055285,0.8262752294540405
139,134630_f9e85072_0,0.0008140478166751564,0.8125999569892883
140,108943_b07b2543_1,0.0006249459693208337,0.8969448208808899
141,125416_ab456bc3_5,0.0011842817766591907,0.8994526267051697
142,57222_33b428d7_69,0.0001555849303258583,0.8443915247917175
143,24650_dad8c8ee_13,0.00047826775698922575,0.991525411605835
144,41749_14d0599c_1,0.00029556042863987386,0.9560335874557495
145,49396_98ab955d_27,8.292738493764773e-05,0.9458591938018799
146,136892_e2a0b32c_4,5.0575454224599525e-05,-0.30048179626464844
147,31962_e5291336_28,0.0005869442829862237,0.9871903657913208
148,34231_e27353cb_0,9.28653244045563e-05,0.9023606181144714
149,112724_d334de09_0,0.0009287132415920496,0.9855654239654541
150,56486_82b3e23a_21,1.2125007742724847e-05,0.8590049147605896
151,40500_6055e3d7_17,5.8310406529926695e-06,0.8038395643234253
152,39468_15fb2e60_43,0.00025113116134889424,0.5902276039123535
153,141710_17531562_7,0.00024747857241891325,0.9930056929588318
154,33529_756075a0_12,0.0006688563735224307,0.8689706921577454
155,54169_3a875f10_8,0.0013016340089961886,0.9656681418418884
156,41023_5445cb61_9,0.00019954486924689263,0.8245055675506592
157,146380_5c569eeb_2,0.0006765082362107933,0.6363950371742249
158,24195_9791f5d3_38,1.3194108760217205e-05,0.7398183345794678
159,26573_7f7e176d_2,0.0009890291839838028,0.9912276268005371
160,22734_f6bad9f7_25,0.0008250466198660433,0.9867066144943237
161,48112_9538e204_0,0.00016216746007557958,0.9967809915542603
162,127545_6fa39158_10,0.0010195756331086159,0.9920715093612671
163,23788_5c0b60c6_0,0.0001952993916347623,0.8974506258964539
164,23792_5b4c1ce0_21,0.0012712092138826847,0.959888219833374
165,146067_46e58ab3_1,0.0015558031154796481,0.9901292324066162
166,101072_dec6f415_3,0.00016014327411539853,0.9265916347503662
167,22829_b6649a29_0,8.635577250970528e-05,-0.4318728446960449
168,55389_a736bd99_0,0.0011229162337258458,0.4035125970840454
169,30259_d709601c_9,0.0018117791041731834,0.9483864903450012
170,35866_d0233b36_13,7.127112621674314e-05,0.24320441484451294
171,34563_52848c45_5,0.00014141590509098023,0.9427585601806641
172,44519_90af0df6_7,0.0010040992638096213,0.7070920467376709
173,114111_59282658_8,0.0003003289457410574,0.8972327709197998
174,45922_26941172_15,0.0016216820804402232,0.972853422164917
175,41303_bd1def52_3,0.0002581267908681184,0.9347319006919861
176,22053_de30641b_1,4.695270035881549e-05,0.2812511920928955
177,22298_51433023_4,0.0007837933371774852,0.9829229116439819
178,23479_81a49137_0,0.0007187165319919586,0.7389074563980103
179,22225_a3ce4d29_37,0.0011950221378356218,0.9834548830986023
180,135669_490cd2d7_14,0.0008625615737400949,0.9537349343299866
181,32173_8b075b1a_4,0.0005212834803387523,0.9915564656257629
182,145119_24107428_5,0.0008313391008414328,0.9369402527809143
183,41774_88a7a483_36,0.00020740213221870363,0.8934062719345093
184,133549_1b6c58d6_0,0.00046752888010814786,0.9900493621826172
185,40936_6de8f4f4_0,0.003066474571824074,0.9808707237243652
186,23008_3d1bb7b2_0,0.0022252050694078207,0.9680727124214172
187,38360_ad61c9b2_1,0.00031604853575117886,0.7946566939353943
188,136109_3d342d3c_2,0.0005016448558308184,0.979832649230957
189,135790_a27f9deb_11,7.215793448267505e-05,0.9105175137519836
190,140249_7c1c5bba_0,0.00020295116701163352,0.7529500722885132
191,128996_a3d026d6_0,0.0009658195194788277,0.8020786046981812
192,23235_f9ccb8b0_0,0.000739757961127907,0.4166169762611389
193,93671_f7290ded_0,0.0002671082329470664,0.8417202830314636
194,51109_97b211c3_7,0.00028985520475544035,0.9645746350288391
195,51916_fa226b15_13,3.575327355065383e-05,0.9227468967437744
196,86268_094d3fab_1,0.00015396586968563497,0.9969213008880615
197,39637_ca6a9a60_1,0.0021373110357671976,0.7356767654418945
198,47219_93cb3619_3,0.0028409610968083143,0.9499607682228088
199,47878_0edb6829_0,0.000266057817498222,0.9952682852745056
200,26764_ab35159a_6,0.0010478351032361388,0.958175003528595
201,34341_d19b12fb_12,6.833999941591173e-05,0.9247452020645142
202,118342_c702e084_6,0.00023814193264115602,0.9945600628852844
203,49886_dd68dccb_4,0.0005862067337147892,0.9556149244308472
204,23493_57512264_5,5.615136251435615e-05,0.822976291179657
205,31751_e37382e1_5,0.0013848780654370785,0.964526891708374
206,24338_848cab42_6,0.0030871769413352013,0.7561010122299194
207,24916_42eacca3_10,0.0007933456799946725,0.571378767490387
208,137485_a953e1be_2,0.00017802561342250556,0.9964403510093689
209,23706_ef15ef9c_18,0.0009555908618494868,0.9366129636764526
210,143671_eaf4d13b_6,0.002221383387222886,0.9661074876785278
211,53470_39f2e9dc_13,0.000506920856423676,0.35758256912231445
212,145772_59253c6d_3,4.088909918209538e-05,0.9423834085464478
213,51893_d531e2bd_2,0.000781916780397296,0.9829750061035156
214,39389_d641313f_8,0.0014250169042497873,0.9456268548965454
215,51595_41f3d1a3_5,0.00014055300562176853,0.8665644526481628
216,51674_a70c1c6c_15,0.00014265012578107417,0.4565446376800537
217,37617_3f415463_5,7.982233364600688e-05,0.9394575357437134
218,31862_a89f21f9_3,0.00027846836019307375,0.99172443151474
219,40519_55a097c6_11,0.001075164065696299,0.9373120665550232
220,111306_9108c940_0,0.0009452530648559332,0.8191066384315491
221,136640_16741d62_4,0.0005722896312363446,0.6105547547340393
222,23155_d7305c5f_2,0.0027392879128456116,0.9445140361785889
223,43934_912ff891_41,0.00011500331311253831,0.45178258419036865
224,57017_6033d1e5_0,0.0002677281154319644,0.9865213632583618
225,126913_d253adb7_1,0.0005837896023876965,0.7665337920188904
226,130752_52d74f2f_48,0.0010127052664756775,0.9317330121994019
227,124177_71283cad_0,0.0003856064868159592,0.9702656269073486
228,24650_dad8c8ee_18,0.0008019980741664767,0.979499101638794
229,55199_4d57661f_2,0.0014038917142897844,0.9159539937973022
230,115010_eb737aaf_20,0.00023129134206101298,0.9955710172653198
231,27855_19c5895a_12,0.0005562404985539615,0.7082537412643433
232,52772_a6e6e320_0,0.00010077977640321478,0.8647542595863342
233,90917_3d2d21a9_0,0.0020819068886339664,0.9523845911026001
234,40703_5f4e45d4_7,0.0001471790310461074,0.9970802664756775
235,132622_911efd2f_1,0.001613349188119173,0.9758506417274475
236,43441_e1ab0873_6,0.0028417762368917465,0.9551379680633545
237,34917_61633e20_6,0.0006059678271412849,0.9868626594543457
238,67221_275ba7e6_4,0.0006018541171215475,0.9879273176193237
239,130719_e4764a36_10,6.831888458691537e-05,0.8510227203369141
240,136318_130d6a06_20,0.0005326821119524539,0.9514132738113403
241,99636_73c43ebd_10,0.0003099676687270403,0.9916362166404724
242,29377_3a04cb8d_6,0.00046726156142540276,0.9318317174911499
243,23018_63087a41_47,0.00046421706792898476,0.9872932434082031
244,26165_100fec74_4,0.00024298561038449407,0.23544758558273315
245,135934_d2f6bb2e_46,0.0002946732856798917,0.8569546937942505
246,24039_448afafa_5,0.0005421603564172983,0.9738708138465881
247,32775_a79b406b_14,0.0016501706559211016,0.7897389531135559
248,23686_cba4f679_0,0.0009494994301348925,0.9099517464637756
249,35147_bc9f2c5d_0,0.0008993836236186326,0.8548115491867065
250,136337_1351909b_2,0.002815867541357875,0.93311607837677
251,139222_2c10ca9a_1,0.00029672018717974424,0.9744740724563599
252,139379_fe5c3f64_0,0.00012732377217616886,0.9953059554100037
253,33084_344fec27_2,0.00013065998791716993,0.9975405335426331
254,24775_d5c98d77_0,9.383064934809227e-06,0.7107516527175903
255,56344_3a89f085_23,0.00025159813230857253,0.9766818284988403
256,135112_cf8007b8_5,0.0010429497342556715,0.974319577217102
257,50706_20d07d57_2,0.004126676823943853,0.9604552388191223
258,51744_cd355565_5,0.0010806791251525283,0.9676316380500793
259,51464_da501c24_0,0.0012127186637371778,0.7609722018241882
260,126572_a2d6f794_23,2.260039036627859e-05,0.21780812740325928
261,70021_e673ae54_2,4.840052861254662e-05,0.9302628040313721
262,25144_31b089b6_5,0.00042119628051295877,0.8092187643051147
263,24715_55aac5f2_2,8.407475434069056e-06,0.30007845163345337
264,24532_f82f8000_2,0.001365593634545803,-0.10550045967102051
265,30664_a3084f71_1,0.0005680359317921102,0.762511134147644
266,81145_5c13a8e9_1,0.00027143146144226193,0.7227598428726196
267,132037_2abb8c63_10,5.3472915169550106e-05,0.7541950345039368
268,50414_ac159b58_2,0.00033315460314042866,0.9878921508789062
269,21601_360ce1c7_7,0.00025393188116140664,0.9953851699829102
270,22119_27e3ecbe_9,0.0007230457267723978,0.9775787591934204
271,145120_74f7316f_0,0.0028931046836078167,0.8691984415054321
272,74574_c302ff1f_0,0.00010599317465675995,0.8607856035232544
273,52443_085efc00_4,0.0002191171661252156,0.9284035563468933
274,147546_ede0f31c_3,0.002537374384701252,0.945129930973053
275,22492_047b125b_21,0.0010871755657717586,0.9747673273086548
276,72313_5a86e234_0,0.001784085063263774,0.9659194946289062
277,45589_49e3c7ea_2,0.0001524273247923702,0.9954037070274353
278,83432_a7f85698_0,0.0002507201279513538,0.9943685531616211
279,32775_a79b406b_0,5.8664794778451324e-05,0.4350525140762329
280,121703_69c4a5ac_3,4.077962148585357e-05,0.8522428274154663
281,80901_e9080573_6,0.0007008840329945087,0.9726479053497314
282,21809_8bd6b10e_3,0.0030497475527226925,0.9328749775886536
283,49396_98ab955d_15,0.0005657354486174881,0.9460575580596924
284,33766_14917a4a_19,0.0008790596039034426,0.9804410934448242
285,26661_ab88a525_8,0.00010940241190837696,0.9969330430030823
286,44030_17bd5ec9_0,0.0009124623611569405,-0.1216961145401001
287,53221_74fa81cd_7,0.0002841874666046351,0.754343569278717
288,21887_3306168f_7,0.001976932631805539,0.8030188679695129
289,86185_85fde9e6_0,0.0003894697583746165,0.940477192401886
290,87951_500b1dcd_2,8.898515807231888e-05,0.9047410488128662
291,22276_69c5036b_11,0.0014128894545137882,0.9630335569381714
292,41721_44151488_5,0.0012106150388717651,0.8879041075706482
293,102293_5d04e48d_0,0.001812602742575109,0.9139994382858276
294,77687_cbb18594_20,7.135101623134688e-05,0.9010263085365295
295,133248_1bab99ae_0,0.001981697976589203,0.1264256238937378
296,24051_4852a192_2,0.000667520216666162,0.977088451385498
297,86806_2993395a_1,0.00017689810192678124,0.8498255014419556
298,38558_b0d6b3f8_1,0.00035088532604277134,0.9927981495857239
299,140549_7d01813c_0,0.0007953515159897506,0.9747698903083801
300,24559_3c306e71_1,0.0008735189330764115,0.8656447529792786
301,70350_751de4b0_13,0.002595465397462249,-0.057248711585998535
302,39101_23fec10f_8,0.00156366266310215,0.8336437940597534
303,24942_9d1b2ff2_8,0.00045542014413513243,0.994691789150238
304,30850_05d88af9_3,0.0011086571030318737,0.9815643429756165
305,113358_08641c94_4,0.0012517479481175542,0.9611029028892517
306,21234_8b71bd47_27,0.00046189333079382777,0.832897424697876
307,26245_4aac38e1_21,0.0001569443556945771,0.6358678340911865
308,66072_d301cc88_0,0.0007652885979041457,0.6690478324890137
309,21894_93f0d052_23,0.0012932384852319956,0.8722631931304932
310,147816_7fb70c2b_2,0.000543487083632499,0.9429943561553955
311,49120_4131d1e7_1,0.0002480145776644349,0.9503457546234131
312,52224_ca16c854_4,0.0012024171883240342,0.8282948732376099
313,105762_19e04e0b_1,8.916429214878008e-05,0.296126127243042
314,30400_8824ce97_36,0.0006934307748451829,0.9001200795173645
315,95199_ffcff41e_0,0.0002787422272376716,0.714407205581665
316,50417_199cffee_3,8.448413427686319e-05,0.9342461228370667
317,24544_d06c82dd_5,0.00031740282429382205,0.9947472214698792
318,22604_565b91f5_2,0.00022401442402042449,0.990653395652771
319,22788_b6a9e30a_4,0.00013177118671592325,0.9670712351799011
320,45789_d5126eab_14,0.0006666435510851443,0.8638218641281128
321,37267_b2be4b50_3,1.3764034520136192e-05,-0.38497698307037354
322,34330_5eff1ee1_3,0.0009824865264818072,0.8853394985198975
323,137999_d934160e_1,4.9215086619369686e-05,0.619295060634613
324,134921_f5efde94_27,0.00010066055256174877,0.907452404499054
325,53470_39f2e9dc_8,3.3266802347498015e-05,0.6267905235290527
326,23497_f292546d_25,0.0016239843098446727,0.932504415512085
327,22289_4b848f64_2,0.0005012595793232322,0.9321116209030151
328,31392_84b62622_2,0.0006818957626819611,0.9431701302528381
329,51347_1fc6f329_0,0.0012644183589145541,0.7159542441368103
330,50777_2934de55_6,0.00019935608725063503,0.9928876757621765
331,32841_954e8c1a_0,5.987003169138916e-05,0.9382321834564209
332,31530_6744ae73_3,0.00033873983193188906,0.995028018951416
333,65827_d1469ad6_1,9.946602222044021e-05,0.2556343674659729
334,145461_30637b22_8,0.00010848595411516726,-3.3362784385681152
335,31973_093ea963_13,0.00021850097982678562,0.9149396419525146
336,70355_e5f58cd5_14,0.00046741115511395037,0.9544157981872559
337,77687_cbb18594_40,5.751879871240817e-05,0.7458757162094116
338,24392_fce351ea_0,0.0002838410728145391,0.8478330373764038
339,36853_7efccb8c_3,0.0009747071890160441,0.8669660687446594
340,41644_d15f8e2b_5,4.644763612304814e-05,0.760644257068634
341,131762_9b5e5ff5_2,0.0003882073797285557,0.9765564203262329
342,82193_96ef9433_2,0.00034824718022719026,0.9945730566978455
343,31347_386f6298_15,0.0008616535924375057,0.979739785194397
344,34568_fbe47bf9_0,0.00017972372006624937,0.48553240299224854
345,115624_fe3eb392_3,0.0007321468438021839,0.9832448363304138
346,130446_e7b58dbe_0,0.002682659076526761,0.8917660117149353
347,104641_2cd02839_33,3.8767764635849744e-05,0.9153059124946594
348,31460_39fdfc6a_7,0.00090603536227718,0.7960634827613831
349,95541_ced8f936_0,0.00033316484768874943,0.9928194880485535
350,23126_725969ea_17,0.000566781556699425,0.9401167035102844
351,23676_52069f98_5,2.0146424503764138e-05,0.9241323471069336
352,137637_ed9c537d_0,0.00032055022893473506,0.9207392930984497
353,22474_b10fea1a_2,0.0004242646973580122,0.9897235035896301
354,143017_21d96cc2_10,0.0005982917500659823,0.9137508273124695
355,105270_34f92afd_1,0.0001121800669352524,0.8426588773727417
356,95622_0a0787e4_4,0.00039642798947170377,0.994079053401947
357,55854_13f0399b_0,0.0014283097116276622,0.9692583680152893
358,22118_1e09e0eb_5,0.0014219116419553757,0.939356803894043
359,146717_3e6a84c1_7,0.0012109584640711546,0.981848418712616
360,63132_330141d7_3,0.00014871072198729962,0.9698406457901001
361,115633_fd3c9b97_46,0.00019834186241496354,0.5914655327796936
362,21644_aa203dc5_29,0.0003032545209862292,0.9255649447441101
363,79791_00f639ca_15,0.00020358232723083347,0.9965724945068359
364,60711_42b5a13e_1,0.0005194242112338543,0.9424774050712585
365,137483_cdb8989d_0,0.00030522356973960996,0.9936273097991943
366,21644_aa203dc5_26,0.0005269116372801363,0.909060001373291
367,131876_b2384623_0,0.0004141786484979093,0.7325787544250488
368,23706_ef15ef9c_10,0.00035785583895631135,0.9452539086341858
369,68948_0d2a01cd_9,0.0013835225254297256,0.9611964821815491
370,145137_4e9eef42_1,0.0005385366384871304,0.8916871547698975
371,30426_2cde26de_20,0.0015596657758578658,0.9822523593902588
372,31378_34c52a73_0,0.00019250094192102551,0.9465584754943848
373,92134_52f13f49_4,0.0002579469291958958,0.8259134888648987
374,119634_fc722479_1,0.00042199547169730067,0.994193971157074
375,24032_d6172503_24,0.0008677064906805754,0.6367067098617554
376,136401_69f29349_4,2.2669348254567012e-05,0.6482620239257812
377,41871_f9a1ad02_26,0.0006037001730874181,0.9541603922843933
378,48220_87941c4e_116,0.001768638496287167,0.738272488117218
379,115012_9ed88535_2,0.0008260098984465003,0.6700828075408936
380,69488_025cf0a2_1,0.0016800847370177507,0.9886108040809631
381,147427_69f68da4_3,4.445851664058864e-05,0.8767774701118469
382,33766_14917a4a_32,0.0011546743335202336,0.9584638476371765
383,51747_3d58eae0_0,0.000541217508725822,0.9273292422294617
384,33785_a4c23f61_0,0.0030285241082310677,0.9885746240615845
385,114935_797875fe_2,0.0018874300876632333,0.9313347935676575
386,51775_49ef614a_26,3.5457393096294254e-05,0.9369573593139648
387,38196_ea48fa42_3,3.955917418352328e-05,0.5372252464294434
388,140413_44177109_21,9.381488780491054e-06,0.8283105492591858
389,27676_79237cc5_1,0.0006621620268560946,0.7833757996559143
390,52883_e518d3f4_33,0.00015788042219355702,0.9968898892402649
391,34347_841c5375_2,4.719202479464002e-05,0.0404820442199707
392,55289_292737cb_0,0.00031133380252867937,0.9940229654312134
393,50606_82cb18e2_0,0.0004259156994521618,0.9832607507705688
394,30407_efa567f2_4,0.0003168340481352061,0.9923604130744934
395,31647_ab9ad9dc_13,0.0004217116511426866,0.959145188331604
396,24896_58b4730f_17,0.0002990307693835348,0.9442262053489685
397,23602_5daaccf5_4,0.000997942523099482,0.9302980899810791
398,27725_5cceaeb7_10,0.0004949615686200559,-0.028293490409851074
399,127734_395dcf7d_5,0.001545716542750597,0.7486559152603149
400,31957_d864f861_3,0.0011363447410985827,0.768431544303894
401,49415_1671b60c_4,0.000969991204328835,0.0930248498916626
402,45110_fae73324_4,0.00032001693034544587,0.9829220175743103
403,22343_34184fd5_18,0.00018542938050813973,0.2940599322319031
404,22848_cc91b848_38,4.610037649399601e-06,-4.3141303062438965
405,73652_23b21ef2_1,0.00029978674137964845,0.9939717054367065
406,65569_bd890a32_1,0.0005096941022202373,-3.8888978958129883
407,48220_87941c4e_111,0.0028813970275223255,0.4953606128692627
408,30394_e30f932c_0,0.0011084623401984572,0.9365766048431396
409,21941_1a683ec2_26,0.0004902340588159859,0.9795286655426025
410,25564_e646fcb3_1,5.457587758428417e-05,0.815690279006958
411,134053_87a32e31_3,0.0001799251331249252,0.5090470314025879
412,87950_af56e26e_2,0.0003959057212341577,0.9710234999656677
413,51458_54240b70_17,0.00018729355360846967,0.7931258082389832
414,40688_effe215a_1,0.0014422563835978508,0.964285135269165
415,131494_c8a441d0_0,0.00057032989570871,0.8889397382736206
416,26768_c4df841f_21,0.0004997024079784751,0.4146556258201599
417,136892_2d5f55a9_0,0.0014276691945269704,0.6869285106658936
418,54652_d60ac3e0_10,0.0011305712396278977,0.9386629462242126
419,51747_3d58eae0_1,0.0007411228725686669,0.6970319747924805
420,54650_df3655c1_0,3.151873897877522e-05,0.6547888517379761
421,41125_711db4bf_58,0.0005135593237355351,0.9428752660751343
422,45418_f603706b_2,0.00021488928177859634,0.9456474781036377
423,21852_6cf9a734_18,0.003275590017437935,0.9720032811164856
424,122515_758d8b70_6,1.1166904187120963e-05,-8.22148323059082
425,104081_05ba54fa_2,0.0005151331424713135,0.7836540341377258
426,41672_cf87e0b6_0,0.00029851077124476433,0.9539282917976379
427,22638_37f9fe91_1,4.887447357759811e-05,0.8556089997291565
428,24559_3c306e71_3,0.0005707897362299263,0.8963254690170288
429,31589_ac31215d_8,0.000187767727766186,0.900638997554779
430,49603_143b8bd2_35,0.0012999755563214421,0.8971125483512878
431,127965_c64a91da_0,0.0008278512395918369,0.785747230052948
432,36062_f2fb6808_1,7.309051579795778e-05,0.3244972825050354
433,139280_8874b1ab_18,0.00016998602950479835,0.8366580009460449
434,30997_24dea167_4,0.002238014480099082,0.7981301546096802
435,143471_eb185912_5,3.0095421607256867e-05,0.6918526887893677
436,23176_1bf2a2d5_10,0.0006114054122008383,0.9747222661972046
437,98299_b8146029_5,0.00044718795106746256,0.9612719416618347
438,23466_1cf60d09_4,0.0015881581930443645,0.9555919170379639
439,41591_2d0bd0d5_3,0.0005908787134103477,0.979228675365448
440,134929_9049dcec_1,0.0002836922649294138,0.8478783965110779
441,41785_e8bf0528_0,0.0006507940706796944,0.9716417789459229
442,31460_39fdfc6a_6,0.0004966994165442884,0.9893629550933838
443,133710_00be7f31_1,0.00412333756685257,0.5268746614456177
444,24532_f82f8000_0,0.0003076073480769992,0.9323381185531616
445,21234_8b71bd47_3,0.00011372171866241843,0.8278515338897705
446,35175_6edc4126_5,0.0005525784217752516,0.9839877486228943
447,20495_e8e7e80c_1,0.00018843090219888836,0.7802886962890625
448,76546_c17e95aa_2,7.08019724697806e-05,0.5835303068161011
449,41654_e75f89df_0,0.00043937572627328336,0.9761524796485901
450,109772_f1a0845e_6,0.00022338338021654636,0.8709249496459961
451,34913_d23e2a24_0,0.0007893748697824776,0.9561436176300049
452,25203_1cc0cb3c_12,0.0008254388812929392,0.9862241744995117
453,37160_2a95674a_4,0.0006730423192493618,0.9560648202896118
454,69240_dc199112_4,0.000860394153278321,0.8365706205368042
455,25176_d9130589_0,0.000420048541855067,0.9447950124740601
456,69235_fe79a369_0,0.00020571800996549428,0.5379889011383057
457,39468_15fb2e60_9,0.0014897969085723162,0.7838683724403381
458,103284_e25015aa_6,0.00012901400623377413,-0.02822434902191162
459,30377_e18ea3de_0,0.00016815772687550634,0.8637707233428955
460,66080_f578d52b_4,0.0005208811489865184,-1.6771841049194336
461,37444_52b27e94_14,0.0011106044985353947,0.8308604955673218
462,38675_6e07d74b_31,0.0007940332870930433,0.9748751521110535
463,21680_360ba5c7_28,0.00048336427425965667,0.9647825956344604
464,142032_5c32b7db_2,0.00040939266909845173,0.9924613833427429
465,44210_a155c2d1_0,0.0019975497853010893,0.9555336833000183
466,38287_88ec74de_92,0.0002784093958325684,0.958898663520813
467,29572_2f9283f2_4,0.00065853341948241,0.9509456753730774
468,28300_b3a6ab79_10,0.0005541626014746726,0.9808381795883179
469,136129_e6a20c7d_5,9.166444215225056e-05,0.8593568205833435
470,119381_e4d13609_0,0.0009792540222406387,0.9629503488540649
471,30729_b4d83b07_4,8.537275789421983e-06,0.8246885538101196
472,140413_44177109_11,0.0008305822848342359,0.9609361290931702
473,26384_83eddf22_0,0.0007959429640322924,0.93923020362854
474,82285_e7a738e7_2,0.0017673460533842444,0.8527908325195312
475,108599_347602af_0,0.0006664378452114761,0.9792757034301758
476,119889_41a6f268_1,0.0001378326560370624,0.7965916991233826
477,55006_94230c00_1,0.00027869100449606776,0.991287112236023
478,21517_bfe35b4c_10,0.00013940577628090978,0.9359385967254639
479,20818_098cad7c_6,9.15261116460897e-05,0.9019858241081238
480,41855_b82e6ae8_6,0.0002587748458608985,0.9700862765312195
481,137166_90691294_8,9.700553346192464e-05,0.9355795979499817
482,69561_f274e705_26,0.00025763557641766965,0.9875790476799011
483,51579_d0c3e154_0,0.0005495175719261169,0.9767471551895142
484,23676_52069f98_4,0.0008199086878448725,0.9741827249526978
485,31962_e5291336_1,0.0004465731035452336,0.9867873191833496
486,57222_33b428d7_1,8.917733794078231e-05,0.933795154094696
487,51586_2ad96f8c_17,1.3673466128238942e-05,0.835533618927002
488,41473_c2137170_32,0.00046598364133387804,0.9273747205734253
489,31123_9a1bfc50_2,0.0009185667731799185,0.9306332468986511
490,23211_3aac9c7e_0,0.0003118254244327545,0.9415739178657532
491,45798_b573e9da_5,0.002468437422066927,0.8727557063102722
492,27847_d2436f7c_37,0.00017842983652371913,0.7937692403793335
493,54736_6ee1b513_1,0.0008973232470452785,0.22475439310073853
494,132901_7d205bb4_9,0.0002499027468729764,-0.6569005250930786
495,73762_8c704690_0,0.0011072326451539993,0.8506896495819092
496,23209_1592b0a4_1,0.0005596282426267862,0.9611896872520447
497,49024_b7f02205_2,7.286173786269501e-05,0.8152719140052795
498,147630_7f858240_15,0.00043615439790301025,0.923159122467041
499,69337_2c778611_11,0.0002903231361415237,0.8291078805923462
500,82498_92a00cd6_1,0.0008707001688890159,0.7302207946777344
501,78775_e2d8b091_1,0.0004046697576995939,0.9451127648353577
502,40067_95ae6c76_9,0.0005045062280260026,0.9459530711174011
503,80756_6f2e842f_0,0.0003344731230754405,0.9319453239440918
504,25284_1da7aa8a_0,0.0002490535844117403,0.9507170915603638
505,55605_2f8bc12e_62,0.00033384852577000856,0.9885823130607605
506,39792_60786b6c_15,0.0007426552474498749,0.9850909113883972
507,34063_0ca1585e_2,0.0007462450885213912,0.5162922143936157
508,31664_1e85c690_13,0.0004572166071739048,0.986926794052124
509,131193_98f3ac52_1,0.0003551357367541641,0.8411593437194824
510,120221_e2eaa34b_2,0.0010771530214697123,0.6303872466087341
511,130286_1f71bfed_3,0.0008490331820212305,0.7470642924308777
512,118342_e8142153_21,0.00017734584980644286,0.9344614148139954
513,128043_9f8cd69e_1,0.0001117229912779294,0.8460837602615356
514,41504_85e300ee_1,4.566163624986075e-05,0.8033822178840637
515,78863_d59be42e_0,0.0013854068238288164,0.8334540128707886
516,31733_5118b376_3,0.0014466175343841314,0.9896767735481262
517,22208_e177deb7_5,0.00047393320710398257,0.8867778182029724
518,24026_1dd4094b_43,0.00023795291781425476,0.7918930053710938
519,73388_10a40b49_1,0.0009999873582273722,0.9411325454711914
520,138219_cdff4f61_0,0.0004347980138845742,0.7130506038665771
521,49399_dc56d180_1,0.00013586781278718263,0.9974589347839355
522,41306_8f26e703_3,0.00015986037033144385,0.9449020028114319
523,51590_034b8b08_14,0.0012739977100864053,0.9784550666809082
524,48402_8c965495_4,5.8664594689616933e-05,0.9156113862991333
525,26388_a3367cba_0,0.0014465897111222148,0.8196837306022644
526,28300_b3a6ab79_6,0.00043135887244716287,0.9855682253837585
527,43938_418421a7_0,0.000551084172911942,0.7501933574676514
528,41520_60018d18_0,4.514996908255853e-05,0.6749156713485718
529,137869_344b239b_0,9.80505719780922e-05,0.7693581581115723
530,41648_577daf16_0,0.0012948618968948722,0.9445723295211792
531,31347_386f6298_10,0.0001311328524025157,0.9975183606147766
532,82190_24b1b0fe_12,0.0013877351302653551,0.7569668292999268
533,33741_4a973932_1,0.0014580154092982411,0.7582743763923645
534,42005_3da46d94_0,0.00022271857596933842,-3.9870619773864746
535,132982_ee1eed2f_0,0.0005445198039524257,0.9767475128173828
536,23898_6e740393_29,0.000526927993632853,-0.03828418254852295
537,105831_88a0fb85_6,0.0014302271883934736,0.9688072204589844
538,31278_749a6317_0,0.00018564780475571752,0.8884863257408142
539,51586_2ad96f8c_4,0.00019918009638786316,0.9090626239776611
540,57000_cd1ddece_14,0.00015245727263391018,0.9378580451011658
541,50692_e7ff2668_8,0.0009301839163526893,0.9669163823127747
542,65346_e89312e5_0,0.00014597155677620322,0.7793986797332764
543,38840_0e449caf_4,0.0006028757779859006,0.8443025350570679
544,29573_ca59fbbf_5,0.0008189002401195467,0.991744339466095
545,30164_c5680724_12,0.0008154134266078472,0.9569684863090515
546,138620_e21e10ee_0,8.638839790364727e-05,0.9263778328895569
547,50305_caf9cef2_34,0.0010083612287417054,-0.7447829246520996
548,83396_fdb2987a_0,0.0013272424694150686,0.9521507024765015
549,28379_7e292343_4,0.0011220359010621905,0.9752777218818665
550,33529_756075a0_32,0.0019825513008981943,0.8526808619499207
551,109857_1d24326e_42,4.594305210048333e-06,0.7710494995117188
552,22772_2b5f6629_6,0.00022181989334058017,0.9963597655296326
553,34600_e2685d46_2,0.0003780499682761729,0.9861853122711182
554,122344_ab1b06aa_2,0.005174638703465462,0.9064525365829468
555,123573_5f5c9584_1,0.0002912026538979262,0.7650598287582397
556,35166_562b126c_20,0.00011034250928787515,0.9957289099693298
557,51350_138f893a_1,2.976323048642371e-05,0.7145261764526367
558,137785_67c3085b_16,0.000845994392875582,0.9791813492774963
559,50417_199cffee_12,0.0008112829527817667,0.9608067274093628
560,22194_a5c323b9_3,0.00023001535737421364,0.9624735713005066
561,42329_df7f540f_18,0.0003158047911711037,0.9670608639717102
562,41779_25e4203d_6,0.000526580901350826,0.1977454423904419
563,51094_40aa8332_20,0.0011862082174047828,0.9554799199104309
564,109762_cb162371_38,0.0011241702595725656,0.940821647644043
565,45922_26941172_9,0.0003633778542280197,0.9374384880065918
566,34587_ed155e93_0,0.00012225286627653986,0.996487557888031
567,69589_a468c1b4_0,0.0008660950697958469,0.9817129969596863
568,44921_00dfb467_0,0.0002154112735297531,0.9474565386772156
569,82672_4705a693_0,0.00046488738735206425,0.7928881645202637
570,26778_a71e88a6_0,2.8239011953701265e-05,0.9238801598548889
571,69488_7bfb2b67_0,0.0001546447310829535,0.995702862739563
572,22686_afe3a61e_0,8.90603696461767e-05,0.44976484775543213
573,109772_5faa88e8_5,0.00036124116741120815,0.7528983354568481
574,43938_418421a7_147,0.0006240404327400029,0.91427081823349
575,141694_b5ac3112_3,0.0013171863975003362,0.49231916666030884
576,31973_093ea963_16,0.00012190821144031361,0.9234598875045776
577,26858_e90dc419_25,2.2218491722014733e-05,0.8714231252670288
578,131350_bbdad30d_0,0.0004354780539870262,0.7517052292823792
579,35741_c43475b8_1,0.0004895369638688862,0.829397439956665
580,30690_3df2c9e2_1,0.0006628479459322989,0.9434858560562134
581,122758_5f4efbf0_2,0.0009729301673360169,0.9359857439994812
582,37822_3be11c62_0,0.00015242869267240167,0.9351889491081238
583,91174_ee6ee92b_1,0.0005939504480920732,0.860844075679779
584,23676_52069f98_31,0.0011097606038674712,0.9888211488723755
585,27958_fee329eb_1,0.00014729672693647444,0.9600443840026855
586,144534_3b4fdb09_18,0.001536509138531983,0.5706632137298584
587,30292_0b5e0265_1,0.001691792393103242,0.9769695997238159
588,111062_e59e2d31_0,0.003304094774648547,0.9624509215354919
589,135790_a27f9deb_77,0.000538537569809705,0.8951064348220825
590,65842_de75838b_10,0.0003378845867700875,0.9293162822723389
591,22475_9d9601a8_3,0.00011701702169375494,0.3476375937461853
592,119884_192e3265_0,0.0006744703277945518,0.899336040019989
593,51463_3330e3aa_2,0.001140630804002285,0.8816384077072144
594,23231_efe613bb_4,0.0011691870167851448,0.9401165246963501
595,22895_4533b542_2,0.00030233102734200656,0.9535626769065857
596,146219_5661130f_4,0.0003377271059434861,0.9926707744598389
597,38953_19054857_19,0.0002688418317120522,0.7610841989517212
598,21847_b2de7eb8_24,0.0008187848143279552,0.9445123672485352
599,51603_034939eb_12,0.00024519735598005354,0.848861813545227
600,24843_5231632c_4,0.00023289366799872369,0.8551073670387268
601,41982_f75ceb8f_4,8.023008558666334e-05,0.38967692852020264
602,42937_c573c439_2,7.409646786982194e-05,0.6885337829589844
603,61288_2d594195_0,0.000499204732477665,0.1793542504310608
604,55006_94230c00_0,0.00018544113845564425,0.8153267502784729
605,49898_f42a885e_5,0.0005715689621865749,0.9875422716140747
606,55709_af3825c8_4,0.000659455603454262,0.9785363674163818
607,144117_83c980ca_2,0.00012914944090880454,0.5504176616668701
608,40417_b8d98f73_7,8.285207150038332e-05,0.944867730140686
609,53200_d1e30b87_11,0.0004203887074254453,0.5390487313270569
610,147009_977ee378_4,1.6026984667405486e-05,0.8584645986557007
611,63056_a5dfd66b_4,0.00017746968660503626,0.679344892501831
612,22205_f48b96b3_10,0.0005178135470487177,0.8820798993110657
613,51585_b695905b_4,0.0004210988699924201,0.9906759858131409
614,24084_71f37c00_1,0.000674080743920058,0.8647165894508362
615,25815_0e853ad9_10,0.00042884802678599954,0.9731830954551697
616,55030_11a6e3e8_3,0.0026288225781172514,0.9762454628944397
617,23042_1184de03_5,0.00044189533218741417,0.9871410727500916
618,39719_e9629dbd_4,3.521804683259688e-05,0.6126271486282349
619,51256_ed221095_2,8.560026617487893e-05,0.9043748378753662
620,25810_93c8a71a_3,0.0005331846186891198,0.9796150326728821
621,22208_e177deb7_1,0.0007380076567642391,0.9483594298362732
622,115624_d0acb46b_22,0.0003022418823093176,0.9952428340911865
623,30708_4282508b_0,4.691589856520295e-05,0.2738390564918518
624,31117_cd5cdbdb_12,0.0003905589983332902,0.8313863277435303
625,41733_1ec9b00c_32,0.00011924119462491944,0.647994339466095
626,111387_c4243097_2,9.866184700513259e-05,0.8659976124763489
627,119869_e8f0dd81_19,0.00013804824266117066,0.8961080312728882
628,34569_590239d6_0,0.0010682720458135009,0.95096355676651
629,136318_130d6a06_23,0.00022295980306807905,0.7224613428115845
630,145132_7aea3b66_4,0.0006083069019950926,0.9920381307601929
631,41878_3aeaed3d_0,0.0013657670933753252,0.7779026627540588
632,34583_a1cf326b_0,0.0001560568780405447,0.9971438646316528
633,116581_d405b783_0,0.0012644458329305053,0.9828203916549683
634,24044_9bbe7992_3,0.00027276022592559457,0.6595644950866699
635,22194_a5c323b9_2,0.0007351094973273575,0.9337497353553772
636,142076_08d80e12_21,4.001516936114058e-05,0.8229587078094482
637,55817_6ac2912d_7,6.148319516796619e-05,0.3369869589805603
638,21165_5cb2d287_2,9.660258365329355e-05,0.7964438796043396
639,39796_45dcdc7d_0,0.0037207903806120157,0.951744794845581
640,33044_7fdd9213_1,0.001128867152146995,0.9700855016708374
641,23731_3fe5b501_6,0.0001306903432123363,0.7991069555282593
642,32743_f4c47bbc_31,0.0005572357913479209,0.948201596736908
643,108775_4908fba2_21,0.0004406533553265035,0.9608401656150818
644,21941_1a683ec2_19,0.0008692084811627865,0.9358475804328918
645,27682_04277f62_18,0.0006944970809854567,0.9681059718132019
646,25815_0e853ad9_4,0.0002412173489574343,0.9844342470169067
647,30261_723e95cf_2,0.0005525932065211236,0.9767091870307922
648,21385_601444ba_102,0.0007394540589302778,0.9652173519134521
649,30368_d7fd30ce_7,0.0001554676127852872,0.9413689374923706
650,55605_2f8bc12e_3,0.0013475383166223764,0.7800233960151672
651,24650_dad8c8ee_15,6.4272162489942275e-06,0.7994741797447205
652,34227_48203345_7,0.0009893416427075863,0.9724178910255432
653,113348_ac85cba3_1,0.0005951671628281474,0.9360848069190979
654,26552_25c5924a_1,0.00013694730296265334,0.9475592970848083
655,55381_cbaffe9b_0,0.000132967863464728,0.9631909132003784
656,55817_6ac2912d_25,0.00043166594696231186,0.9885280728340149
657,138947_0778db40_4,0.0002743320364970714,0.8927189707756042
658,52788_07f7da63_0,0.00035341482725925744,0.9122695326805115
659,70355_e5f58cd5_6,0.00017982290592044592,0.6971727609634399
660,51744_cd355565_8,0.0009914933471009135,0.7967238426208496
661,41227_90e1c07c_16,0.000671835383400321,0.9830813407897949
662,45359_1768ab3f_42,0.003489662893116474,0.6317113637924194
663,41783_d1c10326_3,8.354115561814979e-05,0.7312498092651367
664,32960_0eaa1de8_13,4.709850691142492e-05,-2.400139093399048
665,34674_32ee1595_3,0.0011294233845546842,0.9616928696632385
666,136885_23632908_1,0.0020446761045604944,0.2703174948692322
667,136808_00592735_3,0.0001450700656278059,0.968439519405365
668,45589_49e3c7ea_5,0.0001337957801297307,0.9972456097602844
669,141665_0564e852_3,0.0008024614071473479,0.8083768486976624
670,50897_3be92e2f_18,0.00012552947737276554,0.9970685839653015
671,84256_4164b724_3,0.0003281134704593569,0.6851816773414612
672,22994_e6ad8f2b_10,0.0013192867627367377,0.9510365128517151
673,28295_0dc908b9_8,0.0002818835200741887,0.9117040038108826
674,23329_6939d5d9_5,0.0001545452541904524,0.828559398651123
675,123665_0a0da5c7_3,1.804189378162846e-05,0.8591597676277161
676,121172_0ac63503_7,0.0003845126775559038,0.9271856546401978
677,50941_2a8a8c76_0,0.00016168630099855363,0.9967936277389526
678,37846_cde34fcd_66,0.0005241638282313943,0.9120274186134338
679,56040_9b1307eb_21,0.0018988916417583823,0.7042373418807983
680,146535_229c95bc_1,3.042558819288388e-05,0.8605945706367493
681,50947_49287c16_2,0.0012390505289658904,0.979747474193573
682,95622_0a0787e4_5,0.00026183747104369104,0.8582955598831177
683,25432_f13e5110_0,0.0006122603663243353,0.9807193279266357
684,32454_e959e3cf_0,0.0007738434942439198,0.9782218337059021
685,65858_61e9b51a_18,0.000981125864200294,0.7761768102645874
686,70350_751de4b0_3,0.0021755052730441093,0.6992462873458862
687,129239_0d49310c_15,0.00040281331166625023,0.8464718461036682
688,31008_8fa25b35_8,0.0002670205431059003,0.9436165690422058
689,55306_795d845b_2,3.757921149372123e-05,0.7611591219902039
690,29729_e8bb36f1_2,0.00044399124453775585,0.47679680585861206
691,67283_4097cbd6_5,0.00022595745394937694,-0.9212135076522827
692,23904_811e466f_4,9.019098797580227e-05,0.9243330359458923
693,116076_12d31fb7_1,0.0007650851039215922,0.884868860244751
694,45302_02d7e3bc_0,0.0011896195355802774,0.7007871866226196
695,60977_4bb093ec_1,0.0004886824171990156,0.9782242774963379
696,49017_76979790_8,0.0007258971454575658,0.8624139428138733
697,146321_0dbae658_10,3.1254369332600618e-06,0.6850450038909912
698,102194_150e3faf_3,0.00015181108028627932,0.9953503608703613
699,34769_44655d03_5,0.00013707159087061882,0.8467301726341248
700,38953_19054857_6,0.0010041947243735194,0.17570191621780396
701,55397_ad24603f_1,7.223267311928794e-05,0.9250234365463257
702,21908_385686ec_15,0.0005393938045017421,0.973963737487793
703,60721_57103153_4,0.0003228697460144758,0.4830806255340576
704,98701_7cd4ec8d_0,0.0015512934187427163,0.9718223810195923
705,91703_642cdf1a_1,0.00027489804779179394,0.9948291778564453
706,26661_ab88a525_5,0.0009608619147911668,0.7576208114624023
707,51940_67bb0219_21,0.00010303289309376851,0.7804310321807861
708,22543_684108ff_22,7.832975097699091e-05,0.9221634268760681
709,145250_cde4d039_8,0.0002606631023809314,0.7065421342849731
710,20232_e5b060d9_6,3.519020538078621e-05,0.9361189603805542
711,128043_d4650350_0,0.0010640823747962713,0.985711395740509
712,140530_30edf2c4_0,0.0006533691193908453,0.44859689474105835
713,131814_9af6d05a_0,0.0006453778478316963,0.9029553532600403
714,26245_4aac38e1_9,0.00021884679154027253,0.9085798859596252
715,30282_88c6933c_14,0.0010288405464962125,0.9605259299278259
716,32322_71d0035e_1,0.0002784691168926656,0.9857121706008911
717,131762_d10609a4_1,0.0009387729223817587,0.9575954675674438
718,54812_5f7b7aba_2,0.00022138260828796774,0.9028110504150391
719,135830_8fb36dac_4,0.0017749406397342682,0.9214076399803162
720,139280_8874b1ab_4,9.191631397698075e-05,0.8025641441345215
721,49904_639055dd_1,0.00024365761782974005,0.9720726609230042
722,53601_59d3ecd2_0,0.0012283665128052235,0.9496405720710754
723,50047_54241fe3_12,0.00029392793658189476,0.9772485494613647
724,136925_70fb0381_3,0.0004470671992748976,0.9726417064666748
725,87488_95f678ce_0,0.0013672205386683345,0.9698156714439392
726,137166_90691294_2,9.736912761582062e-05,0.9352535605430603
727,44030_17bd5ec9_11,4.202227501082234e-05,0.9334124326705933
728,137396_b5f6bec4_5,0.00014335467130877078,0.9956943392753601
729,21900_760d2078_10,0.0014293660642579198,0.9792947769165039
730,21185_ac5324ba_5,0.001350046368315816,0.957895040512085
731,31132_2320d049_4,0.00018579018069431186,0.9966205358505249
732,82281_80cdf67c_4,8.498048555338755e-05,0.7856165170669556
733,38287_88ec74de_15,0.00019535607134457678,0.9962167143821716
734,136128_831e37a6_0,0.0007261345745064318,0.9192191958427429
735,21330_f0cee934_18,0.00028567417757585645,0.812491238117218
736,34109_5a868eae_10,0.0007947354461066425,0.9240168333053589
737,21174_861bd902_2,0.0008004218689166009,0.9302379488945007
738,49783_365bec9e_6,0.000581841915845871,0.9825454354286194
739,24429_ace910b3_8,6.423338618333219e-06,0.6240816116333008
740,22772_2b5f6629_4,0.00044696545228362083,0.8857209086418152
741,53927_ef5208b9_14,0.0018908233614638448,0.9212257266044617
742,56250_3b6024e3_54,0.0005010327440686524,0.9890507459640503
743,23522_5c2ec58e_8,0.0011721299961209297,0.963066041469574
744,121177_93fb3127_10,3.515963180689141e-05,0.9361957311630249
745,138840_b7f948ea_2,0.0006265546544454992,0.9362288117408752
746,41125_711db4bf_6,0.0009706236887723207,0.9770426750183105
747,102606_28922dfc_0,0.0009090835228562355,-8.558542251586914
748,31530_6744ae73_50,0.0016064244555309415,0.971340000629425
749,50598_eae0df5a_1,6.151668640086427e-05,0.8875157237052917
750,145726_19ccdbda_12,0.00022772044758312404,0.9269746541976929
751,41469_b94cf3e4_0,0.0008041227702051401,0.8351784944534302
752,147009_977ee378_1,0.0006248319987207651,0.93994140625
753,24267_8a216138_10,0.000492535880766809,0.9600131511688232
754,63071_3d434a33_16,0.00045037540257908404,0.9759706854820251
755,34436_ffc43a58_4,0.00037039825110696256,0.6804736852645874
756,50692_e7ff2668_4,0.0002962874132208526,0.881280243396759
757,146642_883a71d2_9,0.0019183283438906074,0.9697052240371704
758,109772_f1a0845e_7,0.0006996910087764263,0.9836724400520325
759,136640_16741d62_1,0.0006040584994480014,0.8466317653656006
760,21680_360ba5c7_11,0.0005911088665015996,0.7598412036895752
761,27729_09d75da1_2,0.0005434975610114634,0.9845186471939087
762,82148_5df06ed9_19,0.0023010449949651957,0.8401596546173096
763,55287_8a57a3db_1,0.0009301764075644314,0.9427765607833862
764,53221_74fa81cd_5,0.00045107543701305985,0.7836763262748718
765,30417_0010bc7c_39,0.0006149262189865112,0.9519996047019958
766,23706_ef15ef9c_40,0.00010593247134238482,0.9848804473876953
767,140763_e14274f8_3,0.00021528244542423636,0.8370240330696106
768,23602_5daaccf5_3,0.00030396084184758365,0.950725257396698
769,30282_88c6933c_9,0.00062749715289101,0.9605268239974976
770,56824_0fc773f6_0,0.0007705227471888065,0.956074059009552
771,42410_d3b5588e_1,0.0005224203341640532,0.9206253886222839
772,55055_dd27a8a4_0,0.0001550563029013574,0.9971621036529541
773,115633_a2c63339_6,0.0005685922224074602,0.3705366253852844
774,73651_a41647f8_5,4.0243077819468454e-05,0.843999981880188
775,33413_060ce192_32,0.0005769093986600637,0.9556817412376404
776,97331_a482fa9b_0,0.001279609277844429,0.7295925617218018
777,23476_705b76d1_0,0.00011070193431805819,0.9956700205802917
778,32566_7bfc936b_6,0.001520132296718657,0.9856330156326294
779,41717_eb1c1e6b_0,0.00181443034671247,0.8545986413955688
780,60720_ef9a0a95_8,0.0002687964588403702,0.4254942536354065
781,138700_ab763a46_202,4.2083661355718505e-06,-1.322422742843628
782,38287_88ec74de_17,0.0014118404360488057,0.7678089141845703
783,135535_0bd0048d_0,0.0012740299571305513,0.9808115363121033
784,21797_69df08d5_7,0.0027962601743638515,0.9777370095252991
785,65350_b3fa8f4f_47,0.0009180469787679613,0.9957746863365173
786,41714_1d49f4d1_3,0.0006712003378197551,0.9250001311302185
787,66012_a13e1644_1,0.0003548787208274007,0.8495068550109863
788,22652_564979ff_11,0.0003449162177275866,0.7436076402664185
789,25127_ecba81df_23,0.0008796708425506949,0.4259149432182312
790,47548_db93c988_4,0.00025002274196594954,0.38835757970809937
791,55927_f8b31711_5,0.0017356229946017265,0.9071712493896484
792,31647_ab9ad9dc_2,0.0009248172864317894,0.874993622303009
793,41128_ee74f244_8,0.0005720375920645893,0.8434410691261292
794,20959_d4905d19_4,0.00013699461123906076,0.9663897752761841
795,52009_a2b75078_3,0.0022170129232108593,0.9776716232299805
796,22201_473a3a65_16,0.0010748382192105055,0.85439133644104
797,29442_365e23df_30,0.0011544185690581799,0.9673486351966858
798,51859_6b2fd0f1_8,0.00020735680300276726,0.9929186701774597
799,140413_44177109_15,0.00013513112207874656,0.8801394701004028
800,21822_7d3db422_11,0.0010533258318901062,0.970730721950531
801,24168_a0ede173_100,0.00026302627520635724,0.8101757764816284
802,145532_c2304f89_1,0.0008097111713141203,0.8866140842437744
803,104641_2cd02839_13,4.375059870653786e-05,0.8304256796836853
804,23679_81ef9e37_2,0.0004539498477242887,0.891839325428009
805,95271_de3df8d5_2,2.7832589694298804e-05,0.8659877181053162
806,41401_e4117da2_0,2.8293867217143998e-05,0.3834901452064514
807,48006_babdf4af_9,0.00041292826062999666,0.9952181577682495
808,142246_0851be5e_32,0.002251044847071171,0.9626449942588806
809,33615_7bab1106_4,0.000513266131747514,0.9660372138023376
810,31117_cd5cdbdb_18,0.0003463466127868742,0.9947574734687805
811,34914_8911676d_0,0.0004619340761564672,0.9619181156158447
812,55501_a09e4ced_2,2.00170798052568e-05,0.24809414148330688
813,41128_ee74f244_9,0.0004776964779011905,0.8418702483177185
814,142246_0851be5e_22,0.001525514991953969,0.7233198881149292
815,22413_901f5867_0,5.507989044417627e-05,0.8332998752593994
816,56490_0a0fba77_0,9.569800749886781e-05,0.972856342792511
817,93676_4f934980_1,0.00028738114633597434,0.3629082441329956
818,146642_883a71d2_96,0.000851164513733238,0.9070966243743896
819,24032_d6172503_3,0.00045970562496222556,0.9220681190490723
820,44221_25c62f03_1,0.00014086102601140738,0.9973910450935364
821,50315_0f1419bf_33,0.0017816837644204497,0.8270699977874756
822,133389_0938a905_2,0.00010500212374608964,0.9733511805534363
823,24824_cf51e5b6_4,0.001105939387343824,0.7925326824188232
824,33970_32f36442_3,0.00047970013110898435,0.9850409030914307
825,29359_bbfab271_2,0.0005466383299790323,0.9037681818008423
826,23172_4ab01e83_0,0.0003502465260680765,0.9914879202842712
827,98511_1b46a85e_45,0.0005445373244583607,0.9846957921981812
828,98511_1b46a85e_46,0.000549788645002991,0.9838361144065857
829,34248_cc11976c_0,0.0003976126026827842,0.9853090047836304
830,104003_46555fb2_0,0.0002672496484592557,0.40570759773254395
831,34520_035b5e9a_8,0.00023927309666760266,0.9177659749984741
832,38397_93d5d7de_12,0.001869172090664506,0.974103569984436
833,130023_93b3ca95_1,0.0005613959510810673,0.8024016618728638
834,83213_47c49876_1,0.00024361751275137067,0.9720776677131653
835,43928_6ca53538_63,0.001903890515677631,0.9557253122329712
836,82779_b7b722e3_9,0.0007173311896622181,0.9143271446228027
837,134967_0f27ef51_1,0.00023133870854508132,0.8269274234771729
838,86024_714b24f4_1,0.00011137085675727576,0.9956369400024414
839,40807_58058731_11,0.0004300966393202543,0.935134768486023
840,26750_cd3cb3ff_0,0.0009699257207103074,0.9831751585006714
841,126913_d253adb7_2,0.0005932065541855991,0.8829554319381714
842,24268_2804c9ff_13,0.0008603808237239718,0.9776208996772766
843,45542_320c16fd_3,0.00018876686226576567,0.9962471723556519
844,22342_274ed8a6_1,0.0005017563817091286,0.8913326859474182
845,133385_e6aa64d8_17,5.668368612532504e-05,0.7727730870246887
846,143509_1dd5212d_3,0.0006224731332622468,0.9816409349441528
847,47989_3ff0f41d_0,0.0015510929515585303,0.9558745622634888
848,21822_7d3db422_14,0.0020908541046082973,0.9698076844215393
849,21517_bfe35b4c_12,0.0003608212573453784,0.37014156579971313
850,52883_e518d3f4_10,0.00021009887859690934,0.9658896327018738
851,41871_f9a1ad02_14,0.0008267774246633053,0.917289137840271
852,37016_455093c1_2,0.0002838186628650874,0.8478474617004395
853,31117_cd5cdbdb_78,0.0009076272835955024,0.9929616451263428
854,129239_0d49310c_22,5.2537929150275886e-05,0.8474597930908203
855,30400_8824ce97_6,0.0017693411791697145,0.9630059599876404
856,53233_8dbca22c_8,0.0006862003356218338,0.9518667459487915
857,40514_bb61631d_25,0.0004672794311773032,0.896622359752655
858,24053_53349e4d_2,0.00011505584552651271,0.8519272208213806
859,41917_f0c40fa1_16,0.0003247102431487292,0.9923184514045715
860,22543_684108ff_5,0.0012429457856342196,0.9507236480712891
861,138636_c1153075_0,0.00019420015451032668,0.8266493678092957
862,24448_75004b6c_6,0.00031026708893477917,0.9901216626167297
863,24831_bbd3e098_8,7.566859130747616e-05,0.9258519411087036
864,53221_74fa81cd_3,0.0002599090803414583,0.9297397136688232
865,76879_65a30a82_4,0.00011530061601661146,0.8115148544311523
866,108773_f9384cff_10,2.9338332751649432e-05,0.6903731822967529
867,33671_0e9c6ca3_5,0.0001968837750609964,0.9843626022338867
868,93103_fdb9fcb7_15,0.0008005464333109558,0.9568033814430237
869,137675_d2bd633e_0,0.0006748700980097055,0.5773339867591858
870,21893_0500d043_32,0.0006582948844879866,0.5696296691894531
871,22110_0bc70e9f_1,0.001001681317575276,0.38441145420074463
872,43152_b5472481_1,0.00022902476484887302,0.9139962792396545
873,115717_40314bc2_1,0.0016399207524955273,0.8567125201225281
874,102943_ca9e7968_0,8.099187834886834e-05,0.8897936344146729
875,136401_69f29349_0,0.0013719007838517427,0.09000390768051147
876,28542_3c922564_0,0.0006266848067753017,0.7714777588844299
877,24267_8a216138_6,0.0007032707799226046,0.9614312648773193
878,84374_272a9731_7,0.000819454959128052,0.8919585943222046
879,23531_1ecc8346_18,0.0017590668285265565,0.9828415513038635
880,41871_f9a1ad02_30,0.001162028405815363,0.9647800326347351
881,132461_14abd2d0_0,2.2794811229687184e-05,0.3636329174041748
882,37617_3f415463_2,3.348136306158267e-05,0.945288896560669
883,41696_de0790a1_1,0.0006056295824237168,0.9865514636039734
884,54657_2a66e0de_20,0.00026504366542212665,0.975662112236023
885,24425_0dc4b306_0,0.0004729163774754852,0.953685462474823
886,146667_fe438b5b_0,0.00012043838069075719,0.9954195022583008
887,23048_8a1a5553_8,4.511442966759205e-05,-0.2138659954071045
888,51871_86ebf5b2_17,0.001096815336495638,0.7992098331451416
889,30664_a3084f71_6,0.0008740636985749006,0.9463664293289185
890,139801_97e2ca6a_5,0.00037695642095059156,0.9228211045265198
891,22278_12f1fb79_13,0.0011585993925109506,0.9246252179145813
892,22776_facf9bcf_8,0.0011713277781382203,0.9601327180862427
893,40500_6055e3d7_15,0.009180840104818344,0.9084329605102539
894,35740_5322d674_13,9.133390267379582e-05,0.9444355964660645
895,39792_60786b6c_12,0.000466069090180099,0.9830799698829651
896,115524_4a411f7e_0,0.00028743009897880256,0.9347063302993774
897,24131_3ea7d5a8_17,0.0007870986009947956,0.9620338678359985
898,100326_0602c712_2,0.0015638964250683784,0.9503241777420044
899,34571_25c64838_2,0.000986346392892301,0.9415407776832581
900,143534_4f65fd1a_0,0.0003930398088414222,0.8671165108680725
901,101446_95204330_1,0.0003016580594703555,0.8087681531906128
902,41749_14d0599c_10,9.524500637780875e-05,0.7220293283462524
903,55715_525d1d3e_12,0.00023500870156567544,0.30292099714279175
904,45307_b9b4bca0_30,0.0011440616799518466,0.9918062686920166
905,22654_4c426b0f_0,0.0010614076163619757,0.8670855760574341
906,22670_9353c710_4,0.0005044552381150424,0.8453031778335571
907,99445_94c22a37_11,0.0003054034896194935,0.9954624176025391
908,132811_57264a28_4,0.0005343097727745771,0.9563490152359009
909,23258_87a2ba81_3,0.00015548877127002925,0.7542197108268738
910,50777_2934de55_22,0.00044613072532229125,0.9841634035110474
911,98418_4185a7fb_0,0.00042109304922632873,0.9897984862327576
912,43441_e1ab0873_2,3.833201481029391e-05,0.5355139970779419
913,24271_dbc0fd2d_12,0.000235288986004889,0.9482095241546631
914,38944_0d0c3fce_0,0.0016168910078704357,0.9895250797271729
915,40624_e1c5c424_11,9.122604751610197e-06,0.770237922668457
916,100028_0c3a8f1c_13,0.0003664910909719765,0.9952859282493591
917,40491_ac67bf4c_13,0.0002760570787359029,0.9948218464851379
918,25416_1deb9c75_0,0.0006536347209475935,0.8868545293807983
919,21657_2651585a_6,0.00028322264552116394,0.9849880933761597
920,21986_67c5509a_15,0.0002563687157817185,0.9681913256645203
921,32288_34013274_2,0.001162253087386489,0.8032788634300232
922,55373_ddd74d2f_0,0.0012300376547500491,0.8411373496055603
923,26245_4aac38e1_0,0.00045051699271425605,0.9741861820220947
924,33044_7fdd9213_0,0.000333459087414667,0.9404613971710205
925,31530_6744ae73_48,0.0017174817621707916,0.9834089875221252
926,25555_fd3d9a3c_1,4.448043546290137e-05,0.9375519752502441
927,54175_7d864ace_6,0.00029030151199549437,0.9348073601722717
928,72950_5074f5a3_0,0.000591442862059921,0.6090238094329834
929,129618_2962c248_0,0.0013468853430822492,0.977504551410675
930,52012_77070fda_10,4.2768082494148985e-05,0.9329290390014648
931,28295_0dc908b9_7,0.000445650628535077,0.8802859783172607
932,144419_90e59d67_2,2.7331918317941017e-05,0.6979518532752991
933,22734_f6bad9f7_24,0.0025992051232606173,0.9195600748062134
934,22604_0b4ffb43_14,0.0001550563029013574,0.9971621036529541
935,81996_b3752ed2_3,0.00012675761536229402,0.8862454295158386
936,24504_493cee15_8,0.0016159964725375175,0.9356542825698853
937,39124_28e99e62_1,0.0001222386781591922,0.8624560832977295
938,29725_0ad4937e_1,0.00010668551840353757,0.8071641325950623
939,109232_04340d62_6,0.00014957528037484735,-1.7208490371704102
940,129075_8fbf62e5_0,0.0003022637974936515,0.7607933878898621
941,102937_18c3cb6a_4,0.0005370958824642003,0.9811686873435974
942,52551_8098346a_5,0.0003577045863494277,0.37776947021484375
943,128043_6947b64c_0,0.001944894902408123,0.8877264261245728
944,119030_292009a7_41,0.0007350557134486735,0.8921748995780945
945,48526_5aecac8a_0,0.00036155746784061193,0.9391180872917175
946,32541_86f7df73_4,0.00044660482672043145,0.5751312971115112
947,55114_7bf17f6a_0,0.0011720787733793259,0.9150310754776001
948,55285_6816da52_1,0.002348855137825012,0.9491651654243469
949,37683_e2cca100_17,0.00013872799172531813,0.781588077545166
950,78775_e2d8b091_15,0.0012525139609351754,0.959047257900238
951,93199_2146e709_2,0.00032564884168095887,0.9615543484687805
952,135595_656de97a_14,0.0002065395819954574,0.851919412612915
953,24284_3710e946_16,0.0001865284430095926,0.9957741498947144
954,135521_30553c91_2,7.518186612287536e-05,-0.09039580821990967
955,29732_fb15318c_5,0.00017063406994566321,0.8379085659980774
956,88060_389bdff4_0,0.000624237465672195,0.962012529373169
957,27839_4a077326_28,0.001006590318866074,0.9750590324401855
958,100435_87bf423d_8,0.00017305465007666498,0.9965900182723999
959,25365_bb0e4ede_44,0.00030190462712198496,0.5718206167221069
960,146169_144d8264_0,0.000964264094363898,0.9947922229766846
961,23342_7193a931_3,3.5028333513764665e-05,0.8968018293380737
962,57000_cd1ddece_12,0.00015433112275786698,0.9969144463539124
963,119790_1ed376f0_3,0.0003128163516521454,0.6585928797721863
964,72522_e9e87960_4,0.0002723165089264512,0.9948887228965759
965,65366_f618b577_2,0.0002169291110476479,0.8111703395843506
966,55707_c78416ed_35,0.0011348816333338618,0.9406914710998535
967,70321_eccffc7e_0,0.0006198075134307146,0.8394346237182617
968,120143_b5756e6b_0,0.00156331155449152,0.7828992605209351
969,27726_aca43af4_35,4.588335286825895e-05,-1.131789207458496
970,31361_72aab333_20,0.000586441601626575,0.8136228322982788
971,121949_e10b5e85_12,0.0005298618925735354,0.9853650331497192
972,146399_0e4b73c4_13,0.000827374286018312,0.9830147624015808
973,41134_fc146947_6,0.0007376340799964964,0.6551543474197388
974,21237_7887a24b_35,0.00016949765267781913,0.29926633834838867
975,24885_55e20ddf_3,7.322674355236813e-05,0.9276543259620667
976,34914_8911676d_23,0.00016699674597475678,0.9703206419944763
977,21803_8a36dcda_12,0.0014952578349038959,0.9499664902687073
978,41306_8f26e703_5,1.3827534530719277e-05,0.8507294058799744
979,25118_f50fdc69_10,6.238992500584573e-05,0.9088767170906067
980,25473_0991d519_9,0.00046756755909882486,0.9882915616035461
981,126585_86fa26cb_0,9.280996164306998e-05,0.8853810429573059
982,145691_69484976_9,0.0009419309790246189,0.9153090715408325
983,60729_c51868ec_0,0.00046511131222359836,0.7437694668769836
984,123929_e7dbad2c_0,0.0007530918810516596,0.6422727108001709
985,69649_70b07cac_0,0.00010970896983053535,0.9975765943527222
986,55135_f1186d58_9,7.097500201780349e-05,0.9115757346153259
987,20838_86c931be_2,0.00036884599830955267,0.95414137840271
988,45242_626509cb_11,0.00021532487880904227,0.9048470854759216
989,34983_439766af_13,0.0007051026914268732,0.9926657676696777
990,53453_fb0f1640_1,0.00228451588191092,0.9306484460830688
991,23255_972fbfe6_25,0.00033513575908727944,0.9894362688064575
992,24168_a0ede173_203,0.002016562968492508,0.9887847304344177
993,55476_1473d91f_0,0.0010206691222265363,0.479656457901001
994,55111_ef389075_1,0.0007801796891726553,0.970180869102478
995,141710_17531562_1,0.0004662821884267032,0.9608497023582458
996,96601_b89e6252_1,6.140230834716931e-05,0.6734662055969238
997,135790_a27f9deb_43,0.005391902290284634,0.9309183359146118
998,121363_746708db_0,0.0005377473426051438,0.793095588684082
999,136886_3aa46890_0,0.0003413684607949108,0.8727169036865234
1000,50315_0f1419bf_19,0.0006234214524738491,0.9914248585700989
1001,37846_cde34fcd_14,0.0002940984850283712,-2.3251781463623047
1002,24816_ef81ad4c_1,0.00017040949023794383,0.9390648603439331
1003,75646_4baf69b2_7,0.001665249583311379,0.9766812324523926
1004,140155_81f9ac63_0,0.0002657666045706719,0.9336943030357361
1005,51603_034939eb_10,0.0008309987606480718,0.953963041305542
1006,30435_c97330d2_0,4.4714095565723255e-05,0.9243963956832886
1007,27839_4a077326_27,0.00030712265288457274,0.9833007454872131
1008,55627_971fde61_34,0.0014389422722160816,0.888755738735199
1009,134909_ef3d003c_0,0.00015619317127857357,0.8467702269554138
1010,33413_060ce192_51,3.434432073845528e-06,0.5241512060165405
1011,22245_ca848576_12,0.0002544167509768158,0.7028813362121582
1012,52039_ba12c3ac_1,0.00015301484381780028,0.9969409108161926
1013,39707_358f88df_2,0.0005441925604827702,0.42049074172973633
1014,50014_33f250c8_3,0.0017145180609077215,0.984360933303833
1015,52987_387431ac_1,0.0011291574919596314,0.9224684834480286
1016,33501_b1ee5058_15,0.0001474917953601107,0.9970670938491821
1017,82168_4844bddd_1,0.0002629436203278601,0.9644977450370789
1018,30384_95e72fc2_4,4.9399906856706366e-05,0.45593488216400146
1019,23554_a0845d54_2,0.00048098783008754253,0.5979295969009399
1020,23800_65e0a5d1_0,0.00017165736062452197,0.45902299880981445
1021,41128_ee74f244_0,0.0005204815533943474,0.4774661064147949
1022,143019_22dbd3e6_2,0.0005379855283536017,0.9829311370849609
1023,79993_6087acd5_8,0.0017986723687499762,0.9430983066558838
1024,21422_b2a6bf27_0,0.00022573565365746617,0.9962782263755798
1025,25487_dd2c17e8_21,0.00041979175875894725,0.6272579431533813
1026,22654_4c426b0f_10,4.772490501636639e-05,0.6795070171356201
1027,30368_d7fd30ce_6,2.466067235218361e-05,0.4725693464279175
1028,57249_6bd2af3c_2,0.00012208563566673547,0.9954962730407715
1029,57029_3ab80a22_0,0.00048768435954116285,0.9032531976699829
1030,79906_052c7eb4_3,0.0005869297892786562,0.8727744817733765
1031,82996_b8dc67c9_10,7.891942368587479e-05,0.891088604927063
1032,119884_192e3265_1,0.0005583286401815712,0.7453606724739075
1033,21225_c081eae3_10,0.0013014492578804493,0.9253851771354675
1034,121949_e10b5e85_1,0.00035509606823325157,0.9101461172103882
1035,81994_ba8916c9_5,5.086418968858197e-05,0.9555554389953613
1036,22447_4062c6cb_29,0.0002025444555329159,0.9965832829475403
1037,55044_ee57bac8_1,0.00014479647506959736,0.4498583674430847
1038,41871_f9a1ad02_13,0.0020332804415374994,0.9885802865028381
1039,74688_a5168a45_2,1.4153310075926129e-05,-2.041034460067749
1040,23218_02d26ab4_4,3.7415939004858956e-05,0.9139417409896851
1041,41205_dc60aa5d_0,0.00044122335384599864,0.8903100490570068
1042,41979_ca698776_0,0.0002340820647077635,0.9519919157028198
1043,141453_50ec6f25_7,0.0002779951901175082,0.9921252131462097
1044,97143_5424c420_0,0.0005065925070084631,0.8699888586997986
1045,41986_26275a06_2,0.00021380533871706575,0.9798453450202942
1046,136800_c5e4d711_2,0.00018020303105004132,0.7536888718605042
1047,101635_11b839a3_5,2.7204194338992238e-05,0.7771264314651489
1048,55866_b041060d_0,0.00020724168280139565,0.9873155951499939
1049,53846_89405f98_0,0.0007379103335551918,0.8492367267608643
1050,27725_5cceaeb7_1,0.0012106298236176372,0.890766441822052
1051,146137_92faaea5_9,0.0015196289168670774,0.8782405853271484
1052,41211_11f6b8a0_4,0.0001494410098530352,0.9384543299674988
1053,21330_f0cee934_46,0.00015404776786454022,0.996920108795166
1054,127188_5fecd146_4,3.718805601238273e-05,0.948900043964386
1055,135949_06517574_8,1.3233013305580243e-05,0.8628139495849609
1056,68928_0d4e4a2e_24,0.001257303636521101,0.9209407567977905
1057,50410_f8f03667_38,6.5766425905167125e-06,0.5472314357757568
1058,142999_171240b6_21,9.75008515524678e-05,0.9279094338417053
1059,144709_642fc665_0,0.0008227785001508892,0.9191430807113647
1060,53232_f8760054_10,0.00032299355370923877,-2.091320037841797
1061,22372_e91792a1_0,3.333581116748974e-05,0.5724673271179199
1062,21767_53eaa558_12,0.003934081178158522,0.9491621255874634
1063,32220_1fd19c5e_0,9.203782246913761e-05,0.9054427146911621
1064,22886_a6331748_1,0.0005470920004881918,0.9497710466384888
1065,130996_b842b511_12,0.00023029049043543637,0.9787737727165222
1066,55571_74a416b1_1,0.00013197406951803714,-0.11949050426483154
1067,70169_914780d4_1,0.0002584003668744117,0.9016013741493225
1068,23156_7788f78a_6,0.0018680026987567544,0.9864834547042847
1069,124496_20e20439_10,8.632673416286707e-05,0.8102652430534363
1070,76300_7cb02add_1,0.0005376199260354042,0.9203923344612122
1071,21647_6b6cca6f_10,0.00043305737199261785,0.7636340260505676
1072,22734_f6bad9f7_23,0.0015339378733187914,0.9360985159873962
1073,94176_0a6c42ab_2,9.722234608489089e-06,-0.7842375040054321
1074,24048_d731886d_9,0.0012065869523212314,0.8670051097869873
1075,25487_dd2c17e8_30,0.0015886673936620355,0.2818659543991089
1076,115717_40314bc2_4,5.103725197841413e-05,0.8339872360229492
1077,125592_875faf40_0,0.0014124875888228416,0.9344370365142822
1078,41871_f9a1ad02_44,0.0007793844561092556,0.944938063621521
1079,146642_883a71d2_8,0.00015263055684044957,0.9627607464790344
1080,136883_076fbff9_31,0.00015279687067959458,0.4945809245109558
1081,60766_fb8715eb_3,0.0006279419758357108,0.9540788531303406
1082,30818_33617072_0,0.0021974146366119385,0.8887448906898499
1083,130679_7a357a9c_18,0.0034236048813909292,0.7986130118370056
1084,55306_795d845b_0,3.768728856812231e-05,0.919208824634552
1085,135934_d2f6bb2e_33,0.00014705018838867545,0.8039512634277344
1086,111054_e45a0d40_7,0.0033525750041007996,0.9675694704055786
1087,36826_d9269c2e_10,0.00043037295108661056,0.9707671403884888
1088,37619_ae810a8d_7,4.823424205824267e-06,-1.2029414176940918
1089,22343_34184fd5_22,0.00017509929602965713,0.4580603837966919
1090,113020_de552f8d_0,0.00021992505935486406,0.8624734878540039
1091,20216_89b90993_0,0.0032274823170155287,0.784984827041626
1092,23325_292b3294_16,0.001319186412729323,0.8744996786117554
1093,23522_5c2ec58e_9,0.0006563179194927216,0.9501676559448242
1094,146624_359752bb_20,4.690844434662722e-06,-1.364748239517212
1095,104990_11b4aeee_1,0.0002119801501976326,0.9951545596122742
1096,90917_4670b560_0,0.0018334115156903863,0.9643672108650208
1097,54818_59adf8c2_5,0.0005507160676643252,0.5237301588058472
1098,34109_5a868eae_3,0.00020986635354347527,0.657605767250061
1099,23161_e7f63a9f_2,0.0005654027918353677,0.9488402009010315
1100,37160_2a95674a_27,0.0008777842158451676,0.6933214664459229
1101,61280_8bdbc90f_0,0.0006757326773367822,0.9757312536239624
1102,55083_dac1f9cc_2,0.0004428077081684023,0.9631363749504089
1103,34341_d19b12fb_14,1.4055915926292073e-05,0.8601988554000854
1104,54516_ac9e2ef4_61,0.0013153025647625327,0.781597375869751
1105,24559_3c306e71_2,8.401933882851154e-05,0.8289660811424255
1106,105831_88a0fb85_1,0.0006199689232744277,0.9764450788497925
1107,32743_f4c47bbc_19,0.0017637353157624602,0.6722732782363892
1108,40500_6055e3d7_18,0.0007593322661705315,0.9635501503944397
1109,22862_f5406bb0_0,0.000530425226315856,0.9914671182632446
1110,141081_ae61ec46_0,0.00030966283520683646,0.9955171942710876
1111,135112_cf8007b8_4,0.0012986741494387388,0.9802988767623901
1112,131442_1512d9ff_5,6.233973545022309e-05,0.8680750131607056
1113,145132_7aea3b66_1,0.001586721045896411,0.993994414806366
1114,41871_f9a1ad02_45,0.0006207862170413136,0.8803462386131287
1115,51775_49ef614a_1,0.0005805583787150681,0.8355019092559814
1116,143293_fc5b0ff7_23,0.0002232828555861488,0.5920724868774414
1117,51547_a7e01c38_6,3.5452663723845035e-05,0.9492048025131226
1118,114021_44c3c39c_2,8.821095252642408e-05,0.7800859808921814
1119,123766_c5a4cf5e_0,0.00010859451140277088,0.3076273798942566
1120,23031_0d684603_8,0.0004781446768902242,0.7939072847366333
1121,132996_c742ef84_4,0.0029589971527457237,0.5893862247467041
1122,137096_5d77f285_1,0.0010460331104695797,0.875148355960846
1123,27072_b4756e8c_2,0.0007471282151527703,0.8310229182243347
1124,51915_e704f5dd_2,0.0006237759371288121,0.9024540185928345
1125,132811_57264a28_13,0.00020388078701216727,0.9965676069259644
1126,49396_98ab955d_13,0.0013850065879523754,0.845592737197876
1127,132081_761d26ad_0,0.00015232355508487672,0.9959225654602051
1128,82906_7b72e0e8_2,0.0010631117038428783,0.9703819155693054
1129,92649_26fe8262_0,0.0001640622940612957,0.9243072867393494
1130,21803_8a36dcda_11,0.0013283701846376061,0.9642709493637085
1131,30637_f6324fc6_5,0.00016226829029619694,-0.07399368286132812
1132,105560_a6f91315_12,6.463521003752248e-06,0.09471261501312256
1133,41737_d80c34b9_0,0.0009331349865533412,0.9442496299743652
1134,34983_439766af_12,0.00019848591182380915,0.9804747104644775
1135,122755_60c41889_10,5.344311648514122e-05,0.14354795217514038
1136,76879_65a30a82_2,0.0035386476665735245,0.9683470129966736
1137,89816_cef36e57_4,0.0003175607416778803,0.9947631359100342
1138,49406_100c707b_3,9.007778862724081e-05,0.9896135926246643
1139,105560_a6f91315_10,8.889321179594845e-06,0.8080596923828125
1140,129421_483d2957_5,2.4813412892399356e-05,0.8954524397850037
1141,122740_fc5c94eb_33,0.00031458475859835744,0.9903680086135864
1142,135595_656de97a_5,0.00015172100393101573,0.9445871710777283
1143,35740_5322d674_5,3.8593348108406644e-06,-0.33944857120513916
1144,23681_932e722e_18,0.00017655760166235268,0.9966580867767334
1145,108244_329b1876_17,4.324501333030639e-06,-0.004798412322998047
1146,125745_cf468448_6,0.00036796004860661924,0.9134798645973206
1147,138838_c9a9e790_6,0.000351780210621655,0.93161940574646
1148,102416_b74464a2_4,4.890981927019311e-06,-0.9400347471237183
1149,30426_2cde26de_21,6.019659122102894e-05,0.8210717439651489
1150,137837_9c9f163d_5,0.00016814919945318252,0.8229405879974365
1151,25487_dd2c17e8_15,0.001538378419354558,0.799476683139801
1152,21549_18160a0a_4,3.4328090805502143e-06,0.515428900718689
1153,21385_601444ba_0,0.000824847025796771,0.9486870169639587
1154,35233_add576ba_9,0.001294979127123952,0.9154222011566162
1155,55345_c6423351_0,0.0004227271710988134,0.9315637946128845
1156,110697_4b2725f1_0,0.0003216190089005977,0.9925079345703125
1157,109946_242843a6_1,2.4132654289132915e-05,0.43111830949783325
1158,34341_d19b12fb_22,3.0281102226581424e-05,-2.442716360092163
1159,23247_bcd1e84f_21,0.00027256470639258623,0.9427693486213684
1160,131765_29b29f08_6,8.280502697743941e-06,0.8206840753555298
1161,21395_7d6fda6f_12,0.0002483729040250182,0.7826219797134399
1162,135460_6471e973_15,0.00017902805120684206,0.9411918520927429
1163,51741_49d61151_7,0.0004334718978498131,0.9843372106552124
1164,28382_90b7cc0c_12,0.00011642980825854465,0.9577672481536865
1165,30850_05d88af9_2,0.001161806983873248,0.952073335647583
1166,86278_1e55d036_12,0.00015455517859663814,-0.15038251876831055
1167,67240_525e92c1_1,0.0006681082304567099,0.46390068531036377
1168,82002_ef2b4feb_6,0.00031106837559491396,0.9940230250358582
1169,53364_ec8aad42_1,0.0027813874185085297,0.8804894089698792
1170,135771_b030a25c_17,0.0005213947733864188,0.39686137437820435
1171,135906_29d7b495_1,6.151057459646836e-05,0.8900284767150879
1172,21822_7d3db422_38,0.00025892522535286844,0.7373104691505432
1173,81136_5b86c723_1,6.570276309503242e-05,0.5174998044967651
1174,25473_0991d519_2,0.001982984598726034,0.9656929969787598
1175,73405_94381b7c_5,0.0009815564844757318,0.8350110054016113
1176,24009_c40b0d48_2,0.0001521587691968307,0.9953272342681885
1177,22162_439af02a_1,0.00015638013428542763,0.9969251155853271
1178,146159_f3f80701_0,0.0018497287528589368,0.5068028569221497
1179,51895_5760b481_15,0.002017156220972538,0.9785308241844177
1180,33500_e58e287e_1,0.0031659582164138556,0.8526293039321899
1181,31838_2e4bd173_0,0.0013178031658753753,0.11912018060684204
1182,146137_92faaea5_18,3.972828562837094e-05,0.6522446274757385
1183,124879_2257a334_2,9.067077917279676e-05,0.004853606224060059
1184,144145_510eedc2_7,0.00017226322961505502,0.9968075752258301
1185,21237_7887a24b_78,0.0004521535593084991,0.9606795907020569
1186,82297_93739ce0_6,0.0008433351176790893,0.7227741479873657
1187,51536_a18dc325_31,0.00035644229501485825,-0.7277051210403442
1188,93103_fdb9fcb7_7,0.0007153653423301876,0.9076607823371887
1189,24590_415f7013_9,0.00028384177130647004,0.9474093914031982
1190,130659_16f2db4c_0,0.0001735755940899253,0.9425780177116394
1191,23083_fdb942ac_2,0.0002237874869024381,0.9906626343727112
1192,23954_a8c09819_2,0.00015247309056576341,0.9970431327819824
1193,30417_0010bc7c_13,0.00042185219353996217,0.9624878764152527
1194,120535_e304dfca_1,0.0009355309302918613,0.9313789010047913
1195,93199_2146e709_9,0.0010054769227281213,0.769116997718811
1196,23686_cba4f679_15,0.0017376980977132916,0.9610517621040344
1197,40807_58058731_20,0.0007969303405843675,0.9919788837432861
1198,94410_d32e7520_35,0.00121753488201648,0.9696852564811707
1199,79695_fd8bae0e_0,0.0013903069775551558,0.6464688777923584
1200,129422_621d0a90_35,0.0011102223070338368,0.4785701632499695
1201,44932_16cb7f21_5,0.0022765574976801872,0.9355220198631287
1202,136550_8a8672e5_1,0.0001292884408030659,0.9637051820755005
1203,20495_e8e7e80c_3,0.00023312171106226742,0.9958305358886719
1204,31962_e5291336_50,0.0006982195773161948,0.3339429497718811
1205,24888_5be1de05_1,2.124531238223426e-05,0.5959318280220032
1206,34114_7e58a97d_10,0.0013517456827685237,0.9480319619178772
1207,108433_37a79370_0,0.002339374739676714,0.7932854890823364
1208,22844_9b75b8e0_1,0.0002631827082950622,0.9890827536582947
1209,115637_b4d41e8a_0,0.0008920723339542747,0.9136418700218201
1210,53474_f29e4438_15,0.004379322752356529,0.8754211664199829
1211,26766_1aaa348c_0,0.0005381740047596395,0.9236056804656982
1212,51940_67bb0219_7,0.0007788585498929024,0.8727225661277771
1213,41714_1d49f4d1_13,2.7060323191108182e-05,0.8932886719703674
1214,21815_7090778f_9,0.0013486488023772836,0.8893225789070129
1215,32843_8e5bdf24_0,0.0013058168115094304,0.9421427845954895
1216,23686_cba4f679_10,0.0005195701960474253,0.9352548122406006
1217,114425_891ab08d_0,0.003892492735758424,0.5146527886390686
1218,41786_02d48cdd_5,0.0008000872912816703,0.8761923313140869
1219,22895_4533b542_1,0.0005389151629060507,0.9691129326820374
1220,49016_cd1b47bf_6,0.0027584992349147797,0.9126166701316833
1221,51674_a70c1c6c_3,3.769817703869194e-05,0.939715564250946
1222,52972_6e5a5ada_11,0.000764081662055105,0.9675678610801697
1223,120700_d818883a_8,9.780227992450818e-05,0.8675792813301086
1224,34530_9525ffcd_0,0.0006323527777567506,0.9881083965301514
1225,24355_99bf3f8f_1,0.0001668725162744522,0.6768407821655273
1226,56250_3b6024e3_46,0.001849617576226592,0.9672968983650208
1227,56355_727ca47c_3,0.0009990368271246552,0.7587662935256958
1228,35057_9af89947_1,0.0007321704761125147,0.8850481510162354
1229,120881_a946667f_13,0.00011176841508131474,0.8460210561752319
1230,143021_c6df0146_5,6.0901729739271104e-05,0.6608722805976868
1231,69240_dc199112_3,0.0008458741940557957,0.23013538122177124
1232,41733_1ec9b00c_15,0.00045046809827908874,0.9061909914016724
1233,30298_24191733_2,3.1846804631641135e-05,0.7797591686248779
1234,30400_8824ce97_18,0.00025798010756261647,0.9461320638656616
1235,37040_ecbcd25e_36,0.00040582974907010794,0.8905456066131592
1236,23035_6087bb57_4,5.1954360969830304e-05,0.9222495555877686
1237,38675_6e07d74b_26,0.001733986777253449,0.9760076403617859
1238,31751_e37382e1_9,0.00021746086713392287,0.9768129587173462
1239,54601_e1da5b93_4,0.00016150398005265743,0.9967869520187378
1240,142999_171240b6_29,0.0004980096709914505,0.9622495174407959
1241,137646_14bca880_0,0.0004279558779671788,0.9604779481887817
1242,37519_442dc408_1,6.839246634626761e-05,0.916422963142395
1243,47195_a8cd8bad_6,0.00027005240553990006,0.9828272461891174
1244,22474_b10fea1a_6,0.0011716216104105115,0.8648721575737
1245,53200_d1e30b87_10,0.0001932038285303861,0.9663807153701782
1246,41472_f9d73638_9,7.902134530013427e-05,0.9187780022621155
1247,126397_cc08a23d_1,5.611482629319653e-05,0.9089290499687195
1248,31838_2e4bd173_4,0.00031828111968934536,0.9943258762359619
1249,52006_d21e4570_7,0.0007687635952606797,0.8476114869117737
1250,62109_08c31aa8_0,0.0007386670331470668,0.8683769106864929
1251,49403_458914df_0,0.0003519737219903618,0.7920932769775391
1252,122914_76ff1f5e_2,3.1786061299499124e-05,-1.8290455341339111
1253,34913_d23e2a24_2,0.0010766738560050726,0.5182230472564697
1254,104641_2cd02839_15,4.513270323514007e-05,0.8695768117904663
1255,131632_6144b102_1,0.0003047197824344039,0.9963721036911011
1256,30850_05d88af9_0,0.0004034955345559865,0.9683402180671692
1257,86296_8a6ed4d3_7,8.170580986188725e-05,0.7483437657356262
1258,34983_439766af_7,0.0006691787275485694,0.9904666543006897
1259,33374_7491cbf8_2,0.0015268835704773664,0.9852269291877747
1260,50694_afd26bd5_10,0.00038900901563465595,0.9958226680755615
1261,50292_e84db1fb_8,0.0001501960214227438,0.4874669909477234
1262,81367_622a9e51_2,0.000166124984389171,0.9582852125167847
1263,78966_584c5305_0,0.0005309195839799941,0.7231683731079102
1264,79905_623eae86_1,0.002920386614277959,0.9760847091674805
1265,63055_6b907478_15,0.00018279549840372056,0.985418438911438
1266,135771_b030a25c_4,0.0002540585701353848,0.6801332235336304
1267,41753_9b4f8d8a_0,0.00016693539510015398,0.996722400188446
1268,80784_f7ec5f70_1,0.0009719109511934221,0.8353154063224792
1269,33607_c6f31fa6_10,0.0008177070412784815,0.8998584747314453
1270,22225_a3ce4d29_42,0.0005070201004855335,0.945513904094696
1271,51938_8b9cba89_5,0.0017464079428464174,0.9634007811546326
1272,44741_f386a08f_4,0.0009800875559449196,0.970910906791687
1273,70021_e673ae54_4,0.00023208624043036252,0.9962331652641296
1274,55135_f1186d58_7,0.0007297020638361573,0.9345967769622803
1275,31856_2a5a4e32_12,0.0012630595592781901,0.9299349188804626
1276,75303_045fc848_4,0.0006649415590800345,0.8978312611579895
1277,129683_3ad38815_10,0.001462843967601657,0.982893705368042
1278,21894_93f0d052_24,0.0006225317483767867,0.9496538639068604
1279,143823_1b04bf80_13,0.0008250341052189469,0.9404653906822205
1280,143823_1b04bf80_18,0.0002063833671854809,0.8003231883049011
1281,111863_c925f4f3_2,6.35029500699602e-05,0.9394055604934692
1282,104633_d0a15bd3_6,0.000761557777877897,0.9361406564712524
1283,48832_22363e53_33,0.0005444192793220282,0.9852946996688843
1284,127466_a18ae326_1,0.0007601098041050136,0.7136304378509521
1285,22211_b1ee53f0_12,0.0008465244900435209,0.9646255373954773
1286,137837_9c9f163d_6,0.00022824409825261682,0.9378378987312317
1287,122755_b830e22d_17,2.876750659197569e-05,0.6778149604797363
1288,21299_e9cd80a6_12,0.0002644917694851756,0.645315408706665
1289,44920_70dd4b80_11,0.00039454278885386884,0.9821504354476929
1290,52987_387431ac_7,0.0010831651743501425,0.9670093655586243
1291,147926_b78316a8_10,0.000141876342240721,0.8756997585296631
1292,144653_e3eccdf1_50,8.246985089499503e-05,0.9450541734695435
1293,56458_c027ed41_0,0.0006010750075802207,0.9253875613212585
1294,23495_6366269c_11,0.00016335630789399147,0.9967513680458069
1295,70883_e2d6a103_2,0.0006795807857997715,0.9899026155471802
1296,32743_f4c47bbc_34,0.00030523166060447693,0.8220995664596558
1297,30910_38ea5a06_2,0.00014382014342118055,0.975608229637146
1298,56476_466fc284_17,0.0020891414023935795,0.9567880034446716
1299,22604_0b4ffb43_62,0.00022383374744094908,0.9906607866287231
1300,21534_6367be99_0,0.0008675717981532216,0.7265102863311768
1301,133026_1085532d_1,0.00035258696880191565,0.9103928804397583
1302,137828_0b0786fb_1,0.0009085999336093664,0.9825325608253479
1303,55627_971fde61_27,0.00029751379042863846,0.9624424576759338
1304,93869_8b1922a3_0,0.0004405451472848654,0.9644712209701538
1305,24393_9acd18c6_3,0.00022830368834547698,0.9957398176193237
1306,44996_b3e9c266_14,4.789350350620225e-05,0.8125691413879395
1307,55300_b9675d43_1,0.00015608097601216286,0.9969354271888733
1308,113352_879844fe_0,0.0005621990421786904,0.9771067500114441
1309,135317_3c58b0d0_9,0.00016706275346223265,0.8456350564956665
1310,115624_fe3eb392_1,0.002491637831553817,0.8833079934120178
1311,63055_6b907478_21,0.0003288289881311357,0.9880081415176392
1312,40421_032c052f_0,0.0003920518502127379,0.9404081106185913
1313,143029_70554264_3,0.00011899167293449864,0.7961535453796387
1314,145117_78f63de3_0,0.00041031945147551596,0.8944700956344604
1315,128996_35f2006e_0,0.00012519012670964003,0.3739659786224365
1316,54503_fc6c6963_1,0.00034105259692296386,0.9569250345230103
1317,24657_0168dc6b_1,0.0004424181825015694,0.989171028137207
1318,130524_13ad16a8_0,0.00453094532713294,0.9775952696800232
1319,142670_33c641dc_3,0.00019907784007955343,0.9243676662445068
1320,65375_674ff0b9_11,0.0009446030016988516,0.14000487327575684
1321,23168_7fdf5427_3,5.729209988203365e-06,-1.6171026229858398
1322,41717_ab2075ac_0,0.00012327803415246308,0.9954737424850464
1323,21739_57582b8f_4,0.00034672507899813354,0.9796580672264099
1324,143293_fc5b0ff7_30,0.00020228643552400172,0.9944835305213928
1325,135906_587b5c3d_0,0.0002414992923149839,0.8541719317436218
1326,138685_fd9b79cd_0,0.0002342776715522632,0.8126676082611084
1327,119921_5621fcb4_0,0.00016698846593499184,0.9718078970909119
1328,49403_458914df_5,0.00036390969762578607,0.9585260152816772
1329,73525_7f6b2f67_2,6.02716208959464e-05,0.9034662246704102
1330,136994_a3a2f50f_3,0.0005022768164053559,0.9434261918067932
1331,31838_2e4bd173_1,0.002614369383081794,0.9434146285057068
1332,35866_d0233b36_6,0.00019746817997656763,0.9966335892677307
1333,53053_d6b4d71c_9,0.0009523264016024768,0.9752749800682068
1334,90220_7baf1e18_1,0.00021353739430196583,0.7117414474487305
1335,23364_73dd9d4d_10,6.121146725490689e-05,0.9120256900787354
1336,52987_387431ac_3,0.0003339699760545045,0.9724944829940796
1337,51859_6b2fd0f1_4,0.0002754818997345865,0.8468493223190308
1338,51708_867d4509_12,2.576909537310712e-05,0.7767820358276367
