case_num,case_name,MSE,R-Square
0000,50417_199cffee_13,0.005693737883120775,0.9556488394737244
0001,48516_2b3135bf_11,0.003490232164040208,0.8819958567619324
0002,41733_1ec9b00c_31,0.0038286345079541206,0.6286212205886841
0003,31664_1e85c690_0,0.0025297580286860466,0.8639899492263794
0004,21893_0500d043_18,0.0008775326423346996,0.9821587800979614
0005,31607_9a2f8140_6,0.0015479811700060964,0.9480414986610413
0006,41774_88a7a483_18,0.0016003659693524241,0.6093425154685974
0007,42143_51b31600_4,0.00029161307611502707,0.41076940298080444
0008,23104_3b70eba4_13,0.0007645909208804369,-0.25779032707214355
0009,129075_8fbf62e5_2,0.0001238197146449238,0.6732512712478638
0010,41624_a15f83c1_13,0.00032772900885902345,0.8390700817108154
0011,36088_1ea9c8a9_12,0.0006608031108044088,0.9845841526985168
0012,126477_6596d136_14,0.00028167982236482203,0.7446794509887695
0013,130441_10c43121_0,0.01181451603770256,0.939813494682312
0014,133385_e6aa64d8_21,0.0005138850538060069,0.6628586053848267
0015,26398_b99946da_1,0.0017101638950407505,0.9775083661079407
0016,61198_0c99f50a_4,2.2884340069140308e-05,-0.44163739681243896
0017,26661_ab88a525_0,0.00041410562698729336,0.5213906764984131
0018,129075_8fbf62e5_1,0.0004550510784611106,0.5702673196792603
0019,51891_9455ea02_1,0.001428745687007904,0.9773284196853638
0020,34770_6bba5bd4_13,0.00044576937216334045,0.9912477135658264
0021,21646_a2dd0d00_53,0.0013261687709018588,0.8897659778594971
0022,68909_4ae1bc2e_1,0.00020514764764811844,0.8072081208229065
0023,27866_ece3076e_109,0.0012520941672846675,0.8025614619255066
0024,92134_52f13f49_6,0.0005246372311376035,0.6976467967033386
0025,23342_7193a931_1,0.00029092427575960755,0.5962169170379639
0026,126572_a2d6f794_14,2.4906921680667438e-05,-1.503901720046997
0027,44344_3e0b0b0c_1,1.774392876541242e-05,-1.4574851989746094
0028,49331_3bf3bb84_4,0.00047738809371367097,0.9912614226341248
0029,33971_46bb0373_0,0.0042777941562235355,0.4535675644874573
0030,21517_bfe35b4c_1,0.00029812788125127554,0.5675919055938721
0031,23165_369d62aa_6,0.0005808603018522263,0.9929938912391663
0032,81846_2907c980_0,0.0009002567385323346,0.9600379467010498
0033,24168_a0ede173_111,0.0025735434610396624,0.7458112239837646
0034,53461_a5942665_1,0.001100184628739953,0.9591954946517944
0035,24907_c72322ea_13,0.0010620343964546919,0.5992573499679565
0036,133424_315bcaeb_7,0.00023764641082379967,0.6924758553504944
0037,40490_916e13fe_0,0.0011294166324660182,0.9648213386535645
0038,38000_b5822e44_3,0.0011384894605726004,0.9827449917793274
0039,138520_f4e0bc0b_63,0.00012745150888804346,0.8784053325653076
0040,61294_9255796d_3,0.00031299531110562384,0.41434216499328613
0041,22176_272891b8_0,0.0010393623961135745,0.4727787971496582
0042,24815_4f2a57e4_1,0.0020619654096663,0.9394530057907104
0043,113343_e692c488_1,0.0002495358057785779,0.6234307289123535
0044,33995_18423507_1,0.00021969148656353354,0.7040555477142334
0045,127897_029949fd_6,0.0003287280269432813,0.9934267401695251
0046,123181_4e56fb4f_0,0.0007366047357209027,0.9893288016319275
0047,22670_9353c710_1,8.409451402258128e-05,0.4875008463859558
0048,128642_4d72bf31_2,0.0011083097197115421,0.3996248245239258
0049,146667_fe438b5b_6,0.0012264654505997896,0.9251014590263367
0050,38260_2a31c6df_2,0.0009406049503013492,0.8674379587173462
0051,24443_996411f9_3,0.002016992075368762,0.9542283415794373
0052,142074_34e02b6d_1,0.0015598558820784092,0.532845139503479
0053,41501_b627682a_15,0.002111067995429039,0.8155202865600586
0054,24712_da77fe8f_0,0.0003495381970424205,0.9934602379798889
0055,32960_0eaa1de8_26,0.0010998042998835444,0.9796293377876282
0056,130757_b2c47f8d_2,6.90780725562945e-05,-1.0645148754119873
0057,104817_6d73dc41_0,0.004045824985951185,0.5467182993888855
0058,79243_49539d9f_0,0.0014645324554294348,0.9684484601020813
0059,82012_c533307b_1,0.0003216588811483234,0.7003633975982666
0060,107649_e651c5ca_1,0.0002998167765326798,-1.0907652378082275
0061,40997_e3c88650_12,0.0010236947564408183,0.9737418293952942
0062,143029_70554264_4,0.0012644784292206168,0.8271490335464478
0063,27054_342fcf5c_3,0.0004712193040177226,0.5081872344017029
0064,41648_577daf16_17,0.0010342265013605356,0.6084938049316406
0065,89720_4e65191c_1,0.0004082647792529315,0.9901096820831299
0066,75382_1b589ea9_12,0.00018118336447514594,0.4820672869682312
0067,120371_433ba1ca_2,0.0006253505707718432,0.9454619288444519
0068,49024_b7f02205_13,0.0026776259765028954,0.8817328810691833
0069,51022_47816098_7,0.003888823324814439,0.960067629814148
0070,41634_4f5d0edb_0,0.0002893393102567643,0.42143380641937256
0071,23170_6ea8ded5_3,0.0010171571047976613,0.9829778075218201
0072,69589_cd2fa794_8,0.001535869319923222,0.8995751738548279
0073,41504_85e300ee_0,0.005000406410545111,0.3172464966773987
0074,128996_42176b10_0,0.0020962890703231096,0.8303303122520447
0075,38920_e81879c2_7,1.4831200132903177e-05,-16.83779525756836
0076,148051_c59af578_6,0.0004046391695737839,0.988979697227478
0077,65494_16d62db5_0,0.00011344770609866828,0.8479796648025513
0078,25473_0991d519_0,0.00037635129410773516,0.991158127784729
0079,75270_25a261ef_5,0.0008783185621723533,0.912361741065979
0080,49613_1b97c07b_12,0.0003474541299510747,-2.6902596950531006
0081,115633_a2c63339_1,0.00024400920665357262,0.9278269410133362
0082,52366_63042db4_1,0.00040346369496546686,0.9908173084259033
0083,30282_88c6933c_5,0.002687597181648016,0.678475022315979
0084,53474_f29e4438_12,0.0007312367088161409,0.9760603308677673
0085,24026_1dd4094b_21,0.001244192011654377,0.8580751419067383
0086,21225_c081eae3_2,0.0016487215179949999,0.7820731401443481
0087,35057_9af89947_8,0.0012721975799649954,-0.021938562393188477
0088,43529_4804941b_20,0.0007355950074270368,0.9775826334953308
0089,22103_fd11c71b_3,0.0007503057713620365,0.9063096642494202
0090,51536_a18dc325_0,0.0023773470893502235,0.8738295435905457
0091,24230_636208ab_13,0.0003808194596786052,0.766146183013916
0092,41117_1b3271f2_56,0.002760432893410325,0.9573745727539062
0093,140499_419d5823_0,0.001052372739650309,0.909030020236969
0094,115524_a949e82c_2,8.612401143182069e-05,0.6645114421844482
0095,29833_0ed4880f_3,0.00048127362970262766,0.9913407564163208
0096,127556_4823a42a_6,0.0008270999533124268,0.8610656261444092
0097,23960_48cc0f21_19,3.99416676373221e-05,0.43990516662597656
0098,132987_ba18d2eb_11,0.00021465055760927498,0.588972806930542
0099,51337_f8636fd9_30,0.00014862082025501877,0.832078218460083
0100,40999_cad6be09_18,0.0014675518032163382,0.9653035402297974
0101,136886_99fbdef3_0,4.288716081646271e-05,0.9264032244682312
0102,30447_4ed3b778_7,0.004634026903659105,0.9829270839691162
0103,55811_bc667b2d_13,0.0012618202017620206,0.5196276903152466
0104,41716_d55164d4_1,0.00022027795785106719,0.9229090213775635
0105,33610_aa697fc9_6,0.0008206783095374703,0.9394236207008362
0106,55095_fa260d33_6,0.004815812222659588,0.8730583190917969
0107,115639_bc0cc622_0,0.003975617233663797,0.7089182138442993
0108,20841_1620ae7d_0,0.0009383645374327898,0.8708117008209229
0109,50823_d1830e58_2,0.0014028067234903574,0.7223057746887207
0110,109762_cb162371_48,0.0005812635645270348,0.7957425713539124
0111,41387_5f752e39_23,0.0006905341288074851,0.9744628071784973
0112,121540_629c716f_0,0.000767101941164583,0.9675270318984985
0113,118539_1dff9cf9_12,2.134761780325789e-05,-0.5612642765045166
0114,30714_dafa62f6_2,0.005817809607833624,0.9238853454589844
0115,79633_bbbde75f_0,0.0018727683927863836,0.9543256759643555
0116,33059_531cfd5e_11,0.00030676726601086557,0.9497954249382019
0117,20697_d3e106b4_4,6.13174051977694e-05,0.4850239157676697
0118,136062_0027ff97_6,0.0022362626623362303,0.7936843633651733
0119,146291_6b0c8db3_1,0.03316641226410866,0.22813141345977783
0120,45466_5f662bcb_0,0.0002955051604658365,0.3915579915046692
0121,144500_7f600ab6_0,0.0005045600119046867,0.9533419013023376
0122,44996_b3e9c266_4,0.00045767443953081965,0.9033309817314148
0123,40713_4c9264ef_0,0.0017328388057649136,0.7687987685203552
0124,132384_0fcab1fa_13,0.0008380855433642864,0.0984070897102356
0125,33738_77d49563_2,0.0002823375107254833,0.6718199849128723
0126,129422_621d0a90_33,0.0003205390239600092,0.8491402864456177
0127,115633_fd3c9b97_32,8.28691991046071e-05,0.6604282855987549
0128,69337_a122ffde_1,0.0008434290066361427,0.9137955904006958
0129,37241_29f91452_0,0.000946936197578907,0.978094220161438
0130,141199_9ae000ef_6,0.004830619785934687,-3.0832509994506836
0131,147133_92c04b84_4,0.0007281590951606631,0.3595750331878662
0132,77687_cbb18594_50,0.0022457519080489874,-0.5501176118850708
0133,144290_2a679085_11,0.00016185140702873468,0.5233241319656372
0134,130825_c59bbbfb_0,0.0005097737885080278,0.9869545102119446
0135,82512_252da752_6,1.4784443919779733e-05,-21.873123168945312
0136,115624_d0acb46b_24,0.0006594677688553929,0.9928446412086487
0137,92134_52f13f49_7,0.0005782920634374022,0.6371790766716003
0138,100326_0602c712_7,0.00017946562729775906,0.7171050310134888
0139,134630_f9e85072_0,0.0019304553279653192,0.5555944442749023
0140,108943_b07b2543_1,0.001713271951302886,0.7174770832061768
0141,125416_ab456bc3_5,0.0028957375325262547,0.7541472911834717
0142,57222_33b428d7_69,0.0007019859040156007,0.29790782928466797
0143,24650_dad8c8ee_13,0.0032609468325972557,0.9422181844711304
0144,41749_14d0599c_1,0.002210256177932024,0.6712110042572021
0145,49396_98ab955d_27,0.00014773590373806655,0.9035477042198181
0146,136892_e2a0b32c_4,3.485070919850841e-05,0.103859543800354
0147,31962_e5291336_28,0.0012789422180503607,0.9720879793167114
0148,34231_e27353cb_0,0.0003201699582859874,0.663370668888092
0149,112724_d334de09_0,0.0031287616584450006,0.9513710737228394
0150,56486_82b3e23a_21,3.5374083381611854e-05,0.5886540412902832
0151,40500_6055e3d7_17,2.017755832639523e-05,0.3212123513221741
0152,39468_15fb2e60_43,0.0006183523219078779,-0.008969545364379883
0153,141710_17531562_7,0.0019392231479287148,0.9451930522918701
0154,33529_756075a0_12,0.00112558261025697,0.7794977426528931
0155,54169_3a875f10_8,0.003652518382295966,0.9036611914634705
0156,41023_5445cb61_9,0.000266343355178833,0.7657580375671387
0157,146380_5c569eeb_2,0.0021350516472011805,-0.14753270149230957
0158,24195_9791f5d3_38,2.1826588636031374e-05,0.5695898532867432
0159,26573_7f7e176d_2,0.015272999182343483,0.8645334243774414
0160,22734_f6bad9f7_25,0.004175834357738495,0.9327178597450256
0161,48112_9538e204_0,0.0002606750058475882,0.9948256015777588
0162,127545_6fa39158_10,0.0031668338924646378,0.9753738641738892
0163,23788_5c0b60c6_0,0.0002269953110953793,0.8808075189590454
0164,23792_5b4c1ce0_21,0.0021202757488936186,0.9330967664718628
0165,146067_46e58ab3_1,0.0045223901979625225,0.9713076949119568
0166,101072_dec6f415_3,0.0007064859382808208,0.6761525869369507
0167,22829_b6649a29_0,2.9500972232199274e-05,0.5108417272567749
0168,55389_a736bd99_0,0.0015874664532020688,0.15674591064453125
0169,30259_d709601c_9,0.0032810084521770477,0.9065314531326294
0170,35866_d0233b36_13,0.0001676618558121845,-0.7803246974945068
0171,34563_52848c45_5,0.00019668025197461247,0.9203890562057495
0172,44519_90af0df6_7,0.002540391869843006,0.25893688201904297
0173,114111_59282658_8,0.0006211378495208919,0.7874577045440674
0174,45922_26941172_15,0.007575548253953457,0.8731870055198669
0175,41303_bd1def52_3,0.00039081709110178053,0.9011807441711426
0176,22053_de30641b_1,2.5218601876986213e-05,0.6139553189277649
0177,22298_51433023_4,0.001480842474848032,0.967735767364502
0178,23479_81a49137_0,0.0020795073360204697,0.24456465244293213
0179,22225_a3ce4d29_37,0.0010120633523911238,0.9859879612922668
0180,135669_490cd2d7_14,0.00479663023725152,0.7427240610122681
0181,32173_8b075b1a_4,0.0006280943634919822,0.9898263812065125
0182,145119_24107428_5,0.0012291286839172244,0.9067666530609131
0183,41774_88a7a483_36,0.000337935023708269,0.8263192772865295
0184,133549_1b6c58d6_0,0.002619821112602949,0.9442412257194519
0185,40936_6de8f4f4_0,0.004316143225878477,0.9730750322341919
0186,23008_3d1bb7b2_0,0.003138237399980426,0.9549724459648132
0187,38360_ad61c9b2_1,0.0003992497513536364,0.7405990958213806
0188,136109_3d342d3c_2,0.0010315029649063945,0.9585310220718384
0189,135790_a27f9deb_11,0.00024331577878911048,0.6982660293579102
0190,140249_7c1c5bba_0,8.388073183596134e-05,0.8978930115699768
0191,128996_a3d026d6_0,0.0026757181622087955,0.45167607069015503
0192,23235_f9ccb8b0_0,0.0025748584885150194,-1.0305678844451904
0193,93671_f7290ded_0,0.00034189451253041625,0.7974043488502502
0194,51109_97b211c3_7,0.0019437220180407166,0.7624431252479553
0195,51916_fa226b15_13,0.00018303627439308912,0.6045085191726685
0196,86268_094d3fab_1,0.0005381088121794164,0.9892400503158569
0197,39637_ca6a9a60_1,0.006741160061210394,0.16631442308425903
0198,47219_93cb3619_3,0.029769061133265495,0.47566282749176025
0199,47878_0edb6829_0,0.0005186120397411287,0.990776777267456
0200,26764_ab35159a_6,0.0027184959035366774,0.8914895057678223
0201,34341_d19b12fb_12,0.00040147919207811356,0.5578981637954712
0202,118342_c702e084_6,0.001038590562529862,0.9762751460075378
0203,49886_dd68dccb_4,0.003264054423198104,0.7528597116470337
0204,23493_57512264_5,0.0001448800030630082,0.5432489514350891
0205,31751_e37382e1_5,0.0015824217116460204,0.9594668745994568
0206,24338_848cab42_6,0.006175514310598373,0.5121102929115295
0207,24916_42eacca3_10,0.002028635935857892,-0.09601199626922607
0208,137485_a953e1be_2,0.0003067076613660902,0.9938673973083496
0209,23706_ef15ef9c_18,0.00250808522105217,0.8336315751075745
0210,143671_eaf4d13b_6,0.0025586076080799103,0.9609622955322266
0211,53470_39f2e9dc_13,0.0008713233983144164,-0.10422229766845703
0212,145772_59253c6d_3,0.00013003734056837857,0.8167651295661926
0213,51893_d531e2bd_2,0.0019388282671570778,0.9577851295471191
0214,39389_d641313f_8,0.003390111029148102,0.8706464767456055
0215,51595_41f3d1a3_5,0.0004909886047244072,0.53387451171875
0216,51674_a70c1c6c_15,0.00028275829390622675,-0.07722651958465576
0217,37617_3f415463_5,0.0004184347053524107,0.6826317310333252
0218,31862_a89f21f9_3,0.0013331653317436576,0.9603807926177979
0219,40519_55a097c6_11,0.0030304547399282455,0.8233078718185425
0220,111306_9108c940_0,0.002983015961945057,0.42913931608200073
0221,136640_16741d62_4,0.0025333655066788197,-0.7239648103713989
0222,23155_d7305c5f_2,0.007140005473047495,0.8553747534751892
0223,43934_912ff891_41,0.00019720861746463925,0.05991232395172119
0224,57017_6033d1e5_0,0.0017376466421410441,0.9125188589096069
0225,126913_d253adb7_1,0.0011813119053840637,0.5275757312774658
0226,130752_52d74f2f_48,0.00300402007997036,0.7974975109100342
0227,124177_71283cad_0,0.000661876576486975,0.9489622712135315
0228,24650_dad8c8ee_18,0.001461152802221477,0.9626496434211731
0229,55199_4d57661f_2,0.003341426607221365,0.799960732460022
0230,115010_eb737aaf_20,0.0004011760756839067,0.9923178553581238
0231,27855_19c5895a_12,0.00027730525471270084,0.8545543551445007
0232,52772_a6e6e320_0,0.0005167437484487891,0.3065335154533386
0233,90917_3d2d21a9_0,0.003282021963968873,0.9249366521835327
0234,40703_5f4e45d4_7,0.0004487342666834593,0.9910981059074402
0235,132622_911efd2f_1,0.00354591547511518,0.9469230771064758
0236,43441_e1ab0873_6,0.04760733246803284,0.2484409213066101
0237,34917_61633e20_6,0.001782599720172584,0.9613533020019531
0238,67221_275ba7e6_4,0.001326970406807959,0.9733821153640747
0239,130719_e4764a36_10,0.00013317391858436167,0.7095987796783447
0240,136318_130d6a06_20,0.0011131498031318188,0.8984678983688354
0241,99636_73c43ebd_10,0.0008377374615520239,0.9773955941200256
0242,29377_3a04cb8d_6,0.00047174462815746665,0.9311776757240295
0243,23018_63087a41_47,0.00122189917601645,0.9665536880493164
0244,26165_100fec74_4,0.00011647759674815461,0.6335041522979736
0245,135934_d2f6bb2e_46,0.0005184273468330503,0.7483361959457397
0246,24039_448afafa_5,0.00283050537109375,0.8635848760604858
0247,32775_a79b406b_14,0.004383096471428871,0.44151562452316284
0248,23686_cba4f679_0,0.0007065196987241507,0.9329953193664551
0249,35147_bc9f2c5d_0,0.0035572482738643885,0.42574959993362427
0250,136337_1351909b_2,0.012881477363407612,0.6940325498580933
0251,139222_2c10ca9a_1,0.003799566300585866,0.6731349229812622
0252,139379_fe5c3f64_0,0.0006391037022694945,0.976438045501709
0253,33084_344fec27_2,0.00034526418312452734,0.9935008883476257
0254,24775_d5c98d77_0,2.335221324756276e-05,0.2801298499107361
0255,56344_3a89f085_23,0.000548291951417923,0.9491841197013855
0256,135112_cf8007b8_5,0.004278360866010189,0.8946545720100403
0257,50706_20d07d57_2,0.003361932933330536,0.9677835702896118
0258,51744_cd355565_5,0.0018709542928263545,0.9439613819122314
0259,51464_da501c24_0,0.002482426119968295,0.5107117891311646
0260,126572_a2d6f794_23,3.439010470174253e-05,-0.1902298927307129
0261,70021_e673ae54_2,0.000285488145891577,0.5886584520339966
0262,25144_31b089b6_5,0.000716642418410629,0.6753960847854614
0263,24715_55aac5f2_2,2.6789051844389178e-05,-1.2301857471466064
0264,24532_f82f8000_2,0.0023573744110763073,-0.9083849191665649
0265,30664_a3084f71_1,0.0013369106454774737,0.44105398654937744
0266,81145_5c13a8e9_1,0.0002679521858226508,0.726313591003418
0267,132037_2abb8c63_10,0.0001210367918247357,0.4436165690422058
0268,50414_ac159b58_2,0.0008686488727107644,0.9684306383132935
0269,21601_360ce1c7_7,0.0007545197731815279,0.9862877130508423
0270,22119_27e3ecbe_9,0.0005891676992177963,0.9817302227020264
0271,145120_74f7316f_0,0.009659933857619762,0.5632601380348206
0272,74574_c302ff1f_0,0.0006461018929257989,0.1513919234275818
0273,52443_085efc00_4,0.0001890808343887329,0.9382179379463196
0274,147546_ede0f31c_3,0.008521702140569687,0.8157204389572144
0275,22492_047b125b_21,0.003088167170062661,0.9283255338668823
0276,72313_5a86e234_0,0.026237206533551216,0.49880313873291016
0277,45589_49e3c7ea_2,0.0010832163970917463,0.9673366546630859
0278,83432_a7f85698_0,0.00038236455293372273,0.9914116263389587
0279,32775_a79b406b_0,0.0003467759524937719,-2.339484930038452
0280,121703_69c4a5ac_3,8.509864710504189e-05,0.6916612982749939
0281,80901_e9080573_6,0.0010568195721134543,0.9587574601173401
0282,21809_8bd6b10e_3,0.020077306777238846,0.5580980777740479
0283,49396_98ab955d_15,0.001534082111902535,0.8537265062332153
0284,33766_14917a4a_19,0.0016723836306482553,0.96278977394104
0285,26661_ab88a525_8,0.0008009311277419329,0.9775469899177551
0286,44030_17bd5ec9_0,0.0007032786379568279,0.13545489311218262
0287,53221_74fa81cd_7,0.00018694318714551628,0.8384031653404236
0288,21887_3306168f_7,0.0049836160615086555,0.5034335851669312
0289,86185_85fde9e6_0,0.0013753784587606788,0.7898005247116089
0290,87951_500b1dcd_2,0.0003076913417316973,0.6706153154373169
0291,22276_69c5036b_11,0.0016816345741972327,0.9560021758079529
0292,41721_44151488_5,0.002083173952996731,0.8071102499961853
0293,102293_5d04e48d_0,0.01448962651193142,0.31252652406692505
0294,77687_cbb18594_20,0.00012838297698181123,0.8219150900840759
0295,133248_1bab99ae_0,0.004125562496483326,-0.8186349868774414
0296,24051_4852a192_2,0.0023633891250938177,0.9188805222511292
0297,86806_2993395a_1,0.00036795620690099895,0.6876301765441895
0298,38558_b0d6b3f8_1,0.00032085325801745057,0.993414580821991
0299,140549_7d01813c_0,0.059485528618097305,-0.8869979381561279
0300,24559_3c306e71_1,0.0014159241691231728,0.7822178602218628
0301,70350_751de4b0_13,0.007151660043746233,-1.9131896495819092
0302,39101_23fec10f_8,0.0019980885554105043,0.7874257564544678
0303,24942_9d1b2ff2_8,0.0012409999035298824,0.9855353236198425
0304,30850_05d88af9_3,0.00859568640589714,0.857063889503479
0305,113358_08641c94_4,0.0016989930300042033,0.947205126285553
0306,21234_8b71bd47_27,0.0013622986152768135,0.5071512460708618
0307,26245_4aac38e1_21,0.00061222561635077,-0.4204462766647339
0308,66072_d301cc88_0,0.0008067288435995579,0.6511268615722656
0309,21894_93f0d052_23,0.003183968598023057,0.6855103969573975
0310,147816_7fb70c2b_2,0.001348700956441462,0.8585365414619446
0311,49120_4131d1e7_1,0.000730536412447691,0.8537415862083435
0312,52224_ca16c854_4,0.005621631164103746,0.19723117351531982
0313,105762_19e04e0b_1,0.00012325812713243067,0.026985228061676025
0314,30400_8824ce97_36,0.0010088003473356366,0.8546950817108154
0315,95199_ffcff41e_0,0.00019254590733908117,0.8027219772338867
0316,50417_199cffee_3,0.0003674295439850539,0.7140302062034607
0317,24544_d06c82dd_5,0.001202702522277832,0.9800962805747986
0318,22604_565b91f5_2,0.0004487698315642774,0.9812758564949036
0319,22788_b6a9e30a_4,0.0007211572374217212,0.819787323474884
0320,45789_d5126eab_14,0.0019287385512143373,0.6060084104537964
0321,37267_b2be4b50_3,2.492447674740106e-05,-1.5079729557037354
0322,34330_5eff1ee1_3,0.000695998955052346,0.918773889541626
0323,137999_d934160e_1,9.97414899757132e-05,0.228446364402771
0324,134921_f5efde94_27,0.0003351289196871221,0.6918815970420837
0325,53470_39f2e9dc_8,6.360526458593085e-05,0.2864331007003784
0326,23497_f292546d_25,0.002043380169197917,0.9150736331939697
0327,22289_4b848f64_2,0.0004404265491757542,0.9403505921363831
0328,31392_84b62622_2,0.001641387352719903,0.863205075263977
0329,51347_1fc6f329_0,0.0018059099093079567,0.5943106412887573
0330,50777_2934de55_6,0.0008127008914016187,0.9710055589675903
0331,32841_954e8c1a_0,0.0003066958161070943,0.6835823059082031
0332,31530_6744ae73_3,0.0007247071480378509,0.9893628358840942
0333,65827_d1469ad6_1,0.0008126768516376615,-5.081762790679932
0334,145461_30637b22_8,6.148780084913597e-05,-1.4577209949493408
0335,31973_093ea963_13,0.0002293721481692046,0.9107075929641724
0336,70355_e5f58cd5_14,0.002096103737130761,0.7955777645111084
0337,77687_cbb18594_40,5.8507492212811485e-05,0.7415075898170471
0338,24392_fce351ea_0,0.0004986678250133991,0.7326645851135254
0339,36853_7efccb8c_3,0.000788515608292073,0.8923786282539368
0340,41644_d15f8e2b_5,7.671750063309446e-05,0.604656457901001
0341,131762_9b5e5ff5_2,0.0016770745860412717,0.8987226486206055
0342,82193_96ef9433_2,0.0015584226930513978,0.9757140278816223
0343,31347_386f6298_15,0.0023201212752610445,0.9454464912414551
0344,34568_fbe47bf9_0,9.145737567450851e-05,0.73819899559021
0345,115624_fe3eb392_3,0.001873842324130237,0.9571171998977661
0346,130446_e7b58dbe_0,0.018536293879151344,0.25213879346847534
0347,104641_2cd02839_33,0.00012090897507732734,0.7358559966087341
0348,31460_39fdfc6a_7,0.0021992065012454987,0.5049878358840942
0349,95541_ced8f936_0,0.0012958960141986609,0.9720703959465027
0350,23126_725969ea_17,0.00037079487810842693,0.960823655128479
0351,23676_52069f98_5,0.0001106968047679402,0.5831364989280701
0352,137637_ed9c537d_0,0.0008254242711700499,0.795901894569397
0353,22474_b10fea1a_2,0.0017630012007430196,0.9572967290878296
0354,143017_21d96cc2_10,0.001337584457360208,0.8071750402450562
0355,105270_34f92afd_1,0.00022205467394087464,0.6885513067245483
0356,95622_0a0787e4_4,0.0017561838030815125,0.9737700819969177
0357,55854_13f0399b_0,0.0036694291047751904,0.9210225343704224
0358,22118_1e09e0eb_5,0.0014183827443048358,0.9395073056221008
0359,146717_3e6a84c1_7,0.0016429101815447211,0.9753736853599548
0360,63132_330141d7_3,0.0007933704182505608,0.8391001224517822
0361,115633_fd3c9b97_46,0.00018240578356198967,0.624289870262146
0362,21644_aa203dc5_29,0.0003214773896615952,0.9210920333862305
0363,79791_00f639ca_15,0.0005631409003399312,0.9905189871788025
0364,60711_42b5a13e_1,0.000979452976025641,0.8915324211120605
0365,137483_cdb8989d_0,0.0008786733960732818,0.9816543459892273
0366,21644_aa203dc5_26,0.0009579659672454,0.8346641063690186
0367,131876_b2384623_0,0.0005203020409680903,0.6640584468841553
0368,23706_ef15ef9c_10,0.0006766752921976149,0.8964797258377075
0369,68948_0d2a01cd_9,0.0025673238560557365,0.9279944896697998
0370,145137_4e9eef42_1,0.0015295875491574407,0.6923626661300659
0371,30426_2cde26de_20,0.002685156650841236,0.9694452285766602
0372,31378_34c52a73_0,0.000328918598825112,0.908686637878418
0373,92134_52f13f49_4,0.0003823350416496396,0.7419648766517639
0374,119634_fc722479_1,0.0012479053111746907,0.9828307628631592
0375,24032_d6172503_24,0.0014190352521836758,0.4058750867843628
0376,136401_69f29349_4,0.0001992195175262168,-2.091093063354492
0377,41871_f9a1ad02_26,0.002244028029963374,0.8296086192131042
0378,48220_87941c4e_116,0.002040114253759384,0.69809889793396
0379,115012_9ed88535_2,0.0017469915328547359,0.30223292112350464
0380,69488_025cf0a2_1,0.004105330444872379,0.9721702337265015
0381,147427_69f68da4_3,0.00012545510253403336,0.6522849202156067
0382,33766_14917a4a_32,0.00047327339416369796,0.9829753041267395
0383,51747_3d58eae0_0,0.0015409929910674691,0.793086588382721
0384,33785_a4c23f61_0,0.012737479992210865,0.9519468545913696
0385,114935_797875fe_2,0.0018127941293641925,0.9340500831604004
0386,51775_49ef614a_26,0.0002490919141564518,0.5571186542510986
0387,38196_ea48fa42_3,0.00010202497651334852,-0.1935180425643921
0388,140413_44177109_21,2.5927996830432676e-05,0.5254949927330017
0389,27676_79237cc5_1,0.001820463570766151,0.40444111824035645
0390,52883_e518d3f4_33,0.0002481530827935785,0.9951115846633911
0391,34347_841c5375_2,0.00021412970090750605,-3.353729248046875
0392,55289_292737cb_0,0.0006439766730181873,0.9876368045806885
0393,50606_82cb18e2_0,0.0013906204840168357,0.9453461766242981
0394,30407_efa567f2_4,0.0008104293956421316,0.980458676815033
0395,31647_ab9ad9dc_13,0.00289732008241117,0.7193118929862976
0396,24896_58b4730f_17,0.0006003936287015676,0.888017475605011
0397,23602_5daaccf5_4,0.0027751142624765635,0.8061704039573669
0398,27725_5cceaeb7_10,0.00011175112013006583,0.7678346633911133
0399,127734_395dcf7d_5,0.0031933176796883345,0.4807446599006653
0400,31957_d864f861_3,0.0038330170791596174,0.21889382600784302
0401,49415_1671b60c_4,0.001965772593393922,-0.8380650281906128
0402,45110_fae73324_4,0.0007159943343140185,0.9617903232574463
0403,22343_34184fd5_18,0.00016477493045385927,0.3726925849914551
0404,22848_cc91b848_38,3.1692794436821714e-05,-35.53324890136719
0405,73652_23b21ef2_1,0.0009190555429086089,0.9815191030502319
0406,65569_bd890a32_1,0.0005631201202049851,-4.401351451873779
0407,48220_87941c4e_111,0.002594488440081477,0.5456088781356812
0408,30394_e30f932c_0,0.003012917237356305,0.8276085257530212
0409,21941_1a683ec2_26,0.0012407292379066348,0.9481893181800842
0410,25564_e646fcb3_1,0.00010409855894977227,0.6484457850456238
0411,134053_87a32e31_3,0.00033779311343096197,0.07828032970428467
0412,87950_af56e26e_2,0.0007999959634616971,0.9414480328559875
0413,51458_54240b70_17,0.00033991356031037867,0.6245501041412354
0414,40688_effe215a_1,0.0013465164229273796,0.966655969619751
0415,131494_c8a441d0_0,0.0005709055112674832,0.8888276815414429
0416,26768_c4df841f_21,0.0010460608173161745,-0.2253408432006836
0417,136892_2d5f55a9_0,0.004176215268671513,0.08420383930206299
0418,54652_d60ac3e0_10,0.0011135134845972061,0.9395883679389954
0419,51747_3d58eae0_1,0.0011767372488975525,0.5189546346664429
0420,54650_df3655c1_0,5.1205770432716236e-05,0.43916523456573486
0421,41125_711db4bf_58,0.0012923115864396095,0.8562523722648621
0422,45418_f603706b_2,0.0002792981395032257,0.9293563961982727
0423,21852_6cf9a734_18,0.002884472720324993,0.9753462076187134
0424,122515_758d8b70_6,2.82682703982573e-05,-22.343568801879883
0425,104081_05ba54fa_2,0.0007392989355139434,0.6895087361335754
0426,41672_cf87e0b6_0,0.00068399787414819,0.894432783126831
0427,22638_37f9fe91_1,0.00018386286683380604,0.4568096399307251
0428,24559_3c306e71_3,0.0011134127853438258,0.797766923904419
0429,31589_ac31215d_8,0.0006780439871363342,0.6411997079849243
0430,49603_143b8bd2_35,0.001912552397698164,0.8486297130584717
0431,127965_c64a91da_0,0.0006769011379219592,0.824813961982727
0432,36062_f2fb6808_1,0.00011271169205429032,-0.041681766510009766
0433,139280_8874b1ab_18,0.0005266933585517108,0.49389272928237915
0434,30997_24dea167_4,0.003666169475764036,0.6693099737167358
0435,143471_eb185912_5,8.154494571499527e-05,0.16506052017211914
0436,23176_1bf2a2d5_10,0.002241807756945491,0.9073153734207153
0437,98299_b8146029_5,0.0008605291368439794,0.9254751205444336
0438,23466_1cf60d09_4,0.0030795778147876263,0.9138888120651245
0439,41591_2d0bd0d5_3,0.002164350589737296,0.9239158630371094
0440,134929_9049dcec_1,0.0004982816171832383,0.7328112125396729
0441,41785_e8bf0528_0,0.003889911575242877,0.8304979205131531
0442,31460_39fdfc6a_6,0.001249093096703291,0.973250150680542
0443,133710_00be7f31_1,0.005200574640184641,0.4032689929008484
0444,24532_f82f8000_0,0.00038918957579880953,0.9143931269645691
0445,21234_8b71bd47_3,0.000363483268301934,0.44977015256881714
0446,35175_6edc4126_5,0.0007636631489731371,0.9778711199760437
0447,20495_e8e7e80c_1,0.000296502752462402,0.6542764902114868
0448,76546_c17e95aa_2,0.00015716988127678633,0.07549893856048584
0449,41654_e75f89df_0,0.0012495658593252301,0.9321786165237427
0450,109772_f1a0845e_6,0.000166521524079144,0.9037808179855347
0451,34913_d23e2a24_0,0.002064561005681753,0.8852964043617249
0452,25203_1cc0cb3c_12,0.001402727677486837,0.9765897393226624
0453,37160_2a95674a_4,0.0016613557236269116,0.8915492296218872
0454,69240_dc199112_4,0.001642925082705915,0.6879311203956604
0455,25176_d9130589_0,0.00044726490159519017,0.9412181377410889
0456,69235_fe79a369_0,0.00013714244414586574,0.691999077796936
0457,39468_15fb2e60_9,0.0014881708193570375,0.7841042280197144
0458,103284_e25015aa_6,5.435627463157289e-05,0.566787838935852
0459,30377_e18ea3de_0,0.00017194438260048628,0.8607030510902405
0460,66080_f578d52b_4,0.001970641314983368,-9.128547668457031
0461,37444_52b27e94_14,0.0017582712462171912,0.7322240471839905
0462,38675_6e07d74b_31,0.0025718864053487778,0.9186201095581055
0463,21680_360ba5c7_28,0.0009898401331156492,0.9278813004493713
0464,142032_5c32b7db_2,0.0009691276354715228,0.982154369354248
0465,44210_a155c2d1_0,0.008499030955135822,0.8108079433441162
0466,38287_88ec74de_92,0.00037271372275426984,0.9449766278266907
0467,29572_2f9283f2_4,0.0007506757392548025,0.9440819621086121
0468,28300_b3a6ab79_10,0.0011087118182331324,0.961663007736206
0469,136129_e6a20c7d_5,0.00021879113046452403,0.6643029451370239
0470,119381_e4d13609_0,0.0022370012011379004,0.9153640270233154
0471,30729_b4d83b07_4,2.339443381060846e-05,0.5195995569229126
0472,140413_44177109_11,0.001696842722594738,0.9201942682266235
0473,26384_83eddf22_0,0.0013871946139261127,0.8940884470939636
0474,82285_e7a738e7_2,0.012540249153971672,-0.04452669620513916
0475,108599_347602af_0,0.001332051120698452,0.9585769772529602
0476,119889_41a6f268_1,0.00021349266171455383,0.684935450553894
0477,55006_94230c00_1,0.0013809837400913239,0.9568253755569458
0478,21517_bfe35b4c_10,0.0002913349017035216,0.8661223649978638
0479,20818_098cad7c_6,0.00027246345416642725,0.7082223296165466
0480,41855_b82e6ae8_6,0.0006235554465092719,0.9279184937477112
0481,137166_90691294_8,0.000219944937271066,0.8539367318153381
0482,69561_f274e705_26,0.0014390037395060062,0.9306236505508423
0483,51579_d0c3e154_0,0.0022446487564593554,0.9050175547599792
0484,23676_52069f98_4,0.0012780900578945875,0.9597554802894592
0485,31962_e5291336_1,0.0004019465995952487,0.9881076812744141
0486,57222_33b428d7_1,0.00016035058069974184,0.8809564113616943
0487,51586_2ad96f8c_17,3.396760075702332e-05,0.5914329886436462
0488,41473_c2137170_32,0.00043775138328783214,0.9317747950553894
0489,31123_9a1bfc50_2,0.0018545360071584582,0.8599522709846497
0490,23211_3aac9c7e_0,0.0004771170497406274,0.9106035828590393
0491,45798_b573e9da_5,0.013153701089322567,0.32194632291793823
0492,27847_d2436f7c_37,0.000577727856580168,0.33225715160369873
0493,54736_6ee1b513_1,0.001729593612253666,-0.4942885637283325
0494,132901_7d205bb4_9,0.0003374058287590742,-1.2370617389678955
0495,73762_8c704690_0,0.005498104728758335,0.2585802674293518
0496,23209_1592b0a4_1,0.00286930613219738,0.8010131120681763
0497,49024_b7f02205_2,0.00013789767399430275,0.650384783744812
0498,147630_7f858240_15,0.0009096972062252462,0.8397312760353088
0499,69337_2c778611_11,0.0005337725742720068,0.685806930065155
0500,82498_92a00cd6_1,0.0005516193341463804,0.8290853500366211
0501,78775_e2d8b091_1,0.0010177926160395145,0.8619521260261536
0502,40067_95ae6c76_9,0.0007278903503902256,0.92202228307724
0503,80756_6f2e842f_0,0.0006454276153817773,0.868675947189331
0504,25284_1da7aa8a_0,0.00048071282799355686,0.9048762321472168
0505,55605_2f8bc12e_62,0.0017773881554603577,0.9392127990722656
0506,39792_60786b6c_15,0.0012094504199922085,0.9757198691368103
0507,34063_0ca1585e_2,0.0010646433802321553,0.30990999937057495
0508,31664_1e85c690_13,0.0014338274486362934,0.9590025544166565
0509,131193_98f3ac52_1,0.0004372485273052007,0.8044329285621643
0510,120221_e2eaa34b_2,0.0016573494067415595,0.43129944801330566
0511,130286_1f71bfed_3,0.0018042698502540588,0.46248942613601685
0512,118342_e8142153_21,0.0003212809970136732,0.8812698125839233
0513,128043_9f8cd69e_1,0.00020624110766220838,0.7158699631690979
0514,41504_85e300ee_1,9.514924022369087e-05,0.5902899503707886
0515,78863_d59be42e_0,0.0026610621716827154,0.6801016330718994
0516,31733_5118b376_3,0.006909235846251249,0.9506949782371521
0517,22208_e177deb7_5,0.0009482442983426154,0.7734653949737549
0518,24026_1dd4094b_43,0.0009559005266055465,0.16399610042572021
0519,73388_10a40b49_1,0.005503610707819462,0.6760122776031494
0520,138219_cdff4f61_0,0.000645143911242485,0.5742307305335999
0521,49399_dc56d180_1,0.00034465748467482626,0.9935541152954102
0522,41306_8f26e703_3,0.00018944359908346087,0.9347057342529297
0523,51590_034b8b08_14,0.05506454035639763,0.06878876686096191
0524,48402_8c965495_4,0.00035163163556717336,0.49418020248413086
0525,26388_a3367cba_0,0.004665108397603035,0.4184979796409607
0526,28300_b3a6ab79_6,0.001139113213866949,0.9618892669677734
0527,43938_418421a7_0,0.0007717333501204848,0.6501730680465698
0528,41520_60018d18_0,9.118671005126089e-05,0.3434465527534485
0529,137869_344b239b_0,0.0002779167552944273,0.3462635278701782
0530,41648_577daf16_0,0.008087636902928352,0.6538019776344299
0531,31347_386f6298_10,0.00031466016662307084,0.9940451979637146
0532,82190_24b1b0fe_12,0.0033190217800438404,0.4187418818473816
0533,33741_4a973932_1,0.0016344345640391111,0.7290257215499878
0534,42005_3da46d94_0,0.00011685935169225559,-1.6166870594024658
0535,132982_ee1eed2f_0,0.0014068520395085216,0.9399235844612122
0536,23898_6e740393_29,0.003745578695088625,-6.380467891693115
0537,105831_88a0fb85_6,0.0002783424861263484,0.9939294457435608
0538,31278_749a6317_0,0.00034255010541528463,0.7942392826080322
0539,51586_2ad96f8c_4,0.00023153120127972215,0.8942924737930298
0540,57000_cd1ddece_14,0.00018442819418851286,0.9248266220092773
0541,50692_e7ff2668_8,0.0026704666670411825,0.9050201773643494
0542,65346_e89312e5_0,0.0005510965711437166,0.16714859008789062
0543,38840_0e449caf_4,0.0017413890454918146,0.5502724647521973
0544,29573_ca59fbbf_5,0.002049703849479556,0.9793360829353333
0545,30164_c5680724_12,0.005811631679534912,0.6933050155639648
0546,138620_e21e10ee_0,0.00041932257590815425,0.6426438093185425
0547,50305_caf9cef2_34,0.003458839375525713,-4.984882831573486
0548,83396_fdb2987a_0,0.0030682694632560015,0.8893837928771973
0549,28379_7e292343_4,0.000904735759831965,0.9800655841827393
0550,33529_756075a0_32,0.0023356107994914055,0.8264457583427429
0551,109857_1d24326e_42,1.7786309399525635e-05,0.11364525556564331
0552,22772_2b5f6629_6,0.0005780211067758501,0.9905142784118652
0553,34600_e2685d46_2,0.0009184426162391901,0.966438353061676
0554,122344_ab1b06aa_2,0.02093985676765442,0.6214479207992554
0555,123573_5f5c9584_1,0.000770422862842679,0.37842851877212524
0556,35166_562b126c_20,0.0010331730591133237,0.9600083827972412
0557,51350_138f893a_1,7.69101970945485e-05,0.2623165249824524
0558,137785_67c3085b_16,0.002781074494123459,0.9315618872642517
0559,50417_199cffee_12,0.004619997926056385,0.7768067121505737
0560,22194_a5c323b9_3,0.0006630178540945053,0.891830325126648
0561,42329_df7f540f_18,0.0008600394357927144,0.9102959632873535
0562,41779_25e4203d_6,0.0008156595285981894,-0.24267053604125977
0563,51094_40aa8332_20,0.002219333779066801,0.916705310344696
0564,109762_cb162371_38,0.001901923562400043,0.8998792767524719
0565,45922_26941172_9,0.0005578527925536036,0.903956413269043
0566,34587_ed155e93_0,0.0008868123986758292,0.9745208024978638
0567,69589_a468c1b4_0,0.0023076345678418875,0.9512758851051331
0568,44921_00dfb467_0,0.00020256433344911784,0.950590193271637
0569,82672_4705a693_0,0.0006332466145977378,0.717882513999939
0570,26778_a71e88a6_0,0.00017464322445448488,0.5292393565177917
0571,69488_7bfb2b67_0,0.000935703341383487,0.9739993214607239
0572,22686_afe3a61e_0,8.5590458184015e-05,0.4712027311325073
0573,109772_5faa88e8_5,0.007618729956448078,-4.2114787101745605
0574,43938_418421a7_147,0.0010524564422667027,0.8554160594940186
0575,141694_b5ac3112_3,0.004888474475592375,-0.8841561079025269
0576,31973_093ea963_16,0.0002555323007982224,0.8395639061927795
0577,26858_e90dc419_25,8.757220348343253e-05,0.4932258129119873
0578,131350_bbdad30d_0,0.0002522979339119047,0.8561483025550842
0579,35741_c43475b8_1,0.0019557406194508076,0.31842875480651855
0580,30690_3df2c9e2_1,0.0007762711611576378,0.9338154792785645
0581,122758_5f4efbf0_2,0.0014077420346438885,0.9073771238327026
0582,37822_3be11c62_0,0.00028296076925471425,0.8796881437301636
0583,91174_ee6ee92b_1,0.000629897229373455,0.8524221181869507
0584,23676_52069f98_31,0.0023043465334922075,0.976787805557251
0585,27958_fee329eb_1,0.000453179789474234,0.8770707845687866
0586,144534_3b4fdb09_18,0.00459697749465704,-0.284503698348999
0587,30292_0b5e0265_1,0.003953775856643915,0.9461771249771118
0588,111062_e59e2d31_0,0.03726313263177872,0.5765262842178345
0589,135790_a27f9deb_77,0.0006317268707789481,0.876955509185791
0590,65842_de75838b_10,0.0008863756665959954,0.8145747780799866
0591,22475_9d9601a8_3,0.00013571254385169595,0.24341124296188354
0592,119884_192e3265_0,0.005097441840916872,0.23921233415603638
0593,51463_3330e3aa_2,0.0019940619822591543,0.793079137802124
0594,23231_efe613bb_4,0.002815713407471776,0.8557846546173096
0595,22895_4533b542_2,0.0006344979046843946,0.9025427103042603
0596,146219_5661130f_4,0.0010773076210170984,0.976620614528656
0597,38953_19054857_19,0.0003981851041316986,0.6461387872695923
0598,21847_b2de7eb8_24,0.0052489242516458035,0.6442893743515015
0599,51603_034939eb_12,0.00032979578827507794,0.7967157959938049
0600,24843_5231632c_4,0.0006250265869311988,0.6111454963684082
0601,41982_f75ceb8f_4,0.00017380158533342183,-0.32213640213012695
0602,42937_c573c439_2,0.000301924446830526,-0.2691463232040405
0603,61288_2d594195_0,0.0023921006359159946,-2.932389497756958
0604,55006_94230c00_0,0.0008611400262452662,0.14242589473724365
0605,49898_f42a885e_5,0.0006752228946425021,0.9852830767631531
0606,55709_af3825c8_4,0.003266441635787487,0.8936854004859924
0607,144117_83c980ca_2,0.00014867569552734494,0.4824448227882385
0608,40417_b8d98f73_7,0.0004594232595991343,0.6942858695983887
0609,53200_d1e30b87_11,0.00017448120343033224,0.8086833953857422
0610,147009_977ee378_4,5.069428152637556e-05,0.5523152947425842
0611,63056_a5dfd66b_4,0.000343782507115975,0.378848135471344
0612,22205_f48b96b3_10,0.0005081981653347611,0.8842695951461792
0613,51585_b695905b_4,0.001638354966416955,0.9637234210968018
0614,24084_71f37c00_1,0.0006005217437632382,0.8794793486595154
0615,25815_0e853ad9_10,0.0013948340201750398,0.9127776026725769
0616,55030_11a6e3e8_3,0.006172383204102516,0.9442251920700073
0617,23042_1184de03_5,0.0012564798817038536,0.9634370803833008
0618,39719_e9629dbd_4,3.7185760447755456e-05,0.5909837484359741
0619,51256_ed221095_2,0.0002676099829841405,0.7010493874549866
0620,25810_93c8a71a_3,0.0007020632619969547,0.9731583595275879
0621,22208_e177deb7_1,0.0010839183814823627,0.924155056476593
0622,115624_d0acb46b_22,0.001075270352885127,0.9830756783485413
0623,30708_4282508b_0,2.6460029403096996e-05,0.5904535055160522
0624,31117_cd5cdbdb_12,0.000553203106392175,0.7611689567565918
0625,41733_1ec9b00c_32,0.00017129465413745493,0.49433010816574097
0626,111387_c4243097_2,0.00026053350302390754,0.6461436748504639
0627,119869_e8f0dd81_19,0.00027253921143710613,0.7948931455612183
0628,34569_590239d6_0,0.0019836528226733208,0.9089452028274536
0629,136318_130d6a06_23,0.0006678943755105138,0.16861021518707275
0630,145132_7aea3b66_4,0.0012878812849521637,0.9831434488296509
0631,41878_3aeaed3d_0,0.003706482006236911,0.39726191759109497
0632,34583_a1cf326b_0,0.00039011056651361287,0.9928603172302246
0633,116581_d405b783_0,0.03236953541636467,0.5602058172225952
0634,24044_9bbe7992_3,0.00021825128351338208,0.7275978326797485
0635,22194_a5c323b9_2,0.0009371027117595077,0.9155455231666565
0636,142076_08d80e12_21,5.451143442769535e-05,0.7588220834732056
0637,55817_6ac2912d_7,8.810444705886766e-05,0.04991281032562256
0638,21165_5cb2d287_2,7.131000893423334e-05,0.849739134311676
0639,39796_45dcdc7d_0,0.024485506117343903,0.6824456453323364
0640,33044_7fdd9213_1,0.002411683090031147,0.936091423034668
0641,23731_3fe5b501_6,0.0003822351573035121,0.41244029998779297
0642,32743_f4c47bbc_31,0.0014440197264775634,0.8657698035240173
0643,108775_4908fba2_21,0.0006668962305411696,0.9407345056533813
0644,21941_1a683ec2_19,0.0008459129021503031,0.9375669360160828
0645,27682_04277f62_18,0.0018604077631607652,0.9145628213882446
0646,25815_0e853ad9_4,0.0018633968429639935,0.879754900932312
0647,30261_723e95cf_2,0.002191744977608323,0.9076219201087952
0648,21385_601444ba_102,0.0026204371824860573,0.8767390251159668
0649,30368_d7fd30ce_7,0.0002522148424759507,0.9048829078674316
0650,55605_2f8bc12e_3,0.002205463359132409,0.6399729251861572
0651,24650_dad8c8ee_15,2.134136957465671e-05,0.3341602683067322
0652,34227_48203345_7,0.001126517541706562,0.9685935378074646
0653,113348_ac85cba3_1,0.0013828426599502563,0.8514960408210754
0654,26552_25c5924a_1,0.00039147058851085603,0.8500956296920776
0655,55381_cbaffe9b_0,0.0005989411729387939,0.8341968655586243
0656,55817_6ac2912d_25,0.000643714505713433,0.9828926920890808
0657,138947_0778db40_4,0.0005494901561178267,0.7851149439811707
0658,52788_07f7da63_0,0.0006055068806745112,0.8496910929679871
0659,70355_e5f58cd5_6,0.00020790929556824267,0.6498744487762451
0660,51744_cd355565_8,0.0016969566931948066,0.6520895957946777
0661,41227_90e1c07c_16,0.0007694209343753755,0.9806239008903503
0662,45359_1768ab3f_42,0.004549013450741768,0.5199106335639954
0663,41783_d1c10326_3,0.00026367450482212007,0.15176445245742798
0664,32960_0eaa1de8_13,4.37999187852256e-05,-2.1620070934295654
0665,34674_32ee1595_3,0.005140136461704969,0.8256597518920898
0666,136885_23632908_1,0.003159481566399336,-0.12752258777618408
0667,136808_00592735_3,0.0007189344614744186,0.8435933589935303
0668,45589_49e3c7ea_5,0.00030062341829761863,0.9938111901283264
0669,141665_0564e852_3,0.014746029861271381,-2.5212666988372803
0670,50897_3be92e2f_18,0.0005129151395522058,0.9880221486091614
0671,84256_4164b724_3,0.0002633953117765486,0.7472774982452393
0672,22994_e6ad8f2b_10,0.0023614310193806887,0.9123587608337402
0673,28295_0dc908b9_8,0.000437113776570186,0.8630803227424622
0674,23329_6939d5d9_5,0.00033354805782437325,0.6299874782562256
0675,123665_0a0da5c7_3,5.833186878589913e-05,0.5446446537971497
0676,121172_0ac63503_7,0.0009309503366239369,0.8237079381942749
0677,50941_2a8a8c76_0,0.0005511211347766221,0.98907071352005
0678,37846_cde34fcd_66,0.0012410542694851756,0.7917087078094482
0679,56040_9b1307eb_21,0.0021892013028264046,0.6590200662612915
0680,146535_229c95bc_1,0.00022208549489732832,-0.017561912536621094
0681,50947_49287c16_2,0.001379402237944305,0.9774534106254578
0682,95622_0a0787e4_5,0.0005179059226065874,0.7197133302688599
0683,25432_f13e5110_0,0.0005985049065202475,0.9811524748802185
0684,32454_e959e3cf_0,0.0007175917853601277,0.9798049330711365
0685,65858_61e9b51a_18,0.001750966184772551,0.6005539894104004
0686,70350_751de4b0_3,0.0019796353299170732,0.7263244390487671
0687,129239_0d49310c_15,0.0004367604269646108,0.8335332870483398
0688,31008_8fa25b35_8,0.0008767690160311759,0.8148635029792786
0689,55306_795d845b_2,6.022543675499037e-05,0.61722731590271
0690,29729_e8bb36f1_2,0.0005742546054534614,0.3232933282852173
0691,67283_4097cbd6_5,0.00026596063980832696,-1.2613422870635986
0692,23904_811e466f_4,0.0004212012281641364,0.6466274261474609
0693,116076_12d31fb7_1,0.001049425802193582,0.84208083152771
0694,45302_02d7e3bc_0,0.0023370725102722645,0.4121800661087036
0695,60977_4bb093ec_1,0.0012124789645895362,0.9459718465805054
0696,49017_76979790_8,0.0010468702530488372,0.8015769124031067
0697,146321_0dbae658_10,1.3517642400984187e-05,-0.36219310760498047
0698,102194_150e3faf_3,0.0011073142522946,0.9660854339599609
0699,34769_44655d03_5,0.0002745625388342887,0.6929913759231567
0700,38953_19054857_6,0.0004923707456327975,0.5958350896835327
0701,55397_ad24603f_1,0.0004114427138119936,0.5729279518127441
0702,21908_385686ec_15,0.0008013792685233057,0.9613178372383118
0703,60721_57103153_4,0.0008486775332130492,-0.358745813369751
0704,98701_7cd4ec8d_0,0.004478402901440859,0.9186545610427856
0705,91703_642cdf1a_1,0.0009517194703221321,0.9820981025695801
0706,26661_ab88a525_5,0.003409834811463952,0.13986283540725708
0707,51940_67bb0219_21,0.00012026938929921016,0.7436990737915039
0708,22543_684108ff_22,0.0004077549383509904,0.5948123931884766
0709,145250_cde4d039_8,0.0008264932548627257,0.06952321529388428
0710,20232_e5b060d9_6,0.00024612515699118376,0.5532069206237793
0711,128043_d4650350_0,0.0016326956683769822,0.9780759811401367
0712,140530_30edf2c4_0,0.002714023692533374,-1.2904682159423828
0713,131814_9af6d05a_0,0.0008632394601590931,0.870195746421814
0714,26245_4aac38e1_9,0.0006568995304405689,0.7255896329879761
0715,30282_88c6933c_14,0.0026846942491829395,0.8969948887825012
0716,32322_71d0035e_1,0.0009132714476436377,0.953141450881958
0717,131762_d10609a4_1,0.003547821193933487,0.8397443890571594
0718,54812_5f7b7aba_2,0.000327992340316996,0.8560084104537964
0719,135830_8fb36dac_4,0.0022597911302000284,0.8999390006065369
0720,139280_8874b1ab_4,7.368900696747005e-05,0.8417163491249084
0721,49904_639055dd_1,0.0008474265923723578,0.9028702974319458
0722,53601_59d3ecd2_0,0.010074732825160027,0.5869655609130859
0723,50047_54241fe3_12,0.001074334722943604,0.9168413877487183
0724,136925_70fb0381_3,0.0009833155199885368,0.9398259520530701
0725,87488_95f678ce_0,0.0023193717934191227,0.948794960975647
0726,137166_90691294_2,0.00021802174160256982,0.855024516582489
0727,44030_17bd5ec9_11,0.00026959620299749076,0.5728039741516113
0728,137396_b5f6bec4_5,0.0003060955205000937,0.9908064603805542
0729,21900_760d2078_10,0.0019287632312625647,0.9720606803894043
0730,21185_ac5324ba_5,0.0014764079824090004,0.9539541006088257
0731,31132_2320d049_4,0.0005737455212511122,0.9895637631416321
0732,82281_80cdf67c_4,0.00032938813092187047,0.16904008388519287
0733,38287_88ec74de_15,0.00032821789500303566,0.9936437606811523
0734,136128_831e37a6_0,0.0015101090539246798,0.8320038318634033
0735,21330_f0cee934_18,0.000605500943493098,0.602565586566925
0736,34109_5a868eae_10,0.0008767006802372634,0.9161803126335144
0737,21174_861bd902_2,0.0010306225158274174,0.9101744890213013
0738,49783_365bec9e_6,0.0007687179022468626,0.9769393801689148
0739,24429_ace910b3_8,2.219641100964509e-05,-0.29901909828186035
0740,22772_2b5f6629_4,0.0004704766033682972,0.8797096014022827
0741,53927_ef5208b9_14,0.006272294092923403,0.7386876344680786
0742,56250_3b6024e3_54,0.0006582672358490527,0.9856146574020386
0743,23522_5c2ec58e_8,0.002968916669487953,0.9064490795135498
0744,121177_93fb3127_10,0.0002462710253894329,0.5530911684036255
0745,138840_b7f948ea_2,0.0022091909777373075,0.7751469612121582
0746,41125_711db4bf_6,0.0015446034958586097,0.9634668827056885
0747,102606_28922dfc_0,0.002071761293336749,-20.78349494934082
0748,31530_6744ae73_50,0.004085934720933437,0.9271033406257629
0749,50598_eae0df5a_1,0.00027358453371562064,0.49974608421325684
0750,145726_19ccdbda_12,0.0004823108611162752,0.845332682132721
0751,41469_b94cf3e4_0,0.0015014058444648981,0.6922560930252075
0752,147009_977ee378_1,0.0036025650333613157,0.6537230014801025
0753,24267_8a216138_10,0.0016814370173960924,0.8634914755821228
0754,63071_3d434a33_16,0.0014590267091989517,0.9221552014350891
0755,34436_ffc43a58_4,0.00029726309003308415,0.7435641288757324
0756,50692_e7ff2668_4,0.0006476355483755469,0.7404980659484863
0757,146642_883a71d2_9,0.01044208649545908,0.8350956439971924
0758,109772_f1a0845e_7,0.0015762880211696029,0.9632167220115662
0759,136640_16741d62_1,0.002347432542592287,0.4039955139160156
0760,21680_360ba5c7_11,0.0017766060773283243,0.27819108963012695
0761,27729_09d75da1_2,0.0009957868605852127,0.9716352820396423
0762,82148_5df06ed9_19,0.003971075173467398,0.7241523265838623
0763,55287_8a57a3db_1,0.0019161590607836843,0.8821200132369995
0764,53221_74fa81cd_5,0.0007411973201669753,0.6445416212081909
0765,30417_0010bc7c_39,0.0011785763781517744,0.9080017805099487
0766,23706_ef15ef9c_40,0.0007173977210186422,0.8976070284843445
0767,140763_e14274f8_3,0.00039661681512370706,0.6997479200363159
0768,23602_5daaccf5_3,0.00047609934699721634,0.9228200912475586
0769,30282_88c6933c_9,0.0018183577340096235,0.885614812374115
0770,56824_0fc773f6_0,0.0022469155956059694,0.8719078898429871
0771,42410_d3b5588e_1,0.0010080483043566346,0.8468408584594727
0772,55055_dd27a8a4_0,0.00038680571014992893,0.9929205179214478
0773,115633_a2c63339_6,0.00026093696942552924,0.7111281156539917
0774,73651_a41647f8_5,9.259223588742316e-05,0.6410713195800781
0775,33413_060ce192_32,0.0019616871140897274,0.8493028283119202
0776,97331_a482fa9b_0,0.002633685478940606,0.4434487223625183
0777,23476_705b76d1_0,0.001002912293188274,0.9607720971107483
0778,32566_7bfc936b_6,0.004202642012387514,0.9602802395820618
0779,41717_eb1c1e6b_0,0.011709493584930897,0.061647117137908936
0780,60720_ef9a0a95_8,0.0005174583639018238,-0.10597741603851318
0781,138700_ab763a46_202,1.5018537851574365e-05,-7.288107872009277
0782,38287_88ec74de_17,0.005997879896312952,0.013589620590209961
0783,135535_0bd0048d_0,0.005037514492869377,0.9241288900375366
0784,21797_69df08d5_7,0.029145648702979088,0.767951250076294
0785,65350_b3fa8f4f_47,0.05663789063692093,0.7393238544464111
0786,41714_1d49f4d1_3,0.0021854874212294817,0.7557938694953918
0787,66012_a13e1644_1,0.0009841768769547343,0.5826408267021179
0788,22652_564979ff_11,0.0007013777503743768,0.4786331057548523
0789,25127_ecba81df_23,0.0011189354117959738,0.2697676420211792
0790,47548_db93c988_4,0.0008880021050572395,-1.1723613739013672
0791,55927_f8b31711_5,0.005659699905663729,0.6972943544387817
0792,31647_ab9ad9dc_2,0.0016395364655181766,0.7783859372138977
0793,41128_ee74f244_8,0.0011152870720252395,0.6947610378265381
0794,20959_d4905d19_4,0.0006542998016811907,0.839474081993103
0795,52009_a2b75078_3,0.05197121202945709,0.4765787124633789
0796,22201_473a3a65_16,0.0010295517276972532,0.8605263233184814
0797,29442_365e23df_30,0.001481484854593873,0.9580979347229004
0798,51859_6b2fd0f1_8,0.0008287200471386313,0.9716988205909729
0799,140413_44177109_15,0.0002361072547500953,0.790574312210083
0800,21822_7d3db422_11,0.0015276643680408597,0.9575499892234802
0801,24168_a0ede173_100,0.0008463714038953185,0.3891797661781311
0802,145532_c2304f89_1,0.0010438661556690931,0.8538247346878052
0803,104641_2cd02839_13,8.278477616840973e-05,0.6791318655014038
0804,23679_81ef9e37_2,0.0008788449922576547,0.790601372718811
0805,95271_de3df8d5_2,0.00010995065531460568,0.47059404850006104
0806,41401_e4117da2_0,2.5713910872582346e-05,0.4397062063217163
0807,48006_babdf4af_9,0.0008106041932478547,0.9906129837036133
0808,142246_0851be5e_32,0.0032403036020696163,0.9462286829948425
0809,33615_7bab1106_4,0.0012941440800204873,0.914366602897644
0810,31117_cd5cdbdb_18,0.0011404576944187284,0.9827373027801514
0811,34914_8911676d_0,0.0005384040414355695,0.9556139707565308
0812,55501_a09e4ced_2,3.215123069821857e-05,-0.2077035903930664
0813,41128_ee74f244_9,0.0008450450841337442,0.7202684283256531
0814,142246_0851be5e_22,0.0032227621413767338,0.4154930114746094
0815,22413_901f5867_0,0.0003445985203143209,-0.04293262958526611
0816,56490_0a0fba77_0,0.0004415278963278979,0.8747656941413879
0817,93676_4f934980_1,0.00036996277049183846,0.1798340082168579
0818,146642_883a71d2_96,0.0019074877491220832,0.7918004989624023
0819,24032_d6172503_3,0.0004817417648155242,0.9183323979377747
0820,44221_25c62f03_1,0.00036380047095008194,0.9932618141174316
0821,50315_0f1419bf_33,0.0021180317271500826,0.7944241762161255
0822,133389_0938a905_2,0.00033282319782301784,0.9155317544937134
0823,24824_cf51e5b6_4,0.0018385059665888548,0.655107855796814
0824,33970_32f36442_3,0.003955410793423653,0.876653254032135
0825,29359_bbfab271_2,0.0024358450900763273,0.5711865425109863
0826,23172_4ab01e83_0,0.0006758900126442313,0.9835737943649292
0827,98511_1b46a85e_45,0.0015400840202346444,0.9567160606384277
0828,98511_1b46a85e_46,0.0011991685023531318,0.9647442698478699
0829,34248_cc11976c_0,0.0010106024565175176,0.9626603126525879
0830,104003_46555fb2_0,0.0004564993141684681,-0.015133380889892578
0831,34520_035b5e9a_8,0.0006736147915944457,0.7684902548789978
0832,38397_93d5d7de_12,0.006501711905002594,0.9099220037460327
0833,130023_93b3ca95_1,0.0017078560777008533,0.39887428283691406
0834,83213_47c49876_1,0.0008471552864648402,0.9029029607772827
0835,43928_6ca53538_63,0.0036625550128519535,0.9148278832435608
0836,82779_b7b722e3_9,0.0021981990430504084,0.7374629378318787
0837,134967_0f27ef51_1,0.00041391325066797435,0.6903370022773743
0838,86024_714b24f4_1,0.0009969798848032951,0.9609424471855164
0839,40807_58058731_11,0.0007373160333372653,0.8888013362884521
0840,26750_cd3cb3ff_0,0.001819445169530809,0.9684389233589172
0841,126913_d253adb7_2,0.0010039726039394736,0.8019078373908997
0842,24268_2804c9ff_13,0.0029787311796098948,0.9225212335586548
0843,45542_320c16fd_3,0.0002852607285603881,0.9943287968635559
0844,22342_274ed8a6_1,0.0009172377176582813,0.8013502359390259
0845,133385_e6aa64d8_17,0.00014509780157823116,0.418349027633667
0846,143509_1dd5212d_3,0.002021597698330879,0.940375566482544
0847,47989_3ff0f41d_0,0.0038487783167511225,0.8905100226402283
0848,21822_7d3db422_14,0.004948916379362345,0.9285367131233215
0849,21517_bfe35b4c_12,0.00017657493299338967,0.6917665004730225
0850,52883_e518d3f4_10,0.0011317786993458867,0.816251277923584
0851,41871_f9a1ad02_14,0.0033121260348707438,0.6686546802520752
0852,37016_455093c1_2,0.0004984612460248172,0.7327795028686523
0853,31117_cd5cdbdb_78,0.009434068575501442,0.9268418550491333
0854,129239_0d49310c_22,8.24325907160528e-05,0.7606626749038696
0855,30400_8824ce97_6,0.002161789685487747,0.9548004865646362
0856,53233_8dbca22c_8,0.0009885216131806374,0.9306604862213135
0857,40514_bb61631d_25,0.0022985709365457296,0.49148017168045044
0858,24053_53349e4d_2,0.0002493091160431504,0.6791480779647827
0859,41917_f0c40fa1_16,0.0006447394262067974,0.9847476482391357
0860,22543_684108ff_5,0.004706188105046749,0.8134241104125977
0861,138636_c1153075_0,0.0004371675313450396,0.6097672581672668
0862,24448_75004b6c_6,0.0005959553527645767,0.9810258150100708
0863,24831_bbd3e098_8,0.00040495285065844655,0.6031844615936279
0864,53221_74fa81cd_3,0.00041859832708723843,0.8868417739868164
0865,76879_65a30a82_4,0.00017009205475915223,0.7219457626342773
0866,108773_f9384cff_10,8.137729309964925e-05,0.14117169380187988
0867,33671_0e9c6ca3_5,0.0008161542355082929,0.9351774454116821
0868,93103_fdb9fcb7_15,0.0018948734505102038,0.8977546691894531
0869,137675_d2bd633e_0,0.0008726064115762711,0.45349323749542236
0870,21893_0500d043_32,0.0006846758769825101,0.5523826479911804
0871,22110_0bc70e9f_1,0.0009488448849879205,0.41688233613967896
0872,43152_b5472481_1,0.00032407103572040796,0.8783043622970581
0873,115717_40314bc2_1,0.0065490310080349445,0.42778074741363525
0874,102943_ca9e7968_0,0.0003381630522198975,0.5398584604263306
0875,136401_69f29349_0,0.001382575836032629,0.08292299509048462
0876,28542_3c922564_0,0.0004478626069612801,0.8366857171058655
0877,24267_8a216138_6,0.001412700628861785,0.9225247502326965
0878,84374_272a9731_7,0.0018835118971765041,0.7516675591468811
0879,23531_1ecc8346_18,0.002384577179327607,0.9767401218414307
0880,41871_f9a1ad02_30,0.002444264944642782,0.9259166717529297
0881,132461_14abd2d0_0,3.597796239773743e-05,-0.004403591156005859
0882,37617_3f415463_2,0.00026539547252468765,0.5663233995437622
0883,41696_de0790a1_1,0.0017578554106876254,0.9609652161598206
0884,54657_2a66e0de_20,0.0004931609728373587,0.9547150731086731
0885,24425_0dc4b306_0,0.0011619979050010443,0.886201024055481
0886,146667_fe438b5b_0,0.000729470863007009,0.9722568988800049
0887,23048_8a1a5553_8,6.263893010327592e-05,-0.6853868961334229
0888,51871_86ebf5b2_17,0.002323917578905821,0.5745685696601868
0889,30664_a3084f71_6,0.0019763074815273285,0.8787314891815186
0890,139801_97e2ca6a_5,0.0006935076671652496,0.8580096960067749
0891,22278_12f1fb79_13,0.0013256683014333248,0.913756251335144
0892,22776_facf9bcf_8,0.0037424929905682802,0.8726205825805664
0893,40500_6055e3d7_15,0.02333221770823002,0.7672911882400513
0894,35740_5322d674_13,0.00038282133755274117,0.7671046257019043
0895,39792_60786b6c_12,0.0017586397007107735,0.9361547827720642
0896,115524_4a411f7e_0,0.0009774637874215841,0.7779557108879089
0897,24131_3ea7d5a8_17,0.002248206874355674,0.8915566205978394
0898,100326_0602c712_2,0.0038382646162062883,0.8780807852745056
0899,34571_25c64838_2,0.002227871911600232,0.8679574728012085
0900,143534_4f65fd1a_0,0.0005692365812137723,0.8075459003448486
0901,101446_95204330_1,0.0032303989864885807,-1.047865390777588
0902,41749_14d0599c_10,0.00031741466955281794,0.07363152503967285
0903,55715_525d1d3e_12,0.00035126449074596167,-0.041915059089660645
0904,45307_b9b4bca0_30,0.0032364309299737215,0.9768207669258118
0905,22654_4c426b0f_0,0.0013496909523382783,0.830985426902771
0906,22670_9353c710_4,0.0009926341008394957,0.6955976486206055
0907,99445_94c22a37_11,0.0007371418178081512,0.9890477657318115
0908,132811_57264a28_4,0.0004874950973317027,0.9601736068725586
0909,23258_87a2ba81_3,0.00015516924031544477,0.7547248005867004
0910,50777_2934de55_22,0.001674062106758356,0.9405746459960938
0911,98418_4185a7fb_0,0.0013127981219440699,0.9681957364082336
0912,43441_e1ab0873_2,6.911363016115502e-05,0.16251951456069946
0913,24271_dbc0fd2d_12,0.00023827362747397274,0.9475525617599487
0914,38944_0d0c3fce_0,0.002909630537033081,0.9811500906944275
0915,40624_e1c5c424_11,2.3528593374066986e-05,0.4074084758758545
0916,100028_0c3a8f1c_13,0.0007503788219764829,0.9903481006622314
0917,40491_ac67bf4c_13,0.0012578116729855537,0.976406455039978
0918,25416_1deb9c75_0,0.0022386405616998672,0.6124867796897888
0919,21657_2651585a_6,0.0006419311393983662,0.9659751653671265
0920,21986_67c5509a_15,0.0007806775975041091,0.903138279914856
0921,32288_34013274_2,0.0026896761264652014,0.5447497367858887
0922,55373_ddd74d2f_0,0.001747972797602415,0.7742446660995483
0923,26245_4aac38e1_0,0.0011620690347626805,0.9334155321121216
0924,33044_7fdd9213_0,0.0006381783168762922,0.8860542178153992
0925,31530_6744ae73_48,0.010037198662757874,0.903039813041687
0926,25555_fd3d9a3c_1,0.00016567675629630685,0.7673991918563843
0927,54175_7d864ace_6,0.00022887246450409293,0.9486024379730225
0928,72950_5074f5a3_0,0.0013424159260466695,0.11258935928344727
0929,129618_2962c248_0,0.0023833345621824265,0.960193932056427
0930,52012_77070fda_10,0.00028352573281154037,0.5553614497184753
0931,28295_0dc908b9_7,0.0005969846388325095,0.8396334648132324
0932,144419_90e59d67_2,5.44578542758245e-05,0.3981800675392151
0933,22734_f6bad9f7_24,0.006384944077581167,0.8023993968963623
0934,22604_0b4ffb43_14,0.00038680571014992893,0.9929205179214478
0935,81996_b3752ed2_3,0.0001128918447648175,0.898688793182373
0936,24504_493cee15_8,0.0011805047979578376,0.952994704246521
0937,39124_28e99e62_1,0.00018047759658657014,0.7969252467155457
0938,29725_0ad4937e_1,0.00014435852062888443,0.7390695810317993
0939,109232_04340d62_6,6.371893687173724e-05,-0.1590791940689087
0940,129075_8fbf62e5_0,0.0005611240048892796,0.5559356808662415
0941,102937_18c3cb6a_4,0.00042526633478701115,0.9850896000862122
0942,52551_8098346a_5,0.00047068914864212275,0.18123173713684082
0943,128043_6947b64c_0,0.0023787266109138727,0.8626824617385864
0944,119030_292009a7_41,0.000544425449334085,0.920138418674469
0945,48526_5aecac8a_0,0.000749381841160357,0.8738132119178772
0946,32541_86f7df73_4,0.0006842993316240609,0.34900522232055664
0947,55114_7bf17f6a_0,0.00800365675240755,0.41978132724761963
0948,55285_6816da52_1,0.0030112185049802065,0.9348300099372864
0949,37683_e2cca100_17,0.00032337321317754686,0.49088460206985474
0950,78775_e2d8b091_15,0.0031088192481547594,0.8983526229858398
0951,93199_2146e709_2,0.0014943594578653574,0.823577880859375
0952,135595_656de97a_14,0.0005139046115800738,0.6315510272979736
0953,24284_3710e946_16,0.000807314005214721,0.9817100763320923
0954,135521_30553c91_2,0.000434358895290643,-5.299698829650879
0955,29732_fb15318c_5,0.0002181136660510674,0.7928059697151184
0956,88060_389bdff4_0,0.0010454494040459394,0.9363800287246704
0957,27839_4a077326_28,0.004961045458912849,0.8770768046379089
0958,100435_87bf423d_8,0.00031106758979149163,0.9938705563545227
0959,25365_bb0e4ede_44,0.0005044566350989044,0.28454911708831787
0960,146169_144d8264_0,0.0027705105021595955,0.9850371479988098
0961,23342_7193a931_3,0.00016183630214072764,0.5232083797454834
0962,57000_cd1ddece_12,0.0005401584785431623,0.9892006516456604
0963,119790_1ed376f0_3,0.0004205239820294082,0.5410409569740295
0964,72522_e9e87960_4,0.0012738233199343085,0.9760908484458923
0965,65366_f618b577_2,0.00045568941277451813,0.6033374071121216
0966,55707_c78416ed_35,0.0012127961963415146,0.9366196393966675
0967,70321_eccffc7e_0,0.0010989700676873326,0.7153042554855347
0968,120143_b5756e6b_0,0.002784425625577569,0.6133202910423279
0969,27726_aca43af4_35,5.958881229162216e-05,-1.768559455871582
0970,31361_72aab333_20,0.0019565385300666094,0.37819212675094604
0971,121949_e10b5e85_12,0.0032261356245726347,0.9108930826187134
0972,146399_0e4b73c4_13,0.0175971407443285,0.6387466788291931
0973,41134_fc146947_6,0.0009500781889073551,0.5558362007141113
0974,21237_7887a24b_35,0.00015928254288155586,0.34149742126464844
0975,24885_55e20ddf_3,0.00022448318486567587,0.7782177925109863
0976,34914_8911676d_23,0.0008302294299937785,0.8524482250213623
0977,21803_8a36dcda_12,0.0016814467962831259,0.9437363147735596
0978,41306_8f26e703_5,3.9101680158637464e-05,0.5778906941413879
0979,25118_f50fdc69_10,0.00024763314286246896,0.6383205652236938
0980,25473_0991d519_9,0.00032364847720600665,0.9918954968452454
0981,126585_86fa26cb_0,0.00011143532174173743,0.8623790144920349
0982,145691_69484976_9,0.0005879001691937447,0.9471406936645508
0983,60729_c51868ec_0,0.0007759052095934749,0.5725526213645935
0984,123929_e7dbad2c_0,0.001459742896258831,0.30660539865493774
0985,69649_70b07cac_0,0.0004117873322684318,0.990903913974762
0986,55135_f1186d58_9,0.00038968457374721766,0.5145111083984375
0987,20838_86c931be_2,0.0019134815083816648,0.7620967626571655
0988,45242_626509cb_11,0.0004413450660649687,0.8049678206443787
0989,34983_439766af_13,0.0008732013520784676,0.9909172654151917
0990,53453_fb0f1640_1,0.008759650401771069,0.7340812683105469
0991,23255_972fbfe6_25,0.0014048750745132565,0.9557172060012817
0992,24168_a0ede173_203,0.0062745437026023865,0.9651037454605103
0993,55476_1473d91f_0,0.003402495523914695,-0.7346137762069702
0994,55111_ef389075_1,0.0014884633710607886,0.9431096911430359
0995,141710_17531562_1,0.0026954736094921827,0.7736808061599731
0996,96601_b89e6252_1,9.969688107958063e-05,0.4698180556297302
0997,135790_a27f9deb_43,0.06086364760994911,0.2202080488204956
0998,121363_746708db_0,0.0010062640067189932,0.6128284335136414
0999,136886_3aa46890_0,0.00040687317959964275,0.8482927680015564
1000,50315_0f1419bf_19,0.0027407563757151365,0.9623008966445923
1001,37846_cde34fcd_14,7.192986959125847e-05,0.18673628568649292
1002,24816_ef81ad4c_1,0.0008191052475012839,0.7071038484573364
1003,75646_4baf69b2_7,0.0031330964993685484,0.9561266899108887
1004,140155_81f9ac63_0,0.0004225362790748477,0.8945820331573486
1005,51603_034939eb_10,0.0036014143843203783,0.800483226776123
1006,30435_c97330d2_0,0.0004732056113425642,0.199893057346344
1007,27839_4a077326_27,0.0010061063803732395,0.9452946782112122
1008,55627_971fde61_34,0.0031171885784715414,0.7590109705924988
1009,134909_ef3d003c_0,0.000523292226716876,0.48663610219955444
1010,33413_060ce192_51,1.774887459760066e-05,-1.45914888381958
1011,22245_ca848576_12,0.0002899436804000288,0.6613914966583252
1012,52039_ba12c3ac_1,0.0005244351923465729,0.9895153641700745
1013,39707_358f88df_2,0.0015714399050921202,-0.6734223365783691
1014,50014_33f250c8_3,0.010088995099067688,0.9079726934432983
1015,52987_387431ac_1,0.0037026649806648493,0.7457633018493652
1016,33501_b1ee5058_15,0.00046635587932541966,0.9907264113426208
1017,82168_4844bddd_1,0.001141717890277505,0.845846951007843
1018,30384_95e72fc2_4,8.247263031080365e-05,0.09168893098831177
1019,23554_a0845d54_2,0.0009722865652292967,0.18723994493484497
1020,23800_65e0a5d1_0,0.00014957341772969812,0.5286203622817993
1021,41128_ee74f244_0,0.000256757193710655,0.7422304153442383
1022,143019_22dbd3e6_2,0.0009454927057959139,0.9700019955635071
1023,79993_6087acd5_8,0.004903000313788652,0.8448916673660278
1024,21422_b2a6bf27_0,0.0008133248193189502,0.986590564250946
1025,25487_dd2c17e8_21,0.0008231942774727941,0.26906818151474
1026,22654_4c426b0f_10,7.723525050096214e-05,0.48133260011672974
1027,30368_d7fd30ce_6,3.766898953472264e-05,0.1943536400794983
1028,57249_6bd2af3c_2,0.0011059886310249567,0.9592002630233765
1029,57029_3ab80a22_0,0.0012837767135351896,0.7453243732452393
1030,79906_052c7eb4_3,0.0008906752336770296,0.8069332838058472
1031,82996_b8dc67c9_10,0.0001947063865372911,0.7312988638877869
1032,119884_192e3265_1,0.0018775956705212593,0.14367693662643433
1033,21225_c081eae3_10,0.002114644041284919,0.8787630796432495
1034,121949_e10b5e85_1,0.0005611872184090316,0.8579965829849243
1035,81994_ba8916c9_5,0.0001774971024133265,0.8449051380157471
1036,22447_4062c6cb_29,0.0005618532304652035,0.9905220866203308
1037,55044_ee57bac8_1,0.00019497593166306615,0.25920581817626953
1038,41871_f9a1ad02_13,0.004418330267071724,0.9751849174499512
1039,74688_a5168a45_2,2.633366602822207e-05,-4.658152103424072
1040,23218_02d26ab4_4,0.0001808592351153493,0.5840160846710205
1041,41205_dc60aa5d_0,0.0009999340400099754,0.7514122724533081
1042,41979_ca698776_0,0.0007024911465123296,0.8559255599975586
1043,141453_50ec6f25_7,0.000890276744030416,0.9747811555862427
1044,97143_5424c420_0,0.0006258784560486674,0.8393754959106445
1045,41986_26275a06_2,0.0020597984548658133,0.8058304786682129
1046,136800_c5e4d711_2,0.00021050972281955183,0.7122640609741211
1047,101635_11b839a3_5,8.015363710001111e-05,0.34333181381225586
1048,55866_b041060d_0,0.0007901870994828641,0.9516358375549316
1049,53846_89405f98_0,0.0023428546264767647,0.5213289260864258
1050,27725_5cceaeb7_1,0.0021457213442772627,0.8063943982124329
1051,146137_92faaea5_9,0.0016079740598797798,0.871161937713623
1052,41211_11f6b8a0_4,0.000273054582066834,0.8875454068183899
1053,21330_f0cee934_46,0.0005446304567158222,0.9891111254692078
1054,127188_5fecd146_4,0.00026283232728019357,0.6388430595397949
1055,135949_06517574_8,4.062020525452681e-05,0.5788921117782593
1056,68928_0d4e4a2e_24,0.0020377265755087137,0.8718677163124084
1057,50410_f8f03667_38,2.2953541702008806e-05,-0.5802351236343384
1058,142999_171240b6_21,0.00023189854982774705,0.8285379409790039
1059,144709_642fc665_0,0.002775465603917837,0.7272465825080872
1060,53232_f8760054_10,0.000529198907315731,-4.064878463745117
1061,22372_e91792a1_0,4.814188650925644e-05,0.38257896900177
1062,21767_53eaa558_12,0.015611037611961365,0.7982675433158875
1063,32220_1fd19c5e_0,0.00033747704583220184,0.6532849073410034
1064,22886_a6331748_1,0.0015293426113203168,0.8595898747444153
1065,130996_b842b511_12,0.0017046600114554167,0.8428788781166077
1066,55571_74a416b1_1,0.00025472702691331506,-1.1607615947723389
1067,70169_914780d4_1,0.0009242171654477715,0.6480588912963867
1068,23156_7788f78a_6,0.008111302740871906,0.9413080811500549
1069,124496_20e20439_10,0.00012540939496830106,0.7243667840957642
1070,76300_7cb02add_1,0.0008754708105698228,0.8703653216362
1071,21647_6b6cca6f_10,0.0018600770272314548,-0.015244007110595703
1072,22734_f6bad9f7_23,0.0027327698189765215,0.8861570358276367
1073,94176_0a6c42ab_2,1.9233537386753596e-05,-2.5297646522521973
1074,24048_d731886d_9,0.002403681632131338,0.7350564002990723
1075,25487_dd2c17e8_30,0.0025564164388924837,-0.15559101104736328
1076,115717_40314bc2_4,0.00017382328223902732,0.43459171056747437
1077,125592_875faf40_0,0.003285030135884881,0.8475198745727539
1078,41871_f9a1ad02_44,0.0026787249371409416,0.8107534646987915
1079,146642_883a71d2_8,0.00038333548582158983,0.9064726233482361
1080,136883_076fbff9_31,0.0003106658987235278,-0.027615666389465332
1081,60766_fb8715eb_3,0.001118235755711794,0.9182237982749939
1082,30818_33617072_0,0.011963832192122936,0.3942711353302002
1083,130679_7a357a9c_18,0.0030522148590534925,0.8204593062400818
1084,55306_795d845b_0,0.0001183207132271491,0.7463529109954834
1085,135934_d2f6bb2e_33,0.0004319385043345392,0.4241354465484619
1086,111054_e45a0d40_7,0.010974342934787273,0.8938417434692383
1087,36826_d9269c2e_10,0.0009901359444484115,0.9327455163002014
1088,37619_ae810a8d_7,2.1521642338484526e-05,-8.829306602478027
1089,22343_34184fd5_22,0.00020879336807411164,0.3537757992744446
1090,113020_de552f8d_0,0.00033491026260890067,0.7905693650245667
1091,20216_89b90993_0,0.005522130522876978,0.6321151852607727
1092,23325_292b3294_16,0.005300611723214388,0.4957283139228821
1093,23522_5c2ec58e_9,0.0025154370814561844,0.8090099096298218
1094,146624_359752bb_20,2.003604640776757e-05,-9.100571632385254
1095,104990_11b4aeee_1,0.0006916741258464754,0.9841896295547485
1096,90917_4670b560_0,0.006330912467092276,0.8769572377204895
1097,54818_59adf8c2_5,0.0006857240223325789,0.40697258710861206
1098,34109_5a868eae_3,0.0002699538308661431,0.5595738291740417
1099,23161_e7f63a9f_2,0.0017494315980002284,0.8417047262191772
1100,37160_2a95674a_27,0.0010620743269100785,0.6289345026016235
1101,61280_8bdbc90f_0,0.0020650909282267094,0.9258328080177307
1102,55083_dac1f9cc_2,0.0012262878008186817,0.897911787033081
1103,34341_d19b12fb_14,4.255093153915368e-05,0.5767853856086731
1104,54516_ac9e2ef4_61,0.0027590496465563774,0.5418668985366821
1105,24559_3c306e71_2,0.00010415170254418626,0.7879836559295654
1106,105831_88a0fb85_1,0.0006597010651603341,0.9749354720115662
1107,32743_f4c47bbc_19,0.0020839048083871603,0.612781286239624
1108,40500_6055e3d7_18,0.0011011052411049604,0.9471441507339478
1109,22862_f5406bb0_0,0.0014883516123518348,0.9760570526123047
1110,141081_ae61ec46_0,0.0007365327910520136,0.989337682723999
1111,135112_cf8007b8_4,0.002878151135519147,0.9563378691673279
1112,131442_1512d9ff_5,9.391475032316521e-05,0.8012552261352539
1113,145132_7aea3b66_1,0.009150493890047073,0.9653661847114563
1114,41871_f9a1ad02_45,0.001566959312185645,0.6979755759239197
1115,51775_49ef614a_1,0.0013133275788277388,0.6278757452964783
1116,143293_fc5b0ff7_23,0.0002371333830524236,0.5667681694030762
1117,51547_a7e01c38_6,0.0002624235348775983,0.6240099668502808
1118,114021_44c3c39c_2,0.00034060998586937785,0.15084338188171387
1119,123766_c5a4cf5e_0,0.00015810245531611145,-0.008023500442504883
1120,23031_0d684603_8,0.0005522429710254073,0.7619690299034119
1121,132996_c742ef84_4,0.0010640074033290148,0.8523499965667725
1122,137096_5d77f285_1,0.0006230373401194811,0.9256359934806824
1123,27072_b4756e8c_2,0.0015738949878141284,0.6440340876579285
1124,51915_e704f5dd_2,0.005577899981290102,0.1277291178703308
1125,132811_57264a28_13,0.0005629273364320397,0.9905229806900024
1126,49396_98ab955d_13,0.002040763618424535,0.7724858522415161
1127,132081_761d26ad_0,0.0008417629869654775,0.9774673581123352
1128,82906_7b72e0e8_2,0.001833068672567606,0.948931097984314
1129,92649_26fe8262_0,0.0003062574251089245,0.8587032556533813
1130,21803_8a36dcda_11,0.0010983909014612436,0.9704566597938538
1131,30637_f6324fc6_5,9.117756417253986e-05,0.3965294361114502
1132,105560_a6f91315_12,1.503151361248456e-05,-1.1053292751312256
1133,41737_d80c34b9_0,0.014585205353796482,0.12860387563705444
1134,34983_439766af_12,0.00034238240914419293,0.9663194417953491
1135,122755_60c41889_10,8.048189920373261e-05,-0.28976166248321533
1136,76879_65a30a82_2,0.012070884928107262,0.8920266032218933
1137,89816_cef36e57_4,0.0012227740371599793,0.9798352718353271
1138,49406_100c707b_3,0.0010268735932186246,0.881596565246582
1139,105560_a6f91315_10,2.3232272724271752e-05,0.4983632564544678
1140,129421_483d2957_5,9.722280083224177e-05,0.5903663635253906
1141,122740_fc5c94eb_33,0.0016699220286682248,0.9488701224327087
1142,135595_656de97a_5,0.00018524493498262018,0.9323433041572571
1143,35740_5322d674_5,1.9438029994489625e-05,-5.746302604675293
1144,23681_932e722e_18,0.0005602400051429868,0.9893956184387207
1145,108244_329b1876_17,1.6750525901443325e-05,-2.8919870853424072
1146,125745_cf468448_6,0.0013509123818948865,0.6823537349700928
1147,138838_c9a9e790_6,0.0003781742707360536,0.9264888167381287
1148,102416_b74464a2_4,2.190803388657514e-05,-7.68994140625
1149,30426_2cde26de_21,0.0003469069197308272,-0.031145572662353516
1150,137837_9c9f163d_5,0.0003819305566139519,0.5978310108184814
1151,25487_dd2c17e8_15,0.003557265270501375,0.5363204479217529
1152,21549_18160a0a_4,1.778420300979633e-05,-1.5103962421417236
1153,21385_601444ba_0,0.0033260935451835394,0.7930866479873657
1154,35233_add576ba_9,0.0035944757983088493,0.7652372717857361
1155,55345_c6423351_0,0.00042100591235794127,0.9318424463272095
1156,110697_4b2725f1_0,0.0008380906656384468,0.9804767370223999
1157,109946_242843a6_1,6.688199209747836e-05,-0.576616644859314
1158,34341_d19b12fb_22,1.9750958017539233e-05,-1.2455241680145264
1159,23247_bcd1e84f_21,0.00043346427264623344,0.9089851379394531
1160,131765_29b29f08_6,2.2674992578686215e-05,0.5089685916900635
1161,21395_7d6fda6f_12,0.00021730743173975497,0.8098107576370239
1162,135460_6471e973_15,0.0007521360530517995,0.7529340982437134
1163,51741_49d61151_7,0.0024911416694521904,0.9099868535995483
1164,28382_90b7cc0c_12,0.0004781991592608392,0.8265420794487
1165,30850_05d88af9_2,0.0015007496112957597,0.9380912780761719
1166,86278_1e55d036_12,0.00017501111142337322,-0.3026397228240967
1167,67240_525e92c1_1,0.0006316656363196671,0.4931427836418152
1168,82002_ef2b4feb_6,0.0006407596520148218,0.9876881837844849
1169,53364_ec8aad42_1,0.006894053891301155,0.703776478767395
1170,135771_b030a25c_17,0.0006192316068336368,0.2836858034133911
1171,135906_29d7b495_1,0.000270023534540087,0.5172390937805176
1172,21822_7d3db422_38,0.00023950189643073827,0.7570161819458008
1173,81136_5b86c723_1,5.225375571171753e-05,0.616265058517456
1174,25473_0991d519_2,0.004720885306596756,0.9183254241943359
1175,73405_94381b7c_5,0.00248684617690742,0.5819882154464722
1176,24009_c40b0d48_2,0.0011115209199488163,0.9658654928207397
1177,22162_439af02a_1,0.0002454716886859387,0.9951733350753784
1178,146159_f3f80701_0,0.0027225033845752478,0.2740930914878845
1179,51895_5760b481_15,0.004265959840267897,0.9545961618423462
1180,33500_e58e287e_1,0.004715197719633579,0.7805144786834717
1181,31838_2e4bd173_0,0.0035254941321909428,-1.3566012382507324
1182,146137_92faaea5_18,6.139765173429623e-05,0.46256518363952637
1183,124879_2257a334_2,0.00012217105540912598,-0.34087395668029785
1184,144145_510eedc2_7,0.0004275882674846798,0.9920757412910461
1185,21237_7887a24b_78,0.0010691183852031827,0.9070268273353577
1186,82297_93739ce0_6,0.0005691164406016469,0.8129168748855591
1187,51536_a18dc325_31,0.00022813952818978578,-0.10581111907958984
1188,93103_fdb9fcb7_7,0.0010280514834448695,0.8672993183135986
1189,24590_415f7013_9,0.0005319921765476465,0.9014317393302917
1190,130659_16f2db4c_0,0.0002556208346504718,0.9154359698295593
1191,23083_fdb942ac_2,0.00044970522867515683,0.9812363386154175
1192,23954_a8c09819_2,0.0002448931336402893,0.9952508807182312
1193,30417_0010bc7c_13,0.000806010386440903,0.9283276200294495
1194,120535_e304dfca_1,0.001038942369632423,0.9237936735153198
1195,93199_2146e709_9,0.0008121183491311967,0.8135170340538025
1196,23686_cba4f679_15,0.0007355002453550696,0.9835147261619568
1197,40807_58058731_20,0.0035707612987607718,0.9640603065490723
1198,94410_d32e7520_35,0.001731574535369873,0.9568864703178406
1199,79695_fd8bae0e_0,0.001839056727476418,0.5323594808578491
1200,129422_621d0a90_35,0.0029703949112445116,-0.3950834274291992
1201,44932_16cb7f21_5,0.0055281235836446285,0.8434292078018188
1202,136550_8a8672e5_1,0.000556533457711339,0.8437656164169312
1203,20495_e8e7e80c_3,0.0004841094487346709,0.9913414716720581
1204,31962_e5291336_50,0.0004841908812522888,0.5381126999855042
1205,24888_5be1de05_1,2.8135167667642236e-05,0.46489250659942627
1206,34114_7e58a97d_10,0.0026683714240789413,0.8974140882492065
1207,108433_37a79370_0,0.002265173476189375,0.799842119216919
1208,22844_9b75b8e0_1,0.0006865877658128738,0.9715191721916199
1209,115637_b4d41e8a_0,0.0005950623308308423,0.9423942565917969
1210,53474_f29e4438_15,0.012598522938787937,0.6416091918945312
1211,26766_1aaa348c_0,0.0008202726021409035,0.8835615515708923
1212,51940_67bb0219_7,0.0008370595751330256,0.8632116317749023
1213,41714_1d49f4d1_13,0.00012668062117882073,0.5004398822784424
1214,21815_7090778f_9,0.00587850296869874,0.5175783038139343
1215,32843_8e5bdf24_0,0.0031858314760029316,0.8588444590568542
1216,23686_cba4f679_10,0.001144650625064969,0.8573616743087769
1217,114425_891ab08d_0,0.0052220458164811134,0.348873496055603
1218,41786_02d48cdd_5,0.0024264275562018156,0.6245281100273132
1219,22895_4533b542_1,0.0007282894221134484,0.9582592248916626
1220,49016_cd1b47bf_6,0.0034230186138302088,0.8915661573410034
1221,51674_a70c1c6c_3,0.00013190199388191104,0.7890709638595581
1222,52972_6e5a5ada_11,0.0033677041064947844,0.8570548295974731
1223,120700_d818883a_8,6.953616684768349e-05,0.9058505892753601
1224,34530_9525ffcd_0,0.0013244552537798882,0.9750932455062866
1225,24355_99bf3f8f_1,0.0006488426006399095,-0.256524920463562
1226,56250_3b6024e3_46,0.004595672711730003,0.918743908405304
1227,56355_727ca47c_3,0.002971674082800746,0.28244078159332275
1228,35057_9af89947_1,0.0016089151613414288,0.7473978996276855
1229,120881_a946667f_13,0.00020615925313904881,0.7159824967384338
1230,143021_c6df0146_5,4.8812660679686815e-05,0.7281895875930786
1231,69240_dc199112_3,0.0005757867475040257,0.47595298290252686
1232,41733_1ec9b00c_15,0.001132847974076867,0.7640867829322815
1233,30298_24191733_2,6.22825464233756e-05,0.5692766904830933
1234,30400_8824ce97_18,0.0004549313453026116,0.9050073623657227
1235,37040_ecbcd25e_36,0.00039218933670781553,0.8942244648933411
1236,23035_6087bb57_4,0.00035008942359127104,0.4760863184928894
1237,38675_6e07d74b_26,0.0037649848964065313,0.9479056000709534
1238,31751_e37382e1_9,0.0012269896687939763,0.8691706657409668
1239,54601_e1da5b93_4,0.0005559803103096783,0.9889390468597412
1240,142999_171240b6_29,0.001515901181846857,0.8850905299186707
1241,137646_14bca880_0,0.0008813011227175593,0.9186112284660339
1242,37519_442dc408_1,0.0003434063692111522,0.5803503394126892
1243,47195_a8cd8bad_6,0.0011643817415460944,0.9259564876556396
1244,22474_b10fea1a_6,0.001932682585902512,0.7770959734916687
1245,53200_d1e30b87_10,0.0016661336412653327,0.7100772857666016
1246,41472_f9d73638_9,0.00035494635812938213,0.6351689100265503
1247,126397_cc08a23d_1,0.00014799140626564622,0.759818971157074
1248,31838_2e4bd173_4,0.0009252843447029591,0.9835045337677002
1249,52006_d21e4570_7,0.0007966785342432559,0.8420780301094055
1250,62109_08c31aa8_0,0.0011628809152171016,0.7927862405776978
1251,49403_458914df_0,0.0005351922009140253,0.6838682293891907
1252,122914_76ff1f5e_2,4.4216823880560696e-05,-2.9354169368743896
1253,34913_d23e2a24_2,0.0008551922510378063,0.6173288822174072
1254,104641_2cd02839_15,0.00011211518722120672,0.6760127544403076
1255,131632_6144b102_1,0.0005895638023503125,0.9929808974266052
1256,30850_05d88af9_0,0.0007897545001469553,0.9380328059196472
1257,86296_8a6ed4d3_7,0.00018505469779483974,0.43002623319625854
1258,34983_439766af_7,0.0033446145243942738,0.952351450920105
1259,33374_7491cbf8_2,0.0022364931646734476,0.9783612489700317
1260,50694_afd26bd5_10,0.000671953777782619,0.9927842617034912
1261,50292_e84db1fb_8,0.0002237742010038346,0.23638683557510376
1262,81367_622a9e51_2,0.0005350910359993577,0.8656359910964966
1263,78966_584c5305_0,0.0009972868720069528,0.47999560832977295
1264,79905_623eae86_1,0.003325516590848565,0.9727670550346375
1265,63055_6b907478_15,0.0009666955447755754,0.9228867888450623
1266,135771_b030a25c_4,0.0001308368518948555,0.8352727890014648
1267,41753_9b4f8d8a_0,0.0005391659797169268,0.9894140958786011
1268,80784_f7ec5f70_1,0.000868948467541486,0.8527618050575256
1269,33607_c6f31fa6_10,0.001562142395414412,0.8086903095245361
1270,22225_a3ce4d29_42,0.001959779765456915,0.7893955111503601
1271,51938_8b9cba89_5,0.005118848755955696,0.8927249908447266
1272,44741_f386a08f_4,0.0014805180253461003,0.9560580849647522
1273,70021_e673ae54_4,0.0005845431005582213,0.9905127286911011
1274,55135_f1186d58_7,0.0010927778203040361,0.9020542502403259
1275,31856_2a5a4e32_12,0.003537266282364726,0.803778886795044
1276,75303_045fc848_4,0.001054521999321878,0.8379719257354736
1277,129683_3ad38815_10,0.0042927865870296955,0.9498006701469421
1278,21894_93f0d052_24,0.0010701643768697977,0.9134524464607239
1279,143823_1b04bf80_13,0.0015051556983962655,0.8913877010345459
1280,143823_1b04bf80_18,0.00025708001339808106,0.7512739896774292
1281,111863_c925f4f3_2,0.00038266825140453875,0.6348586082458496
1282,104633_d0a15bd3_6,0.0028201183304190636,0.7635230422019958
1283,48832_22363e53_33,0.0006247116252779961,0.9831259250640869
1284,127466_a18ae326_1,0.0023616934195160866,0.11023753881454468
1285,22211_b1ee53f0_12,0.0008026920258998871,0.966457188129425
1286,137837_9c9f163d_6,0.0005246555083431304,0.8571105003356934
1287,122755_b830e22d_17,8.327710384037346e-05,0.06732827425003052
1288,21299_e9cd80a6_12,0.00040471056126989424,0.4572814702987671
1289,44920_70dd4b80_11,0.0006175155867822468,0.9720628261566162
1290,52987_387431ac_7,0.000918394245672971,0.9720278978347778
1291,147926_b78316a8_10,0.0004250051570124924,0.6276459693908691
1292,144653_e3eccdf1_50,0.0003809338959399611,0.7462014555931091
1293,56458_c027ed41_0,0.00045999223948456347,0.9429004192352295
1294,23495_6366269c_11,0.0002663342165760696,0.9947034120559692
1295,70883_e2d6a103_2,0.0028853844851255417,0.9571282863616943
1296,32743_f4c47bbc_34,0.000562517496291548,0.6721436977386475
1297,30910_38ea5a06_2,0.0005318857147358358,0.9097925424575806
1298,56476_466fc284_17,0.0017413602909073234,0.9639815092086792
1299,22604_0b4ffb43_62,0.0004502820665948093,0.9812124967575073
1300,21534_6367be99_0,0.000874086283147335,0.7244567275047302
1301,133026_1085532d_1,0.0006546462536789477,0.833626925945282
1302,137828_0b0786fb_1,0.0017850312869995832,0.9656835198402405
1303,55627_971fde61_27,0.0007387551595456898,0.9067410230636597
1304,93869_8b1922a3_0,0.0010290069039911032,0.9170133471488953
1305,24393_9acd18c6_3,0.0007998247747309506,0.9850752353668213
1306,44996_b3e9c266_14,0.00011700070899678394,0.5421186685562134
1307,55300_b9675d43_1,0.0002450938045512885,0.9951876997947693
1308,113352_879844fe_0,0.000515103165525943,0.9790245294570923
1309,135317_3c58b0d0_9,0.00024513903190381825,0.7734930515289307
1310,115624_fe3eb392_1,0.006045646034181118,0.7168614864349365
1311,63055_6b907478_21,0.001968913711607456,0.9281968474388123
1312,40421_032c052f_0,0.0007266109460033476,0.8895550966262817
1313,143029_70554264_3,0.00016886544472072273,0.7107139825820923
1314,145117_78f63de3_0,0.0012594276340678334,0.6760882139205933
1315,128996_35f2006e_0,0.00012511754175648093,0.37432897090911865
1316,54503_fc6c6963_1,0.0011599345598369837,0.853500247001648
1317,24657_0168dc6b_1,0.0012572073610499501,0.96922767162323
1318,130524_13ad16a8_0,0.009959103539586067,0.9507539868354797
1319,142670_33c641dc_3,0.0003019769210368395,0.8852749466896057
1320,65375_674ff0b9_11,0.001482881372794509,-0.35005998611450195
1321,23168_7fdf5427_3,2.3081820472725667e-05,-9.543773651123047
1322,41717_ab2075ac_0,0.0007297747652046382,0.9732056260108948
1323,21739_57582b8f_4,0.0017828593263402581,0.8954018354415894
1324,143293_fc5b0ff7_30,0.0006529274396598339,0.9821942448616028
1325,135906_587b5c3d_0,0.000700372620485723,0.5770837068557739
1326,138685_fd9b79cd_0,0.0002606672642286867,0.791566014289856
1327,119921_5621fcb4_0,0.000870099407620728,0.8531039357185364
1328,49403_458914df_5,0.0007242195424623787,0.9174622297286987
1329,73525_7f6b2f67_2,0.00025537842884659767,0.5909742116928101
1330,136994_a3a2f50f_3,0.0016766401240602136,0.8111520409584045
1331,31838_2e4bd173_1,0.006495121866464615,0.8594197034835815
1332,35866_d0233b36_6,0.0005567347398027778,0.9905087947845459
1333,53053_d6b4d71c_9,0.0018868499901145697,0.951012134552002
1334,90220_7baf1e18_1,0.0003481628082226962,0.5300078392028809
1335,23364_73dd9d4d_10,8.37354818941094e-05,0.8796537518501282
1336,52987_387431ac_3,0.0005473863566294312,0.9549176692962646
1337,51859_6b2fd0f1_4,0.0005077335517853498,0.7177319526672363
1338,51708_867d4509_12,0.00012337882071733475,-0.06873643398284912
1339,93199_2146e709_3,0.0007725180475972593,0.9836211204528809
