case_num,case_name,MSE,R-Square
0,50417_199cffee_13,0.0017982572317123413,0.9859925508499146
1,48516_2b3135bf_11,0.0011179369175806642,0.9622027277946472
2,41733_1ec9b00c_31,0.003241707803681493,0.6855533123016357
3,31664_1e85c690_0,0.0006184513331390917,0.9667495489120483
4,21893_0500d043_18,0.0004965069820173085,0.9899054765701294
5,31607_9a2f8140_6,0.0003610227140597999,0.987882137298584
6,41774_88a7a483_18,0.000425268110120669,0.8961898684501648
7,42143_51b31600_4,6.4413296058774e-05,0.8698471188545227
8,23104_3b70eba4_13,0.0006110143731348217,-0.005149245262145996
9,129075_8fbf62e5_2,4.7026322135934606e-05,0.8759019374847412
10,41624_a15f83c1_13,0.0002143958699889481,0.8947218060493469
11,36088_1ea9c8a9_12,0.00027425927692092955,0.9936017990112305
12,126477_6596d136_14,0.0002716248272918165,0.753793478012085
13,130441_10c43121_0,0.002980684395879507,0.9848155379295349
14,133385_e6aa64d8_21,0.0002653704723343253,0.8259000182151794
15,26398_b99946da_1,0.0014270584797486663,0.981231689453125
16,61198_0c99f50a_4,5.656131179421209e-05,-2.5631747245788574
17,26661_ab88a525_0,0.00013576009951066226,0.8430930376052856
18,129075_8fbf62e5_1,0.001234665629453957,-0.1659708023071289
19,51891_9455ea02_1,0.0008547095349058509,0.9864373207092285
20,34770_6bba5bd4_13,0.00028585412655957043,0.9943875074386597
21,21646_a2dd0d00_53,0.00038116713403724134,0.9683165550231934
22,68909_4ae1bc2e_1,9.7186493803747e-05,0.9086669087409973
23,27866_ece3076e_109,0.00013229726755525917,0.9791384935379028
24,92134_52f13f49_6,0.00025134682073257864,0.8551465272903442
25,23342_7193a931_1,5.560783392866142e-05,0.9228200912475586
26,126572_a2d6f794_14,1.1532114513101988e-05,-0.15932750701904297
27,44344_3e0b0b0c_1,3.999802629550686e-06,0.4460383653640747
28,49331_3bf3bb84_4,0.00029589823679998517,0.9945836067199707
29,33971_46bb0373_0,0.0007351140957325697,0.9060987830162048
30,21517_bfe35b4c_1,0.00022453833662439138,0.67432701587677
31,23165_369d62aa_6,0.0002922967541962862,0.9964744448661804
32,81846_2907c980_0,0.0005579168791882694,0.9752342700958252
33,24168_a0ede173_111,0.0029255978297442198,0.7110387682914734
34,53461_a5942665_1,0.00012516762944869697,0.9953576922416687
35,24907_c72322ea_13,0.0005222765612415969,0.802926778793335
36,133424_315bcaeb_7,0.00013666351151186973,0.8231518268585205
37,40490_916e13fe_0,0.0003294537600595504,0.9897382855415344
38,38000_b5822e44_3,0.0003573461144696921,0.9945840239524841
39,138520_f4e0bc0b_63,0.00044285785406827927,0.5774930119514465
40,61294_9255796d_3,4.189219544059597e-05,0.921613872051239
41,22176_272891b8_0,0.0003378930559847504,0.8286022543907166
42,24815_4f2a57e4_1,0.0011513641802594066,0.9661916494369507
43,113343_e692c488_1,5.868506195838563e-05,0.9114395976066589
44,33995_18423507_1,0.00018337703659199178,0.7529743909835815
45,127897_029949fd_6,0.00019392321701161563,0.9961223006248474
46,123181_4e56fb4f_0,0.00031209152075462043,0.9954787492752075
47,22670_9353c710_1,2.2065412849769928e-05,0.8655262589454651
48,128642_4d72bf31_2,0.0005222217878326774,0.7171106338500977
49,146667_fe438b5b_6,0.0010263221338391304,0.9373239278793335
50,38260_2a31c6df_2,0.0007470336277037859,0.8947185277938843
51,24443_996411f9_3,0.0008334896992892027,0.9810855984687805
52,142074_34e02b6d_1,6.041446249582805e-05,0.9819067120552063
53,41501_b627682a_15,0.0010104971006512642,0.9116957783699036
54,24712_da77fe8f_0,0.00013223692076280713,0.9975258708000183
55,32960_0eaa1de8_26,0.00028900522738695145,0.9946470260620117
56,130757_b2c47f8d_2,5.2397866966202855e-05,-0.5659987926483154
57,104817_6d73dc41_0,0.0005569837521761656,0.9375972747802734
58,79243_49539d9f_0,0.0011973138898611069,0.9742053747177124
59,82012_c533307b_1,0.00010855862637981772,0.8988738059997559
60,107649_e651c5ca_1,3.89395936508663e-05,0.728455662727356
61,40997_e3c88650_12,0.0007330503431148827,0.9811969995498657
62,143029_70554264_4,0.0007715405081398785,0.8945323824882507
63,27054_342fcf5c_3,0.00018321028619538993,0.8087829351425171
64,41648_577daf16_17,0.0001721876033116132,0.9348184466362
65,89720_4e65191c_1,0.000669577915687114,0.9837793707847595
66,75382_1b589ea9_12,5.888228042749688e-05,0.8316785097122192
67,120371_433ba1ca_2,0.00032130497856996953,0.9719783663749695
68,49024_b7f02205_13,0.001396535662934184,0.9383168816566467
69,51022_47816098_7,0.0012890743091702461,0.9867631196975708
70,41634_4f5d0edb_0,6.359341932693496e-05,0.8728379011154175
71,23170_6ea8ded5_3,0.0005313313449732959,0.9911081194877625
72,69589_cd2fa794_8,0.002193666761741042,0.8565642237663269
73,41504_85e300ee_0,0.0017846985720098019,0.7563179731369019
74,128996_42176b10_0,0.0007867056992836297,0.9363255500793457
75,38920_e81879c2_7,3.38570935127791e-05,-39.72063446044922
76,148051_c59af578_6,0.00014136220852378756,0.996150016784668
77,65494_16d62db5_0,0.00011750170961022377,0.8425472378730774
78,25473_0991d519_0,0.0005653776461258531,0.9867172241210938
79,75270_25a261ef_5,0.000325277098454535,0.9675440192222595
80,49613_1b97c07b_12,3.3535921829752624e-05,0.6438198685646057
81,115633_a2c63339_1,0.0001638468966120854,0.9515373706817627
82,52366_63042db4_1,0.00037053643609397113,0.9915667176246643
83,30282_88c6933c_5,0.0005291349953040481,0.9366980791091919
84,53474_f29e4438_12,0.0009251016308553517,0.9697135090827942
85,24026_1dd4094b_21,0.0006807204335927963,0.922350287437439
86,21225_c081eae3_2,0.001011108746752143,0.866352379322052
87,35057_9af89947_8,0.0003276861098129302,0.7367743253707886
88,43529_4804941b_20,0.0003899382136296481,0.9881165623664856
89,22103_fd11c71b_3,0.00025354346144013107,0.9683401584625244
90,51536_a18dc325_0,0.0006191832362674177,0.9671387076377869
91,24230_636208ab_13,0.0007199832471087575,0.5578722953796387
92,41117_1b3271f2_56,0.0015716765774413943,0.975730836391449
93,140499_419d5823_0,0.0002815911720972508,0.9756584763526917
94,115524_a949e82c_2,3.86922802135814e-05,0.8492776155471802
95,29833_0ed4880f_3,0.00021202447533141822,0.9961851835250854
96,127556_4823a42a_6,0.0002740354975685477,0.9539681673049927
97,23960_48cc0f21_19,6.12209623795934e-05,0.14150947332382202
98,132987_ba18d2eb_11,9.198968473356217e-05,0.823852002620697
99,51337_f8636fd9_30,7.281124271685258e-05,0.9177329540252686
100,40999_cad6be09_18,0.0008266167133115232,0.9804567694664001
101,136886_99fbdef3_0,0.0001119693333748728,0.8078542947769165
102,30447_4ed3b778_7,0.0006108384695835412,0.9977495074272156
103,55811_bc667b2d_13,0.001738465391099453,0.3381698727607727
104,41716_d55164d4_1,0.0002477180678397417,0.9133058190345764
105,33610_aa697fc9_6,0.0003497378493193537,0.9741849303245544
106,55095_fa260d33_6,0.001019868766888976,0.973116934299469
107,115639_bc0cc622_0,0.0015511952806264162,0.8864265084266663
108,20841_1620ae7d_0,0.0005837593344040215,0.9196316003799438
109,50823_d1830e58_2,0.0010169417364522815,0.798690140247345
110,109762_cb162371_48,0.0003850711800623685,0.86468505859375
111,41387_5f752e39_23,0.0005372722516767681,0.9801307320594788
112,121540_629c716f_0,0.0006055978592485189,0.9743638634681702
113,118539_1dff9cf9_12,6.9535990405711345e-06,0.49144649505615234
114,30714_dafa62f6_2,0.0018516555428504944,0.9757747054100037
115,79633_bbbde75f_0,0.0010342539753764868,0.9747759103775024
116,33059_531cfd5e_11,0.0003710909222718328,0.9392684102058411
117,20697_d3e106b4_4,3.668352292152122e-05,0.6919122934341431
118,136062_0027ff97_6,0.0005239008460193872,0.9516654014587402
119,146291_6b0c8db3_1,0.0016595603665336967,0.961377739906311
120,45466_5f662bcb_0,6.581994239240885e-05,0.8644774556159973
121,144500_7f600ab6_0,0.0002080441190628335,0.9807615876197815
122,44996_b3e9c266_4,7.941068906802684e-05,0.983227014541626
123,40713_4c9264ef_0,0.0004081435617990792,0.9455441236495972
124,132384_0fcab1fa_13,0.00045096795656718314,0.5148591995239258
125,33738_77d49563_2,0.00019840593449771404,0.7693793177604675
126,129422_621d0a90_33,0.00020365987438708544,0.9041486978530884
127,115633_fd3c9b97_32,3.989579636254348e-05,0.8365196585655212
128,69337_a122ffde_1,0.0005568091874010861,0.9430901408195496
129,37241_29f91452_0,0.0004014435689896345,0.9907132387161255
130,141199_9ae000ef_6,0.001166567555628717,0.013917863368988037
131,147133_92c04b84_4,0.0007117523928172886,0.37400496006011963
132,77687_cbb18594_50,0.0012825306039303541,0.11474043130874634
133,144290_2a679085_11,3.436272527324036e-05,0.898796796798706
134,130825_c59bbbfb_0,0.0006825199234299362,0.9825338125228882
135,82512_252da752_6,3.1598836358170956e-05,-47.88678741455078
136,115624_d0acb46b_24,0.00037570379208773375,0.9959235787391663
137,92134_52f13f49_7,0.00023240312293637544,0.8541901111602783
138,100326_0602c712_7,0.00012419396080076694,0.8042307496070862
139,134630_f9e85072_0,0.000814065511804074,0.8125959038734436
140,108943_b07b2543_1,0.0006100225145928562,0.8994057178497314
141,125416_ab456bc3_5,0.0012084221234545112,0.8974030613899231
142,57222_33b428d7_69,0.00015591798000968993,0.8440583944320679
143,24650_dad8c8ee_13,0.00047517797793261707,0.9915801882743835
144,41749_14d0599c_1,0.0002929753973148763,0.9564181566238403
145,49396_98ab955d_27,8.661576430313289e-05,0.9434511661529541
146,136892_e2a0b32c_4,5.701040936401114e-05,-0.465948224067688
147,31962_e5291336_28,0.0005845519481226802,0.987242579460144
148,34231_e27353cb_0,9.478060383116826e-05,0.9003468751907349
149,112724_d334de09_0,0.0009368231985718012,0.9854393601417542
150,56486_82b3e23a_21,1.2190566849312745e-05,0.8582425117492676
151,40500_6055e3d7_17,6.517479505419033e-06,0.7807472944259644
152,39468_15fb2e60_43,0.0002506947494111955,0.5909397006034851
153,141710_17531562_7,0.0002490621991455555,0.9929609298706055
154,33529_756075a0_12,0.000661705678794533,0.8703715205192566
155,54169_3a875f10_8,0.0013188247103244066,0.9652146697044373
156,41023_5445cb61_9,0.00020678357395809144,0.8181393146514893
157,146380_5c569eeb_2,0.0006707041175104678,0.6395145654678345
158,24195_9791f5d3_38,1.363751925964607e-05,0.7310744524002075
159,26573_7f7e176d_2,0.0010061278007924557,0.9910759925842285
160,22734_f6bad9f7_25,0.0008290178957395256,0.9866426587104797
161,48112_9538e204_0,0.00016535191389266402,0.9967177510261536
162,127545_6fa39158_10,0.0010262758005410433,0.9920194149017334
163,23788_5c0b60c6_0,0.00020378940098453313,0.8929926156997681
164,23792_5b4c1ce0_21,0.0012748433509841561,0.9597735404968262
165,146067_46e58ab3_1,0.0015615520533174276,0.9900927543640137
166,101072_dec6f415_3,0.00016143395623657852,0.9259999990463257
167,22829_b6649a29_0,8.713479473954067e-05,-0.4447898864746094
168,55389_a736bd99_0,0.001140517182648182,0.3941631317138672
169,30259_d709601c_9,0.0018812796333804727,0.9464066028594971
170,35866_d0233b36_13,7.579980592709035e-05,0.19511646032333374
171,34563_52848c45_5,0.0001398913882439956,0.9433756470680237
172,44519_90af0df6_7,0.0010059226769953966,0.7065601348876953
173,114111_59282658_8,0.00030954458634369075,0.894079327583313
174,45922_26941172_15,0.001622434938326478,0.9728407859802246
175,41303_bd1def52_3,0.00025900028413161635,0.9345110654830933
176,22053_de30641b_1,4.756923226523213e-05,0.2718133330345154
177,22298_51433023_4,0.000800061272457242,0.9825684428215027
178,23479_81a49137_0,0.0007169159944169223,0.7395615577697754
179,22225_a3ce4d29_37,0.0012177203316241503,0.9831405878067017
180,135669_490cd2d7_14,0.0009003384620882571,0.9517087340354919
181,32173_8b075b1a_4,0.0005418399814516306,0.9912235140800476
182,145119_24107428_5,0.0008419578080065548,0.9361348152160645
183,41774_88a7a483_36,0.0001990504388231784,0.8976985812187195
184,133549_1b6c58d6_0,0.0004663971485570073,0.9900734424591064
185,40936_6de8f4f4_0,0.003111605066806078,0.9805892109870911
186,23008_3d1bb7b2_0,0.002276352606713772,0.9673388004302979
187,38360_ad61c9b2_1,0.00030429422622546554,0.8022936582565308
188,136109_3d342d3c_2,0.0004982547252438962,0.9799689054489136
189,135790_a27f9deb_11,6.961904728086665e-05,0.9136659502983093
190,140249_7c1c5bba_0,0.00020159986161161214,0.7545950412750244
191,128996_a3d026d6_0,0.0010020146146416664,0.794661283493042
192,23235_f9ccb8b0_0,0.0007318033603951335,0.4228900671005249
193,93671_f7290ded_0,0.0002699556353036314,0.8400329947471619
194,51109_97b211c3_7,0.00030039402190595865,0.9632865786552429
195,51916_fa226b15_13,3.517420918797143e-05,0.9239981174468994
196,86268_094d3fab_1,0.0001551602326799184,0.9968974590301514
197,39637_ca6a9a60_1,0.002120750490576029,0.737724781036377
198,47219_93cb3619_3,0.0028836322017014027,0.9492091536521912
199,47878_0edb6829_0,0.00028530784766189754,0.9949259757995605
200,26764_ab35159a_6,0.0010587064316496253,0.9577410817146301
201,34341_d19b12fb_12,7.151767931645736e-05,0.9212459921836853
202,118342_c702e084_6,0.0002444288111291826,0.9944164156913757
203,49886_dd68dccb_4,0.0005909325554966927,0.9552571177482605
204,23493_57512264_5,5.5990116379689425e-05,0.8234846591949463
205,31751_e37382e1_5,0.0013995548943057656,0.9641509652137756
206,24338_848cab42_6,0.0030629942193627357,0.758011519908905
207,24916_42eacca3_10,0.0007747665513306856,0.5814164876937866
208,137485_a953e1be_2,0.00018298673967365175,0.9963411688804626
209,23706_ef15ef9c_18,0.0009689430589787662,0.9357272386550903
210,143671_eaf4d13b_6,0.0022178092040121555,0.9661619663238525
211,53470_39f2e9dc_13,0.000517766980919987,0.3438373804092407
212,145772_59253c6d_3,4.375108619569801e-05,0.9383506178855896
213,51893_d531e2bd_2,0.0008401269442401826,0.9817075729370117
214,39389_d641313f_8,0.001434664474800229,0.9452587366104126
215,51595_41f3d1a3_5,0.0001373574195895344,0.8695982098579407
216,51674_a70c1c6c_15,0.00014123920118436217,0.4619198441505432
217,37617_3f415463_5,8.452153269900009e-05,0.9358933568000793
218,31862_a89f21f9_3,0.00027138242148794234,0.9919350147247314
219,40519_55a097c6_11,0.0010829000966623425,0.936860978603363
220,111306_9108c940_0,0.0009373221546411514,0.8206243515014648
221,136640_16741d62_4,0.0005638791481032968,0.6162781119346619
222,23155_d7305c5f_2,0.002799383597448468,0.9432967305183411
223,43934_912ff891_41,0.00011545962479431182,0.44960731267929077
224,57017_6033d1e5_0,0.0002670852409210056,0.9865537285804749
225,126913_d253adb7_1,0.0005812126328237355,0.7675644159317017
226,130752_52d74f2f_48,0.0010190848261117935,0.9313029646873474
227,124177_71283cad_0,0.00037770296330563724,0.970875084400177
228,24650_dad8c8ee_18,0.0008350193384103477,0.9786550402641296
229,55199_4d57661f_2,0.0013898557517677546,0.9167943000793457
230,115010_eb737aaf_20,0.00024326196580659598,0.9953417778015137
231,27855_19c5895a_12,0.0005773426382802427,0.697185754776001
232,52772_a6e6e320_0,9.906770719680935e-05,0.8670518398284912
233,90917_3d2d21a9_0,0.0020938501693308353,0.9521114230155945
234,40703_5f4e45d4_7,0.00014663668116554618,0.9970910549163818
235,132622_911efd2f_1,0.0016253773355856538,0.975670576095581
236,43441_e1ab0873_6,0.0029010565485805273,0.9542021155357361
237,34917_61633e20_6,0.0006020367727614939,0.9869478344917297
238,67221_275ba7e6_4,0.0006194462184794247,0.9875744581222534
239,130719_e4764a36_10,7.760865992167965e-05,0.8307653069496155
240,136318_130d6a06_20,0.0005397678469307721,0.950766921043396
241,99636_73c43ebd_10,0.0003117794985882938,0.9915873408317566
242,29377_3a04cb8d_6,0.00048163841711357236,0.9297342300415039
243,23018_63087a41_47,0.00045962637523189187,0.9874189496040344
244,26165_100fec74_4,0.00023570212943013757,0.25836503505706787
245,135934_d2f6bb2e_46,0.000288869661744684,0.8597719669342041
246,24039_448afafa_5,0.0005500596016645432,0.9734901189804077
247,32775_a79b406b_14,0.0016676830127835274,0.7875075340270996
248,23686_cba4f679_0,0.0009694525506347418,0.9080594182014465
249,35147_bc9f2c5d_0,0.0008922466658987105,0.8559637069702148
250,136337_1351909b_2,0.0028786915354430676,0.9316238760948181
251,139222_2c10ca9a_1,0.0003025627229362726,0.973971426486969
252,139379_fe5c3f64_0,0.0001305904152104631,0.9951854944229126
253,33084_344fec27_2,0.00012980845349375159,0.9975565671920776
254,24775_d5c98d77_0,1.0436536285851616e-05,0.6782767176628113
255,56344_3a89f085_23,0.000252643134444952,0.9765849709510803
256,135112_cf8007b8_5,0.0010921524371951818,0.9731081128120422
257,50706_20d07d57_2,0.004216775298118591,0.9595918655395508
258,51744_cd355565_5,0.0010929012205451727,0.9672655463218689
259,51464_da501c24_0,0.0012538746232166886,0.7528603076934814
260,126572_a2d6f794_23,1.9590625015553087e-05,0.32197511196136475
261,70021_e673ae54_2,5.177204729989171e-05,0.925404965877533
262,25144_31b089b6_5,0.0004242320137564093,0.8078436851501465
263,24715_55aac5f2_2,9.217035767505877e-06,0.23268264532089233
264,24532_f82f8000_2,0.001366515294648707,-0.10624659061431885
265,30664_a3084f71_1,0.0005762963555753231,0.7590575218200684
266,81145_5c13a8e9_1,0.000268941541435197,0.725303053855896
267,132037_2abb8c63_10,5.084439544589259e-05,0.7662778496742249
268,50414_ac159b58_2,0.0003409126657061279,0.9876102209091187
269,21601_360ce1c7_7,0.0002579526917543262,0.9953120946884155
270,22119_27e3ecbe_9,0.000699467898812145,0.9783098697662354
271,145120_74f7316f_0,0.0029000435024499893,0.8688847422599792
272,74574_c302ff1f_0,0.00010531902080401778,0.8616710901260376
273,52443_085efc00_4,0.00022297560644801706,0.927142858505249
274,147546_ede0f31c_3,0.00252180895768106,0.9454665780067444
275,22492_047b125b_21,0.0010928785195574164,0.9746349453926086
276,72313_5a86e234_0,0.0018058882560580969,0.9655029773712158
277,45589_49e3c7ea_2,0.0001425045047653839,0.9957029223442078
278,83432_a7f85698_0,0.0002560759603511542,0.9942482113838196
279,32775_a79b406b_0,6.135702278697863e-05,0.4091261029243469
280,121703_69c4a5ac_3,3.8440666685346514e-05,0.8607175946235657
281,80901_e9080573_6,0.0007034648442640901,0.972547173500061
282,21809_8bd6b10e_3,0.003112741047516465,0.9314885139465332
283,49396_98ab955d_15,0.0005615203990601003,0.9464594721794128
284,33766_14917a4a_19,0.0008544217562302947,0.9809892773628235
285,26661_ab88a525_8,0.0001044823948177509,0.9970709681510925
286,44030_17bd5ec9_0,0.0009318453376181424,-0.14552366733551025
287,53221_74fa81cd_7,0.000287725793896243,0.7512849569320679
288,21887_3306168f_7,0.0019993919413536787,0.8007810115814209
289,86185_85fde9e6_0,0.0003928832011297345,0.9399555325508118
290,87951_500b1dcd_2,8.8486383901909e-05,0.9052749872207642
291,22276_69c5036b_11,0.0014390728902071714,0.9623485207557678
292,41721_44151488_5,0.001225890126079321,0.886489748954773
293,102293_5d04e48d_0,0.0018354215426370502,0.9129167795181274
294,77687_cbb18594_20,7.387211371678859e-05,0.8975291848182678
295,133248_1bab99ae_0,0.001997839193791151,0.11931025981903076
296,24051_4852a192_2,0.0006592590943910182,0.9773719906806946
297,86806_2993395a_1,0.00017644419858697802,0.8502108454704285
298,38558_b0d6b3f8_1,0.0003363913274370134,0.9930956363677979
299,140549_7d01813c_0,0.0008161166333593428,0.9741111993789673
300,24559_3c306e71_1,0.000885171873960644,0.8638524413108826
301,70350_751de4b0_13,0.0026221168227493763,-0.06810498237609863
302,39101_23fec10f_8,0.0015807709423825145,0.8318236470222473
303,24942_9d1b2ff2_8,0.00046388685586862266,0.99459308385849
304,30850_05d88af9_3,0.0011442931136116385,0.9809717535972595
305,113358_08641c94_4,0.0012796710943803191,0.9602352380752563
306,21234_8b71bd47_27,0.00048346968833357096,0.8250916004180908
307,26245_4aac38e1_21,0.00014593802916351706,0.661404013633728
308,66072_d301cc88_0,0.0007642799755558372,0.66948401927948
309,21894_93f0d052_23,0.001286121434532106,0.8729661703109741
310,147816_7fb70c2b_2,0.00053780636517331,0.9435902237892151
311,49120_4131d1e7_1,0.00026112666819244623,0.9477206468582153
312,52224_ca16c854_4,0.001215390395373106,0.8264422416687012
313,105762_19e04e0b_1,8.626804628875107e-05,0.31898945569992065
314,30400_8824ce97_36,0.000714738795068115,0.8970509171485901
315,95199_ffcff41e_0,0.00027361727552488446,0.7196581363677979
316,50417_199cffee_3,8.244346099672839e-05,0.9358344078063965
317,24544_d06c82dd_5,0.0003219641512259841,0.9946717619895935
318,22604_565b91f5_2,0.00022601100499741733,0.990570068359375
319,22788_b6a9e30a_4,0.00013323305756784976,0.9667059183120728
320,45789_d5126eab_14,0.0006796589004807174,0.8611631989479065
321,37267_b2be4b50_3,1.153168977907626e-05,-0.16035199165344238
322,34330_5eff1ee1_3,0.0009910830995067954,0.8843362331390381
323,137999_d934160e_1,4.136820280109532e-05,0.6799949407577515
324,134921_f5efde94_27,9.320858225692064e-05,0.9143037796020508
325,53470_39f2e9dc_8,3.506092252791859e-05,0.6066628694534302
326,23497_f292546d_25,0.0016348627395927906,0.9320523142814636
327,22289_4b848f64_2,0.00048781107761897147,0.9339330196380615
328,31392_84b62622_2,0.0006847698241472244,0.9429305791854858
329,51347_1fc6f329_0,0.001274570357054472,0.7136735916137695
330,50777_2934de55_6,0.000195568150957115,0.9930227994918823
331,32841_954e8c1a_0,5.618314753519371e-05,0.9420359134674072
332,31530_6744ae73_3,0.00034105664235539734,0.994994044303894
333,65827_d1469ad6_1,9.736400534166023e-05,0.27136504650115967
334,145461_30637b22_8,0.00010680315608624369,-3.2690157890319824
335,31973_093ea963_13,0.0002260045730508864,0.9120185375213623
336,70355_e5f58cd5_14,0.0004677170654758811,0.9543859362602234
337,77687_cbb18594_40,5.858652730239555e-05,0.7411584258079529
338,24392_fce351ea_0,0.0002812497259583324,0.8492222428321838
339,36853_7efccb8c_3,0.0009713640320114791,0.867422342300415
340,41644_d15f8e2b_5,4.656787132262252e-05,0.7600246667861938
341,131762_9b5e5ff5_2,0.000392768532037735,0.9762809872627258
342,82193_96ef9433_2,0.0003541046171449125,0.9944817423820496
343,31347_386f6298_15,0.0008590631769038737,0.9798007011413574
344,34568_fbe47bf9_0,0.00018381695554126054,0.47381532192230225
345,115624_fe3eb392_3,0.0007326906197704375,0.9832323789596558
346,130446_e7b58dbe_0,0.0027180006727576256,0.8903401494026184
347,104641_2cd02839_33,4.1820312617346644e-05,0.9086371660232544
348,31460_39fdfc6a_7,0.0009120727772824466,0.7947045564651489
349,95541_ced8f936_0,0.0003260819357819855,0.9929721355438232
350,23126_725969ea_17,0.0005643039476126432,0.9403784275054932
351,23676_52069f98_5,1.9114260794594884e-05,0.9280192852020264
352,137637_ed9c537d_0,0.00032437272602692246,0.9197941422462463
353,22474_b10fea1a_2,0.0004233257204759866,0.9897462129592896
354,143017_21d96cc2_10,0.0006064531626179814,0.912574291229248
355,105270_34f92afd_1,0.00011821745283668861,0.8341909646987915
356,95622_0a0787e4_4,0.0004042758955620229,0.9939618706703186
357,55854_13f0399b_0,0.001441640080884099,0.9689714312553406
358,22118_1e09e0eb_5,0.0014152976218611002,0.9396388530731201
359,146717_3e6a84c1_7,0.0012168441899120808,0.9817602038383484
360,63132_330141d7_3,0.00015221169451251626,0.9691306352615356
361,115633_fd3c9b97_46,0.00021632718562614173,0.5544202327728271
362,21644_aa203dc5_29,0.00030345242703333497,0.9255163669586182
363,79791_00f639ca_15,0.0002060135593637824,0.9965315461158752
364,60711_42b5a13e_1,0.0005149903008714318,0.9429684281349182
365,137483_cdb8989d_0,0.0003283373371232301,0.993144690990448
366,21644_aa203dc5_26,0.0005157467094250023,0.9109869599342346
367,131876_b2384623_0,0.0004202361451461911,0.7286676168441772
368,23706_ef15ef9c_10,0.0003597066388465464,0.9449707865715027
369,68948_0d2a01cd_9,0.001397299813106656,0.9608100652694702
370,145137_4e9eef42_1,0.0005511474446393549,0.8891507983207703
371,30426_2cde26de_20,0.0015686922706663609,0.9821496605873108
372,31378_34c52a73_0,0.00019828739459626377,0.9449520707130432
373,92134_52f13f49_4,0.0002645469503477216,0.821459174156189
374,119634_fc722479_1,0.0004082453087903559,0.9943831562995911
375,24032_d6172503_24,0.0008682652260176837,0.6364727020263672
376,136401_69f29349_4,2.231880534964148e-05,0.6537010669708252
377,41871_f9a1ad02_26,0.0005948140751570463,0.9548351764678955
378,48220_87941c4e_116,0.001783057814463973,0.7361387014389038
379,115012_9ed88535_2,0.0008586868643760681,0.6570312976837158
380,69488_025cf0a2_1,0.0017139397095888853,0.9883813261985779
381,147427_69f68da4_3,4.302518209442496e-05,0.8807501196861267
382,33766_14917a4a_32,0.0011483560083433986,0.9586911201477051
383,51747_3d58eae0_0,0.0005378878558985889,0.9277763366699219
384,33785_a4c23f61_0,0.003061534371227026,0.9884501099586487
385,114935_797875fe_2,0.0018990844255313277,0.9309108257293701
386,51775_49ef614a_26,3.704668415593915e-05,0.9341316223144531
387,38196_ea48fa42_3,4.193108179606497e-05,0.509477972984314
388,140413_44177109_21,9.816048986976966e-06,0.8203576803207397
389,27676_79237cc5_1,0.0006652261945419014,0.7823733687400818
390,52883_e518d3f4_33,0.00016039263573475182,0.9968404173851013
391,34347_841c5375_2,4.7340738092316315e-05,0.03745836019515991
392,55289_292737cb_0,0.0003127997333649546,0.9939947724342346
393,50606_82cb18e2_0,0.0004241173155605793,0.9833314418792725
394,30407_efa567f2_4,0.00032535428181290627,0.9921549558639526
395,31647_ab9ad9dc_13,0.00043730298057198524,0.9576347470283508
396,24896_58b4730f_17,0.0002974647795781493,0.9445183277130127
397,23602_5daaccf5_4,0.0010001553455367684,0.9301435351371765
398,27725_5cceaeb7_10,0.0005022925324738026,-0.043523550033569336
399,127734_395dcf7d_5,0.0015324014239013195,0.750821053981781
400,31957_d864f861_3,0.0011523731518536806,0.7651652097702026
401,49415_1671b60c_4,0.000999324256554246,0.06559747457504272
402,45110_fae73324_4,0.0003194197779521346,0.9829539060592651
403,22343_34184fd5_18,0.0001844002545112744,0.29797786474227905
404,22848_cc91b848_38,4.876153070654254e-06,-4.620889663696289
405,73652_23b21ef2_1,0.0003046598576474935,0.9938737154006958
406,65569_bd890a32_1,0.0005077701644040644,-3.870443820953369
407,48220_87941c4e_111,0.0029342835769057274,0.4860982298851013
408,30394_e30f932c_0,0.0011164642637595534,0.9361187219619751
409,21941_1a683ec2_26,0.000487734709167853,0.9796330332756042
410,25564_e646fcb3_1,5.494030119734816e-05,0.8144595623016357
411,134053_87a32e31_3,0.00018811931659001857,0.48668795824050903
412,87950_af56e26e_2,0.0003923525509890169,0.9712835550308228
413,51458_54240b70_17,0.00018450395145919174,0.796207070350647
414,40688_effe215a_1,0.0014851277228444815,0.9632235169410706
415,131494_c8a441d0_0,0.0005788425914943218,0.8872820734977722
416,26768_c4df841f_21,0.0004988532746210694,0.41565030813217163
417,136892_2d5f55a9_0,0.001424486399628222,0.6876264810562134
418,54652_d60ac3e0_10,0.001134441583417356,0.938452959060669
419,51747_3d58eae0_1,0.0007427873788401484,0.6963515877723694
420,54650_df3655c1_0,3.1334911909652874e-05,0.6568021774291992
421,41125_711db4bf_58,0.0005046301521360874,0.9438685178756714
422,45418_f603706b_2,0.00021767425641883165,0.9449430704116821
423,21852_6cf9a734_18,0.0033039774280041456,0.971760630607605
424,122515_758d8b70_6,1.0921477041847538e-05,-8.018813133239746
425,104081_05ba54fa_2,0.0005254323477856815,0.7793285846710205
426,41672_cf87e0b6_0,0.0003093077684752643,0.9522619247436523
427,22638_37f9fe91_1,4.5304885134100914e-05,0.8661547303199768
428,24559_3c306e71_3,0.0005662462208420038,0.8971506953239441
429,31589_ac31215d_8,0.00018564659694675356,0.9017614722251892
430,49603_143b8bd2_35,0.0013054298469796777,0.8966808915138245
431,127965_c64a91da_0,0.0008411157759837806,0.7823143005371094
432,36062_f2fb6808_1,7.500242645619437e-05,0.3068273663520813
433,139280_8874b1ab_18,0.0001608707825653255,0.8454169034957886
434,30997_24dea167_4,0.0022392631508409977,0.7980175018310547
435,143471_eb185912_5,2.7737354685086757e-05,0.7159969806671143
436,23176_1bf2a2d5_10,0.0006211423897184432,0.9743196964263916
437,98299_b8146029_5,0.00043889155494980514,0.9619904160499573
438,23466_1cf60d09_4,0.0016015195287764072,0.9552183151245117
439,41591_2d0bd0d5_3,0.0006028919015079737,0.9788063168525696
440,134929_9049dcec_1,0.0002811166050378233,0.8492594957351685
441,41785_e8bf0528_0,0.00065345544135198,0.9715257883071899
442,31460_39fdfc6a_6,0.0004966085543856025,0.9893649220466614
443,133710_00be7f31_1,0.0041937455534935,0.5187958478927612
444,24532_f82f8000_0,0.0003139497712254524,0.9309430122375488
445,21234_8b71bd47_3,0.00010140776430489495,0.8464920520782471
446,35175_6edc4126_5,0.0005528644542209804,0.9839794635772705
447,20495_e8e7e80c_1,0.00020231645612511784,0.7640981078147888
448,76546_c17e95aa_2,7.180796092143282e-05,0.5776128768920898
449,41654_e75f89df_0,0.00043900718446820974,0.9761724472045898
450,109772_f1a0845e_6,0.0002356632612645626,0.8638294339179993
451,34913_d23e2a24_0,0.000789314042776823,0.9561470150947571
452,25203_1cc0cb3c_12,0.000867823080625385,0.9855167865753174
453,37160_2a95674a_4,0.0006674574688076973,0.9564294219017029
454,69240_dc199112_4,0.0008543949224986136,0.8377101421356201
455,25176_d9130589_0,0.00043058491428382695,0.9434102773666382
456,69235_fe79a369_0,0.0002099487028317526,0.5284873843193054
457,39468_15fb2e60_9,0.0014634639956057072,0.7876886129379272
458,103284_e25015aa_6,0.0001438284816686064,-0.1462937593460083
459,30377_e18ea3de_0,0.000172486063092947,0.860264241695404
460,66080_f578d52b_4,0.0005233376286923885,-1.689809799194336
461,37444_52b27e94_14,0.0011053989874199033,0.8316532373428345
462,38675_6e07d74b_31,0.0007961957599036396,0.9748067259788513
463,21680_360ba5c7_28,0.0004872716381214559,0.9644979238510132
464,142032_5c32b7db_2,0.00040917773731052876,0.9924653172492981
465,44210_a155c2d1_0,0.0020419799257069826,0.9545446634292603
466,38287_88ec74de_92,0.0002863036061171442,0.9577332735061646
467,29572_2f9283f2_4,0.000676928146276623,0.9495754837989807
468,28300_b3a6ab79_10,0.0005630527157336473,0.9805307984352112
469,136129_e6a20c7d_5,9.440291614737362e-05,0.8551551103591919
470,119381_e4d13609_0,0.0009775403887033463,0.9630151987075806
471,30729_b4d83b07_4,8.989313755591866e-06,0.815406084060669
472,140413_44177109_11,0.000840000924654305,0.9604931473731995
473,26384_83eddf22_0,0.0007928654667921364,0.9394651651382446
474,82285_e7a738e7_2,0.0017630739603191614,0.8531466126441956
475,108599_347602af_0,0.0006705895648337901,0.9791465997695923
476,119889_41a6f268_1,0.00014885538257658482,0.7803247570991516
477,55006_94230c00_1,0.00027002242859452963,0.9915581345558167
478,21517_bfe35b4c_10,0.0001428544201189652,0.9343538284301758
479,20818_098cad7c_6,8.968063775682822e-05,0.9039621353149414
480,41855_b82e6ae8_6,0.00025943759828805923,0.9700096249580383
481,137166_90691294_8,9.84040743787773e-05,0.9346508383750916
482,69561_f274e705_26,0.00025288923643529415,0.9878078699111938
483,51579_d0c3e154_0,0.0005486209993250668,0.9767850637435913
484,23676_52069f98_4,0.0007834107964299619,0.9753319621086121
485,31962_e5291336_1,0.00045856257202103734,0.9864326119422913
486,57222_33b428d7_1,8.917981176637113e-05,0.933793306350708
487,51586_2ad96f8c_17,1.3636453331855591e-05,0.8359788656234741
488,41473_c2137170_32,0.00047336117131635547,0.9262248873710632
489,31123_9a1bfc50_2,0.0009346727165393531,0.9294169545173645
490,23211_3aac9c7e_0,0.0003121918998658657,0.9415052533149719
491,45798_b573e9da_5,0.0025036504957824945,0.8709405660629272
492,27847_d2436f7c_37,0.00016407568182330579,0.8103598952293396
493,54736_6ee1b513_1,0.0008804328390397131,0.2393469214439392
494,132901_7d205bb4_9,0.0002594008110463619,-0.719874382019043
495,73762_8c704690_0,0.0011374769965186715,0.8466111421585083
496,23209_1592b0a4_1,0.0005764066590927541,0.9600260853767395
497,49024_b7f02205_2,6.672763265669346e-05,0.8308238983154297
498,147630_7f858240_15,0.000425386184360832,0.9250562787055969
499,69337_2c778611_11,0.00027851376216858625,0.8360592126846313
500,82498_92a00cd6_1,0.0008639799780212343,0.7323030233383179
501,78775_e2d8b091_1,0.0004074170719832182,0.9447401762008667
502,40067_95ae6c76_9,0.0005138835404068232,0.9449484944343567
503,80756_6f2e842f_0,0.0003451415686868131,0.9297746419906616
504,25284_1da7aa8a_0,0.0002501670678611845,0.9504967331886292
505,55605_2f8bc12e_62,0.00032811349956318736,0.9887784123420715
506,39792_60786b6c_15,0.000763052492402494,0.9846814274787903
507,34063_0ca1585e_2,0.0007380791939795017,0.5215852856636047
508,31664_1e85c690_13,0.0004495526954997331,0.9871459603309631
509,131193_98f3ac52_1,0.0003608362749218941,0.8386096358299255
510,120221_e2eaa34b_2,0.0010776445269584656,0.6302186250686646
511,130286_1f71bfed_3,0.0008560993010178208,0.7449592351913452
512,118342_e8142153_21,0.0001733214594423771,0.9359486103057861
513,128043_9f8cd69e_1,0.00011469309538369998,0.8419919610023499
514,41504_85e300ee_1,4.238388282828964e-05,0.817496120929718
515,78863_d59be42e_0,0.001393572543747723,0.8324723243713379
516,31733_5118b376_3,0.001441034022718668,0.989716649055481
517,22208_e177deb7_5,0.0004800813621841371,0.8853090405464172
518,24026_1dd4094b_43,0.0002372044400544837,0.7925476431846619
519,73388_10a40b49_1,0.0010224527213722467,0.939810037612915
520,138219_cdff4f61_0,0.00043006555642932653,0.7161738872528076
521,49399_dc56d180_1,0.00013350644439924508,0.9975031018257141
522,41306_8f26e703_3,0.00016257571405731142,0.9439660906791687
523,51590_034b8b08_14,0.0013002885971218348,0.9780104756355286
524,48402_8c965495_4,5.992799560772255e-05,0.9137939810752869
525,26388_a3367cba_0,0.00149701873306185,0.8133977651596069
526,28300_b3a6ab79_6,0.0004205462464597076,0.9859300255775452
527,43938_418421a7_0,0.0005487642483785748,0.7512450218200684
528,41520_60018d18_0,3.812876821029931e-05,0.7254690527915955
529,137869_344b239b_0,0.00010386908979853615,0.7556713819503784
530,41648_577daf16_0,0.0012971691321581602,0.9444736242294312
531,31347_386f6298_10,0.00012857693945989013,0.9975667595863342
532,82190_24b1b0fe_12,0.0013790435623377562,0.7584890127182007
533,33741_4a973932_1,0.0014469100860878825,0.7601155042648315
534,42005_3da46d94_0,0.0002286949602421373,-4.120883941650391
535,132982_ee1eed2f_0,0.0005337672191672027,0.9772067070007324
536,23898_6e740393_29,0.0005114646046422422,-0.007814407348632812
537,105831_88a0fb85_6,0.001485335174947977,0.9676052927970886
538,31278_749a6317_0,0.0001856736489571631,0.8884708285331726
539,51586_2ad96f8c_4,0.00021053563978057355,0.9038781523704529
540,57000_cd1ddece_14,0.0001596093934495002,0.9349428415298462
541,50692_e7ff2668_8,0.0009114264976233244,0.9675835371017456
542,65346_e89312e5_0,0.00014466136053670198,0.7813787460327148
543,38840_0e449caf_4,0.0006001244764775038,0.8450130820274353
544,29573_ca59fbbf_5,0.0008441559039056301,0.9914897084236145
545,30164_c5680724_12,0.0008322343346662819,0.9560807943344116
546,138620_e21e10ee_0,9.213037992594764e-05,0.9214844107627869
547,50305_caf9cef2_34,0.0009947535581886768,-0.721237301826477
548,83396_fdb2987a_0,0.001365303760394454,0.9507785439491272
549,28379_7e292343_4,0.0011237735161557794,0.9752393960952759
550,33529_756075a0_32,0.002000129781663418,0.851374626159668
551,109857_1d24326e_42,5.373783551476663e-06,0.732205331325531
552,22772_2b5f6629_6,0.00022609064762946218,0.9962896704673767
553,34600_e2685d46_2,0.00039062995347194374,0.9857256412506104
554,122344_ab1b06aa_2,0.005238850135356188,0.905291736125946
555,123573_5f5c9584_1,0.00029291980899870396,0.7636744976043701
556,35166_562b126c_20,0.00011831801384687424,0.9954202175140381
557,51350_138f893a_1,2.7419298930908553e-05,0.7370079755783081
558,137785_67c3085b_16,0.0008464828133583069,0.9791693091392517
559,50417_199cffee_12,0.000825850700493902,0.960102915763855
560,22194_a5c323b9_3,0.0002198239671997726,0.9641363024711609
561,42329_df7f540f_18,0.0003153551951982081,0.9671077132225037
562,41779_25e4203d_6,0.0005287342937663198,0.19446468353271484
563,51094_40aa8332_20,0.0011885936837643385,0.9553903937339783
564,109762_cb162371_38,0.0011245275381952524,0.940802812576294
565,45922_26941172_9,0.0003681127855088562,0.9366233348846436
566,34587_ed155e93_0,0.00011454256309662014,0.9967090487480164
567,69589_a468c1b4_0,0.0008629723452031612,0.9817789196968079
568,44921_00dfb467_0,0.00020538328681141138,0.9499025940895081
569,82672_4705a693_0,0.00046469923108816147,0.7929719686508179
570,26778_a71e88a6_0,2.747434700722806e-05,0.9259413480758667
571,69488_7bfb2b67_0,0.00014111211930867285,0.9960788488388062
572,22686_afe3a61e_0,8.401020750170574e-05,0.48096585273742676
573,109772_5faa88e8_5,0.0003714687773026526,0.7459022998809814
574,43938_418421a7_147,0.000611566414590925,0.9159844517707825
575,141694_b5ac3112_3,0.0013452554121613503,0.48150062561035156
576,31973_093ea963_16,0.00012012384104309604,0.9245801568031311
577,26858_e90dc419_25,2.1109583030920476e-05,0.8778403401374817
578,131350_bbdad30d_0,0.00046123439096845686,0.7370198369026184
579,35741_c43475b8_1,0.00048377897473983467,0.8314040899276733
580,30690_3df2c9e2_1,0.0006757851224392653,0.9423828721046448
581,122758_5f4efbf0_2,0.001004878431558609,0.9338836669921875
582,37822_3be11c62_0,0.00015140751202125102,0.9356231689453125
583,91174_ee6ee92b_1,0.0005961470887996256,0.8603293895721436
584,23676_52069f98_31,0.0010776974959298968,0.9891440868377686
585,27958_fee329eb_1,0.00014731135161127895,0.9600404500961304
586,144534_3b4fdb09_18,0.0015619604382663965,0.5635515451431274
587,30292_0b5e0265_1,0.0017097992822527885,0.9767244458198547
588,111062_e59e2d31_0,0.003345886478200555,0.9619759321212769
589,135790_a27f9deb_77,0.0005270632682368159,0.8973413705825806
590,65842_de75838b_10,0.00033901495044119656,0.9290798306465149
591,22475_9d9601a8_3,0.00011882163380505517,0.3375769853591919
592,119884_192e3265_0,0.0006846634205430746,0.8978147506713867
593,51463_3330e3aa_2,0.0011494691716507077,0.8807212710380554
594,23231_efe613bb_4,0.0011784504167735577,0.939642071723938
595,22895_4533b542_2,0.00030309055000543594,0.9534460306167603
596,146219_5661130f_4,0.00033562295720912516,0.9927164316177368
597,38953_19054857_19,0.00026889084256254137,0.7610406875610352
598,21847_b2de7eb8_24,0.0008363309898413718,0.9433232545852661
599,51603_034939eb_12,0.00025592761812731624,0.842247724533081
600,24843_5231632c_4,0.00023428088752552867,0.8542442917823792
601,41982_f75ceb8f_4,7.424130308208987e-05,0.43523460626602173
602,42937_c573c439_2,7.261346036102623e-05,0.6947677135467529
603,61288_2d594195_0,0.0004900715430267155,0.19436830282211304
604,55006_94230c00_0,0.00018315469787921757,0.8176037073135376
605,49898_f42a885e_5,0.0005748020485043526,0.9874718189239502
606,55709_af3825c8_4,0.0006699824589304626,0.9781937003135681
607,144117_83c980ca_2,0.00013960075739305466,0.5140355825424194
608,40417_b8d98f73_7,8.4657222032547e-05,0.9436665177345276
609,53200_d1e30b87_11,0.000429705687565729,0.5288327932357788
610,147009_977ee378_4,1.5528650692431256e-05,0.8628654479980469
611,63056_a5dfd66b_4,0.0001934845931828022,0.6504088640213013
612,22205_f48b96b3_10,0.0005312463617883623,0.8790208697319031
613,51585_b695905b_4,0.0004316527338232845,0.9904423356056213
614,24084_71f37c00_1,0.0006627464899793267,0.8669912815093994
615,25815_0e853ad9_10,0.00042963397572748363,0.97313392162323
616,55030_11a6e3e8_3,0.002662546467036009,0.9759407043457031
617,23042_1184de03_5,0.00043866352643817663,0.9872351288795471
618,39719_e9629dbd_4,3.70948291674722e-05,0.5919839143753052
619,51256_ed221095_2,8.753102156333625e-05,0.9022179245948792
620,25810_93c8a71a_3,0.000553001300431788,0.9788573384284973
621,22208_e177deb7_1,0.0007473792065866292,0.9477036595344543
622,115624_d0acb46b_22,0.0003045956545975059,0.9952057600021362
623,30708_4282508b_0,5.238661105977371e-05,0.18916374444961548
624,31117_cd5cdbdb_12,0.00037881737807765603,0.8364554643630981
625,41733_1ec9b00c_32,0.000117738418339286,0.6524306535720825
626,111387_c4243097_2,9.557782323099673e-05,0.8701863288879395
627,119869_e8f0dd81_19,0.0001311727100983262,0.9012823700904846
628,34569_590239d6_0,0.0010712170042097569,0.9508283734321594
629,136318_130d6a06_23,0.00020213470270391554,0.7483842968940735
630,145132_7aea3b66_4,0.0005872129695490003,0.9923142194747925
631,41878_3aeaed3d_0,0.0013475101441144943,0.7808715105056763
632,34583_a1cf326b_0,0.00015977378643583506,0.9970758557319641
633,116581_d405b783_0,0.0012592179700732231,0.9828914403915405
634,24044_9bbe7992_3,0.0002950622874777764,0.631729006767273
635,22194_a5c323b9_2,0.0007258580881170928,0.9345835447311401
636,142076_08d80e12_21,4.005989831057377e-05,0.822760820388794
637,55817_6ac2912d_7,6.595916056539863e-05,0.28871971368789673
638,21165_5cb2d287_2,0.00010028766700997949,0.7886788249015808
639,39796_45dcdc7d_0,0.0038554249331355095,0.949998676776886
640,33044_7fdd9213_1,0.0011453600600361824,0.9696484208106995
641,23731_3fe5b501_6,0.00011612559319473803,0.8214954137802124
642,32743_f4c47bbc_31,0.0005615136469714344,0.9478039741516113
643,108775_4908fba2_21,0.0004203376010991633,0.9626455903053284
644,21941_1a683ec2_19,0.000884003471583128,0.9347556829452515
645,27682_04277f62_18,0.000690344488248229,0.9682967066764832
646,25815_0e853ad9_4,0.00023512243933510035,0.9848275184631348
647,30261_723e95cf_2,0.0005487514426931739,0.976871132850647
648,21385_601444ba_102,0.0007505499524995685,0.964695394039154
649,30368_d7fd30ce_7,0.00015211067511700094,0.9426349401473999
650,55605_2f8bc12e_3,0.00139483786188066,0.7723020911216736
651,24650_dad8c8ee_15,7.130705398594728e-06,0.7775256633758545
652,34227_48203345_7,0.0010022931965067983,0.9720568060874939
653,113348_ac85cba3_1,0.0006087365909479558,0.9346275329589844
654,26552_25c5924a_1,0.00014635447587352246,0.9439570307731628
655,55381_cbaffe9b_0,0.00013164232950657606,0.9635578393936157
656,55817_6ac2912d_25,0.0004352653049863875,0.9884324073791504
657,138947_0778db40_4,0.0002549256314523518,0.9003081321716309
658,52788_07f7da63_0,0.0003686097334139049,0.9084976315498352
659,70355_e5f58cd5_6,0.00017694089910946786,0.7020261287689209
660,51744_cd355565_8,0.0010080200154334307,0.7933355569839478
661,41227_90e1c07c_16,0.0006678196950815618,0.9831824898719788
662,45359_1768ab3f_42,0.0034720497205853462,0.6335701942443848
663,41783_d1c10326_3,8.038613304961473e-05,0.7413994073867798
664,32960_0eaa1de8_13,4.71936546091456e-05,-2.4070076942443848
665,34674_32ee1595_3,0.0011495193466544151,0.9610112309455872
666,136885_23632908_1,0.0020264247432351112,0.27683091163635254
667,136808_00592735_3,0.00015120541502255946,0.9671047329902649
668,45589_49e3c7ea_5,0.0001384515780955553,0.9971497654914856
669,141665_0564e852_3,0.000808900804258883,0.8068391680717468
670,50897_3be92e2f_18,0.00011550466297194362,0.9973026514053345
671,84256_4164b724_3,0.0003516729630064219,0.6625767946243286
672,22994_e6ad8f2b_10,0.001326522440649569,0.950767993927002
673,28295_0dc908b9_8,0.00028349843341857195,0.9111981391906738
674,23329_6939d5d9_5,0.00015620907652191818,0.8267136812210083
675,123665_0a0da5c7_3,1.7464997654315084e-05,0.8636631965637207
676,121172_0ac63503_7,0.00038595011574216187,0.9269134402275085
677,50941_2a8a8c76_0,0.00016411553951911628,0.9967454075813293
678,37846_cde34fcd_66,0.0005265347426757216,0.9116294980049133
679,56040_9b1307eb_21,0.0019077507313340902,0.702857494354248
680,146535_229c95bc_1,2.9426430046441965e-05,0.8651725649833679
681,50947_49287c16_2,0.0012887059710919857,0.9789358377456665
682,95622_0a0787e4_5,0.00026572056231088936,0.8561940789222717
683,25432_f13e5110_0,0.0006109377136453986,0.9807609915733337
684,32454_e959e3cf_0,0.0007633739151060581,0.9785165190696716
685,65858_61e9b51a_18,0.0009751270990818739,0.7775453329086304
686,70350_751de4b0_3,0.002200155518949032,0.6958385109901428
687,129239_0d49310c_15,0.0003997722524218261,0.8476309180259705
688,31008_8fa25b35_8,0.00027198324096389115,0.9425686597824097
689,55306_795d845b_2,3.7179594073677436e-05,0.763698935508728
690,29729_e8bb36f1_2,0.000452220207080245,0.46709972620010376
691,67283_4097cbd6_5,0.0002221637114416808,-0.8889570236206055
692,23904_811e466f_4,9.609132393961772e-05,0.9193828701972961
693,116076_12d31fb7_1,0.0007605822756886482,0.8855464458465576
694,45302_02d7e3bc_0,0.0012218427145853639,0.6926823854446411
695,60977_4bb093ec_1,0.0004976558266207576,0.9778243899345398
696,49017_76979790_8,0.0007160775712691247,0.8642750978469849
697,146321_0dbae658_10,3.6027654459758196e-06,0.6369439363479614
698,102194_150e3faf_3,0.0001427292445441708,0.9956285357475281
699,34769_44655d03_5,0.00013847002992406487,0.8451664447784424
700,38953_19054857_6,0.0010177072836086154,0.16461002826690674
701,55397_ad24603f_1,7.594542694278061e-05,0.921169638633728
702,21908_385686ec_15,0.0005398446810431778,0.97394198179245
703,60721_57103153_4,0.0003214564057998359,0.485343337059021
704,98701_7cd4ec8d_0,0.0015432011568918824,0.9719693660736084
705,91703_642cdf1a_1,0.0002785153628792614,0.9947611093521118
706,26661_ab88a525_5,0.0009557590237818658,0.7589080333709717
707,51940_67bb0219_21,0.0001080848160199821,0.7696650624275208
708,22543_684108ff_22,8.235905261244625e-05,0.9181594848632812
709,145250_cde4d039_8,0.0002595955738797784,0.7077439427375793
710,20232_e5b060d9_6,3.666203701868653e-05,0.9334471225738525
711,128043_d4650350_0,0.0010749452048912644,0.9855654835700989
712,140530_30edf2c4_0,0.0006547003285959363,0.447473406791687
713,131814_9af6d05a_0,0.0006251750164665282,0.9059932231903076
714,26245_4aac38e1_9,0.00022101099602878094,0.9076758027076721
715,30282_88c6933c_14,0.0010383878834545612,0.9601595997810364
716,32322_71d0035e_1,0.00028651239699684083,0.9852994680404663
717,131762_d10609a4_1,0.0009619225165806711,0.9565498232841492
718,54812_5f7b7aba_2,0.00021694025781471282,0.9047613143920898
719,135830_8fb36dac_4,0.0017729218816384673,0.9214970469474792
720,139280_8874b1ab_4,9.444291208637878e-05,0.7971370220184326
721,49904_639055dd_1,0.0002449614694342017,0.9719231724739075
722,53601_59d3ecd2_0,0.0012232857989147305,0.9498488903045654
723,50047_54241fe3_12,0.00029262073803693056,0.9773497581481934
724,136925_70fb0381_3,0.00045273511204868555,0.9722948670387268
725,87488_95f678ce_0,0.001395988161675632,0.9691805839538574
726,137166_90691294_2,9.926418715622276e-05,0.933993399143219
727,44030_17bd5ec9_11,4.454279405763373e-05,0.9294185042381287
728,137396_b5f6bec4_5,0.00015298208745662123,0.9954051971435547
729,21900_760d2078_10,0.001480301027186215,0.9785569310188293
730,21185_ac5324ba_5,0.0013721475843340158,0.9572057723999023
731,31132_2320d049_4,0.00018291943706572056,0.9966727495193481
732,82281_80cdf67c_4,8.218648872571066e-05,0.7926650047302246
733,38287_88ec74de_15,0.00020848566782660782,0.9959624409675598
734,136128_831e37a6_0,0.0007315986440517008,0.9186113476753235
735,21330_f0cee934_18,0.00029519537929445505,0.8062417507171631
736,34109_5a868eae_10,0.0008216220303438604,0.9214462637901306
737,21174_861bd902_2,0.0008148207562044263,0.9289830327033997
738,49783_365bec9e_6,0.0006033653044141829,0.9818997979164124
739,24429_ace910b3_8,7.1821268647909164e-06,0.5796743631362915
740,22772_2b5f6629_4,0.00046889472287148237,0.8801140785217285
741,53927_ef5208b9_14,0.0018993460107594728,0.9208706617355347
742,56250_3b6024e3_54,0.0005074676591902971,0.9889101386070251
743,23522_5c2ec58e_8,0.001176449004560709,0.9629299640655518
744,121177_93fb3127_10,3.6624282074626535e-05,0.9335377812385559
745,138840_b7f948ea_2,0.0006124750943854451,0.9376618266105652
746,41125_711db4bf_6,0.0009555462165735662,0.9773992896080017
747,102606_28922dfc_0,0.0009250895818695426,-8.726837158203125
748,31530_6744ae73_50,0.001629674923606217,0.9709251523017883
749,50598_eae0df5a_1,5.837793287355453e-05,0.8932549953460693
750,145726_19ccdbda_12,0.000230158053454943,0.9261929988861084
751,41469_b94cf3e4_0,0.0008221076568588614,0.8314921855926514
752,147009_977ee378_1,0.0006292978650890291,0.9395121335983276
753,24267_8a216138_10,0.0004916321486234665,0.9600865244865417
754,63071_3d434a33_16,0.0004548822180368006,0.9757302403450012
755,34436_ffc43a58_4,0.00039377904613502324,0.660304069519043
756,50692_e7ff2668_4,0.0002949971240013838,0.881797194480896
757,146642_883a71d2_9,0.0019463448552414775,0.9692627787590027
758,109772_f1a0845e_7,0.0007105430704541504,0.9834191799163818
759,136640_16741d62_1,0.000599501421675086,0.8477888107299805
760,21680_360ba5c7_11,0.0005801500519737601,0.7642935514450073
761,27729_09d75da1_2,0.0005331548163667321,0.9848132133483887
762,82148_5df06ed9_19,0.0023383714724332094,0.8375668525695801
763,55287_8a57a3db_1,0.0009332688059657812,0.942586362361908
764,53221_74fa81cd_5,0.0004549565783236176,0.7818150520324707
765,30417_0010bc7c_39,0.0006136572919785976,0.9520986676216125
766,23706_ef15ef9c_40,0.00011166060721734539,0.9840628504753113
767,140763_e14274f8_3,0.0002189913793699816,0.8342162370681763
768,23602_5daaccf5_3,0.0003117641026619822,0.9494602680206299
769,30282_88c6933c_9,0.0006398586556315422,0.9597492218017578
770,56824_0fc773f6_0,0.0007793614058755338,0.9555701613426208
771,42410_d3b5588e_1,0.0005477435188367963,0.9167779088020325
772,55055_dd27a8a4_0,0.00015877417172305286,0.9970940351486206
773,115633_a2c63339_6,0.0005991168436594307,0.33674418926239014
774,73651_a41647f8_5,4.3361796997487545e-05,0.8319104313850403
775,33413_060ce192_32,0.0005669756792485714,0.9564447999000549
776,97331_a482fa9b_0,0.0012951198732480407,0.7263148427009583
777,23476_705b76d1_0,0.0001199872640427202,0.9953067898750305
778,32566_7bfc936b_6,0.0015473002567887306,0.985376238822937
779,41717_eb1c1e6b_0,0.0017836519982665777,0.8570651412010193
780,60720_ef9a0a95_8,0.0002734312729444355,0.4155881404876709
781,138700_ab763a46_202,4.414328486745944e-06,-1.4360847473144531
782,38287_88ec74de_17,0.001483323285356164,0.7560528516769409
783,135535_0bd0048d_0,0.0012905874755233526,0.9805622100830078
784,21797_69df08d5_7,0.002821033587679267,0.9775397777557373
785,65350_b3fa8f4f_47,0.0009305576095357537,0.9957171082496643
786,41714_1d49f4d1_3,0.0006907085189595819,0.9228203296661377
787,66012_a13e1644_1,0.000351833674358204,0.8507981300354004
788,22652_564979ff_11,0.00034944142680615187,0.7402437925338745
789,25127_ecba81df_23,0.0009039750439114869,0.41005367040634155
790,47548_db93c988_4,0.00024636814487166703,0.39729803800582886
791,55927_f8b31711_5,0.0017476507928222418,0.9065279364585876
792,31647_ab9ad9dc_2,0.0009529509698040783,0.8711908459663391
793,41128_ee74f244_8,0.0005650889943353832,0.8453428149223328
794,20959_d4905d19_4,0.00014265062054619193,0.9650021195411682
795,52009_a2b75078_3,0.0022315208334475756,0.977525532245636
796,22201_473a3a65_16,0.0010811915853992105,0.8535306453704834
797,29442_365e23df_30,0.001144496607594192,0.9676292538642883
798,51859_6b2fd0f1_8,0.0002144291647709906,0.9926771521568298
799,140413_44177109_15,0.0001331544917775318,0.8818928003311157
800,21822_7d3db422_11,0.0010816901922225952,0.9699425101280212
801,24168_a0ede173_100,0.0002521718561183661,0.8180093765258789
802,145532_c2304f89_1,0.0008127886103466153,0.8861831426620483
803,104641_2cd02839_13,3.950720565626398e-05,0.8468728065490723
804,23679_81ef9e37_2,0.0004432249115779996,0.8943946957588196
805,95271_de3df8d5_2,2.6370209525339305e-05,0.8730289936065674
806,41401_e4117da2_0,3.059182927245274e-05,0.33341866731643677
807,48006_babdf4af_9,0.0004082003724761307,0.9952729344367981
808,142246_0851be5e_32,0.0022770182695239782,0.9622139930725098
809,33615_7bab1106_4,0.0005079322727397084,0.9663901925086975
810,31117_cd5cdbdb_18,0.0003527965454850346,0.9946598410606384
811,34914_8911676d_0,0.00046584344818256795,0.9615958333015442
812,55501_a09e4ced_2,1.744818473525811e-05,0.34459012746810913
813,41128_ee74f244_9,0.0004820245085284114,0.8404375314712524
814,142246_0851be5e_22,0.0015392564237117767,0.7208276391029358
815,22413_901f5867_0,5.251627953839488e-05,0.8410586714744568
816,56490_0a0fba77_0,9.729682642500848e-05,0.9724028706550598
817,93676_4f934980_1,0.00028240654501132667,0.37393635511398315
818,146642_883a71d2_96,0.0008857337525114417,0.9033234119415283
819,24032_d6172503_3,0.0004783221229445189,0.9189121127128601
820,44221_25c62f03_1,0.00014087295858189464,0.9973908066749573
821,50315_0f1419bf_33,0.001802995684556663,0.8250014781951904
822,133389_0938a905_2,0.00010314306564396247,0.9738230109214783
823,24824_cf51e5b6_4,0.0011043549748137593,0.7928299307823181
824,33970_32f36442_3,0.000495653657708317,0.9845433831214905
825,29359_bbfab271_2,0.0005449834861792624,0.9040594696998596
826,23172_4ab01e83_0,0.00033771368907764554,0.9917925000190735
827,98511_1b46a85e_45,0.000542801630217582,0.9847446084022522
828,98511_1b46a85e_46,0.0005412257160060108,0.9840878844261169
829,34248_cc11976c_0,0.0003923944605048746,0.9855018258094788
830,104003_46555fb2_0,0.0002720151678659022,0.3951103687286377
831,34520_035b5e9a_8,0.0002315644669579342,0.9204152822494507
832,38397_93d5d7de_12,0.0019029906252399087,0.9736350178718567
833,130023_93b3ca95_1,0.0005599606083706021,0.80290687084198
834,83213_47c49876_1,0.0002449322782922536,0.9719269871711731
835,43928_6ca53538_63,0.0019022367196157575,0.9557638168334961
836,82779_b7b722e3_9,0.0007402091869153082,0.9115947484970093
837,134967_0f27ef51_1,0.00022043744684197009,0.8350830078125
838,86024_714b24f4_1,0.00012091674580005929,0.9952629804611206
839,40807_58058731_11,0.00042940492858178914,0.9352390766143799
840,26750_cd3cb3ff_0,0.0009628379484638572,0.983298122882843
841,126913_d253adb7_2,0.0005856694770045578,0.8844425678253174
842,24268_2804c9ff_13,0.0008611686644144356,0.9776004552841187
843,45542_320c16fd_3,0.00018679500499274582,0.9962863326072693
844,22342_274ed8a6_1,0.0004779099253937602,0.8964971899986267
845,133385_e6aa64d8_17,5.680213507730514e-05,0.772298276424408
846,143509_1dd5212d_3,0.0006191657739691436,0.9817385077476501
847,47989_3ff0f41d_0,0.001541502890177071,0.9561473727226257
848,21822_7d3db422_14,0.002106248866766691,0.9695853590965271
849,21517_bfe35b4c_12,0.00035387405660003424,0.3822687864303589
850,52883_e518d3f4_10,0.00020556467643473297,0.9666257500648499
851,41871_f9a1ad02_14,0.0008366559632122517,0.916300892829895
852,37016_455093c1_2,0.00028123208903707564,0.8492340445518494
853,31117_cd5cdbdb_78,0.0009247577982023358,0.9928287863731384
854,129239_0d49310c_22,5.920447802054696e-05,0.8281038999557495
855,30400_8824ce97_6,0.0017603480955585837,0.9631940126419067
856,53233_8dbca22c_8,0.0006802435964345932,0.952284574508667
857,40514_bb61631d_25,0.00047815300058573484,0.894216775894165
858,24053_53349e4d_2,0.0001131182216340676,0.8544209003448486
859,41917_f0c40fa1_16,0.00032224543974734843,0.9923767447471619
860,22543_684108ff_5,0.0012372484197840095,0.9509495496749878
861,138636_c1153075_0,0.00018546094361227006,0.834450364112854
862,24448_75004b6c_6,0.000321026163874194,0.9897790551185608
863,24831_bbd3e098_8,8.00043490016833e-05,0.9216033220291138
864,53221_74fa81cd_3,0.0002785197866614908,0.9247087240219116
865,76879_65a30a82_4,0.00011531368363648653,0.8114935159683228
866,108773_f9384cff_10,2.69067950284807e-05,0.7160348892211914
867,33671_0e9c6ca3_5,0.00020056207722518593,0.9840704798698425
868,93103_fdb9fcb7_15,0.0008265407523140311,0.9554007649421692
869,137675_d2bd633e_0,0.0006881259614601731,0.5690319538116455
870,21893_0500d043_32,0.0006639484199695289,0.5659335255622864
871,22110_0bc70e9f_1,0.000996857532300055,0.3873758912086487
872,43152_b5472481_1,0.0002365042018936947,0.9111875891685486
873,115717_40314bc2_1,0.0016356410924345255,0.8570864200592041
874,102943_ca9e7968_0,7.287642802111804e-05,0.9008364081382751
875,136401_69f29349_0,0.0014000532682985067,0.07133007049560547
876,28542_3c922564_0,0.000634154595900327,0.7687538862228394
877,24267_8a216138_6,0.0007130742305889726,0.9608936309814453
878,84374_272a9731_7,0.000812050246167928,0.8929349184036255
879,23531_1ecc8346_18,0.0017979784170165658,0.9824619889259338
880,41871_f9a1ad02_30,0.0011600840371102095,0.964838981628418
881,132461_14abd2d0_0,2.0008394130854867e-05,0.44142186641693115
882,37617_3f415463_2,3.437336999922991e-05,0.9438312649726868
883,41696_de0790a1_1,0.0006018029525876045,0.9866364002227783
884,54657_2a66e0de_20,0.0002675356809049845,0.9754332900047302
885,24425_0dc4b306_0,0.00047454374725930393,0.9535260796546936
886,146667_fe438b5b_0,0.00011674822599161416,0.9955598711967468
887,23048_8a1a5553_8,4.699721102952026e-05,-0.26452481746673584
888,51871_86ebf5b2_17,0.0011115350062027574,0.796515166759491
889,30664_a3084f71_6,0.0008801420917734504,0.9459934830665588
890,139801_97e2ca6a_5,0.00036570080555975437,0.9251255989074707
891,22278_12f1fb79_13,0.0011669794330373406,0.9240800738334656
892,22776_facf9bcf_8,0.0011729850666597486,0.9600763320922852
893,40500_6055e3d7_15,0.00931035540997982,0.9071412086486816
894,35740_5322d674_13,9.072291140910238e-05,0.9448072910308838
895,39792_60786b6c_12,0.00047549509326927364,0.9827377200126648
896,115524_4a411f7e_0,0.00028803691384382546,0.934568464756012
897,24131_3ea7d5a8_17,0.0007943174568936229,0.9616856575012207
898,100326_0602c712_2,0.0015908872010186315,0.9494668245315552
899,34571_25c64838_2,0.0009878656128421426,0.9414507150650024
900,143534_4f65fd1a_0,0.00038199048140086234,0.8708522319793701
901,101446_95204330_1,0.0003057647554669529,0.8061648011207581
902,41749_14d0599c_10,9.71402769209817e-05,0.7164980173110962
903,55715_525d1d3e_12,0.00023451696324627846,0.30437958240509033
904,45307_b9b4bca0_30,0.001142529770731926,0.9918172359466553
905,22654_4c426b0f_0,0.0010516183683648705,0.8683114051818848
906,22670_9353c710_4,0.0005129640339873731,0.8426938652992249
907,99445_94c22a37_11,0.00030797492945566773,0.995424211025238
908,132811_57264a28_4,0.0005298237665556371,0.95671546459198
909,23258_87a2ba81_3,0.0001540182565804571,0.7565441727638245
910,50777_2934de55_22,0.00044716979027725756,0.9841265082359314
911,98418_4185a7fb_0,0.00041222997242584825,0.9900131821632385
912,43441_e1ab0873_2,4.08363230235409e-05,0.5051681995391846
913,24271_dbc0fd2d_12,0.00022515030286740512,0.9504412412643433
914,38944_0d0c3fce_0,0.0015862438594922423,0.9897236227989197
915,40624_e1c5c424_11,9.595358278602362e-06,0.7583311796188354
916,100028_0c3a8f1c_13,0.00036253302823752165,0.9953368306159973
917,40491_ac67bf4c_13,0.00029245790210552514,0.9945141673088074
918,25416_1deb9c75_0,0.0006786935264244676,0.8825167417526245
919,21657_2651585a_6,0.00028130848659202456,0.9850895404815674
920,21986_67c5509a_15,0.00025665375869721174,0.9681559801101685
921,32288_34013274_2,0.0011598587734624743,0.8036841750144958
922,55373_ddd74d2f_0,0.0012686301488429308,0.8361530303955078
923,26245_4aac38e1_0,0.00045773989404551685,0.9737722873687744
924,33044_7fdd9213_0,0.00035136952647008,0.9372634887695312
925,31530_6744ae73_48,0.0017289493698626757,0.9832981824874878
926,25555_fd3d9a3c_1,4.583937698043883e-05,0.9356440901756287
927,54175_7d864ace_6,0.0002906078298110515,0.9347385764122009
928,72950_5074f5a3_0,0.0005925162113271654,0.6083142161369324
929,129618_2962c248_0,0.0013674815418198705,0.9771605134010315
930,52012_77070fda_10,4.179457755526528e-05,0.9344557523727417
931,28295_0dc908b9_7,0.00044491307926364243,0.8804841041564941
932,144419_90e59d67_2,2.9492193789337762e-05,0.6740784049034119
933,22734_f6bad9f7_24,0.0026217687409371138,0.9188617467880249
934,22604_0b4ffb43_14,0.00015877417172305286,0.9970940351486206
935,81996_b3752ed2_3,0.00013619453238788992,0.877776563167572
936,24504_493cee15_8,0.0016137866768985987,0.9357422590255737
937,39124_28e99e62_1,0.00011772850848501548,0.8675309419631958
938,29725_0ad4937e_1,0.00012114615674363449,0.781026303768158
939,109232_04340d62_6,0.00015086181520018727,-1.7442514896392822
940,129075_8fbf62e5_0,0.00030308999703265727,0.7601395845413208
941,102937_18c3cb6a_4,0.0005463502020575106,0.980844259262085
942,52551_8098346a_5,0.000356900884071365,0.37916749715805054
943,128043_6947b64c_0,0.0019546851981431246,0.8871612548828125
944,119030_292009a7_41,0.0007469420088455081,0.8904313445091248
945,48526_5aecac8a_0,0.00037874176632612944,0.9362244606018066
946,32541_86f7df73_4,0.0004439156618900597,0.577689528465271
947,55114_7bf17f6a_0,0.0011793342418968678,0.914505124092102
948,55285_6816da52_1,0.0023749656975269318,0.9486000537872314
949,37683_e2cca100_17,0.00015183736104518175,0.7609488368034363
950,78775_e2d8b091_15,0.0012525604106485844,0.9590457081794739
951,93199_2146e709_2,0.00032800977351143956,0.961275577545166
952,135595_656de97a_14,0.0002091893256874755,0.8500196933746338
953,24284_3710e946_16,0.00019427486404310912,0.9955986738204956
954,135521_30553c91_2,7.714559615124017e-05,-0.11887669563293457
955,29732_fb15318c_5,0.00017571967327967286,0.8330775499343872
956,88060_389bdff4_0,0.0006237426423467696,0.9620426297187805
957,27839_4a077326_28,0.0010081966174766421,0.9750192165374756
958,100435_87bf423d_8,0.00018344919953960925,0.9963852167129517
959,25365_bb0e4ede_44,0.0003025066398549825,0.5709667801856995
960,146169_144d8264_0,0.0010073772864416242,0.9945594072341919
961,23342_7193a931_3,3.4328491892665625e-05,0.8988636136054993
962,57000_cd1ddece_12,0.00015556336438748986,0.9968898296356201
963,119790_1ed376f0_3,0.00031152620795182884,0.6600009202957153
964,72522_e9e87960_4,0.00028876325814053416,0.9945800304412842
965,65366_f618b577_2,0.0002191360981669277,0.8092492818832397
966,55707_c78416ed_35,0.0011684887576848269,0.9389351606369019
967,70321_eccffc7e_0,0.0006468392093665898,0.8324318528175354
968,120143_b5756e6b_0,0.001603981596417725,0.7772513031959534
969,27726_aca43af4_35,4.5452114136423916e-05,-1.111753225326538
970,31361_72aab333_20,0.0005795707111246884,0.81580650806427
971,121949_e10b5e85_12,0.000536229636054486,0.9851891398429871
972,146399_0e4b73c4_13,0.0008299061446450651,0.9829627871513367
973,41134_fc146947_6,0.0007518575876019895,0.6485047936439514
974,21237_7887a24b_35,0.00017125248268712312,0.292011559009552
975,24885_55e20ddf_3,7.268299668794498e-05,0.9281915426254272
976,34914_8911676d_23,0.00016981556836981326,0.9698196649551392
977,21803_8a36dcda_12,0.0015247190603986382,0.9489806294441223
978,41306_8f26e703_5,1.3705330275115557e-05,0.8520486354827881
979,25118_f50fdc69_10,5.919420436839573e-05,0.9135441780090332
980,25473_0991d519_9,0.0004744818725157529,0.9881184101104736
981,126585_86fa26cb_0,9.80585755314678e-05,0.878899097442627
982,145691_69484976_9,0.0009503284236416221,0.9145539999008179
983,60729_c51868ec_0,0.0004662538121920079,0.7431401014328003
984,123929_e7dbad2c_0,0.0007462220382876694,0.645535945892334
985,69649_70b07cac_0,0.00010615141218295321,0.9976552128791809
986,55135_f1186d58_9,7.298395939869806e-05,0.9090728759765625
987,20838_86c931be_2,0.0003594154550228268,0.9553138613700867
988,45242_626509cb_11,0.0002049145841738209,0.909447431564331
989,34983_439766af_13,0.0007241230923682451,0.9924679398536682
990,53453_fb0f1640_1,0.0022913136053830385,0.9304420351982117
991,23255_972fbfe6_25,0.0003205852990504354,0.9898948669433594
992,24168_a0ede173_203,0.002050618175417185,0.9885953664779663
993,55476_1473d91f_0,0.0010162412654608488,0.48191380500793457
994,55111_ef389075_1,0.0007909330888651311,0.9697698354721069
995,141710_17531562_1,0.0004680538841057569,0.9607009291648865
996,96601_b89e6252_1,6.486730853794143e-05,0.6550395488739014
997,135790_a27f9deb_43,0.0054486715234816074,0.9301909804344177
998,121363_746708db_0,0.0005294481525197625,0.796288788318634
999,136886_3aa46890_0,0.00032608277979306877,0.8784163594245911
1000,50315_0f1419bf_19,0.0006225696997717023,0.9914365410804749
1001,37846_cde34fcd_14,0.00030462315771728754,-2.444173812866211
1002,24816_ef81ad4c_1,0.00017301122716162354,0.9381345510482788
1003,75646_4baf69b2_7,0.0016674690414220095,0.9766501188278198
1004,140155_81f9ac63_0,0.0002707975800149143,0.9324390888214111
1005,51603_034939eb_10,0.0008365347748622298,0.9536563158035278
1006,30435_c97330d2_0,4.495736720855348e-05,0.9239850640296936
1007,27839_4a077326_27,0.00030457883258350194,0.983439028263092
1008,55627_971fde61_34,0.0014527220046147704,0.8876904249191284
1009,134909_ef3d003c_0,0.00014733365969732404,0.8554616570472717
1010,33413_060ce192_51,3.9879732867120765e-06,0.4474567770957947
1011,22245_ca848576_12,0.0002552542428020388,0.7019033432006836
1012,52039_ba12c3ac_1,0.00015376106603071094,0.996925950050354
1013,39707_358f88df_2,0.0005692633567377925,0.39379292726516724
1014,50014_33f250c8_3,0.0017302227206528187,0.9842177033424377
1015,52987_387431ac_1,0.0011629682267084718,0.9201469421386719
1016,33501_b1ee5058_15,0.00014735289732925594,0.9970698356628418
1017,82168_4844bddd_1,0.00026475833146832883,0.9642527103424072
1018,30384_95e72fc2_4,5.1812043238896877e-05,0.42936885356903076
1019,23554_a0845d54_2,0.0004924456006847322,0.5883517265319824
1020,23800_65e0a5d1_0,0.00017566185852047056,0.446402907371521
1021,41128_ee74f244_0,0.0005552956718020141,0.44251471757888794
1022,143019_22dbd3e6_2,0.0005370595608837903,0.9829605221748352
1023,79993_6087acd5_8,0.0018360402900725603,0.9419161081314087
1024,21422_b2a6bf27_0,0.00022307681501843035,0.9963220953941345
1025,25487_dd2c17e8_21,0.00043400126742199063,0.6146409511566162
1026,22654_4c426b0f_10,4.9784361181082204e-05,0.6656769514083862
1027,30368_d7fd30ce_6,2.2340467694448307e-05,0.5221928358078003
1028,57249_6bd2af3c_2,0.00012567045632749796,0.9953640103340149
1029,57029_3ab80a22_0,0.0004916506004519761,0.902466356754303
1030,79906_052c7eb4_3,0.0005879907985217869,0.872544527053833
1031,82996_b8dc67c9_10,8.379080827580765e-05,0.884365975856781
1032,119884_192e3265_1,0.000559048552531749,0.7450323104858398
1033,21225_c081eae3_10,0.0013087941333651543,0.9249640703201294
1034,121949_e10b5e85_1,0.0003534177376423031,0.9105708003044128
1035,81994_ba8916c9_5,5.020670869271271e-05,0.9561299681663513
1036,22447_4062c6cb_29,0.00020486144057940692,0.9965441823005676
1037,55044_ee57bac8_1,0.00015541572065558285,0.4095114469528198
1038,41871_f9a1ad02_13,0.0020768651738762856,0.9883354902267456
1039,74688_a5168a45_2,1.396734660374932e-05,-2.001077651977539
1040,23218_02d26ab4_4,3.5820929042529315e-05,0.9176103472709656
1041,41205_dc60aa5d_0,0.00045085669262334704,0.8879151344299316
1042,41979_ca698776_0,0.00023313984274864197,0.9521851539611816
1043,141453_50ec6f25_7,0.0002771893050521612,0.9921480417251587
1044,97143_5424c420_0,0.0005239106249064207,0.865544319152832
1045,41986_26275a06_2,0.0002144933387171477,0.9797804951667786
1046,136800_c5e4d711_2,0.00020008892170153558,0.7265077829360962
1047,101635_11b839a3_5,2.668219713086728e-05,0.7814029455184937
1048,55866_b041060d_0,0.0002072928473353386,0.9873124361038208
1049,53846_89405f98_0,0.0007460116175934672,0.8475815653800964
1050,27725_5cceaeb7_1,0.001199624384753406,0.89175945520401
1051,146137_92faaea5_9,0.0015505942283198237,0.875759482383728
1052,41211_11f6b8a0_4,0.00014897232176735997,0.9386473298072815
1053,21330_f0cee934_46,0.000155386864207685,0.9968933463096619
1054,127188_5fecd146_4,3.750410905922763e-05,0.9484657645225525
1055,135949_06517574_8,1.3103041055728681e-05,0.8641613125801086
1056,68928_0d4e4a2e_24,0.0012706218985840678,0.9201033115386963
1057,50410_f8f03667_38,7.398580692097312e-06,0.490645170211792
1058,142999_171240b6_21,9.653075539972633e-05,0.9286267161369324
1059,144709_642fc665_0,0.0008415909833274782,0.9172943234443665
1060,53232_f8760054_10,0.0003225125255994499,-2.0867161750793457
1061,22372_e91792a1_0,3.0460283596767113e-05,0.6093460321426392
1062,21767_53eaa558_12,0.003955390304327011,0.9488867521286011
1063,32220_1fd19c5e_0,8.94491167855449e-05,0.90810227394104
1064,22886_a6331748_1,0.0005452885525301099,0.9499366283416748
1065,130996_b842b511_12,0.00024980082525871694,0.9769755005836487
1066,55571_74a416b1_1,0.0001332103565800935,-0.12997758388519287
1067,70169_914780d4_1,0.00026156275998800993,0.9003971219062805
1068,23156_7788f78a_6,0.0019239576067775488,0.9860785603523254
1069,124496_20e20439_10,8.436587813775986e-05,0.8145749568939209
1070,76300_7cb02add_1,0.0005242610932327807,0.922370433807373
1071,21647_6b6cca6f_10,0.00045370671432465315,0.7523634433746338
1072,22734_f6bad9f7_23,0.001539075979962945,0.9358844757080078
1073,94176_0a6c42ab_2,7.942532647575717e-06,-0.45762431621551514
1074,24048_d731886d_9,0.001267808023840189,0.8602570295333862
1075,25487_dd2c17e8_30,0.001583700068295002,0.2841113209724426
1076,115717_40314bc2_4,5.025803329772316e-05,0.8365218639373779
1077,125592_875faf40_0,0.00142192211933434,0.9339991211891174
1078,41871_f9a1ad02_44,0.0007738773128949106,0.9453271627426147
1079,146642_883a71d2_8,0.00016393739497289062,0.960002064704895
1080,136883_076fbff9_31,0.00015848038310650736,0.47578108310699463
1081,60766_fb8715eb_3,0.0006370951305143535,0.9534094333648682
1082,30818_33617072_0,0.002252936828881502,0.8859338164329529
1083,130679_7a357a9c_18,0.003454997669905424,0.7967664003372192
1084,55306_795d845b_0,4.0193477616412565e-05,0.9138362407684326
1085,135934_d2f6bb2e_33,0.0001331970124738291,0.8224204778671265
1086,111054_e45a0d40_7,0.0033976708073168993,0.9671332836151123
1087,36826_d9269c2e_10,0.0004282565205357969,0.970910906791687
1088,37619_ae810a8d_7,5.1315960263309535e-06,-1.343688726425171
1089,22343_34184fd5_22,0.00017840033979155123,0.4478435516357422
1090,113020_de552f8d_0,0.000216316751902923,0.8647298812866211
1091,20216_89b90993_0,0.0032363480422645807,0.7843942046165466
1092,23325_292b3294_16,0.0013452393468469381,0.8720211982727051
1093,23522_5c2ec58e_9,0.0006665398832410574,0.9493914842605591
1094,146624_359752bb_20,5.089466867502779e-06,-1.565701961517334
1095,104990_11b4aeee_1,0.0002160768344765529,0.995060920715332
1096,90917_4670b560_0,0.001843907404690981,0.9641632437705994
1097,54818_59adf8c2_5,0.0005437718355096877,0.5297356247901917
1098,34109_5a868eae_3,0.00021922292944509536,0.6423406600952148
1099,23161_e7f63a9f_2,0.0005699748871847987,0.9484264850616455
1100,37160_2a95674a_27,0.000901662977412343,0.684978723526001
1101,61280_8bdbc90f_0,0.0006928135990165174,0.9751178026199341
1102,55083_dac1f9cc_2,0.00045376268099062145,0.9622243642807007
1103,34341_d19b12fb_14,1.3755165127804503e-05,0.8631901741027832
1104,54516_ac9e2ef4_61,0.001332961954176426,0.7786651253700256
1105,24559_3c306e71_2,8.521073323208839e-05,0.8265408277511597
1106,105831_88a0fb85_1,0.0006111461552791297,0.9767802357673645
1107,32743_f4c47bbc_19,0.0017996719107031822,0.6655957102775574
1108,40500_6055e3d7_18,0.0007797734579071403,0.9625688791275024
1109,22862_f5406bb0_0,0.0005272158305160701,0.9915187358856201
1110,141081_ae61ec46_0,0.00031247976585291326,0.9954764246940613
1111,135112_cf8007b8_4,0.0012847628677263856,0.980509877204895
1112,131442_1512d9ff_5,7.006035593803972e-05,0.8517364859580994
1113,145132_7aea3b66_1,0.0016080910572782159,0.9939135313034058
1114,41871_f9a1ad02_45,0.0006067578797228634,0.8830501437187195
1115,51775_49ef614a_1,0.0005748143885284662,0.8371294736862183
1116,143293_fc5b0ff7_23,0.00022894726134836674,0.5817238092422485
1117,51547_a7e01c38_6,3.325133366161026e-05,0.9523588418960571
1118,114021_44c3c39c_2,8.537296525901183e-05,0.7871612310409546
1119,123766_c5a4cf5e_0,0.00010828383528860286,0.3096081614494324
1120,23031_0d684603_8,0.0004948405548930168,0.7867109775543213
1121,132996_c742ef84_4,0.0029473614413291216,0.5910009145736694
1122,137096_5d77f285_1,0.00105393270496279,0.874205470085144
1123,27072_b4756e8c_2,0.0007396659348160028,0.8327106237411499
1124,51915_e704f5dd_2,0.0006424975581467152,0.8995263576507568
1125,132811_57264a28_13,0.00020630487415473908,0.9965267777442932
1126,49396_98ab955d_13,0.0013852773699909449,0.8455625772476196
1127,132081_761d26ad_0,0.0001383494382025674,0.9962965846061707
1128,82906_7b72e0e8_2,0.0010937558254227042,0.9695281982421875
1129,92649_26fe8262_0,0.00016591447638347745,0.9234527349472046
1130,21803_8a36dcda_11,0.0013301640283316374,0.9642227292060852
1131,30637_f6324fc6_5,0.00015919290308374912,-0.05363881587982178
1132,105560_a6f91315_12,7.595304396090796e-06,-0.06380605697631836
1133,41737_d80c34b9_0,0.0009740975219756365,0.9418023228645325
1134,34983_439766af_12,0.00018802194972522557,0.9815040826797485
1135,122755_60c41889_10,4.925650137010962e-05,0.210640549659729
1136,76879_65a30a82_2,0.0035908317659050226,0.9678801894187927
1137,89816_cef36e57_4,0.0003220952348783612,0.9946883320808411
1138,49406_100c707b_3,8.824983524391428e-05,0.9898243546485901
1139,105560_a6f91315_10,9.533287993690465e-06,0.7941550016403198
1140,129421_483d2957_5,2.421010321995709e-05,0.8979943990707397
1141,122740_fc5c94eb_33,0.0003072564722970128,0.990592360496521
1142,135595_656de97a_5,0.00015576636360492557,0.9431096911430359
1143,35740_5322d674_5,4.366573193692602e-06,-0.5154943466186523
1144,23681_932e722e_18,0.00017318353638984263,0.9967219233512878
1145,108244_329b1876_17,4.682214239437599e-06,-0.0879131555557251
1146,125745_cf468448_6,0.0003696135536301881,0.9130910634994507
1147,138838_c9a9e790_6,0.00035083122202195227,0.9318038821220398
1148,102416_b74464a2_4,5.589613465417642e-06,-1.2171506881713867
1149,30426_2cde26de_21,5.6764285545796156e-05,0.8312739133834839
1150,137837_9c9f163d_5,0.00015766486467327923,0.8339805006980896
1151,25487_dd2c17e8_15,0.0015566609799861908,0.7970936298370361
1152,21549_18160a0a_4,4.0089530557452235e-06,0.4341011643409729
1153,21385_601444ba_0,0.0008278667810373008,0.9484991431236267
1154,35233_add576ba_9,0.0013126982375979424,0.9142649173736572
1155,55345_c6423351_0,0.00042890230542980134,0.9305640459060669
1156,110697_4b2725f1_0,0.00030286272522062063,0.9929448366165161
1157,109946_242843a6_1,2.4789958843030035e-05,0.41562360525131226
1158,34341_d19b12fb_22,3.356876186444424e-05,-2.8164966106414795
1159,23247_bcd1e84f_21,0.00027332300669513643,0.9426101446151733
1160,131765_29b29f08_6,8.76667854754487e-06,0.8101558685302734
1161,21395_7d6fda6f_12,0.00026392375002615154,0.7690117359161377
1162,135460_6471e973_15,0.00018322878167964518,0.9398119449615479
1163,51741_49d61151_7,0.00044087530113756657,0.9840697050094604
1164,28382_90b7cc0c_12,0.00012460185098461807,0.9548029899597168
1165,30850_05d88af9_2,0.001187888439744711,0.9509974122047424
1166,86278_1e55d036_12,0.00015845433517824858,-0.179404616355896
1167,67240_525e92c1_1,0.0006680735386908054,0.46392858028411865
1168,82002_ef2b4feb_6,0.00031256600050255656,0.9939942359924316
1169,53364_ec8aad42_1,0.0027938580606132746,0.8799535632133484
1170,135771_b030a25c_17,0.0005221058963797987,0.3960387706756592
1171,135906_29d7b495_1,5.8291097957408056e-05,0.8957843780517578
1172,21822_7d3db422_38,0.0002638426376506686,0.732321560382843
1173,81136_5b86c723_1,6.331557233352214e-05,0.5350306034088135
1174,25473_0991d519_2,0.0019888877868652344,0.9655908942222595
1175,73405_94381b7c_5,0.0009797990787774324,0.8353064060211182
1176,24009_c40b0d48_2,0.00014320496120490134,0.9956021904945374
1177,22162_439af02a_1,0.00015904323663562536,0.9968727827072144
1178,146159_f3f80701_0,0.0018276445334777236,0.5126911997795105
1179,51895_5760b481_15,0.002018052851781249,0.9785212874412537
1180,33500_e58e287e_1,0.003146799746900797,0.8535211086273193
1181,31838_2e4bd173_0,0.0013044144725427032,0.12806981801986694
1182,146137_92faaea5_18,3.652025043265894e-05,0.6803256869316101
1183,124879_2257a334_2,9.096370922634378e-05,0.001638650894165039
1184,144145_510eedc2_7,0.00017252506222575903,0.9968026876449585
1185,21237_7887a24b_78,0.0004674195370171219,0.9593520164489746
1186,82297_93739ce0_6,0.0008683173800818622,0.7145618200302124
1187,51536_a18dc325_31,0.00035378264146856964,-0.7148135900497437
1188,93103_fdb9fcb7_7,0.0006840344285592437,0.911704957485199
1189,24590_415f7013_9,0.0002839222433976829,0.9473944902420044
1190,130659_16f2db4c_0,0.0001758081343723461,0.9418394565582275
1191,23083_fdb942ac_2,0.00022576827905140817,0.9905799627304077
1192,23954_a8c09819_2,0.000154849054524675,0.996997058391571
1193,30417_0010bc7c_13,0.00042536057299003005,0.9621759057044983
1194,120535_e304dfca_1,0.0009123317431658506,0.9330805540084839
1195,93199_2146e709_9,0.0010125492699444294,0.7674930095672607
1196,23686_cba4f679_15,0.0017341761849820614,0.9611307382583618
1197,40807_58058731_20,0.0007791107054799795,0.9921582341194153
1198,94410_d32e7520_35,0.0012203279184177518,0.9696157574653625
1199,79695_fd8bae0e_0,0.0014202753081917763,0.6388484239578247
1200,129422_621d0a90_35,0.0011071853805333376,0.4799964427947998
1201,44932_16cb7f21_5,0.00227200030349195,0.9356510639190674
1202,136550_8a8672e5_1,0.0001360079477308318,0.9618188142776489
1203,20495_e8e7e80c_3,0.0002488503814674914,0.995549201965332
1204,31962_e5291336_50,0.0007172353216446936,0.3158031105995178
1205,24888_5be1de05_1,2.3760514523019083e-05,0.5480947494506836
1206,34114_7e58a97d_10,0.00134042848367244,0.9484670758247375
1207,108433_37a79370_0,0.0024007493630051613,0.7878621816635132
1208,22844_9b75b8e0_1,0.0002556801191531122,0.989393949508667
1209,115637_b4d41e8a_0,0.0008917846716940403,0.9136697053909302
1210,53474_f29e4438_15,0.004440151154994965,0.8736908435821533
1211,26766_1aaa348c_0,0.0005375047912821174,0.9237006902694702
1212,51940_67bb0219_7,0.0008061545086093247,0.868261992931366
1213,41714_1d49f4d1_13,2.6123998395632952e-05,0.8969810605049133
1214,21815_7090778f_9,0.001363063813187182,0.8881396055221558
1215,32843_8e5bdf24_0,0.0013210513861849904,0.941467821598053
1216,23686_cba4f679_10,0.0005283107748255134,0.9341655969619751
1217,114425_891ab08d_0,0.003914705943316221,0.5118830800056458
1218,41786_02d48cdd_5,0.0008093275246210396,0.8747624754905701
1219,22895_4533b542_1,0.0005635308916680515,0.9677020907402039
1220,49016_cd1b47bf_6,0.002765361685305834,0.9123992919921875
1221,51674_a70c1c6c_3,4.277692278265022e-05,0.9315939545631409
1222,52972_6e5a5ada_11,0.0007564622210338712,0.967891275882721
1223,120700_d818883a_8,0.00010225494770566002,0.861550509929657
1224,34530_9525ffcd_0,0.0006527653313241899,0.9877245426177979
1225,24355_99bf3f8f_1,0.00016157858772203326,0.6870927810668945
1226,56250_3b6024e3_46,0.0018756046192720532,0.966837465763092
1227,56355_727ca47c_3,0.0009996647713705897,0.7586146593093872
1228,35057_9af89947_1,0.0007311002118512988,0.8852161765098572
1229,120881_a946667f_13,0.00011474552593426779,0.8419196009635925
1230,143021_c6df0146_5,5.9590547607513145e-05,0.6681735515594482
1231,69240_dc199112_3,0.000860845553688705,0.21650934219360352
1232,41733_1ec9b00c_15,0.0004569656739477068,0.9048378467559814
1233,30298_24191733_2,3.014033063664101e-05,0.7915604710578918
1234,30400_8824ce97_18,0.00025916079175658524,0.9458855390548706
1235,37040_ecbcd25e_36,0.00040933338459581137,0.8896006345748901
1236,23035_6087bb57_4,5.260880425339565e-05,0.9212701916694641
1237,38675_6e07d74b_26,0.0017733413260430098,0.9754630923271179
1238,31751_e37382e1_9,0.0002202257892349735,0.9765181541442871
1239,54601_e1da5b93_4,0.0001637899986235425,0.9967414736747742
1240,142999_171240b6_29,0.0005036859074607491,0.9618192315101624
1241,137646_14bca880_0,0.00042755756294354796,0.9605147838592529
1242,37519_442dc408_1,7.033603469608352e-05,0.91404789686203
1243,47195_a8cd8bad_6,0.0002718977630138397,0.9827098846435547
1244,22474_b10fea1a_6,0.001181197352707386,0.8637677431106567
1245,53200_d1e30b87_10,0.0001955954503500834,0.9659645557403564
1246,41472_f9d73638_9,7.742039451841265e-05,0.9204235672950745
1247,126397_cc08a23d_1,5.558979319175705e-05,0.9097811579704285
1248,31838_2e4bd173_4,0.000319900456815958,0.9942970275878906
1249,52006_d21e4570_7,0.0007539587095379829,0.8505461812019348
1250,62109_08c31aa8_0,0.0007474750746041536,0.8668074011802673
1251,49403_458914df_0,0.000352123606717214,0.7920047044754028
1252,122914_76ff1f5e_2,3.505728091113269e-05,-2.1201930046081543
1253,34913_d23e2a24_2,0.0011152360821142793,0.5009676218032837
1254,104641_2cd02839_15,4.3928819650318474e-05,0.8730557560920715
1255,131632_6144b102_1,0.0003051097155548632,0.9963675141334534
1256,30850_05d88af9_0,0.000397633935790509,0.9688001275062561
1257,86296_8a6ed4d3_7,8.68925271788612e-05,0.732368528842926
1258,34983_439766af_7,0.000666602049022913,0.9905033707618713
1259,33374_7491cbf8_2,0.0015744260745123029,0.984766960144043
1260,50694_afd26bd5_10,0.0003893097164109349,0.9958193898200989
1261,50292_e84db1fb_8,0.0001477832702221349,0.4957003593444824
1262,81367_622a9e51_2,0.00016410382522735745,0.9587926864624023
1263,78966_584c5305_0,0.0005362898227758706,0.7203682661056519
1264,79905_623eae86_1,0.00292890053242445,0.9760149717330933
1265,63055_6b907478_15,0.00018995067512150854,0.9848476648330688
1266,135771_b030a25c_4,0.00027179758762940764,0.6577993035316467
1267,41753_9b4f8d8a_0,0.00016986779519356787,0.996664822101593
1268,80784_f7ec5f70_1,0.0009619658230803907,0.8370005488395691
1269,33607_c6f31fa6_10,0.0008351210854016244,0.8977258801460266
1270,22225_a3ce4d29_42,0.0005210321396589279,0.9440081715583801
1271,51938_8b9cba89_5,0.0017491750186309218,0.9633427858352661
1272,44741_f386a08f_4,0.0009845530148595572,0.9707783460617065
1273,70021_e673ae54_4,0.00023691052047070116,0.9961549043655396
1274,55135_f1186d58_7,0.0007211714400909841,0.9353613257408142
1275,31856_2a5a4e32_12,0.0012822211720049381,0.9288719892501831
1276,75303_045fc848_4,0.0006571500562131405,0.8990284204483032
1277,129683_3ad38815_10,0.001477917772717774,0.9827173948287964
1278,21894_93f0d052_24,0.0006241216324269772,0.9495252966880798
1279,143823_1b04bf80_13,0.000815392064396292,0.9411611557006836
1280,143823_1b04bf80_18,0.00020555497030727565,0.8011246919631958
1281,111863_c925f4f3_2,6.0993257648078725e-05,0.9418003559112549
1282,104633_d0a15bd3_6,0.0007628789753653109,0.9360299110412598
1283,48832_22363e53_33,0.0005307888495735824,0.9856628179550171
1284,127466_a18ae326_1,0.0007538772188127041,0.7159785032272339
1285,22211_b1ee53f0_12,0.0008364024106413126,0.9650484919548035
1286,137837_9c9f163d_6,0.0002140133292414248,0.9417136311531067
1287,122755_b830e22d_17,2.6235573386657052e-05,0.7061716318130493
1288,21299_e9cd80a6_12,0.0002646055945660919,0.64516282081604
1289,44920_70dd4b80_11,0.0003930169332306832,0.9822194576263428
1290,52987_387431ac_7,0.001057766261510551,0.9677829742431641
1291,147926_b78316a8_10,0.00014281638141255826,0.8748762011528015
1292,144653_e3eccdf1_50,8.516204252373427e-05,0.9432604908943176
1293,56458_c027ed41_0,0.0006193999433889985,0.9231128692626953
1294,23495_6366269c_11,0.00016660506662447006,0.9966867566108704
1295,70883_e2d6a103_2,0.0006927523063495755,0.9897069334983826
1296,32743_f4c47bbc_34,0.0003041652962565422,0.8227210640907288
1297,30910_38ea5a06_2,0.00014423864195123315,0.9755372405052185
1298,56476_466fc284_17,0.0021007840987294912,0.956547200679779
1299,22604_0b4ffb43_62,0.00022582073870580643,0.9905778765678406
1300,21534_6367be99_0,0.0008524100412614644,0.7312898635864258
1301,133026_1085532d_1,0.000376890879124403,0.9042162299156189
1302,137828_0b0786fb_1,0.0009045843034982681,0.982609748840332
1303,55627_971fde61_27,0.00030209452961571515,0.961864173412323
1304,93869_8b1922a3_0,0.0004523236711975187,0.9635213017463684
1305,24393_9acd18c6_3,0.00024012228823266923,0.9955192804336548
1306,44996_b3e9c266_14,4.8784313548821956e-05,0.8090829849243164
1307,55300_b9675d43_1,0.00015866461035329849,0.9968847036361694
1308,113352_879844fe_0,0.0005666349898092449,0.9769261479377747
1309,135317_3c58b0d0_9,0.00016971970035228878,0.8431800007820129
1310,115624_fe3eb392_1,0.002535467268899083,0.8812553286552429
1311,63055_6b907478_21,0.00034045916981995106,0.9875839948654175
1312,40421_032c052f_0,0.00037947684177197516,0.9423195123672485
1313,143029_70554264_3,0.00011726419324986637,0.7991129159927368
1314,145117_78f63de3_0,0.0004176798975095153,0.892577052116394
1315,128996_35f2006e_0,0.00012539017188828439,0.37296563386917114
1316,54503_fc6c6963_1,0.00033722614170983434,0.9574083685874939
1317,24657_0168dc6b_1,0.0004612432385329157,0.9887102842330933
1318,130524_13ad16a8_0,0.004626789595931768,0.9771213531494141
1319,142670_33c641dc_3,0.0002173539251089096,0.9174243211746216
1320,65375_674ff0b9_11,0.0009470889926888049,0.1377415657043457
1321,23168_7fdf5427_3,6.25910024609766e-06,-1.859156608581543
1322,41717_ab2075ac_0,0.00012591815902851522,0.9953767657279968
1323,21739_57582b8f_4,0.0003461221931502223,0.9796934127807617
1324,143293_fc5b0ff7_30,0.00020574925292748958,0.9943891167640686
1325,135906_587b5c3d_0,0.0002390224253758788,0.8556675910949707
1326,138685_fd9b79cd_0,0.00024353590561077,0.8052645921707153
1327,119921_5621fcb4_0,0.00016836781287565827,0.9715750217437744
1328,49403_458914df_5,0.0003704290429595858,0.9577829837799072
1329,73525_7f6b2f67_2,5.703030910808593e-05,0.9086576700210571
1330,136994_a3a2f50f_3,0.0005165387992747128,0.9418197870254517
1331,31838_2e4bd173_1,0.002621722174808383,0.9432554841041565
1332,35866_d0233b36_6,0.00019907513342332095,0.996606171131134
1333,53053_d6b4d71c_9,0.000954589108005166,0.9752162098884583
1334,90220_7baf1e18_1,0.0002041302650468424,0.724440336227417
1335,23364_73dd9d4d_10,6.64141116430983e-05,0.9045483469963074
1336,52987_387431ac_3,0.0003387545875739306,0.9721004366874695
1337,51859_6b2fd0f1_4,0.0002833468315657228,0.8424769639968872
1338,51708_867d4509_12,2.5791263396968134e-05,0.7765899896621704
