case_num,case_name,MSE,R-Square
0,50417_199cffee_13,0.02789151296019554,0.7827401161193848
1,48516_2b3135bf_11,0.008890367113053799,0.6994182467460632
2,41733_1ec9b00c_31,0.007369264028966427,0.285179078578949
3,31664_1e85c690_0,0.004879591520875692,0.7376533150672913
4,21893_0500d043_18,0.0038655693642795086,0.9214087128639221
5,31607_9a2f8140_6,0.0024913919623941183,0.9163755774497986
6,41774_88a7a483_18,0.0016406186623498797,0.5995166301727295
7,42143_51b31600_4,0.00017733522690832615,0.6416781544685364
8,23104_3b70eba4_13,0.0006686587585136294,-0.09997701644897461
9,129075_8fbf62e5_2,0.00023375001910608262,0.3831554651260376
10,41624_a15f83c1_13,0.0005409771110862494,0.7343554496765137
11,36088_1ea9c8a9_12,0.0038408928085118532,0.9103959202766418
12,126477_6596d136_14,0.000469550141133368,0.5743898153305054
13,130441_10c43121_0,0.195592001080513,0.0035982728004455566
14,133385_e6aa64d8_21,0.0004459024057723582,0.707459568977356
15,26398_b99946da_1,0.006575759034603834,0.9135173559188843
16,61198_0c99f50a_4,0.0001730307994876057,-9.900365829467773
17,26661_ab88a525_0,0.0005606068880297244,0.35206955671310425
18,129075_8fbf62e5_1,0.000764744880143553,0.2778043746948242
19,51891_9455ea02_1,0.007984013296663761,0.8733081817626953
20,34770_6bba5bd4_13,0.0033874500077217817,0.9334905743598938
21,21646_a2dd0d00_53,0.0021684039384126663,0.8197575807571411
22,68909_4ae1bc2e_1,0.0007336203125305474,0.31056463718414307
23,27866_ece3076e_109,0.001149392337538302,0.8187561631202698
24,92134_52f13f49_6,0.0005169333890080452,0.7020865678787231
25,23342_7193a931_1,0.0003961097390856594,0.45022666454315186
26,126572_a2d6f794_14,0.00021107778593432158,-20.219724655151367
27,44344_3e0b0b0c_1,0.00014866121637169272,-19.589168548583984
28,49331_3bf3bb84_4,0.008324778638780117,0.847615122795105
29,33971_46bb0373_0,0.004474702291190624,0.42841511964797974
30,21517_bfe35b4c_1,0.00020134013902861625,0.7079739570617676
31,23165_369d62aa_6,0.0032550536561757326,0.9607388377189636
32,81846_2907c980_0,0.007878154516220093,0.6502918004989624
33,24168_a0ede173_111,0.004448698367923498,0.5606021881103516
34,53461_a5942665_1,0.0017219881992787123,0.936133623123169
35,24907_c72322ea_13,0.0013777082785964012,0.48014259338378906
36,133424_315bcaeb_7,0.0002507660537958145,0.6754984855651855
37,40490_916e13fe_0,0.002021771389991045,0.9370266199111938
38,38000_b5822e44_3,0.002479190705344081,0.962425172328949
39,138520_f4e0bc0b_63,0.0004521234950516373,0.5686531662940979
40,61294_9255796d_3,0.00021177939197514206,0.6037312746047974
41,22176_272891b8_0,0.001719820313155651,0.12761354446411133
42,24815_4f2a57e4_1,0.006885604467242956,0.7978128790855408
43,113343_e692c488_1,0.00019351980881765485,0.7079633474349976
44,33995_18423507_1,0.0004204662691336125,0.4335935115814209
45,127897_029949fd_6,0.0029290441889315844,0.9414309859275818
46,123181_4e56fb4f_0,0.0030310892034322023,0.9560886025428772
47,22670_9353c710_1,0.00033933285158127546,-1.0680038928985596
48,128642_4d72bf31_2,0.003831207985058427,-1.075378656387329
49,146667_fe438b5b_6,0.011610191315412521,0.2909819483757019
50,38260_2a31c6df_2,0.0017680164892226458,0.7508286237716675
51,24443_996411f9_3,0.002548814518377185,0.9421597123146057
52,142074_34e02b6d_1,0.0002091569040203467,0.9373604655265808
53,41501_b627682a_15,0.008092083036899567,0.292857825756073
54,24712_da77fe8f_0,0.005325904116034508,0.9003536701202393
55,32960_0eaa1de8_26,0.0031502116471529007,0.941651463508606
56,130757_b2c47f8d_2,0.00012815024820156395,-2.829986810684204
57,104817_6d73dc41_0,0.007932196371257305,0.11130130290985107
58,79243_49539d9f_0,0.002983843209221959,0.9357168078422546
59,82012_c533307b_1,0.0005648948135785758,0.4737805128097534
60,107649_e651c5ca_1,0.00020621827570721507,-0.4380582571029663
61,40997_e3c88650_12,0.0019086160464212298,0.9510433077812195
62,143029_70554264_4,0.0013937965268269181,0.8094715476036072
63,27054_342fcf5c_3,0.00031567297992296517,0.6705312728881836
64,41648_577daf16_17,0.0014146351022645831,0.46449023485183716
65,89720_4e65191c_1,0.004341685678809881,0.8948218822479248
66,75382_1b589ea9_12,0.0001946598495123908,0.4435432553291321
67,120371_433ba1ca_2,0.00242102169431746,0.7888578176498413
68,49024_b7f02205_13,0.005521432496607304,0.756125807762146
69,51022_47816098_7,0.013613980263471603,0.860204815864563
70,41634_4f5d0edb_0,0.00017733861750457436,0.6453917026519775
71,23170_6ea8ded5_3,0.0026068147271871567,0.9563747048377991
72,69589_cd2fa794_8,0.004231706261634827,0.7233043909072876
73,41504_85e300ee_0,0.006007957272231579,0.17967593669891357
74,128996_42176b10_0,0.004672713577747345,0.6217993497848511
75,38920_e81879c2_7,0.0002041477564489469,-244.5327911376953
76,148051_c59af578_6,0.005121020600199699,0.8605293035507202
77,65494_16d62db5_0,0.0004964534309692681,0.3347504734992981
78,25473_0991d519_0,0.005707125179469585,0.8659189939498901
79,75270_25a261ef_5,0.002567844232544303,0.7437816262245178
80,49613_1b97c07b_12,0.00020892992324661463,-1.2190144062042236
81,115633_a2c63339_1,0.0011137411929666996,0.6705775260925293
82,52366_63042db4_1,0.005448910407721996,0.8759845495223999
83,30282_88c6933c_5,0.003900018520653248,0.5334296226501465
84,53474_f29e4438_12,0.01695130579173565,0.4450385570526123
85,24026_1dd4094b_21,0.0029081390239298344,0.6682689189910889
86,21225_c081eae3_2,0.0027764278929680586,0.6330137252807617
87,35057_9af89947_8,0.00041023094672709703,0.6704672574996948
88,43529_4804941b_20,0.01512980554252863,0.5389166474342346
89,22103_fd11c71b_3,0.0028698155656456947,0.6416473984718323
90,51536_a18dc325_0,0.0024983484763652086,0.8674077987670898
91,24230_636208ab_13,0.0012107986258342862,0.2564721703529358
92,41117_1b3271f2_56,0.009187051095068455,0.8581373691558838
93,140499_419d5823_0,0.0019267502939328551,0.8334465026855469
94,115524_a949e82c_2,9.744230192154646e-05,0.6204220056533813
95,29833_0ed4880f_3,0.005903216544538736,0.8937869668006897
96,127556_4823a42a_6,0.002653885865584016,0.5542062520980835
97,23960_48cc0f21_19,0.0001173485943581909,-0.64555823802948
98,132987_ba18d2eb_11,0.00032678162096999586,0.3742567300796509
99,51337_f8636fd9_30,0.00017250271048396826,0.8050948977470398
100,40999_cad6be09_18,0.01682559959590435,0.6022019982337952
101,136886_99fbdef3_0,0.00024023641890380532,0.5877407789230347
102,30447_4ed3b778_7,0.14933456480503082,0.44981467723846436
103,55811_bc667b2d_13,0.0015157669549807906,0.4229506850242615
104,41716_d55164d4_1,0.0011083352146670222,0.6121145486831665
105,33610_aa697fc9_6,0.004088903311640024,0.6981874704360962
106,55095_fa260d33_6,0.018193596974015236,0.5204285383224487
107,115639_bc0cc622_0,0.007721676491200924,0.43464386463165283
108,20841_1620ae7d_0,0.002255593193694949,0.68946373462677
109,50823_d1830e58_2,0.003386017633602023,0.3297170400619507
110,109762_cb162371_48,0.000931760121602565,0.6725772023200989
111,41387_5f752e39_23,0.00357148633338511,0.8679201602935791
112,121540_629c716f_0,0.0020883847028017044,0.9115945100784302
113,118539_1dff9cf9_12,0.00016725673049222678,-11.232370376586914
114,30714_dafa62f6_2,0.028122643008828163,0.6320701837539673
115,79633_bbbde75f_0,0.007156974170356989,0.8254508972167969
116,33059_531cfd5e_11,0.0011752451537176967,0.8076629638671875
117,20697_d3e106b4_4,8.34424135973677e-05,0.29920631647109985
118,136062_0027ff97_6,0.009376461617648602,0.13493597507476807
119,146291_6b0c8db3_1,0.04409777373075485,-0.02626979351043701
120,45466_5f662bcb_0,0.00017751965788193047,0.6344889402389526
121,144500_7f600ab6_0,0.0022213205229490995,0.7945882081985474
122,44996_b3e9c266_4,0.0010635701473802328,0.7753549814224243
123,40713_4c9264ef_0,0.0018844669684767723,0.7485679984092712
124,132384_0fcab1fa_13,0.001123302849009633,-0.20842301845550537
125,33738_77d49563_2,0.0008106466266326606,0.05773049592971802
126,129422_621d0a90_33,0.00038058997597545385,0.8208776712417603
127,115633_fd3c9b97_32,0.00010397211008239537,0.5739551782608032
128,69337_a122ffde_1,0.005847959313541651,0.4022970199584961
129,37241_29f91452_0,0.0036975897382944822,0.9144623875617981
130,141199_9ae000ef_6,0.002337603596970439,-0.9759414196014404
131,147133_92c04b84_4,0.0013380846939980984,-0.17686200141906738
132,77687_cbb18594_50,0.0018374539213255048,-0.2682921886444092
133,144290_2a679085_11,0.0003926096251234412,-0.15629231929779053
134,130825_c59bbbfb_0,0.002466680249199271,0.9368757605552673
135,82512_252da752_6,0.00019925374363083392,-307.2669372558594
136,115624_d0acb46b_24,0.0037812443915754557,0.9589729309082031
137,92134_52f13f49_7,0.0004717399424407631,0.7040299773216248
138,100326_0602c712_7,0.0005807473789900541,0.08455711603164673
139,134630_f9e85072_0,0.0029242283198982477,0.3268203139305115
140,108943_b07b2543_1,0.002779228612780571,0.5416980981826782
141,125416_ab456bc3_5,0.005754522513598204,0.5114319324493408
142,57222_33b428d7_69,0.0008775342139415443,0.12233299016952515
143,24650_dad8c8ee_13,0.009974125772714615,0.8232650756835938
144,41749_14d0599c_1,0.0043947030790150166,0.346261203289032
145,49396_98ab955d_27,0.00024149450473487377,0.84233558177948
146,136892_e2a0b32c_4,0.00021580410248134285,-4.5491204261779785
147,31962_e5291336_28,0.004048604983836412,0.9116419553756714
148,34231_e27353cb_0,0.0003703339025378227,0.6106278896331787
149,112724_d334de09_0,0.012430895119905472,0.8067921996116638
150,56486_82b3e23a_21,0.00019780080765485764,-1.3001177310943604
151,40500_6055e3d7_17,0.00018439654377289116,-5.203233242034912
152,39468_15fb2e60_43,0.001087031327188015,-0.7737162113189697
153,141710_17531562_7,0.001652056584134698,0.9533090591430664
154,33529_756075a0_12,0.00265857414342463,0.47918397188186646
155,54169_3a875f10_8,0.003835747018456459,0.898828387260437
156,41023_5445cb61_9,0.0007329004583880305,0.3554334044456482
157,146380_5c569eeb_2,0.0014618170680478215,0.21431273221969604
158,24195_9791f5d3_38,0.00022724168957211077,-3.481100082397461
159,26573_7f7e176d_2,0.04575993865728378,0.5941240787506104
160,22734_f6bad9f7_25,0.019643183797597885,0.6835038661956787
161,48112_9538e204_0,0.0024734267499297857,0.9509022831916809
162,127545_6fa39158_10,0.03481577709317207,0.729263424873352
163,23788_5c0b60c6_0,0.0006309895543381572,0.6686749458312988
164,23792_5b4c1ce0_21,0.002612513257190585,0.9175646901130676
165,146067_46e58ab3_1,0.08090563118457794,0.4866945147514343
166,101072_dec6f415_3,0.0009577618329785764,0.5609698295593262
167,22829_b6649a29_0,0.00021876928803976625,-2.6274333000183105
168,55389_a736bd99_0,0.001762104220688343,0.06397920846939087
169,30259_d709601c_9,0.011191437020897865,0.6811811923980713
170,35866_d0233b36_13,0.0002731902350205928,-1.9008824825286865
171,34563_52848c45_5,0.00036072448710910976,0.8539882898330688
172,44519_90af0df6_7,0.0011884334962815046,0.6533195376396179
173,114111_59282658_8,0.002065263455733657,0.2933036684989929
174,45922_26941172_15,0.059559404850006104,0.0029888153076171875
175,41303_bd1def52_3,0.0007561398670077324,0.8088078498840332
176,22053_de30641b_1,0.00016902493371162564,-1.5874223709106445
177,22298_51433023_4,0.004384048283100128,0.9044814109802246
178,23479_81a49137_0,0.0037173565942794085,-0.35042691230773926
179,22225_a3ce4d29_37,0.004092358984053135,0.9433411359786987
180,135669_490cd2d7_14,0.013528424315154552,0.2743784785270691
181,32173_8b075b1a_4,0.008717824704945087,0.8587921857833862
182,145119_24107428_5,0.0019928186666220427,0.8488383293151855
183,41774_88a7a483_36,0.0003716856299433857,0.8089732527732849
184,133549_1b6c58d6_0,0.0063796318136155605,0.8642195463180542
185,40936_6de8f4f4_0,0.05422012880444527,0.6617641448974609
186,23008_3d1bb7b2_0,0.03187442198395729,0.5426647663116455
187,38360_ad61c9b2_1,0.0012658884515985847,0.17752587795257568
188,136109_3d342d3c_2,0.0031159615609794855,0.8747305870056152
189,135790_a27f9deb_11,0.00023564153525512666,0.7077827453613281
190,140249_7c1c5bba_0,0.00044600627734325826,0.4570821523666382
191,128996_a3d026d6_0,0.00219373288564384,0.5504473447799683
192,23235_f9ccb8b0_0,0.0022399218287318945,-0.7664324045181274
193,93671_f7290ded_0,0.0006281292880885303,0.6277909278869629
194,51109_97b211c3_7,0.0009785440051928163,0.8804047703742981
195,51916_fa226b15_13,0.0003881470183841884,0.16132014989852905
196,86268_094d3fab_1,0.0017749634571373463,0.9645081162452698
197,39637_ca6a9a60_1,0.007979976944625378,0.01310873031616211
198,47219_93cb3619_3,0.05163351073861122,0.09055346250534058
199,47878_0edb6829_0,0.008311162702739239,0.852190375328064
200,26764_ab35159a_6,0.006312157958745956,0.7480462789535522
201,34341_d19b12fb_12,0.0005952031933702528,0.3445727229118347
202,118342_c702e084_6,0.002135511953383684,0.951217770576477
203,49886_dd68dccb_4,0.0048360503278672695,0.6338348388671875
204,23493_57512264_5,0.0004093934257980436,-0.29066038131713867
205,31751_e37382e1_5,0.0031335405074059963,0.9197356104850769
206,24338_848cab42_6,0.007717906963080168,0.39025527238845825
207,24916_42eacca3_10,0.002017740858718753,-0.09012579917907715
208,137485_a953e1be_2,0.002402333775535226,0.9519652724266052
209,23706_ef15ef9c_18,0.0050438763573765755,0.6654253602027893
210,143671_eaf4d13b_6,0.016946421936154366,0.7414416074752808
211,53470_39f2e9dc_13,0.0008392985910177231,-0.06363749504089355
212,145772_59253c6d_3,0.00020210936781950295,0.715208888053894
213,51893_d531e2bd_2,0.0028261146508157253,0.93846595287323
214,39389_d641313f_8,0.01810958795249462,0.30900824069976807
215,51595_41f3d1a3_5,0.00040805668686516583,0.6126068830490112
216,51674_a70c1c6c_15,0.0005501860287040472,-1.09604811668396
217,37617_3f415463_5,0.0005481545813381672,0.5842437744140625
218,31862_a89f21f9_3,0.0019074806477874517,0.9433132410049438
219,40519_55a097c6_11,0.005951850675046444,0.6529744863510132
220,111306_9108c940_0,0.0027292612940073013,0.477700412273407
221,136640_16741d62_4,0.0010002352064475417,0.3193361759185791
222,23155_d7305c5f_2,0.020228512585163116,0.5902589559555054
223,43934_912ff891_41,0.0005060610128566623,-1.4123780727386475
224,57017_6033d1e5_0,0.0025848124641925097,0.8698686361312866
225,126913_d253adb7_1,0.0012054690159857273,0.517914891242981
226,130752_52d74f2f_48,0.006133419461548328,0.586543083190918
227,124177_71283cad_0,0.006163230165839195,0.524749219417572
228,24650_dad8c8ee_18,0.007226121611893177,0.815284013748169
229,55199_4d57661f_2,0.004467782098799944,0.7325298190116882
230,115010_eb737aaf_20,0.007573614828288555,0.8549726009368896
231,27855_19c5895a_12,0.0018009148770943284,0.05542641878128052
232,52772_a6e6e320_0,0.0006784229772165418,0.0895611047744751
233,90917_3d2d21a9_0,0.007376341614872217,0.8312952518463135
234,40703_5f4e45d4_7,0.0019941511563956738,0.9604403972625732
235,132622_911efd2f_1,0.02743542194366455,0.5893337726593018
236,43441_e1ab0873_6,0.04910239577293396,0.2248389720916748
237,34917_61633e20_6,0.0031890873797237873,0.930860698223114
238,67221_275ba7e6_4,0.0026787850074470043,0.9462658762931824
239,130719_e4764a36_10,0.0003121070039924234,0.3194144368171692
240,136318_130d6a06_20,0.001701300498098135,0.8448218107223511
241,99636_73c43ebd_10,0.0021344292908906937,0.9424073696136475
242,29377_3a04cb8d_6,0.001241600257344544,0.8188642263412476
243,23018_63087a41_47,0.0039785923436284065,0.8910964131355286
244,26165_100fec74_4,0.0003505260683596134,-0.10292768478393555
245,135934_d2f6bb2e_46,0.0005758554907515645,0.7204585075378418
246,24039_448afafa_5,0.011989187449216843,0.4221857786178589
247,32775_a79b406b_14,0.003382383845746517,0.5690242052078247
248,23686_cba4f679_0,0.002233050996437669,0.7882227301597595
249,35147_bc9f2c5d_0,0.003892357926815748,0.3716524839401245
250,136337_1351909b_2,0.013128101825714111,0.6881746053695679
251,139222_2c10ca9a_1,0.006798258982598782,0.41516661643981934
252,139379_fe5c3f64_0,0.002466544508934021,0.9090654253959656
253,33084_344fec27_2,0.0031003551557660103,0.9416401982307434
254,24775_d5c98d77_0,0.0002008544106502086,-5.191665172576904
255,56344_3a89f085_23,0.003470818744972348,0.67832350730896
256,135112_cf8007b8_5,0.01104985736310482,0.7279210090637207
257,50706_20d07d57_2,0.0257582888007164,0.7531657814979553
258,51744_cd355565_5,0.005602722521871328,0.8321878910064697
259,51464_da501c24_0,0.002900509862229228,0.4283071756362915
260,126572_a2d6f794_23,0.0001730278745526448,-4.988436222076416
261,70021_e673ae54_2,0.0003991456178482622,0.4248967170715332
262,25144_31b089b6_5,0.0010303955059498549,0.5332813858985901
263,24715_55aac5f2_2,0.00016421076725237072,-12.670530319213867
264,24532_f82f8000_2,0.0020378008484840393,-0.6496779918670654
265,30664_a3084f71_1,0.003419843502342701,-0.42979466915130615
266,81145_5c13a8e9_1,0.0009317141957581043,0.04834693670272827
267,132037_2abb8c63_10,0.00012997881276533008,0.4025117754936218
268,50414_ac159b58_2,0.010427560657262802,0.6210305690765381
269,21601_360ce1c7_7,0.002613811055198312,0.9524978399276733
270,22119_27e3ecbe_9,0.004286143928766251,0.8670889735221863
271,145120_74f7316f_0,0.011978079564869404,0.45845335721969604
272,74574_c302ff1f_0,0.0007530229049734771,0.01095890998840332
273,52443_085efc00_4,0.0007434093859046698,0.7570914030075073
274,147546_ede0f31c_3,0.01678270287811756,0.637078583240509
275,22492_047b125b_21,0.014684172347187996,0.6591894626617432
276,72313_5a86e234_0,0.0495784655213356,0.05292624235153198
277,45589_49e3c7ea_2,0.0014411857118830085,0.956542432308197
278,83432_a7f85698_0,0.0055393073707818985,0.8755807876586914
279,32775_a79b406b_0,0.00017679782467894256,-0.7025794982910156
280,121703_69c4a5ac_3,0.00010914096492342651,0.6045485734939575
281,80901_e9080573_6,0.001727021881379187,0.9326027035713196
282,21809_8bd6b10e_3,0.04281608760356903,0.05761706829071045
283,49396_98ab955d_15,0.002447442850098014,0.7666382789611816
284,33766_14917a4a_19,0.004707793239504099,0.8952524662017822
285,26661_ab88a525_8,0.0011152331717312336,0.9687359929084778
286,44030_17bd5ec9_0,0.0020258671138435602,-1.4904119968414307
287,53221_74fa81cd_7,0.0004676650569308549,0.5957424640655518
288,21887_3306168f_7,0.005948801524937153,0.4072626829147339
289,86185_85fde9e6_0,0.003975986037403345,0.39234888553619385
290,87951_500b1dcd_2,0.0003254484909120947,0.6516062021255493
291,22276_69c5036b_11,0.02247776836156845,0.4118978977203369
292,41721_44151488_5,0.004177434835582972,0.6131938695907593
293,102293_5d04e48d_0,0.019903946667909622,0.05563920736312866
294,77687_cbb18594_20,0.00034641934325918555,0.5194686055183411
295,133248_1bab99ae_0,0.0012712209718301892,0.43961894512176514
296,24051_4852a192_2,0.002461815718561411,0.9155021905899048
297,86806_2993395a_1,0.0004173056804575026,0.6457357406616211
298,38558_b0d6b3f8_1,0.006539658177644014,0.8657753467559814
299,140549_7d01813c_0,0.028896812349557877,0.08333629369735718
300,24559_3c306e71_1,0.001933066756464541,0.70267653465271
301,70350_751de4b0_13,0.008404751308262348,-2.4236295223236084
302,39101_23fec10f_8,0.005640876013785601,0.39987391233444214
303,24942_9d1b2ff2_8,0.0033296067267656326,0.9611911773681641
304,30850_05d88af9_3,0.025207683444023132,0.5808260440826416
305,113358_08641c94_4,0.006271942052990198,0.8051043152809143
306,21234_8b71bd47_27,0.0024554601404815912,0.11167013645172119
307,26245_4aac38e1_21,0.001005601487122476,-1.3331315517425537
308,66072_d301cc88_0,0.001065021613612771,0.5394270420074463
309,21894_93f0d052_23,0.0036220422480255365,0.6422406435012817
310,147816_7fb70c2b_2,0.002930265851318836,0.6926482915878296
311,49120_4131d1e7_1,0.0005784195964224637,0.884196400642395
312,52224_ca16c854_4,0.003666480304673314,0.4764266610145569
313,105762_19e04e0b_1,0.0008919521933421493,-6.04118013381958
314,30400_8824ce97_36,0.0011929672909900546,0.8281681537628174
315,95199_ffcff41e_0,0.0006822206196375191,0.30101269483566284
316,50417_199cffee_3,0.0011274587595835328,0.12250065803527832
317,24544_d06c82dd_5,0.004155443981289864,0.9312308430671692
318,22604_565b91f5_2,0.001564671634696424,0.9347168207168579
319,22788_b6a9e30a_4,0.0002530395286157727,0.9367669820785522
320,45789_d5126eab_14,0.0020821173675358295,0.5746769905090332
321,37267_b2be4b50_3,0.0002111134526785463,-20.24284553527832
322,34330_5eff1ee1_3,0.0017545366426929832,0.7952378988265991
323,137999_d934160e_1,0.00010306205513188615,0.20276004076004028
324,134921_f5efde94_27,0.0004852126876357943,0.5538941621780396
325,53470_39f2e9dc_8,0.0001326315541518852,-0.48795056343078613
326,23497_f292546d_25,0.008666249923408031,0.6398159265518188
327,22289_4b848f64_2,0.0014925932046025991,0.7978497743606567
328,31392_84b62622_2,0.0037238013464957476,0.6896545886993408
329,51347_1fc6f329_0,0.0013516279868781567,0.6963629722595215
330,50777_2934de55_6,0.0009609963744878769,0.9657148718833923
331,32841_954e8c1a_0,0.0016491672722622752,-0.7014437913894653
332,31530_6744ae73_3,0.003165400819852948,0.9535386562347412
333,65827_d1469ad6_1,0.0002455838839523494,-0.8378558158874512
334,145461_30637b22_8,0.00029722630279138684,-10.88039493560791
335,31973_093ea963_13,0.0006558223976753652,0.7446944713592529
336,70355_e5f58cd5_14,0.002549874596297741,0.7513238191604614
337,77687_cbb18594_40,0.00019425644131843,0.141754150390625
338,24392_fce351ea_0,0.000595639634411782,0.680678129196167
339,36853_7efccb8c_3,0.0031792630907148123,0.5660749673843384
340,41644_d15f8e2b_5,0.0002748737169895321,-0.41648972034454346
341,131762_9b5e5ff5_2,0.005776882637292147,0.6511380672454834
342,82193_96ef9433_2,0.003807059256359935,0.9406720399856567
343,31347_386f6298_15,0.0049101440235972404,0.8845468163490295
344,34568_fbe47bf9_0,0.000498351117130369,-0.42655348777770996
345,115624_fe3eb392_3,0.02089131809771061,0.5219030380249023
346,130446_e7b58dbe_0,0.02214076556265354,0.10671365261077881
347,104641_2cd02839_33,0.0001740013249218464,0.6198676824569702
348,31460_39fdfc6a_7,0.0023193438537418842,0.47794651985168457
349,95541_ced8f936_0,0.005865912884473801,0.8735756874084473
350,23126_725969ea_17,0.002588355215266347,0.726527214050293
351,23676_52069f98_5,0.00038467752165161073,-0.4486236572265625
352,137637_ed9c537d_0,0.0014332793653011322,0.6456009149551392
353,22474_b10fea1a_2,0.0020798358600586653,0.949622392654419
354,143017_21d96cc2_10,0.0017902720719575882,0.7419160604476929
355,105270_34f92afd_1,0.0002712465065997094,0.6195560693740845
356,95622_0a0787e4_4,0.003666664706543088,0.9452356696128845
357,55854_13f0399b_0,0.010857533663511276,0.766312301158905
358,22118_1e09e0eb_5,0.002216469729319215,0.9054696559906006
359,146717_3e6a84c1_7,0.006966421380639076,0.8955773115158081
360,63132_330141d7_3,0.0020037591457366943,0.5936266779899597
361,115633_fd3c9b97_46,0.0003768338938243687,0.22381675243377686
362,21644_aa203dc5_29,0.0006899174768477678,0.8306569457054138
363,79791_00f639ca_15,0.0026899196673184633,0.9547127485275269
364,60711_42b5a13e_1,0.0019198078662157059,0.787394642829895
365,137483_cdb8989d_0,0.002663657069206238,0.9443860650062561
366,21644_aa203dc5_26,0.0009733531624078751,0.832008421421051
367,131876_b2384623_0,0.0006622459040954709,0.5724101066589355
368,23706_ef15ef9c_10,0.0011516825761646032,0.823811411857605
369,68948_0d2a01cd_9,0.005913758650422096,0.8341373205184937
370,145137_4e9eef42_1,0.004564466420561075,0.08197444677352905
371,30426_2cde26de_20,0.016543608158826828,0.8117481470108032
372,31378_34c52a73_0,0.001101525267586112,0.6941980123519897
373,92134_52f13f49_4,0.0007877207244746387,0.46837306022644043
374,119634_fc722479_1,0.0030187349766492844,0.9584668874740601
375,24032_d6172503_24,0.002191148465499282,0.08260488510131836
376,136401_69f29349_4,0.00019332632655277848,-1.9996542930603027
377,41871_f9a1ad02_26,0.0044180164113640785,0.664535403251648
378,48220_87941c4e_116,0.003889811225235462,0.42437613010406494
379,115012_9ed88535_2,0.003842931939288974,-0.5349080562591553
380,69488_025cf0a2_1,0.050973884761333466,0.6544512510299683
381,147427_69f68da4_3,0.0004162633267696947,-0.15372776985168457
382,33766_14917a4a_32,0.00288886739872396,0.8960811495780945
383,51747_3d58eae0_0,0.0025121960788965225,0.6626805067062378
384,33785_a4c23f61_0,0.19423474371433258,0.26723408699035645
385,114935_797875fe_2,0.0028931964188814163,0.8947447538375854
386,51775_49ef614a_26,0.0004563688999041915,0.1885836124420166
387,38196_ea48fa42_3,0.00020299824245739728,-1.3747327327728271
388,140413_44177109_21,0.00018847794854082167,-2.4493114948272705
389,27676_79237cc5_1,0.0028574641328305006,0.0651896595954895
390,52883_e518d3f4_33,0.002560187363997102,0.949566662311554
391,34347_841c5375_2,0.00012416169920470566,-1.5244812965393066
392,55289_292737cb_0,0.005428649485111237,0.8957794308662415
393,50606_82cb18e2_0,0.004230058286339045,0.8337513208389282
394,30407_efa567f2_4,0.005601335316896439,0.8649387955665588
395,31647_ab9ad9dc_13,0.0030367402359843254,0.7058050632476807
396,24896_58b4730f_17,0.0013579111546278,0.7467290163040161
397,23602_5daaccf5_4,0.003414666745811701,0.7615004777908325
398,27725_5cceaeb7_10,0.00019745423924177885,0.5897845029830933
399,127734_395dcf7d_5,0.008105725981295109,-0.31804656982421875
400,31957_d864f861_3,0.005349872168153524,-0.09021639823913574
401,49415_1671b60c_4,0.000714029767550528,0.33235758543014526
402,45110_fae73324_4,0.0022833007387816906,0.878149688243866
403,22343_34184fd5_18,0.00022789415379520506,0.13239413499832153
404,22848_cc91b848_38,0.00016780172882135957,-192.43014526367188
405,73652_23b21ef2_1,0.009036412462592125,0.8182904720306396
406,65569_bd890a32_1,0.0022305636666715145,-20.39518165588379
407,48220_87941c4e_111,0.0038813408464193344,0.32023340463638306
408,30394_e30f932c_0,0.0050474368035793304,0.7111984491348267
409,21941_1a683ec2_26,0.0031840510200709105,0.8670396208763123
410,25564_e646fcb3_1,0.0002550932695157826,0.13851720094680786
411,134053_87a32e31_3,0.0006009663338772953,-0.6398277282714844
412,87950_af56e26e_2,0.00278247008100152,0.7963500618934631
413,51458_54240b70_17,0.0003638056805357337,0.5981601476669312
414,40688_effe215a_1,0.0035694504622370005,0.9116090536117554
415,131494_c8a441d0_0,0.0011381618678569794,0.7783659100532532
416,26768_c4df841f_21,0.0009066667407751083,-0.062056660652160645
417,136892_2d5f55a9_0,0.007600525859743357,-0.6667083501815796
418,54652_d60ac3e0_10,0.009970767423510551,0.45905452966690063
419,51747_3d58eae0_1,0.0017642416059970856,0.2787852883338928
420,54650_df3655c1_0,0.0001074406027328223,-0.17675065994262695
421,41125_711db4bf_58,0.002002536319196224,0.7772519588470459
422,45418_f603706b_2,0.0007618527160957456,0.8073025941848755
423,21852_6cf9a734_18,0.04929083213210106,0.5787075161933899
424,122515_758d8b70_6,0.0006352205527946353,-523.5568237304688
425,104081_05ba54fa_2,0.0016658573877066374,0.3003721237182617
426,41672_cf87e0b6_0,0.0014274442801252007,0.7796903848648071
427,22638_37f9fe91_1,0.00013028134708292782,0.6151068210601807
428,24559_3c306e71_3,0.0028938348405063152,0.47438257932662964
429,31589_ac31215d_8,0.00047050684224814177,0.7510220408439636
430,49603_143b8bd2_35,0.007178638130426407,0.43184179067611694
431,127965_c64a91da_0,0.0010985684348270297,0.7156840562820435
432,36062_f2fb6808_1,0.00033337975037284195,-2.081096649169922
433,139280_8874b1ab_18,0.00035124673740938306,0.6624819040298462
434,30997_24dea167_4,0.0049291872419416904,0.5553852915763855
435,143471_eb185912_5,7.270937931025401e-05,0.25552797317504883
436,23176_1bf2a2d5_10,0.004352482967078686,0.8200522661209106
437,98299_b8146029_5,0.002872583456337452,0.7512241005897522
438,23466_1cf60d09_4,0.012221903540194035,0.6582509875297546
439,41591_2d0bd0d5_3,0.0019524492090567946,0.931364893913269
440,134929_9049dcec_1,0.0005951903876848519,0.6808466911315918
441,41785_e8bf0528_0,0.002398087177425623,0.8955038785934448
442,31460_39fdfc6a_6,0.002883852692320943,0.9382411241531372
443,133710_00be7f31_1,0.011881992220878601,-0.36337876319885254
444,24532_f82f8000_0,0.00109569332562387,0.758989155292511
445,21234_8b71bd47_3,0.00041276554111391306,0.3751681447029114
446,35175_6edc4126_5,0.004122929647564888,0.8805285692214966
447,20495_e8e7e80c_1,0.0005053203785791993,0.410794198513031
448,76546_c17e95aa_2,0.0004475615278352052,-1.6326360702514648
449,41654_e75f89df_0,0.003036348382011056,0.835199236869812
450,109772_f1a0845e_6,0.0006302843103185296,0.6358100771903992
451,34913_d23e2a24_0,0.0011477938387542963,0.936230480670929
452,25203_1cc0cb3c_12,0.004967893473803997,0.9170903563499451
453,37160_2a95674a_4,0.0022810804657638073,0.8510946035385132
454,69240_dc199112_4,0.0019867036025971174,0.6226313710212708
455,25176_d9130589_0,0.001053399289958179,0.8615567684173584
456,69235_fe79a369_0,0.0002253474376630038,0.493904173374176
457,39468_15fb2e60_9,0.0026766255032271147,0.6116897463798523
458,103284_e25015aa_6,9.144621435552835e-05,0.2711859941482544
459,30377_e18ea3de_0,0.0006451648660004139,0.4773339629173279
460,66080_f578d52b_4,0.001061691320501268,-4.456798076629639
461,37444_52b27e94_14,0.0053693740628659725,0.1822710633277893
462,38675_6e07d74b_31,0.0030368510633707047,0.9039076566696167
463,21680_360ba5c7_28,0.0021149078384041786,0.8459100723266602
464,142032_5c32b7db_2,0.004277877975255251,0.9212265610694885
465,44210_a155c2d1_0,0.02557368203997612,0.43071895837783813
466,38287_88ec74de_92,0.001446153619326651,0.7865056991577148
467,29572_2f9283f2_4,0.0012524586636573076,0.9067040681838989
468,28300_b3a6ab79_10,0.002164045348763466,0.9251717925071716
469,136129_e6a20c7d_5,0.00021562626352533698,0.669158935546875
470,119381_e4d13609_0,0.004666813183575869,0.8234331607818604
471,30729_b4d83b07_4,0.0001973186299437657,-3.0519022941589355
472,140413_44177109_11,0.0021024488378316164,0.9011178612709045
473,26384_83eddf22_0,0.001711796154268086,0.8693053126335144
474,82285_e7a738e7_2,0.011109818704426289,0.07461947202682495
475,108599_347602af_0,0.008413412608206272,0.7383668422698975
476,119889_41a6f268_1,0.00027075791149400175,0.6004255414009094
477,55006_94230c00_1,0.001854208530858159,0.942030668258667
478,21517_bfe35b4c_10,0.0004377998993732035,0.7988170385360718
479,20818_098cad7c_6,0.00030548646464012563,0.6728583574295044
480,41855_b82e6ae8_6,0.0026837647892534733,0.6897633075714111
481,137166_90691294_8,0.0003110446559730917,0.7934382557868958
482,69561_f274e705_26,0.0018463043961673975,0.910987138748169
483,51579_d0c3e154_0,0.012025412172079086,0.491144061088562
484,23676_52069f98_4,0.002730625681579113,0.9140180349349976
485,31962_e5291336_1,0.0027998448349535465,0.9171615242958069
486,57222_33b428d7_1,0.00030149956000968814,0.7761680483818054
487,51586_2ad96f8c_17,0.00025130657013505697,-2.0227503776550293
488,41473_c2137170_32,0.00274437153711915,0.5722793340682983
489,31123_9a1bfc50_2,0.003359775757417083,0.746282160282135
490,23211_3aac9c7e_0,0.0021053580567240715,0.6055234670639038
491,45798_b573e9da_5,0.022456107661128044,-0.1575789451599121
492,27847_d2436f7c_37,0.00027334000333212316,0.6840711832046509
493,54736_6ee1b513_1,0.002587140304967761,-1.2351689338684082
494,132901_7d205bb4_9,0.0002656847645994276,-0.761538028717041
495,73762_8c704690_0,0.006228660698980093,0.160064697265625
496,23209_1592b0a4_1,0.0048674712888896465,0.6624400615692139
497,49024_b7f02205_2,0.0005730023258365691,-0.4527461528778076
498,147630_7f858240_15,0.0016725781606510282,0.7053283452987671
499,69337_2c778611_11,0.0004779605951625854,0.7186594009399414
500,82498_92a00cd6_1,0.0010758795542642474,0.6666476726531982
501,78775_e2d8b091_1,0.0017041265964508057,0.7688615322113037
502,40067_95ae6c76_9,0.0012713512405753136,0.8638021945953369
503,80756_6f2e842f_0,0.001301815384067595,0.7351218461990356
504,25284_1da7aa8a_0,0.0013939979253336787,0.7241547107696533
505,55605_2f8bc12e_62,0.004597242921590805,0.8427730202674866
506,39792_60786b6c_15,0.0049361009150743484,0.9009060859680176
507,34063_0ca1585e_2,0.0016410179669037461,-0.06368958950042725
508,31664_1e85c690_13,0.0037044535856693983,0.8940784931182861
509,131193_98f3ac52_1,0.0007017228053882718,0.6861422061920166
510,120221_e2eaa34b_2,0.0022507591638714075,0.22767770290374756
511,130286_1f71bfed_3,0.002774568973109126,0.1734272837638855
512,118342_e8142153_21,0.0004738830612041056,0.8248752951622009
513,128043_9f8cd69e_1,0.0003062064351979643,0.5781517624855042
514,41504_85e300ee_1,9.804479486774653e-05,0.5778217315673828
515,78863_d59be42e_0,0.005336579866707325,0.3584655523300171
516,31733_5118b376_3,0.010592111386358738,0.9244135618209839
517,22208_e177deb7_5,0.0016548204002901912,0.6046650409698486
518,24026_1dd4094b_43,0.0008474149508401752,0.2588745355606079
519,73388_10a40b49_1,0.011243429034948349,0.3381194472312927
520,138219_cdff4f61_0,0.0018596218433231115,-0.22727632522583008
521,49399_dc56d180_1,0.0032603645231574774,0.9390234351158142
522,41306_8f26e703_3,0.0004963196697644889,0.8289368152618408
523,51590_034b8b08_14,0.061751700937747955,-0.04429960250854492
524,48402_8c965495_4,0.0006471939850598574,0.06901568174362183
525,26388_a3367cba_0,0.009746995754539967,-0.21495532989501953
526,28300_b3a6ab79_6,0.0024092434905469418,0.9193951487541199
527,43938_418421a7_0,0.0023063221015036106,-0.045456528663635254
528,41520_60018d18_0,0.0001253907976206392,0.09717369079589844
529,137869_344b239b_0,0.0008451783796772361,-0.9880914688110352
530,41648_577daf16_0,0.01345731969922781,0.4239482283592224
531,31347_386f6298_10,0.002869314979761839,0.9456993341445923
532,82190_24b1b0fe_12,0.0023649046197533607,0.5858358144760132
533,33741_4a973932_1,0.0029300935566425323,0.5142172574996948
534,42005_3da46d94_0,0.0002603665634524077,-4.830067157745361
535,132982_ee1eed2f_0,0.0022898230236023664,0.9022182822227478
536,23898_6e740393_29,0.0008789657731540501,-0.7319563627243042
537,105831_88a0fb85_6,0.0064964271150529385,0.8583149909973145
538,31278_749a6317_0,0.00027701896033249795,0.8336021304130554
539,51586_2ad96f8c_4,0.0006980379112064838,0.6813048124313354
540,57000_cd1ddece_14,0.0007899443153291941,0.6780168414115906
541,50692_e7ff2668_8,0.0029695890843868256,0.8943814039230347
542,65346_e89312e5_0,0.0006509200320579112,0.016289174556732178
543,38840_0e449caf_4,0.0017541596898809075,0.5469743013381958
544,29573_ca59fbbf_5,0.004359360318630934,0.9560515284538269
545,30164_c5680724_12,0.008626486174762249,0.5447578430175781
546,138620_e21e10ee_0,0.0005774784949608147,0.5078598260879517
547,50305_caf9cef2_34,0.00097374472534284,-0.6848853826522827
548,83396_fdb2987a_0,0.003849556902423501,0.8612170219421387
549,28379_7e292343_4,0.002518206601962447,0.9445152878761292
550,33529_756075a0_32,0.003959537483751774,0.705775260925293
551,109857_1d24326e_42,0.0001656653912505135,-7.255693435668945
552,22772_2b5f6629_6,0.0026115835644304752,0.9571419954299927
553,34600_e2685d46_2,0.008053825236856937,0.7056978940963745
554,122344_ab1b06aa_2,0.030249226838350296,0.45315247774124146
555,123573_5f5c9584_1,0.0012279580114409328,0.009292542934417725
556,35166_562b126c_20,0.001796528697013855,0.9304607510566711
557,51350_138f893a_1,0.00019691491615958512,-0.8887078762054443
558,137785_67c3085b_16,0.003045589430257678,0.9250525832176208
559,50417_199cffee_12,0.010525121353566647,0.49152857065200806
560,22194_a5c323b9_3,0.0018192115239799023,0.7032003402709961
561,42329_df7f540f_18,0.002673268085345626,0.7211720943450928
562,41779_25e4203d_6,0.00041334418347105384,0.37026339769363403
563,51094_40aa8332_20,0.003672383027151227,0.8621703386306763
564,109762_cb162371_38,0.00834569800645113,0.5606672763824463
565,45922_26941172_9,0.0014997542602941394,0.7417925596237183
566,34587_ed155e93_0,0.0011317632161080837,0.9674831032752991
567,69589_a468c1b4_0,0.009978024289011955,0.7893208265304565
568,44921_00dfb467_0,0.0015399736585095525,0.6243671178817749
569,82672_4705a693_0,0.0009520037565380335,0.575873076915741
570,26778_a71e88a6_0,0.00040799801354296505,-0.09978151321411133
571,69488_7bfb2b67_0,0.00117016164585948,0.9674843549728394
572,22686_afe3a61e_0,0.00040684326086193323,-1.5135700702667236
573,109772_5faa88e8_5,0.009091601707041264,-5.218974590301514
574,43938_418421a7_147,0.001539119752123952,0.7885593771934509
575,141694_b5ac3112_3,0.005837618373334408,-1.2499830722808838
576,31973_093ea963_16,0.0004222756833769381,0.7348740100860596
577,26858_e90dc419_25,0.00034508315729908645,-0.9969719648361206
578,131350_bbdad30d_0,0.0005625428748317063,0.6792571544647217
579,35741_c43475b8_1,0.0031412786338478327,-0.09472858905792236
580,30690_3df2c9e2_1,0.0018491527298465371,0.8423420786857605
581,122758_5f4efbf0_2,0.004954297095537186,0.6740303039550781
582,37822_3be11c62_0,0.0003425239119678736,0.8543624877929688
583,91174_ee6ee92b_1,0.0008351111900992692,0.8043428063392639
584,23676_52069f98_31,0.06468018144369125,0.3484613299369812
585,27958_fee329eb_1,0.0010016231099143624,0.7283004522323608
586,144534_3b4fdb09_18,0.0050661624409258366,-0.41560494899749756
587,30292_0b5e0265_1,0.040012456476688385,0.45530951023101807
588,111062_e59e2d31_0,0.04724961891770363,0.4630357623100281
589,135790_a27f9deb_77,0.0016962052322924137,0.6696219444274902
590,65842_de75838b_10,0.0031959484331309795,0.33142411708831787
591,22475_9d9601a8_3,0.00036133016692474484,-1.014392614364624
592,119884_192e3265_0,0.006010125391185284,0.10299527645111084
593,51463_3330e3aa_2,0.0033163519110530615,0.6558670401573181
594,23231_efe613bb_4,0.0031924087088555098,0.836491048336029
595,22895_4533b542_2,0.0022658552043139935,0.6519702076911926
596,146219_5661130f_4,0.0031189837027341127,0.9323127269744873
597,38953_19054857_19,0.0005518748075701296,0.5095570087432861
598,21847_b2de7eb8_24,0.0024737936910241842,0.832355260848999
599,51603_034939eb_12,0.0006516469875350595,0.5983285903930664
600,24843_5231632c_4,0.0004714527167379856,0.7066900730133057
601,41982_f75ceb8f_4,0.00027363363187760115,-1.0815746784210205
602,42937_c573c439_2,0.00043629921856336296,-0.833993673324585
603,61288_2d594195_0,0.002515635918825865,-3.135469913482666
604,55006_94230c00_0,0.0010642929701134562,-0.05988585948944092
605,49898_f42a885e_5,0.0031824016477912664,0.9306373596191406
606,55709_af3825c8_4,0.003967286553233862,0.8708745837211609
607,144117_83c980ca_2,0.0001546257408335805,0.46173208951950073
608,40417_b8d98f73_7,0.0007412354461848736,0.5067595839500427
609,53200_d1e30b87_11,0.0008662084583193064,0.05021268129348755
610,147009_977ee378_4,0.00027392696938477457,-1.4190678596496582
611,63056_a5dfd66b_4,0.0013527382398024201,-1.4441497325897217
612,22205_f48b96b3_10,0.0010962027590721846,0.7503650784492493
613,51585_b695905b_4,0.004790057893842459,0.8939382433891296
614,24084_71f37c00_1,0.001927663804963231,0.6131309866905212
615,25815_0e853ad9_10,0.0010684553999453783,0.9331868290901184
616,55030_11a6e3e8_3,0.03634363040328026,0.6715921759605408
617,23042_1184de03_5,0.0020830363500863314,0.9393847584724426
618,39719_e9629dbd_4,0.0002430155873298645,-1.6729943752288818
619,51256_ed221095_2,0.0007837694720365107,0.12444084882736206
620,25810_93c8a71a_3,0.002623181091621518,0.899709165096283
621,22208_e177deb7_1,0.002211419865489006,0.8452604413032532
622,115624_d0acb46b_22,0.003017857437953353,0.9525001049041748
623,30708_4282508b_0,0.0002486051234882325,-2.8478922843933105
624,31117_cd5cdbdb_12,0.0006513120606541634,0.7188129425048828
625,41733_1ec9b00c_32,0.0001632334169698879,0.5181272029876709
626,111387_c4243097_2,0.0013540135696530342,-0.8390195369720459
627,119869_e8f0dd81_19,0.00044107355643063784,0.6680579781532288
628,34569_590239d6_0,0.0038784262724220753,0.8219701647758484
629,136318_130d6a06_23,0.00028934035799466074,0.6398313641548157
630,145132_7aea3b66_4,0.017917901277542114,0.7654798626899719
631,41878_3aeaed3d_0,0.004149831365793943,0.32516562938690186
632,34583_a1cf326b_0,0.007588502950966358,0.8611170649528503
633,116581_d405b783_0,0.06747612357139587,0.08322423696517944
634,24044_9bbe7992_3,0.0005198949947953224,0.3511125445365906
635,22194_a5c323b9_2,0.001675462001003325,0.8490024209022522
636,142076_08d80e12_21,8.907684241421521e-05,0.605892539024353
637,55817_6ac2912d_7,0.00021623916109092534,-1.3318467140197754
638,21165_5cb2d287_2,0.0003054616099689156,0.35634660720825195
639,39796_45dcdc7d_0,0.05872274190187454,0.238420307636261
640,33044_7fdd9213_1,0.011532810516655445,0.694385290145874
641,23731_3fe5b501_6,0.0002885555732063949,0.5564415454864502
642,32743_f4c47bbc_31,0.004002360627055168,0.627956748008728
643,108775_4908fba2_21,0.0010937994811683893,0.9027966260910034
644,21941_1a683ec2_19,0.0026015029288828373,0.8079946637153625
645,27682_04277f62_18,0.0029344982467591763,0.8652364015579224
646,25815_0e853ad9_4,0.0017222175374627113,0.8888652324676514
647,30261_723e95cf_2,0.0021223067305982113,0.9105486273765564
648,21385_601444ba_102,0.0029986549634486437,0.858948290348053
649,30368_d7fd30ce_7,0.000906861387193203,0.6579978466033936
650,55605_2f8bc12e_3,0.0055703469552099705,0.09067821502685547
651,24650_dad8c8ee_15,0.000184973469004035,-4.7710771560668945
652,34227_48203345_7,0.007210143841803074,0.7989866733551025
653,113348_ac85cba3_1,0.004481051117181778,0.5187783241271973
654,26552_25c5924a_1,0.0010789859807118773,0.5868278741836548
655,55381_cbaffe9b_0,0.0010169459274038672,0.7184818983078003
656,55817_6ac2912d_25,0.004129055421799421,0.8902665972709656
657,138947_0778db40_4,0.001047110534273088,0.5905141830444336
658,52788_07f7da63_0,0.0005994237144477665,0.8512011766433716
659,70355_e5f58cd5_6,0.0002579739666543901,0.5655640363693237
660,51744_cd355565_8,0.0022795340046286583,0.5326495170593262
661,41227_90e1c07c_16,0.0035103950649499893,0.911598801612854
662,45359_1768ab3f_42,0.006908359006047249,0.2709122896194458
663,41783_d1c10326_3,0.0002578813873697072,0.17040079832077026
664,32960_0eaa1de8_13,0.00017152736836578697,-11.382916450500488
665,34674_32ee1595_3,0.005570120643824339,0.8110758066177368
666,136885_23632908_1,0.008030811324715614,-1.8659512996673584
667,136808_00592735_3,0.0012201337376609445,0.7345557808876038
668,45589_49e3c7ea_5,0.0013994383625686169,0.971190333366394
669,141665_0564e852_3,0.002194307278841734,0.47601205110549927
670,50897_3be92e2f_18,0.0010455099400132895,0.9755847454071045
671,84256_4164b724_3,0.0006702944519929588,0.35686588287353516
672,22994_e6ad8f2b_10,0.007390792015939951,0.7257010340690613
673,28295_0dc908b9_8,0.0009031570516526699,0.7170988321304321
674,23329_6939d5d9_5,0.000829783733934164,0.07950186729431152
675,123665_0a0da5c7_3,0.00028074716101400554,-1.1915931701660156
676,121172_0ac63503_7,0.0012452142545953393,0.7641964554786682
677,50941_2a8a8c76_0,0.001860510790720582,0.963104248046875
678,37846_cde34fcd_66,0.0015356665244325995,0.7422627210617065
679,56040_9b1307eb_21,0.0034238346852362156,0.46671921014785767
680,146535_229c95bc_1,0.000215389474760741,0.013118147850036621
681,50947_49287c16_2,0.004368568770587444,0.9285949468612671
682,95622_0a0787e4_5,0.0005599867436103523,0.6969395279884338
683,25432_f13e5110_0,0.005090284626930952,0.8397020101547241
684,32454_e959e3cf_0,0.003358298446983099,0.9054879546165466
685,65858_61e9b51a_18,0.0010950977448374033,0.7501765489578247
686,70350_751de4b0_3,0.005921207368373871,0.1814199686050415
687,129239_0d49310c_15,0.000822414003778249,0.6865453720092773
688,31008_8fa25b35_8,0.0013996456982567906,0.7044540643692017
689,55306_795d845b_2,5.7682336773723364e-05,0.6333904266357422
690,29729_e8bb36f1_2,0.0007406020886264741,0.1272679567337036
691,67283_4097cbd6_5,0.00045964261516928673,-2.9081320762634277
692,23904_811e466f_4,0.0005755261518061161,0.5171544551849365
693,116076_12d31fb7_1,0.0010755459079518914,0.8381502628326416
694,45302_02d7e3bc_0,0.0016297847032546997,0.5900769233703613
695,60977_4bb093ec_1,0.001260128105059266,0.9438486099243164
696,49017_76979790_8,0.0015634810552001,0.7036588191986084
697,146321_0dbae658_10,0.00016795925330370665,-15.925506591796875
698,102194_150e3faf_3,0.0015275641344487667,0.953214168548584
699,34769_44655d03_5,0.0004721365694422275,0.47206932306289673
700,38953_19054857_6,0.0007498354534618556,0.38449394702911377
701,55397_ad24603f_1,0.0005867439322173595,0.3909676671028137
702,21908_385686ec_15,0.0027265259996056557,0.8683920502662659
703,60721_57103153_4,0.00028881276375614107,0.5376062989234924
704,98701_7cd4ec8d_0,0.011218991130590439,0.7962188720703125
705,91703_642cdf1a_1,0.002111207228153944,0.9602880477905273
706,26661_ab88a525_5,0.004710868000984192,-0.18832528591156006
707,51940_67bb0219_21,0.0003390585770830512,0.27744680643081665
708,22543_684108ff_22,0.0005740275955758989,0.42958664894104004
709,145250_cde4d039_8,0.0007503822562284768,0.1552099585533142
710,20232_e5b060d9_6,0.00043901943718083203,0.20304441452026367
711,128043_d4650350_0,0.014424126595258713,0.8063110709190369
712,140530_30edf2c4_0,0.0009014577371999621,0.2392253875732422
713,131814_9af6d05a_0,0.0019314383389428258,0.7095719575881958
714,26245_4aac38e1_9,0.0008906494476832449,0.6279438734054565
715,30282_88c6933c_14,0.003336097579449415,0.872002124786377
716,32322_71d0035e_1,0.00132498808670789,0.9320168495178223
717,131762_d10609a4_1,0.020614659413695335,0.06883257627487183
718,54812_5f7b7aba_2,0.00048665181384421885,0.7863554954528809
719,135830_8fb36dac_4,0.009163564071059227,0.5942478179931641
720,139280_8874b1ab_4,0.00034907416556961834,0.25019019842147827
721,49904_639055dd_1,0.003560500917956233,0.5919051170349121
722,53601_59d3ecd2_0,0.01856832765042782,0.23875319957733154
723,50047_54241fe3_12,0.005573270842432976,0.5686022043228149
724,136925_70fb0381_3,0.003514384152367711,0.7849370241165161
725,87488_95f678ce_0,0.024772293865680695,0.4530988931655884
726,137166_90691294_2,0.000260388565948233,0.8268523216247559
727,44030_17bd5ec9_11,0.00040161990909837186,0.3636021614074707
728,137396_b5f6bec4_5,0.005135066341608763,0.8457690477371216
729,21900_760d2078_10,0.0048868353478610516,0.9292112588882446
730,21185_ac5324ba_5,0.003985146526247263,0.8757121562957764
731,31132_2320d049_4,0.0028136835899204016,0.9488201141357422
732,82281_80cdf67c_4,0.00018176711455453187,0.5414491891860962
733,38287_88ec74de_15,0.0017958534881472588,0.9652215242385864
734,136128_831e37a6_0,0.0023630557116121054,0.7371155023574829
735,21330_f0cee934_18,0.0004969043075107038,0.6738455295562744
736,34109_5a868eae_10,0.0029295263811945915,0.7199134826660156
737,21174_861bd902_2,0.003894092980772257,0.6606041789054871
738,49783_365bec9e_6,0.006104672327637672,0.8168672919273376
739,24429_ace910b3_8,0.0001579866948304698,-8.245986938476562
740,22772_2b5f6629_4,0.0012526728678494692,0.6797194480895996
741,53927_ef5208b9_14,0.008741973899304867,0.635797381401062
742,56250_3b6024e3_54,0.00495817419141531,0.8916471004486084
743,23522_5c2ec58e_8,0.0041634454391896725,0.8688092827796936
744,121177_93fb3127_10,0.0004393055278342217,0.20279079675674438
745,138840_b7f948ea_2,0.003942401614040136,0.598739504814148
746,41125_711db4bf_6,0.006608790252357721,0.8436881303787231
747,102606_28922dfc_0,0.0035589919425547123,-36.42095947265625
748,31530_6744ae73_50,0.03843691200017929,0.3142518401145935
749,50598_eae0df5a_1,0.00017123340512625873,0.686896800994873
750,145726_19ccdbda_12,0.001462964341044426,0.5308569669723511
751,41469_b94cf3e4_0,0.00221686321310699,0.545608401298523
752,147009_977ee378_1,0.007365435361862183,0.2920375466346741
753,24267_8a216138_10,0.0022578216157853603,0.816697359085083
754,63071_3d434a33_16,0.001711845863610506,0.9086663126945496
755,34436_ffc43a58_4,0.0006313184858299792,0.45538926124572754
756,50692_e7ff2668_4,0.0008933341596275568,0.6420488357543945
757,146642_883a71d2_9,0.027537312358617783,0.5651230812072754
758,109772_f1a0845e_7,0.0022848695516586304,0.9466816782951355
759,136640_16741d62_1,0.0021035776007920504,0.4659094214439392
760,21680_360ba5c7_11,0.00245355861261487,0.0031551718711853027
761,27729_09d75da1_2,0.006119410507380962,0.8256903886795044
762,82148_5df06ed9_19,0.00920745637267828,0.3604111671447754
763,55287_8a57a3db_1,0.003862345591187477,0.7623927593231201
764,53221_74fa81cd_5,0.0010302822338417172,0.5059042572975159
765,30417_0010bc7c_39,0.0023631141521036625,0.8155381679534912
766,23706_ef15ef9c_40,0.0012979846214875579,0.814740777015686
767,140763_e14274f8_3,0.0004742075107060373,0.6410092115402222
768,23602_5daaccf5_3,0.0009422433795407414,0.8472540378570557
769,30282_88c6933c_9,0.00398491183295846,0.7493259906768799
770,56824_0fc773f6_0,0.0042378539219498634,0.7584085464477539
771,42410_d3b5588e_1,0.00046150005073286593,0.9298813939094543
772,55055_dd27a8a4_0,0.007574034854769707,0.8613770604133606
773,115633_a2c63339_6,0.0006404872983694077,0.2909446954727173
774,73651_a41647f8_5,0.00010236981324851513,0.6031691431999207
775,33413_060ce192_32,0.005086798686534166,0.6092312335968018
776,97331_a482fa9b_0,0.0021649613045156,0.5424996614456177
777,23476_705b76d1_0,0.0018530657980591059,0.9275192022323608
778,32566_7bfc936b_6,0.01248048897832632,0.8820450901985168
779,41717_eb1c1e6b_0,0.00945724081248045,0.24213385581970215
780,60720_ef9a0a95_8,0.0007668134057894349,-0.6389304399490356
781,138700_ab763a46_202,0.00020622738520614803,-112.80833435058594
782,38287_88ec74de_17,0.009125242941081524,-0.5007359981536865
783,135535_0bd0048d_0,0.015401232056319714,0.7680387496948242
784,21797_69df08d5_7,0.0503365732729435,0.5992355942726135
785,65350_b3fa8f4f_47,0.23962727189064026,-0.10288548469543457
786,41714_1d49f4d1_3,0.002152396831661463,0.7594913840293884
787,66012_a13e1644_1,0.0024242785293608904,-0.028062105178833008
788,22652_564979ff_11,0.0005735475569963455,0.5736552476882935
789,25127_ecba81df_23,0.0009853742085397243,0.35693150758743286
790,47548_db93c988_4,0.0007611230830661952,-0.8619711399078369
791,55927_f8b31711_5,0.012314186431467533,0.34138309955596924
792,31647_ab9ad9dc_2,0.00307736499235034,0.5840364694595337
793,41128_ee74f244_8,0.0014089489122852683,0.6143897771835327
794,20959_d4905d19_4,0.0014441272942349315,0.645697832107544
795,52009_a2b75078_3,0.09184785187244415,0.07496631145477295
796,22201_473a3a65_16,0.0014346633106470108,0.8056457042694092
797,29442_365e23df_30,0.009577251970767975,0.729118824005127
798,51859_6b2fd0f1_8,0.0021274981554597616,0.9273449182510376
799,140413_44177109_15,0.0004190281906630844,0.6283245086669922
800,21822_7d3db422_11,0.009448043070733547,0.7374624013900757
801,24168_a0ede173_100,0.00037966269883327186,0.7260001301765442
802,145532_c2304f89_1,0.0039884233847260475,0.44149088859558105
803,104641_2cd02839_13,0.00010862620547413826,0.5789722800254822
804,23679_81ef9e37_2,0.0012370300246402621,0.7052581906318665
805,95271_de3df8d5_2,0.0003668753488454968,-0.7664833068847656
806,41401_e4117da2_0,0.00018142421322409064,-2.9531469345092773
807,48006_babdf4af_9,0.00428339559584856,0.9503970146179199
808,142246_0851be5e_32,0.017771128565073013,0.7050966024398804
809,33615_7bab1106_4,0.0031046727672219276,0.7945641279220581
810,31117_cd5cdbdb_18,0.0025481136981397867,0.9614301323890686
811,34914_8911676d_0,0.0055616311728954315,0.5414988398551941
812,55501_a09e4ced_2,0.0001773843396222219,-5.663125991821289
813,41128_ee74f244_9,0.0014736683806404471,0.5121780633926392
814,142246_0851be5e_22,0.003353399457409978,0.39179956912994385
815,22413_901f5867_0,0.00020431913435459137,0.38162505626678467
816,56490_0a0fba77_0,0.0009148980025202036,0.74049973487854
817,93676_4f934980_1,0.000912282383069396,-1.0224275588989258
818,146642_883a71d2_96,0.002026220317929983,0.7788410186767578
819,24032_d6172503_3,0.0007820284808985889,0.8674260973930359
820,44221_25c62f03_1,0.003536742180585861,0.934493899345398
821,50315_0f1419bf_33,0.001901977346278727,0.8153943419456482
822,133389_0938a905_2,0.0011504055000841618,0.7080349922180176
823,24824_cf51e5b6_4,0.003982273396104574,0.2529505491256714
824,33970_32f36442_3,0.01502373069524765,0.5314953327178955
825,29359_bbfab271_2,0.003810468828305602,0.329193651676178
826,23172_4ab01e83_0,0.0026840586215257645,0.9347690343856812
827,98511_1b46a85e_45,0.005254871211946011,0.8523122668266296
828,98511_1b46a85e_46,0.005408648867160082,0.8409848213195801
829,34248_cc11976c_0,0.002409155946224928,0.910986602306366
830,104003_46555fb2_0,0.0005054030334576964,-0.12388241291046143
831,34520_035b5e9a_8,0.0006083119078539312,0.7909337282180786
832,38397_93d5d7de_12,0.03519601747393608,0.5123765468597412
833,130023_93b3ca95_1,0.001691215205937624,0.40473151206970215
834,83213_47c49876_1,0.0035595328081399202,0.5920226573944092
835,43928_6ca53538_63,0.020487235859036446,0.5235726833343506
836,82779_b7b722e3_9,0.003041063668206334,0.636797308921814
837,134967_0f27ef51_1,0.0004079393984284252,0.6948062181472778
838,86024_714b24f4_1,0.001892944099381566,0.92584228515625
839,40807_58058731_11,0.0016097133047878742,0.757230281829834
840,26750_cd3cb3ff_0,0.003925960510969162,0.9318982362747192
841,126913_d253adb7_2,0.0014878492802381516,0.706434965133667
842,24268_2804c9ff_13,0.004555217921733856,0.8815157413482666
843,45542_320c16fd_3,0.0023638512939214706,0.9530046582221985
844,22342_274ed8a6_1,0.0009595929295755923,0.7921772003173828
845,133385_e6aa64d8_17,0.0002029829192906618,0.18630588054656982
846,143509_1dd5212d_3,0.002584297675639391,0.9237794280052185
847,47989_3ff0f41d_0,0.008757179602980614,0.7508758902549744
848,21822_7d3db422_14,0.028870731592178345,0.5831011533737183
849,21517_bfe35b4c_12,0.00048628178774379194,0.15113455057144165
850,52883_e518d3f4_10,0.0026194036472588778,0.5747294425964355
851,41871_f9a1ad02_14,0.0035620187409222126,0.6436554193496704
852,37016_455093c1_2,0.0005950920167379081,0.6809766292572021
853,31117_cd5cdbdb_78,0.070150226354599,0.4560079574584961
854,129239_0d49310c_22,0.00015042164886835963,0.5632612109184265
855,30400_8824ce97_6,0.014514918439090252,0.696516752243042
856,53233_8dbca22c_8,0.0022619704250246286,0.8413349390029907
857,40514_bb61631d_25,0.0037854977417737246,0.16252285242080688
858,24053_53349e4d_2,0.0004967510467395186,0.3606991171836853
859,41917_f0c40fa1_16,0.002893917029723525,0.9315396547317505
860,22543_684108ff_5,0.009111934341490269,0.6387592554092407
861,138636_c1153075_0,0.00046951681724749506,0.5808910131454468
862,24448_75004b6c_6,0.0017772797727957368,0.9434145092964172
863,24831_bbd3e098_8,0.0005775204044766724,0.43408453464508057
864,53221_74fa81cd_3,0.0007838235469534993,0.788111686706543
865,76879_65a30a82_4,0.00030794789199717343,0.49658894538879395
866,108773_f9384cff_10,6.746287544956431e-05,0.2880198359489441
867,33671_0e9c6ca3_5,0.002060726284980774,0.8363280892372131
868,93103_fdb9fcb7_15,0.006627543363720179,0.6423848867416382
869,137675_d2bd633e_0,0.0012514167465269566,0.21624720096588135
870,21893_0500d043_32,0.0008316152379848063,0.45631879568099976
871,22110_0bc70e9f_1,0.0013998140348121524,0.13973689079284668
872,43152_b5472481_1,0.00042124398169107735,0.841813862323761
873,115717_40314bc2_1,0.007685678545385599,0.328466534614563
874,102943_ca9e7968_0,0.0002713499416131526,0.6307717561721802
875,136401_69f29349_0,0.004075769800692797,-1.703500509262085
876,28542_3c922564_0,0.0008197000715881586,0.7010942101478577
877,24267_8a216138_6,0.0022618318907916546,0.8759567737579346
878,84374_272a9731_7,0.002438855357468128,0.6784480810165405
879,23531_1ecc8346_18,0.012740441597998142,0.8757261037826538
880,41871_f9a1ad02_30,0.020711522549390793,0.37225353717803955
881,132461_14abd2d0_0,0.00016583428077865392,-3.629627227783203
882,37617_3f415463_2,0.0005034104106016457,0.17738866806030273
883,41696_de0790a1_1,0.009408455342054367,0.7910766005516052
884,54657_2a66e0de_20,0.003173606004565954,0.7085808515548706
885,24425_0dc4b306_0,0.0033121127635240555,0.6756319403648376
886,146667_fe438b5b_0,0.0028303288854658604,0.892357349395752
887,23048_8a1a5553_8,0.0002910280891228467,-6.830512523651123
888,51871_86ebf5b2_17,0.002296110149472952,0.5796591639518738
889,30664_a3084f71_6,0.0027901872526854277,0.8287909030914307
890,139801_97e2ca6a_5,0.001358038280159235,0.7219521999359131
891,22278_12f1fb79_13,0.003552098060026765,0.7689118981361389
892,22776_facf9bcf_8,0.0049743931740522385,0.8306916952133179
893,40500_6055e3d7_15,0.06855621933937073,0.31623995304107666
894,35740_5322d674_13,0.0009755587088875473,0.40650343894958496
895,39792_60786b6c_12,0.004075983539223671,0.8520265221595764
896,115524_4a411f7e_0,0.0007758462452329695,0.8237559199333191
897,24131_3ea7d5a8_17,0.004054204095155001,0.804443359375
898,100326_0602c712_2,0.026156509295105934,0.1691606640815735
899,34571_25c64838_2,0.003408292541280389,0.7979958057403564
900,143534_4f65fd1a_0,0.0015224155504256487,0.4852839708328247
901,101446_95204330_1,0.0014101924607530236,0.10602867603302002
902,41749_14d0599c_10,0.0004112282767891884,-0.20016169548034668
903,55715_525d1d3e_12,0.0005804111715406179,-0.7216062545776367
904,45307_b9b4bca0_30,0.0978216826915741,0.29940444231033325
905,22654_4c426b0f_0,0.0010648791212588549,0.8666508793830872
906,22670_9353c710_4,0.0019230066100135446,0.4102885127067566
907,99445_94c22a37_11,0.0029511821921914816,0.9561522006988525
908,132811_57264a28_4,0.000903048668988049,0.9262244701385498
909,23258_87a2ba81_3,0.0003088641678914428,0.5117800831794739
910,50777_2934de55_22,0.015414385125041008,0.4528249502182007
911,98418_4185a7fb_0,0.0022950603161007166,0.9443991184234619
912,43441_e1ab0873_2,0.00039894672227092087,-3.834214210510254
913,24271_dbc0fd2d_12,0.0018342123366892338,0.5962637662887573
914,38944_0d0c3fce_0,0.08007226139307022,0.4812558889389038
915,40624_e1c5c424_11,0.00020831591973546892,-4.246647834777832
916,100028_0c3a8f1c_13,0.0032538832165300846,0.9581462144851685
917,40491_ac67bf4c_13,0.002381611382588744,0.9553266763687134
918,25416_1deb9c75_0,0.004821144510060549,0.1654500961303711
919,21657_2651585a_6,0.001646234537474811,0.9127432107925415
920,21986_67c5509a_15,0.0029278078582137823,0.6367355585098267
921,32288_34013274_2,0.0029940297827124596,0.4932352900505066
922,55373_ddd74d2f_0,0.0029548245947808027,0.6183764934539795
923,26245_4aac38e1_0,0.0043976157903671265,0.7480244040489197
924,33044_7fdd9213_0,0.004667792469263077,0.16657257080078125
925,31530_6744ae73_48,0.06393434852361679,0.3823886513710022
926,25555_fd3d9a3c_1,0.00023323101049754769,0.6725568771362305
927,54175_7d864ace_6,0.0015482784947380424,0.6523051261901855
928,72950_5074f5a3_0,0.0029011638835072517,-0.9178285598754883
929,129618_2962c248_0,0.012116699479520321,0.7976287603378296
930,52012_77070fda_10,0.00019756187975872308,0.6901741027832031
931,28295_0dc908b9_7,0.0009963135235011578,0.7323627471923828
932,144419_90e59d67_2,0.0002598183345980942,-1.8712821006774902
933,22734_f6bad9f7_24,0.014762834645807743,0.543121337890625
934,22604_0b4ffb43_14,0.007574034854769707,0.8613770604133606
935,81996_b3752ed2_3,0.0001906816614791751,0.8288788199424744
936,24504_493cee15_8,0.003557389136403799,0.85835200548172
937,39124_28e99e62_1,0.0007001818739809096,0.212149977684021
938,29725_0ad4937e_1,0.0004449622065294534,0.19572335481643677
939,109232_04340d62_6,0.000271451601292938,-3.937839984893799
940,129075_8fbf62e5_0,0.0011917749652639031,0.056848883628845215
941,102937_18c3cb6a_4,0.003576467977836728,0.874604344367981
942,52551_8098346a_5,0.000662748992908746,-0.15285825729370117
943,128043_6947b64c_0,0.004827802535146475,0.7213039398193359
944,119030_292009a7_41,0.0015808186726644635,0.7681102156639099
945,48526_5aecac8a_0,0.002659762743860483,0.5521281957626343
946,32541_86f7df73_4,0.0008397657074965537,0.20110535621643066
947,55114_7bf17f6a_0,0.016787780448794365,-0.21701669692993164
948,55285_6816da52_1,0.02976623736321926,0.3557872176170349
949,37683_e2cca100_17,0.00022507972607854754,0.645636796951294
950,78775_e2d8b091_15,0.0048286947421729565,0.8421187996864319
951,93199_2146e709_2,0.0037158497143536806,0.561311662197113
952,135595_656de97a_14,0.0004412847338244319,0.683616578578949
953,24284_3710e946_16,0.004454556852579117,0.899080753326416
954,135521_30553c91_2,0.0002113270602421835,-2.064969778060913
955,29732_fb15318c_5,0.0007113534375093877,0.32425981760025024
956,88060_389bdff4_0,0.002312252763658762,0.8592897057533264
957,27839_4a077326_28,0.012341792695224285,0.6941989660263062
958,100435_87bf423d_8,0.0016853653360158205,0.966790497303009
959,25365_bb0e4ede_44,0.0005473089404404163,0.2237733006477356
960,146169_144d8264_0,0.03726659342646599,0.798732340335846
961,23342_7193a931_3,0.0003927303769160062,-0.1570366621017456
962,57000_cd1ddece_12,0.002076489385217428,0.9584847688674927
963,119790_1ed376f0_3,0.0004714427632279694,0.485468327999115
964,72522_e9e87960_4,0.002411136869341135,0.9547439813613892
965,65366_f618b577_2,0.0007477083709090948,0.34914451837539673
966,55707_c78416ed_35,0.0028866054490208626,0.8491469621658325
967,70321_eccffc7e_0,0.002539898967370391,0.34202176332473755
968,120143_b5756e6b_0,0.0030993567779660225,0.5695850849151611
969,27726_aca43af4_35,0.00016218425298575312,-6.535252094268799
970,31361_72aab333_20,0.002136063063517213,0.32113736867904663
971,121949_e10b5e85_12,0.005839790217578411,0.8387030363082886
972,146399_0e4b73c4_13,0.0434609018266201,0.1077871322631836
973,41134_fc146947_6,0.0008966961177065969,0.5807924270629883
974,21237_7887a24b_35,0.0002775948087219149,-0.14762675762176514
975,24885_55e20ddf_3,0.0002617205318529159,0.7414284348487854
976,34914_8911676d_23,0.00231110118329525,0.5892616510391235
977,21803_8a36dcda_12,0.003572111949324608,0.8804718255996704
978,41306_8f26e703_5,0.00025172653840854764,-1.717430830001831
979,25118_f50fdc69_10,0.0001991638564504683,0.7091121673583984
980,25473_0991d519_9,0.004155350849032402,0.8959453105926514
981,126585_86fa26cb_0,0.00036198669113218784,0.5529516935348511
982,145691_69484976_9,0.00183607148937881,0.834915041923523
983,60729_c51868ec_0,0.000830380420666188,0.5425420999526978
984,123929_e7dbad2c_0,0.0032284166663885117,-0.5335350036621094
985,69649_70b07cac_0,0.0010970797156915069,0.9757662415504456
986,55135_f1186d58_9,0.0006130526890046895,0.23622769117355347
987,20838_86c931be_2,0.002619586419314146,0.6743067502975464
988,45242_626509cb_11,0.002820434281602502,-0.2463613748550415
989,34983_439766af_13,0.0032632227521389723,0.9660570621490479
990,53453_fb0f1640_1,0.023283790796995163,0.2931685447692871
991,23255_972fbfe6_25,0.003869775217026472,0.8780215382575989
992,24168_a0ede173_203,0.14003607630729675,0.22118055820465088
993,55476_1473d91f_0,0.002745535923168063,-0.3996915817260742
994,55111_ef389075_1,0.0033078433480113745,0.8735713958740234
995,141710_17531562_1,0.0030361313838511705,0.7450782656669617
996,96601_b89e6252_1,0.00015068483480717987,0.19866716861724854
997,135790_a27f9deb_43,0.07450328022241592,0.04545551538467407
998,121363_746708db_0,0.0009001994039863348,0.6536380052566528
999,136886_3aa46890_0,0.0005173663375899196,0.807094156742096
1000,50315_0f1419bf_19,0.028983144089579582,0.601337194442749
1001,37846_cde34fcd_14,8.811261795926839e-05,0.003768622875213623
1002,24816_ef81ad4c_1,0.0015598853351548314,0.4422152042388916
1003,75646_4baf69b2_7,0.009159383364021778,0.8717395067214966
1004,140155_81f9ac63_0,0.0012059524888172746,0.6991286873817444
1005,51603_034939eb_10,0.010186439380049706,0.4356756806373596
1006,30435_c97330d2_0,0.002210185630246997,-2.737032651901245
1007,27839_4a077326_27,0.001548140775412321,0.915822446346283
1008,55627_971fde61_34,0.004614867269992828,0.6432257890701294
1009,134909_ef3d003c_0,0.00034693407360464334,0.6596481800079346
1010,33413_060ce192_51,0.0001405053772032261,-18.467355728149414
1011,22245_ca848576_12,0.0005896961083635688,0.3113279938697815
1012,52039_ba12c3ac_1,0.001805192674510181,0.9639101624488831
1013,39707_358f88df_2,0.0010931934230029583,-0.1641387939453125
1014,50014_33f250c8_3,0.06186554208397865,0.43569010496139526
1015,52987_387431ac_1,0.005519799422472715,0.6209931373596191
1016,33501_b1ee5058_15,0.0019252452766522765,0.9617160558700562
1017,82168_4844bddd_1,0.00262462068349123,0.6456276178359985
1018,30384_95e72fc2_4,0.00039120385190472007,-3.3085174560546875
1019,23554_a0845d54_2,0.0006572204292751849,0.45061206817626953
1020,23800_65e0a5d1_0,0.0002336200705030933,0.2637479305267334
1021,41128_ee74f244_0,0.00092307262821123,0.07328754663467407
1022,143019_22dbd3e6_2,0.010156958363950253,0.6777464151382446
1023,79993_6087acd5_8,0.004741377662867308,0.8500046730041504
1024,21422_b2a6bf27_0,0.003063368843868375,0.9494936466217041
1025,25487_dd2c17e8_21,0.0012098904699087143,-0.07428765296936035
1026,22654_4c426b0f_10,0.00010357698192819953,0.30443668365478516
1027,30368_d7fd30ce_6,0.0001538890937808901,-2.291306257247925
1028,57249_6bd2af3c_2,0.0017113059293478727,0.9368702173233032
1029,57029_3ab80a22_0,0.0015219304477795959,0.6980794668197632
1030,79906_052c7eb4_3,0.0012870338978245854,0.7210167646408081
1031,82996_b8dc67c9_10,0.00030591260292567313,0.5778306722640991
1032,119884_192e3265_1,0.0018002931028604507,0.17893266677856445
1033,21225_c081eae3_10,0.002353169023990631,0.8650879263877869
1034,121949_e10b5e85_1,0.0007727689808234572,0.8044577240943909
1035,81994_ba8916c9_5,0.0003782967396546155,0.669448733329773
1036,22447_4062c6cb_29,0.002696603536605835,0.9545110464096069
1037,55044_ee57bac8_1,0.00041393100400455296,-0.5726948976516724
1038,41871_f9a1ad02_13,0.03535197675228119,0.8014492988586426
1039,74688_a5168a45_2,0.00012279994552955031,-25.38526725769043
1040,23218_02d26ab4_4,0.0005140090361237526,-0.18224263191223145
1041,41205_dc60aa5d_0,0.001510029542259872,0.6246004104614258
1042,41979_ca698776_0,0.0014395872130990028,0.7047539949417114
1043,141453_50ec6f25_7,0.006028654985129833,0.8292264938354492
1044,97143_5424c420_0,0.002441522665321827,0.37341123819351196
1045,41986_26275a06_2,0.004507191013544798,0.5751238465309143
1046,136800_c5e4d711_2,0.0005586867337115109,0.23635709285736084
1047,101635_11b839a3_5,0.00026063481345772743,-1.1352815628051758
1048,55866_b041060d_0,0.006421050056815147,0.606993556022644
1049,53846_89405f98_0,0.0025382775347679853,0.48140186071395874
1050,27725_5cceaeb7_1,0.0037508008535951376,0.6615701913833618
1051,146137_92faaea5_9,0.005538483615964651,0.5562320947647095
1052,41211_11f6b8a0_4,0.00041314223199151456,0.8298517465591431
1053,21330_f0cee934_46,0.0017975649097934365,0.9640610218048096
1054,127188_5fecd146_4,0.00018583117343951017,0.74465012550354
1055,135949_06517574_8,0.0002462990232743323,-1.5533716678619385
1056,68928_0d4e4a2e_24,0.0035074367187917233,0.7794523239135742
1057,50410_f8f03667_38,0.00015298039943445474,-9.531925201416016
1058,142999_171240b6_21,0.0002518454857636243,0.8137895464897156
1059,144709_642fc665_0,0.006750854197889566,0.33657306432724
1060,53232_f8760054_10,0.00047976631321944296,-3.5917673110961914
1061,22372_e91792a1_0,0.00011719050962710753,-0.5029715299606323
1062,21767_53eaa558_12,0.06693249195814133,0.13506990671157837
1063,32220_1fd19c5e_0,0.0004919243510812521,0.4946097731590271
1064,22886_a6331748_1,0.002010813681408763,0.815385639667511
1065,130996_b842b511_12,0.0012567962985485792,0.8841591477394104
1066,55571_74a416b1_1,0.0005451181204989552,-3.624049186706543
1067,70169_914780d4_1,0.0014251753455027938,0.45729440450668335
1068,23156_7788f78a_6,0.07545948773622513,0.4539886713027954
1069,124496_20e20439_10,0.0005616738344542682,-0.23448479175567627
1070,76300_7cb02add_1,0.001726337126456201,0.7443739175796509
1071,21647_6b6cca6f_10,0.0011004310799762607,0.39937645196914673
1072,22734_f6bad9f7_23,0.014293987303972244,0.4045344591140747
1073,94176_0a6c42ab_2,0.00020993396174162626,-37.52736282348633
1074,24048_d731886d_9,0.0037078948225826025,0.5913007855415344
1075,25487_dd2c17e8_30,0.002308986382558942,-0.04374372959136963
1076,115717_40314bc2_4,0.00016599368245806545,0.46005964279174805
1077,125592_875faf40_0,0.0062200771644711494,0.711284875869751
1078,41871_f9a1ad02_44,0.004864705726504326,0.6563183665275574
1079,146642_883a71d2_8,0.0007772895623929799,0.810354471206665
1080,136883_076fbff9_31,0.0003541899786796421,-0.171583890914917
1081,60766_fb8715eb_3,0.0025891312398016453,0.8106577396392822
1082,30818_33617072_0,0.019336959347128868,0.020969629287719727
1083,130679_7a357a9c_18,0.006105617620050907,0.6408487558364868
1084,55306_795d845b_0,0.00017559478874318302,0.6235730051994324
1085,135934_d2f6bb2e_33,0.00036809270386584103,0.5092552304267883
1086,111054_e45a0d40_7,0.03525486961007118,0.6589686870574951
1087,36826_d9269c2e_10,0.003194982185959816,0.7829825282096863
1088,37619_ae810a8d_7,0.00015882353181950748,-71.53746032714844
1089,22343_34184fd5_22,0.00030725536635145545,0.04903179407119751
1090,113020_de552f8d_0,0.0004507452540565282,0.718133807182312
1091,20216_89b90993_0,0.015485076233744621,-0.031617164611816406
1092,23325_292b3294_16,0.007239309139549732,0.3112910985946655
1093,23522_5c2ec58e_9,0.006234473083168268,0.5266339778900146
1094,146624_359752bb_20,0.00015731413441244513,-78.3051986694336
1095,104990_11b4aeee_1,0.002609163522720337,0.9403594732284546
1096,90917_4670b560_0,0.034056179225444794,0.33811020851135254
1097,54818_59adf8c2_5,0.0028740891721099615,-1.4855678081512451
1098,34109_5a868eae_3,0.00043036925490014255,0.29785817861557007
1099,23161_e7f63a9f_2,0.0028899861499667168,0.7385029792785645
1100,37160_2a95674a_27,0.0014562088763341308,0.4912325143814087
1101,61280_8bdbc90f_0,0.004237994085997343,0.8477935194969177
1102,55083_dac1f9cc_2,0.0032398945186287165,0.7302795052528381
1103,34341_d19b12fb_14,0.0002724718942772597,-1.7100250720977783
1104,54516_ac9e2ef4_61,0.0032947815489023924,0.45291006565093994
1105,24559_3c306e71_2,0.00045874412171542645,0.06615769863128662
1106,105831_88a0fb85_1,0.0020498570520430803,0.9221182465553284
1107,32743_f4c47bbc_19,0.002305326284840703,0.5716379880905151
1108,40500_6055e3d7_18,0.001884977100417018,0.9095163345336914
1109,22862_f5406bb0_0,0.003177873557433486,0.9488778710365295
1110,141081_ae61ec46_0,0.0030330047011375427,0.9560931324958801
1111,135112_cf8007b8_4,0.010431845672428608,0.8417467474937439
1112,131442_1512d9ff_5,0.00024722886155359447,0.47680795192718506
1113,145132_7aea3b66_1,0.11430712044239044,0.5673577785491943
1114,41871_f9a1ad02_45,0.0019284863956272602,0.6282927989959717
1115,51775_49ef614a_1,0.0013310156064108014,0.6228638887405396
1116,143293_fc5b0ff7_23,0.0002787840203382075,0.49067431688308716
1117,51547_a7e01c38_6,0.00018277420895174146,0.7381284236907959
1118,114021_44c3c39c_2,0.00018843488942366093,0.53022301197052
1119,123766_c5a4cf5e_0,0.0004731775843538344,-2.016867160797119
1120,23031_0d684603_8,0.0008079396793618798,0.6517571210861206
1121,132996_c742ef84_4,0.005335264839231968,0.25963664054870605
1122,137096_5d77f285_1,0.0014255858259275556,0.8298460245132446
1123,27072_b4756e8c_2,0.0025370039511471987,0.4262089133262634
1124,51915_e704f5dd_2,0.003715411527082324,0.41898471117019653
1125,132811_57264a28_13,0.002690258203074336,0.9547088146209717
1126,49396_98ab955d_13,0.0026069541927427053,0.7093641757965088
1127,132081_761d26ad_0,0.0010695612290874124,0.9713695645332336
1128,82906_7b72e0e8_2,0.004678240977227688,0.8696651458740234
1129,92649_26fe8262_0,0.0005147564806975424,0.7625089287757874
1130,21803_8a36dcda_11,0.002820603782311082,0.9241344928741455
1131,30637_f6324fc6_5,0.00035363459028303623,-1.340576410293579
1132,105560_a6f91315_12,0.0001648489123908803,-22.08890724182129
1133,41737_d80c34b9_0,0.0170562956482172,-0.019032001495361328
1134,34983_439766af_12,0.0024716651532799006,0.7568596005439758
1135,122755_60c41889_10,0.00019583373796194792,-2.138331174850464
1136,76879_65a30a82_2,0.05610022321343422,0.4981866478919983
1137,89816_cef36e57_4,0.004108585882931948,0.9322454333305359
1138,49406_100c707b_3,0.0009588163229636848,0.8894439339637756
1139,105560_a6f91315_10,0.0001942358212545514,-3.193985939025879
1140,129421_483d2957_5,0.00029732819530181587,-0.25274765491485596
1141,122740_fc5c94eb_33,0.0025238036178052425,0.9227258563041687
1142,135595_656de97a_5,0.00040722082485444844,0.851271390914917
1143,35740_5322d674_5,0.00014672550605610013,-49.92361068725586
1144,23681_932e722e_18,0.002386607462540269,0.9548256993293762
1145,108244_329b1876_17,0.0002129672357114032,-48.48296356201172
1146,125745_cf468448_6,0.0013973212335258722,0.671441376209259
1147,138838_c9a9e790_6,0.000991320819593966,0.807302713394165
1148,102416_b74464a2_4,0.00016335408145096153,-63.7952880859375
1149,30426_2cde26de_21,0.00020798412151634693,0.38178831338882446
1150,137837_9c9f163d_5,0.0008690244285389781,0.08492624759674072
1151,25487_dd2c17e8_15,0.007582735735923052,0.011611640453338623
1152,21549_18160a0a_4,0.00014887434372212738,-20.014917373657227
1153,21385_601444ba_0,0.006356601137667894,0.604561448097229
1154,35233_add576ba_9,0.003471661126241088,0.7732585668563843
1155,55345_c6423351_0,0.0008168109925463796,0.8677647113800049
1156,110697_4b2725f1_0,0.0019311291398480535,0.9550145268440247
1157,109946_242843a6_1,0.0002429574087727815,-4.727261543273926
1158,34341_d19b12fb_22,0.00014804677630309016,-15.831720352172852
1159,23247_bcd1e84f_21,0.0008908231393434107,0.8129531145095825
1160,131765_29b29f08_6,0.00019500883354339749,-3.222954273223877
1161,21395_7d6fda6f_12,0.0007171509205363691,0.37234359979629517
1162,135460_6471e973_15,0.0008652337710373104,0.7157831192016602
1163,51741_49d61151_7,0.005904344841837883,0.7866565585136414
1164,28382_90b7cc0c_12,0.0010789005318656564,0.6086487770080566
1165,30850_05d88af9_2,0.00594825204461813,0.7546236515045166
1166,86278_1e55d036_12,0.00012264751421753317,0.08711206912994385
1167,67240_525e92c1_1,0.0021768498700112104,-0.7467343807220459
1168,82002_ef2b4feb_6,0.0054441955871880054,0.895392894744873
1169,53364_ec8aad42_1,0.0104027995839715,0.5530128479003906
1170,135771_b030a25c_17,0.0008456743089482188,0.02174156904220581
1171,135906_29d7b495_1,0.00017284583009313792,0.6909779906272888
1172,21822_7d3db422_38,0.00045281369239091873,0.5406031608581543
1173,81136_5b86c723_1,0.00029805669328197837,-1.188833475112915
1174,25473_0991d519_2,0.01599687524139881,0.723242998123169
1175,73405_94381b7c_5,0.0018374164355918765,0.6911503076553345
1176,24009_c40b0d48_2,0.0015388450119644403,0.9527424573898315
1177,22162_439af02a_1,0.002592346863821149,0.9490271210670471
1178,146159_f3f80701_0,0.0034243338741362095,0.08696252107620239
1179,51895_5760b481_15,0.028009021654725075,0.7018917798995972
1180,33500_e58e287e_1,0.006906168535351753,0.6785279512405396
1181,31838_2e4bd173_0,0.002916882513090968,-0.949777364730835
1182,146137_92faaea5_18,0.00010043452493846416,0.12086200714111328
1183,124879_2257a334_2,0.0001274390670005232,-0.39869225025177
1184,144145_510eedc2_7,0.005756120663136244,0.8933252096176147
1185,21237_7887a24b_78,0.0016946641262620687,0.8526278138160706
1186,82297_93739ce0_6,0.0014673968544229865,0.5176291465759277
1187,51536_a18dc325_31,0.0006735891220159829,-2.264941930770874
1188,93103_fdb9fcb7_7,0.00246521201916039,0.6817908883094788
1189,24590_415f7013_9,0.002027370035648346,0.624366044998169
1190,130659_16f2db4c_0,0.0008237594156526029,0.7274854183197021
1191,23083_fdb942ac_2,0.0015640737256035209,0.9347400665283203
1192,23954_a8c09819_2,0.0028116621542721987,0.9454745650291443
1193,30417_0010bc7c_13,0.0019852847326546907,0.8234636783599854
1194,120535_e304dfca_1,0.001841253717429936,0.8649442195892334
1195,93199_2146e709_9,0.0016478602774441242,0.6216094493865967
1196,23686_cba4f679_15,0.00939603615552187,0.7894001603126526
1197,40807_58058731_20,0.01738647185266018,0.8250054121017456
1198,94410_d32e7520_35,0.011993863619863987,0.701371431350708
1199,79695_fd8bae0e_0,0.001418209751136601,0.6393736600875854
1200,129422_621d0a90_35,0.0022874309215694666,-0.07432067394256592
1201,44932_16cb7f21_5,0.007437726948410273,0.789344310760498
1202,136550_8a8672e5_1,0.0012116055004298687,0.6598687767982483
1203,20495_e8e7e80c_3,0.008103115484118462,0.8550722599029541
1204,31962_e5291336_50,0.0006151742418296635,0.41316288709640503
1205,24888_5be1de05_1,0.00022178793733473867,-3.218222141265869
1206,34114_7e58a97d_10,0.0032375494483858347,0.8755319714546204
1207,108433_37a79370_0,0.007464711554348469,0.3403944969177246
1208,22844_9b75b8e0_1,0.0023803033400326967,0.9012609124183655
1209,115637_b4d41e8a_0,0.0035673805978149176,0.654655396938324
1210,53474_f29e4438_15,0.022739719599485397,0.35312217473983765
1211,26766_1aaa348c_0,0.0011800631182268262,0.8324889540672302
1212,51940_67bb0219_7,0.001966773299500346,0.6785990595817566
1213,41714_1d49f4d1_13,0.0003460751031525433,-0.3647336959838867
1214,21815_7090778f_9,0.006480473093688488,0.4681773781776428
1215,32843_8e5bdf24_0,0.0038112839683890343,0.8311323523521423
1216,23686_cba4f679_10,0.00205064145848155,0.7444633841514587
1217,114425_891ab08d_0,0.00472366064786911,0.4110161066055298
1218,41786_02d48cdd_5,0.005863690283149481,0.09263694286346436
1219,22895_4533b542_1,0.0010976162739098072,0.9370918273925781
1220,49016_cd1b47bf_6,0.007972637191414833,0.7474440336227417
1221,51674_a70c1c6c_3,0.00017663919425103813,0.7175301909446716
1222,52972_6e5a5ada_11,0.0047875684686005116,0.7967873811721802
1223,120700_d818883a_8,0.0002632712130434811,0.6435403823852539
1224,34530_9525ffcd_0,0.004250631667673588,0.9200656414031982
1225,24355_99bf3f8f_1,0.000316328281769529,0.3874102234840393
1226,56250_3b6024e3_46,0.012471651658415794,0.7794888019561768
1227,56355_727ca47c_3,0.002839089371263981,0.314455509185791
1228,35057_9af89947_1,0.0020647321362048388,0.6758339405059814
1229,120881_a946667f_13,0.0003062579780817032,0.578080415725708
1230,143021_c6df0146_5,0.0002747866965364665,-0.5301336050033569
1231,69240_dc199112_3,0.0006543226772919297,0.4044741988182068
1232,41733_1ec9b00c_15,0.0013541183434426785,0.7180076837539673
1233,30298_24191733_2,6.154348375275731e-05,0.574387788772583
1234,30400_8824ce97_18,0.0012568403035402298,0.7375634908676147
1235,37040_ecbcd25e_36,0.0021744517143815756,0.4135390520095825
1236,23035_6087bb57_4,0.0006502829492092133,0.026842594146728516
1237,38675_6e07d74b_26,0.022453615441918373,0.6893194913864136
1238,31751_e37382e1_9,0.0027434402145445347,0.7074772119522095
1239,54601_e1da5b93_4,0.002366200787946582,0.9529256820678711
1240,142999_171240b6_29,0.002712294925004244,0.7944005727767944
1241,137646_14bca880_0,0.002112421439960599,0.8049163818359375
1242,37519_442dc408_1,0.0005731071578338742,0.29965120553970337
1243,47195_a8cd8bad_6,0.0021381510887295008,0.864034116268158
1244,22474_b10fea1a_6,0.00486675463616848,0.4386976361274719
1245,53200_d1e30b87_10,0.00442561274394393,0.22990238666534424
1246,41472_f9d73638_9,0.00043086346704512835,0.5571376085281372
1247,126397_cc08a23d_1,0.0002495131629984826,0.595055341720581
1248,31838_2e4bd173_4,0.004012176301330328,0.9284732341766357
1249,52006_d21e4570_7,0.001265810802578926,0.7490840554237366
1250,62109_08c31aa8_0,0.002111132489517331,0.6238172054290771
1251,49403_458914df_0,0.0006282083922997117,0.6289246678352356
1252,122914_76ff1f5e_2,0.0003360564587637782,-28.90993309020996
1253,34913_d23e2a24_2,0.0003671013982966542,0.8357338905334473
1254,104641_2cd02839_15,0.00015853835793677717,0.5418604612350464
1255,131632_6144b102_1,0.003294244408607483,0.9607800841331482
1256,30850_05d88af9_0,0.0027951733209192753,0.7806800007820129
1257,86296_8a6ed4d3_7,0.000375350791728124,-0.15609121322631836
1258,34983_439766af_7,0.017729632556438446,0.7474175691604614
1259,33374_7491cbf8_2,0.030017774552106857,0.7095687389373779
1260,50694_afd26bd5_10,0.003914599306881428,0.957963228225708
1261,50292_e84db1fb_8,0.0006563520291820168,-1.2397534847259521
1262,81367_622a9e51_2,0.000858326384332031,0.7844700217247009
1263,78966_584c5305_0,0.0018203865038231015,0.05081582069396973
1264,79905_623eae86_1,0.041605617851018906,0.6592879295349121
1265,63055_6b907478_15,0.0029277573339641094,0.7664530277252197
1266,135771_b030a25c_4,0.00022039625036995858,0.7225149869918823
1267,41753_9b4f8d8a_0,0.0019293846562504768,0.9621188044548035
1268,80784_f7ec5f70_1,0.002130280714482069,0.6390364170074463
1269,33607_c6f31fa6_10,0.0030991004314273596,0.6204648613929749
1270,22225_a3ce4d29_42,0.0019180579110980034,0.7938790917396545
1271,51938_8b9cba89_5,0.017573995515704155,0.6317042112350464
1272,44741_f386a08f_4,0.0034904831554740667,0.8964020609855652
1273,70021_e673ae54_4,0.002550622448325157,0.9586027264595032
1274,55135_f1186d58_7,0.00522118154913187,0.5320250988006592
1275,31856_2a5a4e32_12,0.0065217032097280025,0.638224720954895
1276,75303_045fc848_4,0.0013269754126667976,0.7961092591285706
1277,129683_3ad38815_10,0.0333549901843071,0.609950840473175
1278,21894_93f0d052_24,0.0009409961057826877,0.9238986968994141
1279,143823_1b04bf80_13,0.002408522181212902,0.8262006640434265
1280,143823_1b04bf80_18,0.0005082967109046876,0.5082206726074219
1281,111863_c925f4f3_2,0.000711507978849113,0.3210802674293518
1282,104633_d0a15bd3_6,0.0041039809584617615,0.6558665633201599
1283,48832_22363e53_33,0.00398490484803915,0.8923636078834534
1284,127466_a18ae326_1,0.003135399427264929,-0.18125438690185547
1285,22211_b1ee53f0_12,0.0031781482975929976,0.8671918511390686
1286,137837_9c9f163d_6,0.0007255233940668404,0.8024042844772339
1287,122755_b830e22d_17,7.027346146060154e-05,0.21296417713165283
1288,21299_e9cd80a6_12,0.00047693433589302003,0.3604291081428528
1289,44920_70dd4b80_11,0.006379149854183197,0.7113995552062988
1290,52987_387431ac_7,0.0017926469445228577,0.9454002380371094
1291,147926_b78316a8_10,0.0003746618749573827,0.6717525124549866
1292,144653_e3eccdf1_50,0.0007840674370527267,0.47761231660842896
1293,56458_c027ed41_0,0.001149735413491726,0.8572814464569092
1294,23495_6366269c_11,0.002447808627039194,0.9513205289840698
1295,70883_e2d6a103_2,0.049759477376937866,0.26066261529922485
1296,32743_f4c47bbc_34,0.0009608307736925781,0.4399917721748352
1297,30910_38ea5a06_2,0.0018170272232964635,0.69183349609375
1298,56476_466fc284_17,0.010399199090898037,0.7849019765853882
1299,22604_0b4ffb43_62,0.0015649377601221204,0.9347046613693237
1300,21534_6367be99_0,0.0013059171615168452,0.5883281230926514
1301,133026_1085532d_1,0.0006066571222618222,0.8458229899406433
1302,137828_0b0786fb_1,0.00423702085390687,0.918545126914978
1303,55627_971fde61_27,0.0025184357073158026,0.6820777654647827
1304,93869_8b1922a3_0,0.0012770738685503602,0.897007405757904
1305,24393_9acd18c6_3,0.0026876351330429316,0.9498485922813416
1306,44996_b3e9c266_14,0.00010452807327965274,0.5909302234649658
1307,55300_b9675d43_1,0.0026142585556954145,0.9486703276634216
1308,113352_879844fe_0,0.0025416298303753138,0.8965026140213013
1309,135317_3c58b0d0_9,0.000593957316596061,0.45118701457977295
1310,115624_fe3eb392_1,0.009171961806714535,0.5704452991485596
1311,63055_6b907478_21,0.009530722163617611,0.6524295806884766
1312,40421_032c052f_0,0.0015694514149799943,0.7614432573318481
1313,143029_70554264_3,0.00027792397304438055,0.5238841772079468
1314,145117_78f63de3_0,0.0012357638916000724,0.6821743249893188
1315,128996_35f2006e_0,0.0005354437744244933,-1.6775755882263184
1316,54503_fc6c6963_1,0.001704349066130817,0.784740686416626
1317,24657_0168dc6b_1,0.002696799114346504,0.9339911341667175
1318,130524_13ad16a8_0,0.07513491064310074,0.6284711360931396
1319,142670_33c641dc_3,0.0008029959863051772,0.6949310898780823
1320,65375_674ff0b9_11,0.0017737424932420254,-0.6148687601089478
1321,23168_7fdf5427_3,0.00015690497821196914,-70.67418670654297
1322,41717_ab2075ac_0,0.0012394343502819538,0.95449298620224
1323,21739_57582b8f_4,0.0015527334762737155,0.9089030027389526
1324,143293_fc5b0ff7_30,0.0021899389103055,0.9402790665626526
1325,135906_587b5c3d_0,0.0004594684287440032,0.7225524187088013
1326,138685_fd9b79cd_0,0.0009896955452859402,0.20862263441085815
1327,119921_5621fcb4_0,0.0025925899390131235,0.5623013973236084
1328,49403_458914df_5,0.0017432267777621746,0.801328182220459
1329,73525_7f6b2f67_2,0.00018449647177476436,0.7045019865036011
1330,136994_a3a2f50f_3,0.0020894811023026705,0.7646517753601074
1331,31838_2e4bd173_1,0.006378173362463713,0.8619509339332581
1332,35866_d0233b36_6,0.0026603287551552057,0.95464688539505
1333,53053_d6b4d71c_9,0.004385287873446941,0.8861457109451294
1334,90220_7baf1e18_1,0.00036704991362057626,0.5045117735862732
1335,23364_73dd9d4d_10,0.00026187303592450917,0.6236310601234436
1336,52987_387431ac_3,0.003337029367685318,0.7251647114753723
1337,51859_6b2fd0f1_4,0.0005709481192752719,0.6825886368751526
1338,51708_867d4509_12,0.00019525368406903,-0.6913334131240845
1339,93199_2146e709_3,0.0036364677362143993,0.9228997230529785
