case_num,case_name,MSE,R-Square
0,50417_199cffee_13,0.04071652516722679,0.6828401684761047
1,48516_2b3135bf_11,0.006374759133905172,0.7844705581665039
2,41733_1ec9b00c_31,0.0067220041528344154,0.34796351194381714
3,31664_1e85c690_0,0.004282996989786625,0.7697286605834961
4,21893_0500d043_18,0.0019302424043416977,0.9607560634613037
5,31607_9a2f8140_6,0.008096406236290932,0.7282413244247437
6,41774_88a7a483_18,0.001988014904782176,0.5147154331207275
7,42143_51b31600_4,0.0002581804001238197,0.47832316160202026
8,23104_3b70eba4_13,0.0009352483903057873,-0.5385303497314453
9,129075_8fbf62e5_2,0.0004022375796921551,-0.061467528343200684
10,41624_a15f83c1_13,0.0002948712499346584,0.855204701423645
11,36088_1ea9c8a9_12,0.001064646989107132,0.9751628637313843
12,126477_6596d136_14,0.0011100757401436567,-0.006196022033691406
13,130441_10c43121_0,0.15945644676685333,0.18768322467803955
14,133385_e6aa64d8_21,0.0009934158297255635,0.3482557535171509
15,26398_b99946da_1,0.01276623085141182,0.8321018815040588
16,61198_0c99f50a_4,0.0004249291669111699,-25.76912498474121
17,26661_ab88a525_0,0.0011055925861001015,-0.27780652046203613
18,129075_8fbf62e5_1,0.0018534539267420769,-0.7503305673599243
19,51891_9455ea02_1,0.009027998894453049,0.8567420244216919
20,34770_6bba5bd4_13,0.0017141405260190368,0.96634441614151
21,21646_a2dd0d00_53,0.006437729578465223,0.46488213539123535
22,68909_4ae1bc2e_1,0.0004026296373922378,0.6216201782226562
23,27866_ece3076e_109,0.004121521953493357,0.35009098052978516
24,92134_52f13f49_6,0.001225318294018507,0.29383790493011475
25,23342_7193a931_1,0.00040593312587589025,0.4365924596786499
26,126572_a2d6f794_14,2.459358802298084e-05,-1.4724020957946777
27,44344_3e0b0b0c_1,0.00028970965649932623,-39.12398910522461
28,49331_3bf3bb84_4,0.001468331553041935,0.973122239112854
29,33971_46bb0373_0,0.0022960423957556486,0.7067105174064636
30,21517_bfe35b4c_1,0.002323498949408531,-2.3700294494628906
31,23165_369d62aa_6,0.004448804538697004,0.9463402628898621
32,81846_2907c980_0,0.004582749679684639,0.7965735197067261
33,24168_a0ede173_111,0.009072779677808285,0.10388177633285522
34,53461_a5942665_1,0.005047186743468046,0.8128061294555664
35,24907_c72322ea_13,0.0012376998784020543,0.5329726338386536
36,133424_315bcaeb_7,0.0004966164124198258,0.35735809803009033
37,40490_916e13fe_0,0.0031543842051178217,0.9017484188079834
38,38000_b5822e44_3,0.005833901930600405,0.9115809202194214
39,138520_f4e0bc0b_63,0.001064553507603705,-0.015633583068847656
40,61294_9255796d_3,0.00022312349756248295,0.5825048685073853
41,22176_272891b8_0,0.0011263244086876512,0.42866694927215576
42,24815_4f2a57e4_1,0.0038949274457991123,0.8856303691864014
43,113343_e692c488_1,0.0003084795898757875,0.5344798564910889
44,33995_18423507_1,0.0010040915803983808,-0.35260307788848877
45,127897_029949fd_6,0.0013349078362807631,0.9733072519302368
46,123181_4e56fb4f_0,0.0030705116223543882,0.9555174708366394
47,22670_9353c710_1,0.0001486550463596359,0.0940481424331665
48,128642_4d72bf31_2,0.0007673221407458186,0.584338903427124
49,146667_fe438b5b_6,0.017684726044535637,-0.07998132705688477
50,38260_2a31c6df_2,0.0032833083532750607,0.5372744798660278
51,24443_996411f9_3,0.003127136966213584,0.9290357828140259
52,142074_34e02b6d_1,0.0025503516662865877,0.23620563745498657
53,41501_b627682a_15,0.0031326175667345524,0.726250171661377
54,24712_da77fe8f_0,0.0011458881199359894,0.9785606861114502
55,32960_0eaa1de8_26,0.004323097411543131,0.9199271202087402
56,130757_b2c47f8d_2,0.00034361580037511885,-9.269538879394531
57,104817_6d73dc41_0,0.00719241239130497,0.19418442249298096
58,79243_49539d9f_0,0.0031031023245304823,0.9331475496292114
59,82012_c533307b_1,0.0006772777996957302,0.36909180879592896
60,107649_e651c5ca_1,0.0004888111143372953,-2.40871262550354
61,40997_e3c88650_12,0.00432300241664052,0.8891133666038513
62,143029_70554264_4,0.0018416933016851544,0.7482452392578125
63,27054_342fcf5c_3,0.0008081825217232108,0.15649783611297607
64,41648_577daf16_17,0.0012555646244436502,0.5247063636779785
65,89720_4e65191c_1,0.0030511298682540655,0.9260858297348022
66,75382_1b589ea9_12,0.00018789811292663217,0.4628724455833435
67,120371_433ba1ca_2,0.00131076795514673,0.8856852650642395
68,49024_b7f02205_13,0.0034518481697887182,0.847536563873291
69,51022_47816098_7,0.009486576542258263,0.9025870561599731
70,41634_4f5d0edb_0,0.00025935974554158747,0.48138129711151123
71,23170_6ea8ded5_3,0.0021911466028541327,0.9633309841156006
72,69589_cd2fa794_8,0.004934582393616438,0.677345871925354
73,41504_85e300ee_0,0.005657654721289873,0.22750604152679443
74,128996_42176b10_0,0.0036600942257791758,0.7037588953971863
75,38920_e81879c2_7,3.6622892366722226e-05,-43.047119140625
76,148051_c59af578_6,0.0019451541593298316,0.9470238089561462
77,65494_16d62db5_0,0.0005915846559219062,0.20727425813674927
78,25473_0991d519_0,0.0022305732127279043,0.9475957751274109
79,75270_25a261ef_5,0.0013023767387494445,0.8700494170188904
80,49613_1b97c07b_12,0.0004214698274154216,-3.476369857788086
81,115633_a2c63339_1,0.0009038015268743038,0.7326734662055969
82,52366_63042db4_1,0.002061431994661689,0.9530824422836304
83,30282_88c6933c_5,0.0009378131362609565,0.8878067135810852
84,53474_f29e4438_12,0.006376598961651325,0.791239321231842
85,24026_1dd4094b_21,0.0014479432720690966,0.8348332643508911
86,21225_c081eae3_2,0.003599185962229967,0.5242620706558228
87,35057_9af89947_8,0.0011137011460959911,0.10537946224212646
88,43529_4804941b_20,0.0017334962030872703,0.9471713900566101
89,22103_fd11c71b_3,0.001948110875673592,0.7567402720451355
90,51536_a18dc325_0,0.005138388369232416,0.7272956967353821
91,24230_636208ab_13,0.0023952852934598923,-0.470897912979126
92,41117_1b3271f2_56,0.007423832081258297,0.885364294052124
93,140499_419d5823_0,0.0013545757392421365,0.8829067945480347
94,115524_a949e82c_2,0.00020935729844495654,0.1844668984413147
95,29833_0ed4880f_3,0.0008341042557731271,0.9849924445152283
96,127556_4823a42a_6,0.0017622291343286633,0.7039847373962402
97,23960_48cc0f21_19,0.00015782438276801258,-1.2131428718566895
98,132987_ba18d2eb_11,0.000699031341355294,-0.33855199813842773
99,51337_f8636fd9_30,0.0003614718734752387,0.5915848612785339
100,40999_cad6be09_18,0.010448239743709564,0.7529782056808472
101,136886_99fbdef3_0,0.000967631523963064,-0.6605101823806763
102,30447_4ed3b778_7,0.09069778025150299,0.6658470630645752
103,55811_bc667b2d_13,0.0020286350045353174,0.22770285606384277
104,41716_d55164d4_1,0.0019693009089678526,0.31080126762390137
105,33610_aa697fc9_6,0.0031416835263371468,0.7681041955947876
106,55095_fa260d33_6,0.011710884049534798,0.6913086175918579
107,115639_bc0cc622_0,0.01107207965105772,0.18933820724487305
108,20841_1620ae7d_0,0.002060661790892482,0.7163007259368896
109,50823_d1830e58_2,0.004440805874764919,0.12091529369354248
110,109762_cb162371_48,0.0011464945273473859,0.5971189737319946
111,41387_5f752e39_23,0.0035288832150399685,0.869495689868927
112,121540_629c716f_0,0.008414899930357933,0.643780529499054
113,118539_1dff9cf9_12,0.00028497312450781465,-19.84159278869629
114,30714_dafa62f6_2,0.013150349259376526,0.8279533982276917
115,79633_bbbde75f_0,0.004418012220412493,0.8922505378723145
116,33059_531cfd5e_11,0.0012701444793492556,0.7921320199966431
117,20697_d3e106b4_4,0.00024766396381892264,-1.0800132751464844
118,136062_0027ff97_6,0.005020819138735533,0.5367836952209473
119,146291_6b0c8db3_1,0.03966321796178818,0.0769338607788086
120,45466_5f662bcb_0,0.00025610608281567693,0.4726802706718445
121,144500_7f600ab6_0,0.0031156011391431093,0.7118915915489197
122,44996_b3e9c266_4,0.0019347795750945807,0.5913399457931519
123,40713_4c9264ef_0,0.004229211714118719,0.4357241988182068
124,132384_0fcab1fa_13,0.0004905590321868658,0.4722680449485779
125,33738_77d49563_2,0.00130664580501616,-0.5188030004501343
126,129422_621d0a90_33,0.001218948746100068,0.4263092279434204
127,115633_fd3c9b97_32,0.0002047161979135126,0.16113781929016113
128,69337_a122ffde_1,0.005819146987050772,0.40524178743362427
129,37241_29f91452_0,0.0020991431083530188,0.9514397978782654
130,141199_9ae000ef_6,0.00539110042154789,-3.5570173263549805
131,147133_92c04b84_4,0.0016350862570106983,-0.4380786418914795
132,77687_cbb18594_50,0.006655157543718815,-3.5936851501464844
133,144290_2a679085_11,0.00018890827777795494,0.4436376690864563
134,130825_c59bbbfb_0,0.004022055305540562,0.8970724940299988
135,82512_252da752_6,3.63303734047804e-05,-55.20698928833008
136,115624_d0acb46b_24,0.006098718848079443,0.9338279366493225
137,92134_52f13f49_7,0.0012184466468170285,0.2355455756187439
138,100326_0602c712_7,0.0007632432971149683,-0.20311462879180908
139,134630_f9e85072_0,0.0036717895418405533,0.1547260284423828
140,108943_b07b2543_1,0.00302777998149395,0.5007113218307495
141,125416_ab456bc3_5,0.026736361905932426,-1.2699594497680664
142,57222_33b428d7_69,0.0028659836389124393,-1.866417407989502
143,24650_dad8c8ee_13,0.00983832310885191,0.8256714344024658
144,41749_14d0599c_1,0.006809459067881107,-0.012948393821716309
145,49396_98ab955d_27,0.0004386818618513644,0.7135978937149048
146,136892_e2a0b32c_4,0.0005551108042709529,-13.27394962310791
147,31962_e5291336_28,0.002967932028695941,0.9352269172668457
148,34231_e27353cb_0,0.0005283716018311679,0.444465696811676
149,112724_d334de09_0,0.010860632173717022,0.8311980962753296
150,56486_82b3e23a_21,0.0002142617158824578,-1.491532802581787
151,40500_6055e3d7_17,0.00025498803006485105,-7.577981948852539
152,39468_15fb2e60_43,0.00027369894087314606,0.5534036159515381
153,141710_17531562_7,0.003798319026827812,0.8926506638526917
154,33529_756075a0_12,0.002080975566059351,0.5923358201980591
155,54169_3a875f10_8,0.005579965189099312,0.8528228998184204
156,41023_5445cb61_9,0.0015591018600389361,-0.3711889982223511
157,146380_5c569eeb_2,0.0010049781994894147,0.45985132455825806
158,24195_9791f5d3_38,0.00020286465587560087,-3.000396251678467
159,26573_7f7e176d_2,0.04958352819085121,0.560210108757019
160,22734_f6bad9f7_25,0.011297613382339478,0.8179698586463928
161,48112_9538e204_0,0.0010728200431913137,0.9787044525146484
162,127545_6fa39158_10,0.008042643778026104,0.9374582767486572
163,23788_5c0b60c6_0,0.0021602108608931303,-0.1343008279800415
164,23792_5b4c1ce0_21,0.005521505605429411,0.8257742524147034
165,146067_46e58ab3_1,0.054864056408405304,0.6519151926040649
166,101072_dec6f415_3,0.001134346704930067,0.4800247550010681
167,22829_b6649a29_0,0.0002879553649108857,-3.774613857269287
168,55389_a736bd99_0,0.0090706218034029,-3.818268299102783
169,30259_d709601c_9,0.019528793171048164,0.4436687231063843
170,35866_d0233b36_13,0.0004132542235311121,-3.388157844543457
171,34563_52848c45_5,0.0006088775116950274,0.7535424828529358
172,44519_90af0df6_7,0.003095387015491724,0.09703809022903442
173,114111_59282658_8,0.0015958970179781318,0.4539124369621277
174,45922_26941172_15,0.0390637069940567,0.34608227014541626
175,41303_bd1def52_3,0.0023263145703822374,0.41178464889526367
176,22053_de30641b_1,0.0002400625526206568,-2.6748616695404053
177,22298_51433023_4,0.0054788109846413136,0.8806290030479431
178,23479_81a49137_0,0.01797565445303917,-5.530125617980957
179,22225_a3ce4d29_37,0.01015100535005331,0.8594589829444885
180,135669_490cd2d7_14,0.016649145632982254,0.10699301958084106
181,32173_8b075b1a_4,0.005693383049219847,0.9077808856964111
182,145119_24107428_5,0.0017515853978693485,0.8671365976333618
183,41774_88a7a483_36,0.00034677900839596987,0.8217739462852478
184,133549_1b6c58d6_0,0.005462905392050743,0.8837306499481201
185,40936_6de8f4f4_0,0.09263138473033905,0.42214715480804443
186,23008_3d1bb7b2_0,0.015401097945868969,0.7790245413780212
187,38360_ad61c9b2_1,0.0004616559308487922,0.7000524997711182
188,136109_3d342d3c_2,0.004127390217036009,0.8340686559677124
189,135790_a27f9deb_11,0.00037056943983770907,0.5404597520828247
190,140249_7c1c5bba_0,0.00041394896106794477,0.4961051344871521
191,128996_a3d026d6_0,0.0029057932551950216,0.4045277237892151
192,23235_f9ccb8b0_0,0.0009007500484585762,0.28965646028518677
193,93671_f7290ded_0,0.0008278567111119628,0.5094388723373413
194,51109_97b211c3_7,0.0022937527392059565,0.7196632623672485
195,51916_fa226b15_13,0.000310119561618194,0.32991617918014526
196,86268_094d3fab_1,0.0008705206564627588,0.9825932383537292
197,39637_ca6a9a60_1,0.009088431484997272,-0.12397491931915283
198,47219_93cb3619_3,0.04792959615588188,0.15579235553741455
199,47878_0edb6829_0,0.001592237502336502,0.9716829061508179
200,26764_ab35159a_6,0.00525980070233345,0.7900517582893372
201,34341_d19b12fb_12,0.0004565423587337136,0.4972636103630066
202,118342_c702e084_6,0.0041280402801930904,0.905701756477356
203,49886_dd68dccb_4,0.00637252489104867,0.517499566078186
204,23493_57512264_5,0.000123706748127006,0.6100001335144043
205,31751_e37382e1_5,0.0041481549851596355,0.8937466144561768
206,24338_848cab42_6,0.00960727408528328,0.2409878969192505
207,24916_42eacca3_10,0.0006152006681077182,0.6676252484321594
208,137485_a953e1be_2,0.0012649457203224301,0.9747073650360107
209,23706_ef15ef9c_18,0.003895304398611188,0.7416133880615234
210,143671_eaf4d13b_6,0.011370358988642693,0.8265178799629211
211,53470_39f2e9dc_13,0.0006285816780291498,0.20340263843536377
212,145772_59253c6d_3,0.00027154642157256603,0.6173654794692993
213,51893_d531e2bd_2,0.005571694578975439,0.8786853551864624
214,39389_d641313f_8,0.0298224538564682,-0.13790929317474365
215,51595_41f3d1a3_5,0.0008829513099044561,0.1617603302001953
216,51674_a70c1c6c_15,0.00023837103799451143,0.09187591075897217
217,37617_3f415463_5,0.0005920508410781622,0.5509499311447144
218,31862_a89f21f9_3,0.003576236078515649,0.8937209248542786
219,40519_55a097c6_11,0.007006326224654913,0.591492772102356
220,111306_9108c940_0,0.0022273086942732334,0.5737592577934265
221,136640_16741d62_4,0.0013973289169371128,0.04911243915557861
222,23155_d7305c5f_2,0.024896759539842606,0.4957007169723511
223,43934_912ff891_41,0.00033318056375719607,-0.5882620811462402
224,57017_6033d1e5_0,0.003219744423404336,0.8379032611846924
225,126913_d253adb7_1,0.0010432694107294083,0.5827809572219849
226,130752_52d74f2f_48,0.005608906038105488,0.6219008564949036
227,124177_71283cad_0,0.004219545051455498,0.6746280193328857
228,24650_dad8c8ee_18,0.01070654671639204,0.7263164520263672
229,55199_4d57661f_2,0.010428995825350285,0.3756532073020935
230,115010_eb737aaf_20,0.0013624229468405247,0.973910927772522
231,27855_19c5895a_12,0.001346976961940527,0.29351526498794556
232,52772_a6e6e320_0,0.00019010584219358861,0.7448792457580566
233,90917_3d2d21a9_0,0.017074480652809143,0.6094884872436523
234,40703_5f4e45d4_7,0.0008332775323651731,0.9834696054458618
235,132622_911efd2f_1,0.017583100125193596,0.7368079423904419
236,43441_e1ab0873_6,0.04907083138823509,0.22533726692199707
237,34917_61633e20_6,0.002896525664255023,0.9372034072875977
238,67221_275ba7e6_4,0.0037134892772883177,0.925510585308075
239,130719_e4764a36_10,0.0006786760641261935,-0.47993195056915283
240,136318_130d6a06_20,0.001177708967588842,0.8925793766975403
241,99636_73c43ebd_10,0.0034648801665753126,0.9065082669258118
242,29377_3a04cb8d_6,0.0011214936384931207,0.8363864421844482
243,23018_63087a41_47,0.0030250742565840483,0.9171964526176453
244,26165_100fec74_4,0.000674636394251138,-1.1227383613586426
245,135934_d2f6bb2e_46,0.0010075382888317108,0.5109037160873413
246,24039_448afafa_5,0.004460906144231558,0.7850083708763123
247,32775_a79b406b_14,0.008754273876547813,-0.11545002460479736
248,23686_cba4f679_0,0.006456978153437376,0.3876354694366455
249,35147_bc9f2c5d_0,0.005961001385003328,0.03770923614501953
250,136337_1351909b_2,0.01479633804410696,0.6485497951507568
251,139222_2c10ca9a_1,0.011525368317961693,0.008507847785949707
252,139379_fe5c3f64_0,0.005107758101075888,0.8116912841796875
253,33084_344fec27_2,0.0011004479601979256,0.9792855978012085
254,24775_d5c98d77_0,0.00031292662606574595,-8.64647388458252
255,56344_3a89f085_23,0.0011907476000487804,0.8896411657333374
256,135112_cf8007b8_5,0.005711994133889675,0.8593544363975525
257,50706_20d07d57_2,0.026680398732423782,0.7443294525146484
258,51744_cd355565_5,0.011222396977245808,0.6638680100440979
259,51464_da501c24_0,0.0045277876779437065,0.10756939649581909
260,126572_a2d6f794_23,5.345448516891338e-05,-0.8500416278839111
261,70021_e673ae54_2,0.0003913405234925449,0.43614262342453003
262,25144_31b089b6_5,0.0021784536074846983,0.0132673978805542
263,24715_55aac5f2_2,2.032702468568459e-05,-0.6922227144241333
264,24532_f82f8000_2,0.005232550203800201,-3.235949993133545
265,30664_a3084f71_1,0.0052206795662641525,-1.1827023029327393
266,81145_5c13a8e9_1,0.0016333904350176454,-0.6683453321456909
267,132037_2abb8c63_10,0.00016482399951200932,0.2423350214958191
268,50414_ac159b58_2,0.0013820126187056303,0.9497734308242798
269,21601_360ce1c7_7,0.004227825440466404,0.923165500164032
270,22119_27e3ecbe_9,0.0014456057688221335,0.9551725387573242
271,145120_74f7316f_0,0.01078076846897602,0.5125855207443237
272,74574_c302ff1f_0,0.0002859846281353384,0.6243798732757568
273,52443_085efc00_4,0.001408926211297512,0.539634108543396
274,147546_ede0f31c_3,0.011105891317129135,0.7598381042480469
275,22492_047b125b_21,0.008934720419347286,0.792630672454834
276,72313_5a86e234_0,0.04661932215094566,0.10945332050323486
277,45589_49e3c7ea_2,0.0027239813935011625,0.9178609251976013
278,83432_a7f85698_0,0.002447263104841113,0.9450316429138184
279,32775_a79b406b_0,0.00014333332364913076,-0.38031327724456787
280,121703_69c4a5ac_3,0.00022814585827291012,0.1733570098876953
281,80901_e9080573_6,0.0021714491304010153,0.9152588248252869
282,21809_8bd6b10e_3,0.052424728870391846,-0.15386927127838135
283,49396_98ab955d_15,0.0034263385459780693,0.6733013987541199
284,33766_14917a4a_19,0.002872876590117812,0.9360790252685547
285,26661_ab88a525_8,0.0021227814722806215,0.9404907822608948
286,44030_17bd5ec9_0,0.0024285605177283287,-1.9854457378387451
287,53221_74fa81cd_7,0.0012719902442768216,-0.09952986240386963
288,21887_3306168f_7,0.006008553318679333,0.4013090133666992
289,86185_85fde9e6_0,0.004337373189628124,0.33711791038513184
290,87951_500b1dcd_2,0.0004685282474383712,0.49843883514404297
291,22276_69c5036b_11,0.010408363305032253,0.7276784777641296
292,41721_44151488_5,0.00270599196664989,0.7494409084320068
293,102293_5d04e48d_0,0.03630334138870239,-0.7224448919296265
294,77687_cbb18594_20,0.0004843813949264586,0.3280962109565735
295,133248_1bab99ae_0,0.012299475260078907,-4.421868324279785
296,24051_4852a192_2,0.0024646332021802664,0.9154054522514343
297,86806_2993395a_1,0.000511557562276721,0.5657223463058472
298,38558_b0d6b3f8_1,0.0014540114207193255,0.9701568484306335
299,140549_7d01813c_0,0.028807438910007477,0.08617138862609863
300,24559_3c306e71_1,0.0026248504873365164,0.5962738990783691
301,70350_751de4b0_13,0.010745976120233536,-3.377314567565918
302,39101_23fec10f_8,0.0032150608021765947,0.6579535007476807
303,24942_9d1b2ff2_8,0.007702222093939781,0.9102253317832947
304,30850_05d88af9_3,0.015717430040240288,0.7386378049850464
305,113358_08641c94_4,0.010939329862594604,0.6600688695907593
306,21234_8b71bd47_27,0.0013569307047873735,0.509093165397644
307,26245_4aac38e1_21,0.0004938989877700806,-0.14591240882873535
308,66072_d301cc88_0,0.0033506061881780624,-0.4489833116531372
309,21894_93f0d052_23,0.003578850068151951,0.6465069055557251
310,147816_7fb70c2b_2,0.0015579222235828638,0.8365916013717651
311,49120_4131d1e7_1,0.0011526941088959575,0.7692227363586426
312,52224_ca16c854_4,0.00371739873662591,0.469155490398407
313,105762_19e04e0b_1,0.0012539486633613706,-8.898825645446777
314,30400_8824ce97_36,0.004874002654105425,0.29796159267425537
315,95199_ffcff41e_0,0.0006965080392546952,0.28637415170669556
316,50417_199cffee_3,0.0003064692427869886,0.7614755034446716
317,24544_d06c82dd_5,0.0031870550010353327,0.947256863117218
318,22604_565b91f5_2,0.003967368509620428,0.8344686031341553
319,22788_b6a9e30a_4,0.0021030446514487267,0.4744623303413391
320,45789_d5126eab_14,0.006721117068082094,-0.3729511499404907
321,37267_b2be4b50_3,2.4571554604335688e-05,-1.4724607467651367
322,34330_5eff1ee1_3,0.0021994872950017452,0.7433102130889893
323,137999_d934160e_1,0.00010563869727775455,0.18282830715179443
324,134921_f5efde94_27,0.00038544333074241877,0.6456223726272583
325,53470_39f2e9dc_8,0.0003183338849339634,-2.571284770965576
326,23497_f292546d_25,0.005147854331880808,0.7860463857650757
327,22289_4b848f64_2,0.003061666851863265,0.5853413343429565
328,31392_84b62622_2,0.0025526871904730797,0.7872564196586609
329,51347_1fc6f329_0,0.0018751202151179314,0.5787628889083862
330,50777_2934de55_6,0.0035148554015904665,0.8746018409729004
331,32841_954e8c1a_0,0.00021756684873253107,0.7755365371704102
332,31530_6744ae73_3,0.002780766226351261,0.9591842889785767
333,65827_d1469ad6_1,0.0007451957790181041,-4.576760292053223
334,145461_30637b22_8,0.0002662711776793003,-9.643092155456543
335,31973_093ea963_13,0.0011840257793664932,0.5390698909759521
336,70355_e5f58cd5_14,0.010774106718599796,-0.05074310302734375
337,77687_cbb18594_40,0.0004349289811216295,-0.9215630292892456
338,24392_fce351ea_0,0.0011869771406054497,0.36366260051727295
339,36853_7efccb8c_3,0.0021195760928094387,0.710707426071167
340,41644_d15f8e2b_5,0.00030880156555213034,-0.5913281440734863
341,131762_9b5e5ff5_2,0.0038645449094474316,0.76662278175354
342,82193_96ef9433_2,0.003791027469560504,0.9409218430519104
343,31347_386f6298_15,0.004828915931284428,0.8864567279815674
344,34568_fbe47bf9_0,0.0005798410275019705,-0.6598221063613892
345,115624_fe3eb392_3,0.0028540983330458403,0.9346840977668762
346,130446_e7b58dbe_0,0.022270919755101204,0.10146242380142212
347,104641_2cd02839_33,0.00023815334134269506,0.47971785068511963
348,31460_39fdfc6a_7,0.006840255111455917,-0.539650559425354
349,95541_ced8f936_0,0.004677420482039452,0.8991905450820923
350,23126_725969ea_17,0.004584384150803089,0.5156368017196655
351,23676_52069f98_5,0.00019327182963024825,0.2721743583679199
352,137637_ed9c537d_0,0.0014851881423965096,0.6327657699584961
353,22474_b10fea1a_2,0.0027141503524035215,0.9342581033706665
354,143017_21d96cc2_10,0.0019013362471014261,0.725905179977417
355,105270_34f92afd_1,0.000810707570053637,-0.1370793581008911
356,95622_0a0787e4_4,0.00418984517455101,0.9374215602874756
357,55854_13f0399b_0,0.00675004068762064,0.8547182679176331
358,22118_1e09e0eb_5,0.010842185467481613,0.5375909805297852
359,146717_3e6a84c1_7,0.010740367695689201,0.8390079736709595
360,63132_330141d7_3,0.0054431795142591,-0.10390663146972656
361,115633_fd3c9b97_46,0.0006471473607234657,-0.33296120166778564
362,21644_aa203dc5_29,0.0017394793685525656,0.5730376243591309
363,79791_00f639ca_15,0.0018428446492180228,0.9689740538597107
364,60711_42b5a13e_1,0.001928567187860608,0.7864246368408203
365,137483_cdb8989d_0,0.001975397113710642,0.9587560892105103
366,21644_aa203dc5_26,0.00261187506839633,0.5492149591445923
367,131876_b2384623_0,0.0017856030026450753,-0.15290379524230957
368,23706_ef15ef9c_10,0.0025874569546431303,0.6041613817214966
369,68948_0d2a01cd_9,0.007274426519870758,0.7959747910499573
370,145137_4e9eef42_1,0.002225221134722233,0.5524537563323975
371,30426_2cde26de_20,0.03860136494040489,0.5607500076293945
372,31378_34c52a73_0,0.0015665771206840873,0.5650917291641235
373,92134_52f13f49_4,0.001591174048371613,-0.07387173175811768
374,119634_fc722479_1,0.00626108143478632,0.9138572216033936
375,24032_d6172503_24,0.0014497709926217794,0.3930065631866455
376,136401_69f29349_4,0.00034756201785057783,-4.392777919769287
377,41871_f9a1ad02_26,0.0038423442747443914,0.7082468271255493
378,48220_87941c4e_116,0.0023920179810374975,0.6460232734680176
379,115012_9ed88535_2,0.0013152671745046973,0.4746682643890381
380,69488_025cf0a2_1,0.090297169983387,0.38788115978240967
381,147427_69f68da4_3,0.0002633795083966106,0.27000951766967773
382,33766_14917a4a_32,0.0031400094740092754,0.8870470523834229
383,51747_3d58eae0_0,0.00197765976190567,0.7344541549682617
384,33785_a4c23f61_0,0.07636013627052307,0.7119253277778625
385,114935_797875fe_2,0.00503126485273242,0.8169612288475037
386,51775_49ef614a_26,0.00032237276900559664,0.426826536655426
387,38196_ea48fa42_3,0.00030860138940624893,-2.610109329223633
388,140413_44177109_21,0.00022538854682352394,-3.124807357788086
389,27676_79237cc5_1,0.005279052536934614,-0.7270252704620361
390,52883_e518d3f4_33,0.0009851076174527407,0.980594277381897
391,34347_841c5375_2,0.0001715107064228505,-2.4871912002563477
392,55289_292737cb_0,0.002149357693269849,0.9587361216545105
393,50606_82cb18e2_0,0.0028475162107497454,0.8880876302719116
394,30407_efa567f2_4,0.003131287172436714,0.9244974255561829
395,31647_ab9ad9dc_13,0.004226168151944876,0.590575098991394
396,24896_58b4730f_17,0.002408162923529744,0.5508410930633545
397,23602_5daaccf5_4,0.0046866233460605145,0.6726598739624023
398,27725_5cceaeb7_10,0.0009266037377528846,-0.9250392913818359
399,127734_395dcf7d_5,0.0027444004081189632,0.5537416934967041
400,31957_d864f861_3,0.0041083525866270065,0.16278493404388428
401,49415_1671b60c_4,0.0027424932923167944,-1.5643258094787598
402,45110_fae73324_4,0.0014554260997101665,0.9223299622535706
403,22343_34184fd5_18,0.0004413950373418629,-0.6804157495498657
404,22848_cc91b848_38,2.8605302304640645e-06,-2.297420024871826
405,73652_23b21ef2_1,0.008617973886430264,0.8267046809196472
406,65569_bd890a32_1,0.00044683480518870056,-3.2859621047973633
407,48220_87941c4e_111,0.005571105983108282,0.02429288625717163
408,30394_e30f932c_0,0.003085832577198744,0.8234364986419678
409,21941_1a683ec2_26,0.002265692688524723,0.9053886532783508
410,25564_e646fcb3_1,0.00041230334318242967,-0.39240145683288574
411,134053_87a32e31_3,0.00016404202324338257,0.5523865222930908
412,87950_af56e26e_2,0.0012954400153830647,0.9051862955093384
413,51458_54240b70_17,0.0004555189807433635,0.49685871601104736
414,40688_effe215a_1,0.004591167904436588,0.8863080739974976
415,131494_c8a441d0_0,0.003456319682300091,0.32695144414901733
416,26768_c4df841f_21,0.000376846146536991,0.5585677623748779
417,136892_2d5f55a9_0,0.004584330599755049,-0.005291104316711426
418,54652_d60ac3e0_10,0.010929793119430542,0.4070243239402771
419,51747_3d58eae0_1,0.0013502170331776142,0.4480368494987488
420,54650_df3655c1_0,0.00022563828679267317,-1.4713189601898193
421,41125_711db4bf_58,0.0031660383101552725,0.6478322744369507
422,45418_f603706b_2,0.001511487876996398,0.6176953911781311
423,21852_6cf9a734_18,0.04099125415086746,0.6496446132659912
424,122515_758d8b70_6,0.0003249638248234987,-267.35089111328125
425,104081_05ba54fa_2,0.002068321220576763,0.13134503364562988
426,41672_cf87e0b6_0,0.0024639202747493982,0.6197221875190735
427,22638_37f9fe91_1,0.00018480952712707222,0.454012930393219
428,24559_3c306e71_3,0.0016635868232697248,0.6978368759155273
429,31589_ac31215d_8,0.0019314250675961375,-0.022051572799682617
430,49603_143b8bd2_35,0.009708265773952007,0.23163270950317383
431,127965_c64a91da_0,0.0027318464126437902,0.2929820418357849
432,36062_f2fb6808_1,0.0003331365005578846,-2.078848361968994
433,139280_8874b1ab_18,0.0006561135523952544,0.36953097581863403
434,30997_24dea167_4,0.004098192788660526,0.6303412914276123
435,143471_eb185912_5,7.659583206987008e-05,0.2157345414161682
436,23176_1bf2a2d5_10,0.007735848426818848,0.6801714301109314
437,98299_b8146029_5,0.001937595196068287,0.8321974277496338
438,23466_1cf60d09_4,0.005944060627371073,0.8337920904159546
439,41591_2d0bd0d5_3,0.0034760464914143085,0.8778054118156433
440,134929_9049dcec_1,0.0011875441996380687,0.3632144331932068
441,41785_e8bf0528_0,0.002115291077643633,0.9078266620635986
442,31460_39fdfc6a_6,0.0023407384287565947,0.9498721361160278
443,133710_00be7f31_1,0.015120062045753002,-0.7349256277084351
444,24532_f82f8000_0,0.0019882807973772287,0.5626538991928101
445,21234_8b71bd47_3,0.0007764866459183395,-0.17542171478271484
446,35175_6edc4126_5,0.0049087898805737495,0.8577564358711243
447,20495_e8e7e80c_1,0.0012617720058187842,-0.4712318181991577
448,76546_c17e95aa_2,0.0002589441428426653,-0.5231552124023438
449,41654_e75f89df_0,0.001980484463274479,0.8925072550773621
450,109772_f1a0845e_6,0.0016287509351968765,0.05887758731842041
451,34913_d23e2a24_0,0.002659335732460022,0.8522517085075378
452,25203_1cc0cb3c_12,0.011439496651291847,0.8090851306915283
453,37160_2a95674a_4,0.003331623738631606,0.7825167179107666
454,69240_dc199112_4,0.002552674151957035,0.5151268839836121
455,25176_d9130589_0,0.0004953609313815832,0.9348970651626587
456,69235_fe79a369_0,0.0014505201252177358,-2.257645845413208
457,39468_15fb2e60_9,0.0020770218688994646,0.6986769437789917
458,103284_e25015aa_6,0.0003705222625285387,-1.953012466430664
459,30377_e18ea3de_0,0.0022232288029044867,-0.8010995388031006
460,66080_f578d52b_4,0.001604601857252419,-7.247206687927246
461,37444_52b27e94_14,0.001484160777181387,0.7739697098731995
462,38675_6e07d74b_31,0.0039185951463878155,0.8760074377059937
463,21680_360ba5c7_28,0.0013018387835472822,0.9051494598388672
464,142032_5c32b7db_2,0.0028130700811743736,0.9481997489929199
465,44210_a155c2d1_0,0.03143138065934181,0.30032414197921753
466,38287_88ec74de_92,0.0015673123998567462,0.7686191201210022
467,29572_2f9283f2_4,0.0032310248352587223,0.7593201994895935
468,28300_b3a6ab79_10,0.005419852677732706,0.8125926852226257
469,136129_e6a20c7d_5,0.0006420313147827983,0.014914393424987793
470,119381_e4d13609_0,0.0014867873396724463,0.9437480568885803
471,30729_b4d83b07_4,0.00022896174050401896,-3.701688289642334
472,140413_44177109_11,0.0022794841788709164,0.8927915096282959
473,26384_83eddf22_0,0.00395523477345705,0.6980199813842773
474,82285_e7a738e7_2,0.010238959453999996,0.14715677499771118
475,108599_347602af_0,0.010555766522884369,0.6717457175254822
476,119889_41a6f268_1,0.0006831600330770016,-0.008182168006896973
477,55006_94230c00_1,0.0039951251819729805,0.8750977516174316
478,21517_bfe35b4c_10,0.00029290872043929994,0.8653991222381592
479,20818_098cad7c_6,0.00043741738772951066,0.5315752625465393
480,41855_b82e6ae8_6,0.0017666260246187449,0.7957823276519775
481,137166_90691294_8,0.00029644518508575857,0.8031336665153503
482,69561_f274e705_26,0.004446719773113728,0.785617470741272
483,51579_d0c3e154_0,0.0028075589798390865,0.881197988986969
484,23676_52069f98_4,0.008111784234642982,0.744576096534729
485,31962_e5291336_1,0.002863827394321561,0.9152684807777405
486,57222_33b428d7_1,0.00027141295140609145,0.7985042333602905
487,51586_2ad96f8c_17,0.0001822218910092488,-1.1917903423309326
488,41473_c2137170_32,0.0014445723500102758,0.7748579382896423
489,31123_9a1bfc50_2,0.0022204858250916004,0.8323171138763428
490,23211_3aac9c7e_0,0.003003680845722556,0.4372066855430603
491,45798_b573e9da_5,0.02097873017191887,-0.08142232894897461
492,27847_d2436f7c_37,0.0006812970386818051,0.21255093812942505
493,54736_6ee1b513_1,0.000701976241543889,0.3935251235961914
494,132901_7d205bb4_9,0.0008815540350042284,-4.844862937927246
495,73762_8c704690_0,0.005349986255168915,0.2785540223121643
496,23209_1592b0a4_1,0.006511202547699213,0.5484470129013062
497,49024_b7f02205_2,0.00016916518507059664,0.5711115598678589
498,147630_7f858240_15,0.0039100064896047115,0.3111424446105957
499,69337_2c778611_11,0.0007839296595193446,0.5385576486587524
500,82498_92a00cd6_1,0.00044216850074008107,0.8629977703094482
501,78775_e2d8b091_1,0.0018073864048346877,0.7548559308052063
502,40067_95ae6c76_9,0.0014442140236496925,0.8452836275100708
503,80756_6f2e842f_0,0.004673787392675877,0.049032390117645264
504,25284_1da7aa8a_0,0.0019948810804635286,0.6052515506744385
505,55605_2f8bc12e_62,0.0012242860393598676,0.9581290483474731
506,39792_60786b6c_15,0.006908869836479425,0.8613020181655884
507,34063_0ca1585e_2,0.0010392277035862207,0.32638412714004517
508,31664_1e85c690_13,0.0017349336994811893,0.95039302110672
509,131193_98f3ac52_1,0.001006899867206812,0.5496463775634766
510,120221_e2eaa34b_2,0.0017428625142201781,0.40195661783218384
511,130286_1f71bfed_3,0.0017598792910575867,0.475713849067688
512,118342_e8142153_21,0.0007763294270262122,0.7131054997444153
513,128043_9f8cd69e_1,0.0005438571097329259,0.2507500648498535
514,41504_85e300ee_1,0.0001829976827139035,0.21201688051223755
515,78863_d59be42e_0,0.003330371342599392,0.5996410250663757
516,31733_5118b376_3,0.02998514287173748,0.7860227823257446
517,22208_e177deb7_5,0.0012062505120411515,0.7118279933929443
518,24026_1dd4094b_43,0.001162988948635757,-0.017117619514465332
519,73388_10a40b49_1,0.008665158413350582,0.4898976683616638
520,138219_cdff4f61_0,0.001856624148786068,-0.2252979278564453
521,49399_dc56d180_1,0.001156937563791871,0.978362500667572
522,41306_8f26e703_3,0.0009590909467078745,0.6694364547729492
523,51590_034b8b08_14,0.062420718371868134,-0.05561351776123047
524,48402_8c965495_4,0.00030376380891539156,0.5630377531051636
525,26388_a3367cba_0,0.014516575261950493,-0.8094795942306519
526,28300_b3a6ab79_6,0.00519920326769352,0.8260529041290283
527,43938_418421a7_0,0.000978122348897159,0.5566168427467346
528,41520_60018d18_0,0.0001155606223619543,0.16795188188552856
529,137869_344b239b_0,0.0014134807279333472,-2.324894428253174
530,41648_577daf16_0,0.00990203395485878,0.5761351585388184
531,31347_386f6298_10,0.001009652973152697,0.9808927178382874
532,82190_24b1b0fe_12,0.0024370155297219753,0.5732070207595825
533,33741_4a973932_1,0.0022282577119767666,0.6305751800537109
534,42005_3da46d94_0,0.0012920665321871638,-27.931650161743164
535,132982_ee1eed2f_0,0.0014159659622237086,0.9395343661308289
536,23898_6e740393_29,0.0022167826537042856,-3.3680548667907715
537,105831_88a0fb85_6,0.0012499676086008549,0.9727386236190796
538,31278_749a6317_0,0.000509324308950454,0.6940625309944153
539,51586_2ad96f8c_4,0.0016960715875029564,0.225644052028656
540,57000_cd1ddece_14,0.0014624538598582149,0.4039003849029541
541,50692_e7ff2668_8,0.0035105417482554913,0.8751415014266968
542,65346_e89312e5_0,0.0002994341484736651,0.5474765300750732
543,38840_0e449caf_4,0.0017489331075921655,0.5483241081237793
544,29573_ca59fbbf_5,0.007008564658463001,0.9293438196182251
545,30164_c5680724_12,0.014701603911817074,0.22415804862976074
546,138620_e21e10ee_0,0.0006063241162337363,0.483276903629303
547,50305_caf9cef2_34,0.0033859903924167156,-4.858831405639648
548,83396_fdb2987a_0,0.005910336039960384,0.7869225144386292
549,28379_7e292343_4,0.006592997349798679,0.8547337055206299
550,33529_756075a0_32,0.003209861693903804,0.7614820003509521
551,109857_1d24326e_42,0.0003099001769442111,-14.4434232711792
552,22772_2b5f6629_6,0.001984638860449195,0.967430591583252
553,34600_e2685d46_2,0.002295499900355935,0.9161180257797241
554,122344_ab1b06aa_2,0.012326551601290703,0.7771598100662231
555,123573_5f5c9584_1,0.0009632539586164057,0.22285383939743042
556,35166_562b126c_20,0.005682202987372875,0.7800557613372803
557,51350_138f893a_1,8.259528840426356e-05,0.20778799057006836
558,137785_67c3085b_16,0.003498014062643051,0.9139190912246704
559,50417_199cffee_12,0.006394442170858383,0.6910828351974487
560,22194_a5c323b9_3,0.001853502937592566,0.6976057291030884
561,42329_df7f540f_18,0.0025383606553077698,0.7352432012557983
562,41779_25e4203d_6,0.0009500951273366809,-0.4474853277206421
563,51094_40aa8332_20,0.00855186115950346,0.6790366768836975
564,109762_cb162371_38,0.003593574045225978,0.8108277320861816
565,45922_26941172_9,0.0022279315162450075,0.6164247989654541
566,34587_ed155e93_0,0.0022832248359918594,0.9344002604484558
567,69589_a468c1b4_0,0.0044305771589279175,0.906451404094696
568,44921_00dfb467_0,0.0010878776665776968,0.7346431016921997
569,82672_4705a693_0,0.0017799109918996692,0.20703238248825073
570,26778_a71e88a6_0,0.00023033595061860979,0.3791164755821228
571,69488_7bfb2b67_0,0.0020593509543687105,0.9427761435508728
572,22686_afe3a61e_0,0.0003005174803547561,-0.8566652536392212
573,109772_5faa88e8_5,0.0018393290229141712,-0.2581655979156494
574,43938_418421a7_147,0.0015027306508272886,0.7935584187507629
575,141694_b5ac3112_3,0.0072806887328624725,-1.806183099746704
576,31973_093ea963_16,0.00024007356842048466,0.849269688129425
577,26858_e90dc419_25,0.0001806884683901444,-0.04563140869140625
578,131350_bbdad30d_0,0.001180978724732995,0.326646089553833
579,35741_c43475b8_1,0.0034568794071674347,-0.20471489429473877
580,30690_3df2c9e2_1,0.0023609709460288286,0.7987046837806702
581,122758_5f4efbf0_2,0.011902199126780033,0.21689075231552124
582,37822_3be11c62_0,0.0004800388414878398,0.7958926558494568
583,91174_ee6ee92b_1,0.0006947166984900832,0.837235689163208
584,23676_52069f98_31,0.019259903579950333,0.80599045753479
585,27958_fee329eb_1,0.0018013950902968645,0.5113549828529358
586,144534_3b4fdb09_18,0.0048303320072591305,-0.3497084379196167
587,30292_0b5e0265_1,0.02537974715232849,0.6545048952102661
588,111062_e59e2d31_0,0.03908663988113403,0.5558031797409058
589,135790_a27f9deb_77,0.002672099508345127,0.4795423150062561
590,65842_de75838b_10,0.0021122635807842016,0.558125376701355
591,22475_9d9601a8_3,0.0004671699716709554,-1.604442834854126
592,119884_192e3265_0,0.009294241666793823,-0.38715553283691406
593,51463_3330e3aa_2,0.005291667766869068,0.450891375541687
594,23231_efe613bb_4,0.0057943654246628284,0.7032238841056824
595,22895_4533b542_2,0.0072149778716266155,-0.10820281505584717
596,146219_5661130f_4,0.004381269216537476,0.9049190282821655
597,38953_19054857_19,0.0010333068203181028,0.0817154049873352
598,21847_b2de7eb8_24,0.0018144100904464722,0.8770405650138855
599,51603_034939eb_12,0.0022965760435909033,-0.4155961275100708
600,24843_5231632c_4,0.0012369678588584065,0.2304319143295288
601,41982_f75ceb8f_4,0.0003056778514292091,-1.3253400325775146
602,42937_c573c439_2,0.0006371483905240893,-1.6782677173614502
603,61288_2d594195_0,0.0019679663237184286,-2.235152244567871
604,55006_94230c00_0,0.000723575649317354,0.2794206142425537
605,49898_f42a885e_5,0.0039061501156538725,0.9148627519607544
606,55709_af3825c8_4,0.010364760644733906,0.6626526117324829
607,144117_83c980ca_2,0.0006940665189176798,-1.4161159992218018
608,40417_b8d98f73_7,0.00046145435771904886,0.6929343938827515
609,53200_d1e30b87_11,0.0040909298695623875,-3.485656261444092
610,147009_977ee378_4,0.00021144989295862615,-0.8673286437988281
611,63056_a5dfd66b_4,0.0021520177833735943,-2.888300895690918
612,22205_f48b96b3_10,0.003545671934261918,0.19255489110946655
613,51585_b695905b_4,0.00746482890099287,0.8347132802009583
614,24084_71f37c00_1,0.0006475125555880368,0.8700486421585083
615,25815_0e853ad9_10,0.001059291884303093,0.933759868144989
616,55030_11a6e3e8_3,0.021401600912213326,0.806611180305481
617,23042_1184de03_5,0.0044584148563444614,0.8702624440193176
618,39719_e9629dbd_4,0.000187802710570395,-1.0656929016113281
619,51256_ed221095_2,0.00036480589187704027,0.5924705266952515
620,25810_93c8a71a_3,0.006769776344299316,0.7411743402481079
621,22208_e177deb7_1,0.0026797298341989517,0.8124914169311523
622,115624_d0acb46b_22,0.004625741858035326,0.9271926283836365
623,30708_4282508b_0,0.00048528992920182645,-6.511282920837402
624,31117_cd5cdbdb_12,0.0010195705108344555,0.5598269104957581
625,41733_1ec9b00c_32,0.0006687581771984696,-0.9742058515548706
626,111387_c4243097_2,0.0010398570448160172,-0.41233253479003906
627,119869_e8f0dd81_19,0.00023384082305710763,0.8240166902542114
628,34569_590239d6_0,0.004302056506276131,0.8025244474411011
629,136318_130d6a06_23,0.000690036395099014,0.14104807376861572
630,145132_7aea3b66_4,0.010086794383823872,0.867978036403656
631,41878_3aeaed3d_0,0.008962317369878292,-0.45742785930633545
632,34583_a1cf326b_0,0.0013191481120884418,0.9758572578430176
633,116581_d405b783_0,0.02396366372704506,0.6744136810302734
634,24044_9bbe7992_3,0.0013904199004173279,-0.7354006767272949
635,22194_a5c323b9_2,0.002202016767114401,0.8015477657318115
636,142076_08d80e12_21,0.00019308694754727185,0.14571499824523926
637,55817_6ac2912d_7,0.00043365018791519105,-3.67633056640625
638,21165_5cb2d287_2,0.00021982903126627207,0.5367872714996338
639,39796_45dcdc7d_0,0.051511045545339584,0.33194929361343384
640,33044_7fdd9213_1,0.00908401794731617,0.7592772841453552
641,23731_3fe5b501_6,0.000772315077483654,-0.18717801570892334
642,32743_f4c47bbc_31,0.005095848347991705,0.5263106226921082
643,108775_4908fba2_21,0.004451774526387453,0.6043812036514282
644,21941_1a683ec2_19,0.0017184179741889238,0.8731712102890015
645,27682_04277f62_18,0.0027736499905586243,0.8726232051849365
646,25815_0e853ad9_4,0.003611193271353841,0.7669695615768433
647,30261_723e95cf_2,0.003747953101992607,0.8420305848121643
648,21385_601444ba_102,0.0022174231708049774,0.8956961631774902
649,30368_d7fd30ce_7,0.0014506591251119971,0.45291686058044434
650,55605_2f8bc12e_3,0.01067088171839714,-0.7419497966766357
651,24650_dad8c8ee_15,0.00024837060482241213,-6.749034881591797
652,34227_48203345_7,0.005084152799099684,0.8582577109336853
653,113348_ac85cba3_1,0.0030973113607615232,0.6673786640167236
654,26552_25c5924a_1,0.0016684159636497498,0.3611195683479309
655,55381_cbaffe9b_0,0.001670887228101492,0.5374532341957092
656,55817_6ac2912d_25,0.0038668601773679256,0.8972346782684326
657,138947_0778db40_4,0.0006812519277445972,0.7335878610610962
658,52788_07f7da63_0,0.006487016100436449,-0.610313892364502
659,70355_e5f58cd5_6,0.0002241426846012473,0.6225368976593018
660,51744_cd355565_8,0.0060111102648079395,-0.2323991060256958
661,41227_90e1c07c_16,0.004416390787810087,0.88878333568573
662,45359_1768ab3f_42,0.004060976207256317,0.5714166164398193
663,41783_d1c10326_3,0.0002771523722913116,0.10840636491775513
664,32960_0eaa1de8_13,0.0003316538641229272,-22.942779541015625
665,34674_32ee1595_3,0.005207911133766174,0.8233609795570374
666,136885_23632908_1,0.0075617590919137,-1.6985609531402588
667,136808_00592735_3,0.0035306639038026333,0.23189210891723633
668,45589_49e3c7ea_5,0.0009939621668308973,0.9795377254486084
669,141665_0564e852_3,0.002947167493402958,0.2962334156036377
670,50897_3be92e2f_18,0.0012045804178342223,0.9718700051307678
671,84256_4164b724_3,0.0014330949634313583,-0.37502598762512207
672,22994_e6ad8f2b_10,0.004214236978441477,0.8435944318771362
673,28295_0dc908b9_8,0.001635491382330656,0.4877055287361145
674,23329_6939d5d9_5,0.0005158644053153694,0.42773979902267456
675,123665_0a0da5c7_3,0.00019137952767778188,-0.4939635992050171
676,121172_0ac63503_7,0.0024302236270159483,0.5397937893867493
677,50941_2a8a8c76_0,0.0009733279584906995,0.9806979298591614
678,37846_cde34fcd_66,0.0024880357086658478,0.5824226140975952
679,56040_9b1307eb_21,0.004368884023278952,0.3195226788520813
680,146535_229c95bc_1,0.0005186462658457458,-1.3763582706451416
681,50947_49287c16_2,0.007402499206364155,0.8790047764778137
682,95622_0a0787e4_5,0.0014988076873123646,0.18885689973831177
683,25432_f13e5110_0,0.0021149611566215754,0.9333978295326233
684,32454_e959e3cf_0,0.0015124131459742785,0.9574364423751831
685,65858_61e9b51a_18,0.0016551280859857798,0.6224174499511719
686,70350_751de4b0_3,0.008520841598510742,-0.17796766757965088
687,129239_0d49310c_15,0.0011863771360367537,0.5478245615959167
688,31008_8fa25b35_8,0.003896839916706085,0.1771523356437683
689,55306_795d845b_2,0.00012390210758894682,0.21251970529556274
690,29729_e8bb36f1_2,0.0004884295049123466,0.42443037033081055
691,67283_4097cbd6_5,0.0005536533426493406,-3.707462787628174
692,23904_811e466f_4,0.0006130219553597271,0.48569685220718384
693,116076_12d31fb7_1,0.003442320041358471,0.48199462890625
694,45302_02d7e3bc_0,0.006198537535965443,-0.5590546131134033
695,60977_4bb093ec_1,0.0042371368035674095,0.8111928701400757
696,49017_76979790_8,0.0024270876310765743,0.5399714708328247
697,146321_0dbae658_10,0.0002669250825420022,-25.898439407348633
698,102194_150e3faf_3,0.002859661588445306,0.9124150276184082
699,34769_44655d03_5,0.0008491562330164015,0.05049586296081543
700,38953_19054857_6,0.0009805861627683043,0.19508111476898193
701,55397_ad24603f_1,0.0004847893142141402,0.4967951774597168
702,21908_385686ec_15,0.004568940494209528,0.7794596552848816
703,60721_57103153_4,0.0005949802580289543,0.04742741584777832
704,98701_7cd4ec8d_0,0.010935739614069462,0.8013638854026794
705,91703_642cdf1a_1,0.002262355526909232,0.957444965839386
706,26661_ab88a525_5,0.002907593734562397,0.2665541172027588
707,51940_67bb0219_21,0.000623408704996109,-0.3285195827484131
708,22543_684108ff_22,0.0004959370126016438,0.5071854591369629
709,145250_cde4d039_8,0.001768325106240809,-0.9908031225204468
710,20232_e5b060d9_6,0.0003152897406835109,0.42765188217163086
711,128043_d4650350_0,0.00973148737102747,0.8693243861198425
712,140530_30edf2c4_0,0.0009662664378993213,0.1845308542251587
713,131814_9af6d05a_0,0.001617769943550229,0.7567379474639893
714,26245_4aac38e1_9,0.0014344899682328105,0.40076231956481934
715,30282_88c6933c_14,0.00394428102299571,0.8486676216125488
716,32322_71d0035e_1,0.00197250721976161,0.898793637752533
717,131762_d10609a4_1,0.00861738808453083,0.6107512712478638
718,54812_5f7b7aba_2,0.00032079603988677263,0.8591676950454712
719,135830_8fb36dac_4,0.005294464062899351,0.7655671238899231
720,139280_8874b1ab_4,0.0002087118336930871,0.5516878962516785
721,49904_639055dd_1,0.006676270626485348,0.23478418588638306
722,53601_59d3ecd2_0,0.01018650084733963,0.582383394241333
723,50047_54241fe3_12,0.00599935557693243,0.5356212258338928
724,136925_70fb0381_3,0.001292204251512885,0.9209234714508057
725,87488_95f678ce_0,0.01476492639631033,0.6740328073501587
726,137166_90691294_2,0.0003105910727754235,0.7934697270393372
727,44030_17bd5ec9_11,0.0003607994003687054,0.4282854199409485
728,137396_b5f6bec4_5,0.0029762431513518095,0.9106089472770691
729,21900_760d2078_10,0.005208939779549837,0.9245453476905823
730,21185_ac5324ba_5,0.005547273438423872,0.8269928693771362
731,31132_2320d049_4,0.0016296992544084787,0.9703563451766968
732,82281_80cdf67c_4,0.00023867304844316095,0.39789044857025146
733,38287_88ec74de_15,0.0011382187949493527,0.9779572486877441
734,136128_831e37a6_0,0.003583821002393961,0.6013081669807434
735,21330_f0cee934_18,0.0015097161522135139,0.009063303470611572
736,34109_5a868eae_10,0.004383581690490246,0.5808940529823303
737,21174_861bd902_2,0.008066054433584213,0.2969902753829956
738,49783_365bec9e_6,0.003951051272451878,0.8814733028411865
739,24429_ace910b3_8,0.00026192565564997494,-14.328893661499023
740,22772_2b5f6629_4,0.0016197399236261845,0.5858685970306396
741,53927_ef5208b9_14,0.016407789662480354,0.3164290189743042
742,56250_3b6024e3_54,0.002200778340920806,0.9519055485725403
743,23522_5c2ec58e_8,0.007291061338037252,0.7702577114105225
744,121177_93fb3127_10,0.0003152165445499122,0.42797547578811646
745,138840_b7f948ea_2,0.002359094563871622,0.7598896622657776
746,41125_711db4bf_6,0.0062246802262961864,0.852773129940033
747,102606_28922dfc_0,0.022824421525001526,-238.98696899414062
748,31530_6744ae73_50,0.02787613868713379,0.5026652812957764
749,50598_eae0df5a_1,0.00027111454983241856,0.5042624473571777
750,145726_19ccdbda_12,0.0007587206200696528,0.7566936612129211
751,41469_b94cf3e4_0,0.0028928753454238176,0.407045841217041
752,147009_977ee378_1,0.0021464035380631685,0.7936886548995972
753,24267_8a216138_10,0.0014393986202776432,0.8831415176391602
754,63071_3d434a33_16,0.008735280483961105,0.5339384078979492
755,34436_ffc43a58_4,0.0013805198250338435,-0.19091379642486572
756,50692_e7ff2668_4,0.0013968289131298661,0.44030284881591797
757,146642_883a71d2_9,0.026312820613384247,0.5844606161117554
758,109772_f1a0845e_7,0.009125659242272377,0.7870491743087769
759,136640_16741d62_1,0.0036343373358249664,0.07725512981414795
760,21680_360ba5c7_11,0.0015843402361497283,0.35630589723587036
761,27729_09d75da1_2,0.006905996240675449,0.8032847046852112
762,82148_5df06ed9_19,0.008594249375164509,0.4030071496963501
763,55287_8a57a3db_1,0.004561706446111202,0.7193688750267029
764,53221_74fa81cd_5,0.0026613897643983364,-0.27633118629455566
765,30417_0010bc7c_39,0.001465112785808742,0.8856350779533386
766,23706_ef15ef9c_40,0.0057183606550097466,0.18382787704467773
767,140763_e14274f8_3,0.0012640947243198752,0.04303842782974243
768,23602_5daaccf5_3,0.0012551917461678386,0.7965223789215088
769,30282_88c6933c_9,0.0016371607780456543,0.8970131278038025
770,56824_0fc773f6_0,0.0035311575047671795,0.7986958622932434
771,42410_d3b5588e_1,0.003946492914110422,0.4003845453262329
772,55055_dd27a8a4_0,0.0013206617441028357,0.9758287072181702
773,115633_a2c63339_6,0.0018703710520640016,-1.0706055164337158
774,73651_a41647f8_5,0.00021807280427310616,0.15465295314788818
775,33413_060ce192_32,0.004948924761265516,0.6198227405548096
776,97331_a482fa9b_0,0.0015688136918470263,0.6684777736663818
777,23476_705b76d1_0,0.0058523304760456085,0.7710919380187988
778,32566_7bfc936b_6,0.013617417775094509,0.8712998032569885
779,41717_eb1c1e6b_0,0.003582925070077181,0.7128784656524658
780,60720_ef9a0a95_8,0.0008075254154391587,-0.7259453535079956
781,138700_ab763a46_202,5.2156156016280875e-06,-1.878281831741333
782,38287_88ec74de_17,0.009970409795641899,-0.6397321224212646
783,135535_0bd0048d_0,0.006656310521066189,0.899747908115387
784,21797_69df08d5_7,0.08197611570358276,0.3473312258720398
785,65350_b3fa8f4f_47,0.20461109280586243,0.058276593685150146
786,41714_1d49f4d1_3,0.003606571815907955,0.5970020294189453
787,66012_a13e1644_1,0.0009257019264623523,0.6074382066726685
788,22652_564979ff_11,0.0014621284790337086,-0.0868685245513916
789,25127_ecba81df_23,0.0014399305218830705,0.06028193235397339
790,47548_db93c988_4,0.001358172157779336,-2.3225603103637695
791,55927_f8b31711_5,0.013311058282852173,0.288066029548645
792,31647_ab9ad9dc_2,0.003055569250136614,0.5869826078414917
793,41128_ee74f244_8,0.0014729609247297049,0.5968705415725708
794,20959_d4905d19_4,0.004066217690706253,0.002394258975982666
795,52009_a2b75078_3,0.11111896485090256,-0.11912012100219727
796,22201_473a3a65_16,0.004726148676127195,0.35974711179733276
797,29442_365e23df_30,0.00615138653665781,0.8260153532028198
798,51859_6b2fd0f1_8,0.0015443520387634635,0.9472596049308777
799,140413_44177109_15,0.0002761440409813076,0.75506192445755
800,21822_7d3db422_11,0.004620574414730072,0.8716057538986206
801,24168_a0ede173_100,0.000847361225169152,0.38846540451049805
802,145532_c2304f89_1,0.010893494822084904,-0.5254439115524292
803,104641_2cd02839_13,0.00021736837516073138,0.15749508142471313
804,23679_81ef9e37_2,0.0024014373775571585,0.4278199076652527
805,95271_de3df8d5_2,0.00015211165009532124,0.26759129762649536
806,41401_e4117da2_0,0.000303312495816499,-5.609034061431885
807,48006_babdf4af_9,0.007236278150230646,0.9162018299102783
808,142246_0851be5e_32,0.024056991562247276,0.6007857322692871
809,33615_7bab1106_4,0.0025142007507383823,0.8336355686187744
810,31117_cd5cdbdb_18,0.005861748941242695,0.9112728834152222
811,34914_8911676d_0,0.006540365982800722,0.46081191301345825
812,55501_a09e4ced_2,5.210678500588983e-05,-0.9572981595993042
813,41128_ee74f244_9,0.0037460012827068567,-0.2400224208831787
814,142246_0851be5e_22,0.0034040731843560934,0.38260895013809204
815,22413_901f5867_0,0.0002548189659137279,0.22878658771514893
816,56490_0a0fba77_0,0.001653369632549584,0.5310407876968384
817,93676_4f934980_1,0.00022624406847171485,0.49844229221343994
818,146642_883a71d2_96,0.010891804471611977,-0.18882465362548828
819,24032_d6172503_3,0.0036198971793055534,0.38633447885513306
820,44221_25c62f03_1,0.0012253063032403588,0.9773053526878357
821,50315_0f1419bf_33,0.004390966612845659,0.5738134384155273
822,133389_0938a905_2,0.0014105000300332904,0.6420248746871948
823,24824_cf51e5b6_4,0.0032526557333767414,0.38982224464416504
824,33970_32f36442_3,0.0036468615289777517,0.8862751722335815
825,29359_bbfab271_2,0.002893471159040928,0.49062466621398926
826,23172_4ab01e83_0,0.002623432083055377,0.9362424612045288
827,98511_1b46a85e_45,0.013009452261030674,0.6343703269958496
828,98511_1b46a85e_46,0.013579334132373333,0.6007653474807739
829,34248_cc11976c_0,0.003332755761221051,0.8768615126609802
830,104003_46555fb2_0,0.0011041183024644852,-1.4552662372589111
831,34520_035b5e9a_8,0.0012119278544560075,0.5834813117980957
832,38397_93d5d7de_12,0.017518645152449608,0.7572878003120422
833,130023_93b3ca95_1,0.004118006210774183,-0.44944262504577637
834,83213_47c49876_1,0.0066755772568285465,0.23487597703933716
835,43928_6ca53538_63,0.010284796357154846,0.7608287334442139
836,82779_b7b722e3_9,0.002895775018259883,0.6541494727134705
837,134967_0f27ef51_1,0.000670247885864228,0.49856406450271606
838,86024_714b24f4_1,0.005879772361367941,0.7696549296379089
839,40807_58058731_11,0.002849823795258999,0.5702023506164551
840,26750_cd3cb3ff_0,0.010391008108854294,0.8197520971298218
841,126913_d253adb7_2,0.0031659912783652544,0.37532365322113037
842,24268_2804c9ff_13,0.004666053224354982,0.8786328434944153
843,45542_320c16fd_3,0.001106462674215436,0.9780026078224182
844,22342_274ed8a6_1,0.001913249958306551,0.5856400728225708
845,133385_e6aa64d8_17,0.0006792098865844309,-1.7227368354797363
846,143509_1dd5212d_3,0.002579230349510908,0.9239288568496704
847,47989_3ff0f41d_0,0.014790141023695469,0.5792503356933594
848,21822_7d3db422_14,0.01934981718659401,0.7205849885940552
849,21517_bfe35b4c_12,0.0005336606991477311,0.06842881441116333
850,52883_e518d3f4_10,0.003535066032782197,0.4260680079460144
851,41871_f9a1ad02_14,0.012036480009555817,-0.20413029193878174
852,37016_455093c1_2,0.0011876296484842896,0.3633226752281189
853,31117_cd5cdbdb_78,0.07378542423248291,0.4278181195259094
854,129239_0d49310c_22,0.0002765689860098064,0.1970011591911316
855,30400_8824ce97_6,0.01771777682006359,0.6295502185821533
856,53233_8dbca22c_8,0.0027203599456697702,0.8091813325881958
857,40514_bb61631d_25,0.0025637398939579725,0.4328160285949707
858,24053_53349e4d_2,0.0003352709172759205,0.5685182809829712
859,41917_f0c40fa1_16,0.0014061031397432089,0.9667363166809082
860,22543_684108ff_5,0.010899740271270275,0.5678820013999939
861,138636_c1153075_0,0.0011033288901671767,0.015125632286071777
862,24448_75004b6c_6,0.00350851914845407,0.8882948160171509
863,24831_bbd3e098_8,0.0005070527549833059,0.503136157989502
864,53221_74fa81cd_3,0.0028270832262933254,0.23576438426971436
865,76879_65a30a82_4,0.0004971123998984694,0.18735647201538086
866,108773_f9384cff_10,7.482132787117735e-05,0.21036118268966675
867,33671_0e9c6ca3_5,0.003602624172344804,0.7138637900352478
868,93103_fdb9fcb7_15,0.01210787147283554,0.3466722369194031
869,137675_d2bd633e_0,0.004360308405011892,-1.730828046798706
870,21893_0500d043_32,0.001229363726451993,0.19628465175628662
871,22110_0bc70e9f_1,0.000741866126190871,0.5440822839736938
872,43152_b5472481_1,0.005353307351469994,-1.0102815628051758
873,115717_40314bc2_1,0.004235169384628534,0.6299536228179932
874,102943_ca9e7968_0,0.0004326210473664105,0.41132867336273193
875,136401_69f29349_0,0.0050622024573385715,-2.357811689376831
876,28542_3c922564_0,0.0022134631872177124,0.1928548812866211
877,24267_8a216138_6,0.0039033328648656607,0.7859336733818054
878,84374_272a9731_7,0.005877625662833452,0.22506201267242432
879,23531_1ecc8346_18,0.020461363717913628,0.800413966178894
880,41871_f9a1ad02_30,0.008420540951192379,0.7447813749313354
881,132461_14abd2d0_0,6.389617919921875e-05,-0.783801794052124
882,37617_3f415463_2,0.0003414014936424792,0.4421237111091614
883,41696_de0790a1_1,0.0017238345462828875,0.9617206454277039
884,54657_2a66e0de_20,0.0012312260223552585,0.8869415521621704
885,24425_0dc4b306_0,0.003704190021380782,0.6372343301773071
886,146667_fe438b5b_0,0.004381401930004358,0.8333671689033508
887,23048_8a1a5553_8,0.00027999424492008984,-6.533631801605225
888,51871_86ebf5b2_17,0.007767550181597471,-0.421978235244751
889,30664_a3084f71_6,0.006056552287191153,0.6283629536628723
890,139801_97e2ca6a_5,0.0036189481616020203,0.2590484619140625
891,22278_12f1fb79_13,0.011262049898505211,0.26732712984085083
892,22776_facf9bcf_8,0.004143879283219576,0.8589590191841125
893,40500_6055e3d7_15,0.11313661187887192,-0.12839210033416748
894,35740_5322d674_13,0.0013754247920587659,0.163238525390625
895,39792_60786b6c_12,0.001296069473028183,0.9529477953910828
896,115524_4a411f7e_0,0.0029945489950478077,0.3197472095489502
897,24131_3ea7d5a8_17,0.004059698898345232,0.8041783571243286
898,100326_0602c712_2,0.026935333386063576,0.1444219946861267
899,34571_25c64838_2,0.003558302531018853,0.7891049385070801
900,143534_4f65fd1a_0,0.0018078136490657926,0.38879328966140747
901,101446_95204330_1,0.0006141646881587803,0.6106590628623962
902,41749_14d0599c_10,0.00022722288849763572,0.3368544578552246
903,55715_525d1d3e_12,0.0005262567428871989,-0.5609743595123291
904,45307_b9b4bca0_30,0.0830748975276947,0.40502041578292847
905,22654_4c426b0f_0,0.0016906987875699997,0.7882828116416931
906,22670_9353c710_4,0.0016301212599501014,0.5001050233840942
907,99445_94c22a37_11,0.0028934364672750235,0.9570101499557495
908,132811_57264a28_4,0.006493221968412399,0.4695294499397278
909,23258_87a2ba81_3,0.00023130806221161038,0.6343725919723511
910,50777_2934de55_22,0.0032710121013224125,0.8838866353034973
911,98418_4185a7fb_0,0.002508970908820629,0.9392168521881104
912,43441_e1ab0873_2,0.00021059061691630632,-1.5518198013305664
913,24271_dbc0fd2d_12,0.0010996413184329867,0.7579532861709595
914,38944_0d0c3fce_0,0.04260670393705368,0.7239746451377869
915,40624_e1c5c424_11,0.00018925707263406366,-3.766631603240967
916,100028_0c3a8f1c_13,0.004111587535589933,0.9471138119697571
917,40491_ac67bf4c_13,0.0045914072543382645,0.9138762354850769
918,25416_1deb9c75_0,0.0027392553165555,0.5258293151855469
919,21657_2651585a_6,0.0016223991988226771,0.9140065908432007
920,21986_67c5509a_15,0.0019163640681654215,0.762229323387146
921,32288_34013274_2,0.00412279088050127,0.3021829128265381
922,55373_ddd74d2f_0,0.004194149747490883,0.45831435918807983
923,26245_4aac38e1_0,0.005414166487753391,0.6897778511047363
924,33044_7fdd9213_0,0.0011727571254596114,0.7906059622764587
925,31530_6744ae73_48,0.05484520643949509,0.47019052505493164
926,25555_fd3d9a3c_1,0.0002901688567362726,0.5926193594932556
927,54175_7d864ace_6,0.003209351794794202,0.2792801856994629
928,72950_5074f5a3_0,0.0005771010182797909,0.618504524230957
929,129618_2962c248_0,0.005580458324402571,0.9067960381507874
930,52012_77070fda_10,0.0003006603801622987,0.5284901261329651
931,28295_0dc908b9_7,0.0018436108948662877,0.5047552585601807
932,144419_90e59d67_2,0.00035135942744091153,-2.882913112640381
933,22734_f6bad9f7_24,0.01110928039997816,0.6561911702156067
934,22604_0b4ffb43_14,0.0013206617441028357,0.9758287072181702
935,81996_b3752ed2_3,0.0003906491328962147,0.6494243741035461
936,24504_493cee15_8,0.002547981683164835,0.8985445499420166
937,39124_28e99e62_1,0.0004020787600893527,0.5475778579711914
938,29725_0ad4937e_1,0.0009292858885601163,-0.6796997785568237
939,109232_04340d62_6,0.0003755649086087942,-5.8317131996154785
940,129075_8fbf62e5_0,0.0006194576271809638,0.5097714066505432
941,102937_18c3cb6a_4,0.003770736977458,0.8677930235862732
942,52551_8098346a_5,0.0015293107135221362,-1.6602506637573242
943,128043_6947b64c_0,0.0032351361587643623,0.8132442235946655
944,119030_292009a7_41,0.0026200597640126944,0.6156642436981201
945,48526_5aecac8a_0,0.001773088239133358,0.7014334201812744
946,32541_86f7df73_4,0.0006741908728145063,0.3586217164993286
947,55114_7bf17f6a_0,0.010389362461864948,0.246831476688385
948,55285_6816da52_1,0.021772393956780434,0.5287931561470032
949,37683_e2cca100_17,0.00040394163806922734,0.36403846740722656
950,78775_e2d8b091_15,0.005719720385968685,0.8129854202270508
951,93199_2146e709_2,0.0027683533262461424,0.673171877861023
952,135595_656de97a_14,0.0011544778244569898,0.172285795211792
953,24284_3710e946_16,0.0036160608287900686,0.9180771112442017
954,135521_30553c91_2,0.0005838193465024233,-7.467390060424805
955,29732_fb15318c_5,0.0012652876321226358,-0.20194220542907715
956,88060_389bdff4_0,0.0015702014788985252,0.9044466614723206
957,27839_4a077326_28,0.007999763824045658,0.8017843961715698
958,100435_87bf423d_8,0.0010870712576434016,0.9785796403884888
959,25365_bb0e4ede_44,0.0017796583706513047,-1.5240192413330078
960,146169_144d8264_0,0.058686546981334686,0.6830484867095947
961,23342_7193a931_3,0.00018879723211284727,0.443777859210968
962,57000_cd1ddece_12,0.0008755621965974569,0.9824948906898499
963,119790_1ed376f0_3,0.0005883382400497794,0.3578888177871704
964,72522_e9e87960_4,0.004583829082548618,0.9139634370803833
965,65366_f618b577_2,0.0006976521108299494,0.39271682500839233
966,55707_c78416ed_35,0.0034804774913936853,0.8181113600730896
967,70321_eccffc7e_0,0.0015052318340167403,0.610059380531311
968,120143_b5756e6b_0,0.004472272004932165,0.378925085067749
969,27726_aca43af4_35,0.0004068049311172217,-17.900588989257812
970,31361_72aab333_20,0.002595732221379876,0.17504984140396118
971,121949_e10b5e85_12,0.004582813009619713,0.8734211921691895
972,146399_0e4b73c4_13,0.03388826549053192,0.30430465936660767
973,41134_fc146947_6,0.0028248277958482504,-0.3206136226654053
974,21237_7887a24b_35,0.0003645482938736677,-0.5071079730987549
975,24885_55e20ddf_3,0.00043573035509325564,0.5695123076438904
976,34914_8911676d_23,0.006099319085478783,-0.08399593830108643
977,21803_8a36dcda_12,0.0049565453082323074,0.8341466784477234
978,41306_8f26e703_5,0.00019684010476339608,-1.124922513961792
979,25118_f50fdc69_10,0.00031697048689238727,0.5370503067970276
980,25473_0991d519_9,0.0037999593187123537,0.9048447012901306
981,126585_86fa26cb_0,0.0004929541028104722,0.3912088871002197
982,145691_69484976_9,0.003518835175782442,0.6836142539978027
983,60729_c51868ec_0,0.0012917063431814313,0.288396954536438
984,123929_e7dbad2c_0,0.004567836876958609,-1.1697750091552734
985,69649_70b07cac_0,0.0010511258151382208,0.9767813682556152
986,55135_f1186d58_9,0.00035977494553662837,0.5517740249633789
987,20838_86c931be_2,0.0021937573328614235,0.7272500991821289
988,45242_626509cb_11,0.0012943418696522713,0.4280250668525696
989,34983_439766af_13,0.005662467330694199,0.9411009550094604
990,53453_fb0f1640_1,0.016730427742004395,0.49211055040359497
991,23255_972fbfe6_25,0.0014146711910143495,0.9554083943367004
992,24168_a0ede173_203,0.132451593875885,0.2633621096611023
993,55476_1473d91f_0,0.0013873629504814744,0.29271358251571655
994,55111_ef389075_1,0.002535544103011489,0.9030893445014954
995,141710_17531562_1,0.0016248736064881086,0.8635712265968323
996,96601_b89e6252_1,0.0005576395778916776,-1.9654934406280518
997,135790_a27f9deb_43,0.06005436182022095,0.23057669401168823
998,121363_746708db_0,0.0013098736526444554,0.4960111379623413
999,136886_3aa46890_0,0.0007975786575116217,0.7026138305664062
1000,50315_0f1419bf_19,0.023334596306085587,0.6790329217910767
1001,37846_cde34fcd_14,0.0007811157265678048,-7.831562042236328
1002,24816_ef81ad4c_1,0.002323298482224345,0.16923338174819946
1003,75646_4baf69b2_7,0.009644091129302979,0.864952027797699
1004,140155_81f9ac63_0,0.0016507209511473775,0.5881640315055847
1005,51603_034939eb_10,0.005750705953687429,0.6814134120941162
1006,30435_c97330d2_0,0.00026603080914355814,0.5501890182495117
1007,27839_4a077326_27,0.001364662661217153,0.925798773765564
1008,55627_971fde61_34,0.006868497934192419,0.4689981937408447
1009,134909_ef3d003c_0,0.0006143584614619613,0.39729762077331543
1010,33413_060ce192_51,0.0002878879604395479,-38.8875617980957
1011,22245_ca848576_12,0.0007293061935342848,0.14828544855117798
1012,52039_ba12c3ac_1,0.0008570217760279775,0.9828662276268005
1013,39707_358f88df_2,0.00425860146060586,-3.5349740982055664
1014,50014_33f250c8_3,0.06228106841444969,0.4318998456001282
1015,52987_387431ac_1,0.005823430605232716,0.6001448631286621
1016,33501_b1ee5058_15,0.0008314576698467135,0.9834662675857544
1017,82168_4844bddd_1,0.0038903853856027126,0.47472596168518066
1018,30384_95e72fc2_4,0.0006504337070509791,-6.163541793823242
1019,23554_a0845d54_2,0.0022917112801223993,-0.9157021045684814
1020,23800_65e0a5d1_0,0.0005368333659134805,-0.691826581954956
1021,41128_ee74f244_0,0.0018109192606061697,-0.8180599212646484
1022,143019_22dbd3e6_2,0.002249571494758129,0.9286270141601562
1023,79993_6087acd5_8,0.008834036067128181,0.7205317616462708
1024,21422_b2a6bf27_0,0.004692425951361656,0.922635018825531
1025,25487_dd2c17e8_21,0.0007498413906432688,0.3341997265815735
1026,22654_4c426b0f_10,0.0004269311612006277,-1.8670234680175781
1027,30368_d7fd30ce_6,9.114303247770295e-05,-0.9493234157562256
1028,57249_6bd2af3c_2,0.004973516799509525,0.8165278434753418
1029,57029_3ab80a22_0,0.004521955270320177,0.10293453931808472
1030,79906_052c7eb4_3,0.0020800514612346888,0.5491187572479248
1031,82996_b8dc67c9_10,0.0006557080778293312,0.09510147571563721
1032,119884_192e3265_1,0.0011738153407350183,0.46465301513671875
1033,21225_c081eae3_10,0.0043046362698078156,0.7532062530517578
1034,121949_e10b5e85_1,0.001497809775173664,0.6209926605224609
1035,81994_ba8916c9_5,0.0003650391008704901,0.6810331344604492
1036,22447_4062c6cb_29,0.0018348543671891093,0.9690479040145874
1037,55044_ee57bac8_1,0.0008095181547105312,-2.0756940841674805
1038,41871_f9a1ad02_13,0.03239841014146805,0.818037748336792
1039,74688_a5168a45_2,0.0003299100499134511,-69.8857421875
1040,23218_02d26ab4_4,0.00021552358521148562,0.504286527633667
1041,41205_dc60aa5d_0,0.0019980398938059807,0.5032789707183838
1042,41979_ca698776_0,0.003047966631129384,0.3748902678489685
1043,141453_50ec6f25_7,0.00467003183439374,0.8677121996879578
1044,97143_5424c420_0,0.0012430158676579595,0.6809942722320557
1045,41986_26275a06_2,0.005605712532997131,0.47157031297683716
1046,136800_c5e4d711_2,0.001081179711036384,-0.4778141975402832
1047,101635_11b839a3_5,0.0002389281871728599,-0.9574475288391113
1048,55866_b041060d_0,0.001997860614210367,0.8777190446853638
1049,53846_89405f98_0,0.0014037232613191009,0.7132037878036499
1050,27725_5cceaeb7_1,0.0022559144999831915,0.7964518070220947
1051,146137_92faaea5_9,0.004437702242285013,0.6444315910339355
1052,41211_11f6b8a0_4,0.0005075817462056875,0.7909578680992126
1053,21330_f0cee934_46,0.0008849329315125942,0.9823074340820312
1054,127188_5fecd146_4,0.0003474840195849538,0.5225235223770142
1055,135949_06517574_8,0.00019876657461281866,-1.0606045722961426
1056,68928_0d4e4a2e_24,0.0034333663061261177,0.784109890460968
1057,50410_f8f03667_38,0.0002567323390394449,-16.67472267150879
1058,142999_171240b6_21,0.00035149138420820236,0.7401129603385925
1059,144709_642fc665_0,0.004805387929081917,0.5277599692344666
1060,53232_f8760054_10,0.0013951959554105997,-12.353199005126953
1061,22372_e91792a1_0,0.00014754149015061557,-0.8922237157821655
1062,21767_53eaa558_12,0.045882534235715866,0.40708643198013306
1063,32220_1fd19c5e_0,0.0004019174084533006,0.5870805382728577
1064,22886_a6331748_1,0.008702725172042847,0.20099598169326782
1065,130996_b842b511_12,0.001561407116241753,0.8560826778411865
1066,55571_74a416b1_1,0.00020573599613271654,-0.745187520980835
1067,70169_914780d4_1,0.0019218133529648185,0.26817506551742554
1068,23156_7788f78a_6,0.06746334582567215,0.5118472576141357
1069,124496_20e20439_10,0.0002989725908264518,0.34289777278900146
1070,76300_7cb02add_1,0.0017019715160131454,0.74798184633255
1071,21647_6b6cca6f_10,0.005800100974738598,-2.165738582611084
1072,22734_f6bad9f7_23,0.006950232200324535,0.7104640007019043
1073,94176_0a6c42ab_2,1.8658904082258232e-05,-2.424307107925415
1074,24048_d731886d_9,0.009766364470124245,-0.07648837566375732
1075,25487_dd2c17e8_30,0.0028069026302546263,-0.26881957054138184
1076,115717_40314bc2_4,0.0001590534666320309,0.48263460397720337
1077,125592_875faf40_0,0.004150497727096081,0.8073477745056152
1078,41871_f9a1ad02_44,0.003180262865498662,0.7753208875656128
1079,146642_883a71d2_8,0.003033860819414258,0.2597891688346863
1080,136883_076fbff9_31,0.00019646408327389508,0.35013920068740845
1081,60766_fb8715eb_3,0.005747642833739519,0.5796768665313721
1082,30818_33617072_0,0.017772022634744644,0.10020238161087036
1083,130679_7a357a9c_18,0.009463164955377579,0.4433475136756897
1084,55306_795d845b_0,0.00024264119565486908,0.4798439145088196
1085,135934_d2f6bb2e_33,0.0009336848161183298,-0.24479758739471436
1086,111054_e45a0d40_7,0.055284835398197174,0.4652125835418701
1087,36826_d9269c2e_10,0.001980222761631012,0.865494430065155
1088,37619_ae810a8d_7,0.0003428159689065069,-155.5699920654297
1089,22343_34184fd5_22,0.0002975082607008517,0.07919955253601074
1090,113020_de552f8d_0,0.0008966161985881627,0.4393157362937927
1091,20216_89b90993_0,0.008791182190179825,0.4143306612968445
1092,23325_292b3294_16,0.0067339735105633736,0.3593659996986389
1093,23522_5c2ec58e_9,0.003283796599134803,0.7506705522537231
1094,146624_359752bb_20,0.00035054879845120013,-175.71865844726562
1095,104990_11b4aeee_1,0.0041837505996227264,0.9043673276901245
1096,90917_4670b560_0,0.024054987356066704,0.5324857234954834
1097,54818_59adf8c2_5,0.002360875252634287,-1.0417306423187256
1098,34109_5a868eae_3,0.000908088346477598,-0.48153436183929443
1099,23161_e7f63a9f_2,0.0021089212968945503,0.8091767430305481
1100,37160_2a95674a_27,0.0016069699777290225,0.43855994939804077
1101,61280_8bdbc90f_0,0.0066110012121498585,0.7625676393508911
1102,55083_dac1f9cc_2,0.0005832742317579687,0.951442539691925
1103,34341_d19b12fb_14,0.0002255635045003146,-1.2434706687927246
1104,54516_ac9e2ef4_61,0.0038458616472780704,0.3614046573638916
1105,24559_3c306e71_2,0.0008161123259924352,-0.6613187789916992
1106,105831_88a0fb85_1,0.00437927758321166,0.8336148262023926
1107,32743_f4c47bbc_19,0.012042629532516003,-1.2376892566680908
1108,40500_6055e3d7_18,0.003214193508028984,0.8457106351852417
1109,22862_f5406bb0_0,0.005406124051660299,0.9130322337150574
1110,141081_ae61ec46_0,0.003076028311625123,0.9554702639579773
1111,135112_cf8007b8_4,0.009198679588735104,0.8604541420936584
1112,131442_1512d9ff_5,0.00041952930041588843,0.11218130588531494
1113,145132_7aea3b66_1,0.08778232336044312,0.6677517294883728
1114,41871_f9a1ad02_45,0.002148454077541828,0.5858950614929199
1115,51775_49ef614a_1,0.003498178906738758,0.008809924125671387
1116,143293_fc5b0ff7_23,0.0014764092629775405,-1.6973321437835693
1117,51547_a7e01c38_6,0.0002911719202529639,0.582820475101471
1118,114021_44c3c39c_2,0.00024607908562757075,0.38651329278945923
1119,123766_c5a4cf5e_0,0.0004815140855498612,-2.070018768310547
1120,23031_0d684603_8,0.0021393601782619953,0.07788056135177612
1121,132996_c742ef84_4,0.0034954838920384645,0.5149391293525696
1122,137096_5d77f285_1,0.0015295541379600763,0.8174366354942322
1123,27072_b4756e8c_2,0.0025963298976421356,0.41279125213623047
1124,51915_e704f5dd_2,0.001595611684024334,0.7504785656929016
1125,132811_57264a28_13,0.0018437665421515703,0.9689597487449646
1126,49396_98ab955d_13,0.006577507592737675,0.2667076587677002
1127,132081_761d26ad_0,0.0017994671361520886,0.9518312215805054
1128,82906_7b72e0e8_2,0.00447262916713953,0.8753934502601624
1129,92649_26fe8262_0,0.0019047881942242384,0.12119579315185547
1130,21803_8a36dcda_11,0.006804685108363628,0.8169749975204468
1131,30637_f6324fc6_5,0.0003787167661357671,-1.5065860748291016
1132,105560_a6f91315_12,0.00028473028214648366,-38.87961196899414
1133,41737_d80c34b9_0,0.013371258974075317,0.20113128423690796
1134,34983_439766af_12,0.0023822912480682135,0.7656514048576355
1135,122755_60c41889_10,0.00017420409130863845,-1.79170560836792
1136,76879_65a30a82_2,0.054380882531404495,0.5135660171508789
1137,89816_cef36e57_4,0.003221395192667842,0.946876049041748
1138,49406_100c707b_3,0.005562260746955872,0.35864490270614624
1139,105560_a6f91315_10,0.0002376959309913218,-4.132387161254883
1140,129421_483d2957_5,0.0002056702069239691,0.1334395408630371
1141,122740_fc5c94eb_33,0.00424611009657383,0.8699920773506165
1142,135595_656de97a_5,0.0007906445534899831,0.7112340927124023
1143,35740_5322d674_5,0.0002908692695200443,-99.95117950439453
1144,23681_932e722e_18,0.0014252049149945378,0.9730233550071716
1145,108244_329b1876_17,8.222381438827142e-06,-0.9104715585708618
1146,125745_cf468448_6,0.0017922415863722563,0.5785819292068481
1147,138838_c9a9e790_6,0.0019315540557727218,0.6245360374450684
1148,102416_b74464a2_4,0.00025569010176695883,-100.42086791992188
1149,30426_2cde26de_21,0.0002471582847647369,0.26534712314605713
1150,137837_9c9f163d_5,0.0003839742857962847,0.5956790447235107
1151,25487_dd2c17e8_15,0.006933543365448713,0.09623205661773682
1152,21549_18160a0a_4,0.0002900708350352943,-39.946041107177734
1153,21385_601444ba_0,0.004152433946728706,0.7416807413101196
1154,35233_add576ba_9,0.0031237825751304626,0.7959792613983154
1155,55345_c6423351_0,0.0018243193626403809,0.7046569585800171
1156,110697_4b2725f1_0,0.0014468830777332187,0.9662950038909912
1157,109946_242843a6_1,0.00026440780493430793,-5.232914447784424
1158,34341_d19b12fb_22,0.00028288536123000085,-31.16177749633789
1159,23247_bcd1e84f_21,0.0019327012123540044,0.5941891670227051
1160,131765_29b29f08_6,0.00022190509480424225,-3.8053979873657227
1161,21395_7d6fda6f_12,0.0024958308786153793,-1.1843717098236084
1162,135460_6471e973_15,0.001479977392591536,0.513848602771759
1163,51741_49d61151_7,0.005067504942417145,0.8168943524360657
1164,28382_90b7cc0c_12,0.002461428055539727,0.1071624755859375
1165,30850_05d88af9_2,0.0020427799317985773,0.9157315492630005
1166,86278_1e55d036_12,0.00034710418549366295,-1.5835599899291992
1167,67240_525e92c1_1,0.0026414066087454557,-1.1195011138916016
1168,82002_ef2b4feb_6,0.002143268473446369,0.9588183164596558
1169,53364_ec8aad42_1,0.010074046440422535,0.567138671875
1170,135771_b030a25c_17,0.0008899594540707767,-0.029486536979675293
1171,135906_29d7b495_1,0.00027464397135190666,0.5089783668518066
1172,21822_7d3db422_38,0.000940820318646729,0.04550182819366455
1173,81136_5b86c723_1,0.00021848436153959483,-0.6044795513153076
1174,25473_0991d519_2,0.013163147494196892,0.7722684741020203
1175,73405_94381b7c_5,0.0017053972696885467,0.713341236114502
1176,24009_c40b0d48_2,0.0028868538793176413,0.9113454818725586
1177,22162_439af02a_1,0.0009733332553878427,0.980861485004425
1178,146159_f3f80701_0,0.0046347700990736485,-0.23577868938446045
1179,51895_5760b481_15,0.024373358115553856,0.7405872344970703
1180,33500_e58e287e_1,0.007999745197594166,0.6276235580444336
1181,31838_2e4bd173_0,0.004282957874238491,-1.862924575805664
1182,146137_92faaea5_18,0.00022135513427201658,-0.9375977516174316
1183,124879_2257a334_2,0.00026403050287626684,-1.8978354930877686
1184,144145_510eedc2_7,0.0008623779285699129,0.984018087387085
1185,21237_7887a24b_78,0.00428744126111269,0.6271535158157349
1186,82297_93739ce0_6,0.001532160211354494,0.49633973836898804
1187,51536_a18dc325_31,0.0006349784089252353,-2.0777928829193115
1188,93103_fdb9fcb7_7,0.007091062609106302,0.08468693494796753
1189,24590_415f7013_9,0.0029036456253379583,0.462008535861969
1190,130659_16f2db4c_0,0.0008450507302768528,0.7204418778419495
1191,23083_fdb942ac_2,0.003965564537793398,0.8345394134521484
1192,23954_a8c09819_2,0.0008889860473573208,0.9827602505683899
1193,30417_0010bc7c_13,0.0013079309137538075,0.883695662021637
1194,120535_e304dfca_1,0.008722299709916115,0.3602200746536255
1195,93199_2146e709_9,0.0020325558725744486,0.5332735776901245
1196,23686_cba4f679_15,0.006585438270121813,0.8523960113525391
1197,40807_58058731_20,0.02964409627020359,0.7016324996948242
1198,94410_d32e7520_35,0.01213214360177517,0.6979284882545471
1199,79695_fd8bae0e_0,0.013096675276756287,-2.330259323120117
1200,129422_621d0a90_35,0.0036395688075572252,-0.7093693017959595
1201,44932_16cb7f21_5,0.004014687612652779,0.8862936496734619
1202,136550_8a8672e5_1,0.0028298364486545324,0.20558655261993408
1203,20495_e8e7e80c_3,0.0015352539485320449,0.972541332244873
1204,31962_e5291336_50,0.001976047409698367,-0.8850235939025879
1205,24888_5be1de05_1,0.0002366268017794937,-3.5004448890686035
1206,34114_7e58a97d_10,0.007017281837761402,0.7302197217941284
1207,108433_37a79370_0,0.005577467381954193,0.5071573257446289
1208,22844_9b75b8e0_1,0.0024305626284331083,0.8991760611534119
1209,115637_b4d41e8a_0,0.002238805638626218,0.7832697033882141
1210,53474_f29e4438_15,0.022190026938915253,0.36875927448272705
1211,26766_1aaa348c_0,0.0018110814271494746,0.7429152727127075
1212,51940_67bb0219_7,0.001240855548530817,0.7972251772880554
1213,41714_1d49f4d1_13,0.00018780847312882543,0.2593846321105957
1214,21815_7090778f_9,0.009699123911559582,0.20403748750686646
1215,32843_8e5bdf24_0,0.004109199158847332,0.8179325461387634
1216,23686_cba4f679_10,0.0032579631078988314,0.5940154194831848
1217,114425_891ab08d_0,0.007697246968746185,0.04024553298950195
1218,41786_02d48cdd_5,0.0017108551692217588,0.7352576851844788
1219,22895_4533b542_1,0.002913203788921237,0.8330342769622803
1220,49016_cd1b47bf_6,0.012369980104267597,0.6081455945968628
1221,51674_a70c1c6c_3,0.0002708802348934114,0.5668261051177979
1222,52972_6e5a5ada_11,0.013550949282944202,0.4248179793357849
1223,120700_d818883a_8,0.00021241184731479734,0.7124021053314209
1224,34530_9525ffcd_0,0.004752749111503363,0.9106231927871704
1225,24355_99bf3f8f_1,0.0005343715893104672,-0.03484451770782471
1226,56250_3b6024e3_46,0.014262634329497814,0.7478224039077759
1227,56355_727ca47c_3,0.005291615147143602,-0.27774691581726074
1228,35057_9af89947_1,0.0020653686951845884,0.6757340431213379
1229,120881_a946667f_13,0.0005438391817733645,0.250774085521698
1230,143021_c6df0146_5,0.0002455740759614855,-0.3674647808074951
1231,69240_dc199112_3,0.0007741226581856608,0.29543936252593994
1232,41733_1ec9b00c_15,0.003818182973191142,0.20487141609191895
1233,30298_24191733_2,0.00011731489939847961,0.18869298696517944
1234,30400_8824ce97_18,0.0019185160053893924,0.5994012355804443
1235,37040_ecbcd25e_36,0.0032678842544555664,0.11863458156585693
1236,23035_6087bb57_4,0.00033599534071981907,0.497178316116333
1237,38675_6e07d74b_26,0.012505801394581795,0.8269628882408142
1238,31751_e37382e1_9,0.00566959148272872,0.3954727053642273
1239,54601_e1da5b93_4,0.0009514588164165616,0.9810712337493896
1240,142999_171240b6_29,0.0037322798743844032,0.7170829176902771
1241,137646_14bca880_0,0.0014234705595299602,0.8685414791107178
1242,37519_442dc408_1,0.0004408663371577859,0.46125221252441406
1243,47195_a8cd8bad_6,0.002839096123352647,0.8194607496261597
1244,22474_b10fea1a_6,0.003931880462914705,0.5465203523635864
1245,53200_d1e30b87_10,0.003117513610050082,0.45752376317977905
1246,41472_f9d73638_9,0.0004400565230753273,0.5476886034011841
1247,126397_cc08a23d_1,0.000382879632525146,0.37860971689224243
1248,31838_2e4bd173_4,0.002854645252227783,0.9491090178489685
1249,52006_d21e4570_7,0.00767454132437706,-0.5212894678115845
1250,62109_08c31aa8_0,0.0023911036550998688,0.5739291906356812
1251,49403_458914df_0,0.0034266819711774588,-1.0241010189056396
1252,122914_76ff1f5e_2,0.0003672853345051408,-31.689388275146484
1253,34913_d23e2a24_2,0.0033553773537278175,-0.501423716545105
1254,104641_2cd02839_15,0.00031607033452019095,0.08662909269332886
1255,131632_6144b102_1,0.00477236183360219,0.9431822299957275
1256,30850_05d88af9_0,0.0012297577923163772,0.9035084843635559
1257,86296_8a6ed4d3_7,0.0010821580654010177,-2.333078145980835
1258,34983_439766af_7,0.00535647664219141,0.9236897826194763
1259,33374_7491cbf8_2,0.019944965839385986,0.8070262670516968
1260,50694_afd26bd5_10,0.006289913784712553,0.9324560165405273
1261,50292_e84db1fb_8,0.0003321261319797486,-0.1333562135696411
1262,81367_622a9e51_2,0.0018129468662664294,0.5447601079940796
1263,78966_584c5305_0,0.0017773930449038744,0.07323342561721802
1264,79905_623eae86_1,0.034210797399282455,0.7198448181152344
1265,63055_6b907478_15,0.005331141874194145,0.5747352838516235
1266,135771_b030a25c_4,0.0005076552624814212,0.36084794998168945
1267,41753_9b4f8d8a_0,0.0010718709090724587,0.978955090045929
1268,80784_f7ec5f70_1,0.0014623996103182435,0.752204954624176
1269,33607_c6f31fa6_10,0.0023673255927860737,0.7100825309753418
1270,22225_a3ce4d29_42,0.0022783803287893534,0.7551576495170593
1271,51938_8b9cba89_5,0.017490459606051445,0.6334547996520996
1272,44741_f386a08f_4,0.002514757215976715,0.925361692905426
1273,70021_e673ae54_4,0.0020474118646234274,0.9667699933052063
1274,55135_f1186d58_7,0.004024207592010498,0.6393099427223206
1275,31856_2a5a4e32_12,0.007908016443252563,0.5613224506378174
1276,75303_045fc848_4,0.004426341969519854,0.3198893070220947
1277,129683_3ad38815_10,0.03172410652041435,0.6290222406387329
1278,21894_93f0d052_24,0.0012974244309589267,0.8950731754302979
1279,143823_1b04bf80_13,0.003464137902483344,0.7500272393226624
1280,143823_1b04bf80_18,0.000382075464585796,0.6303403377532959
1281,111863_c925f4f3_2,0.0003989898832514882,0.6192845106124878
1282,104633_d0a15bd3_6,0.005869450978934765,0.5078256130218506
1283,48832_22363e53_33,0.0013574718032032251,0.9633333086967468
1284,127466_a18ae326_1,0.0012475511757656932,0.5299880504608154
1285,22211_b1ee53f0_12,0.004446689039468765,0.8141821622848511
1286,137837_9c9f163d_6,0.0020902541000396013,0.4307209253311157
1287,122755_b830e22d_17,7.055245077935979e-05,0.20983952283859253
1288,21299_e9cd80a6_12,0.0015109915984794497,-1.0262460708618164
1289,44920_70dd4b80_11,0.0026281920727342367,0.8810974359512329
1290,52987_387431ac_7,0.002601402113214135,0.9207674860954285
1291,147926_b78316a8_10,0.0010498607298359275,0.08019953966140747
1292,144653_e3eccdf1_50,0.00044127265573479235,0.706000566482544
1293,56458_c027ed41_0,0.001403685426339507,0.8257582187652588
1294,23495_6366269c_11,0.0011014058254659176,0.9780963659286499
1295,70883_e2d6a103_2,0.046539291739463806,0.30850887298583984
1296,32743_f4c47bbc_34,0.0013230168260633945,0.2288961410522461
1297,30910_38ea5a06_2,0.0015670626889914274,0.7342272996902466
1298,56476_466fc284_17,0.008569037541747093,0.8227572441101074
1299,22604_0b4ffb43_62,0.003964491654187441,0.8345859050750732
1300,21534_6367be99_0,0.0019742862787097692,0.37763428688049316
1301,133026_1085532d_1,0.001334316679276526,0.6608941555023193
1302,137828_0b0786fb_1,0.0036096496041864157,0.9306060671806335
1303,55627_971fde61_27,0.001318984548561275,0.8334940671920776
1304,93869_8b1922a3_0,0.004267646465450525,0.6558257937431335
1305,24393_9acd18c6_3,0.004306726157665253,0.9196362495422363
1306,44996_b3e9c266_14,0.0001960967929335311,0.23257678747177124
1307,55300_b9675d43_1,0.0009602560894563794,0.9811458587646484
1308,113352_879844fe_0,0.0040426175110042095,0.835381031036377
1309,135317_3c58b0d0_9,0.0006605674279853702,0.3896397352218628
1310,115624_fe3eb392_1,0.013733143918216228,0.3568294048309326
1311,63055_6b907478_21,0.0027433664072304964,0.8999537825584412
1312,40421_032c052f_0,0.005420984700322151,0.17600977420806885
1313,143029_70554264_3,0.00025278498651459813,0.5669502019882202
1314,145117_78f63de3_0,0.003181356005370617,0.1817881464958191
1315,128996_35f2006e_0,0.00026145565789192915,-0.30745232105255127
1316,54503_fc6c6963_1,0.0019543033558875322,0.7531715035438538
1317,24657_0168dc6b_1,0.0008446294232271612,0.9793262481689453
1318,130524_13ad16a8_0,0.12909701466560364,0.36163806915283203
1319,142670_33c641dc_3,0.0015693302266299725,0.4037904143333435
1320,65375_674ff0b9_11,0.0015578818274661899,-0.4183427095413208
1321,23168_7fdf5427_3,0.00032705027842894197,-148.39654541015625
1322,41717_ab2075ac_0,0.00446957116946578,0.8358954191207886
1323,21739_57582b8f_4,0.00834647472947836,0.5103224515914917
1324,143293_fc5b0ff7_30,0.004139893222600222,0.8871026039123535
1325,135906_587b5c3d_0,0.001110520795919001,0.329417884349823
1326,138685_fd9b79cd_0,0.0017144109588116407,-0.37087202072143555
1327,119921_5621fcb4_0,0.005519895348697901,0.06809389591217041
1328,49403_458914df_5,0.002116493182256818,0.7587877511978149
1329,73525_7f6b2f67_2,0.00029489287408068776,0.5276861190795898
1330,136994_a3a2f50f_3,0.00571226142346859,0.3566007614135742
1331,31838_2e4bd173_1,0.005455497652292252,0.8819213509559631
1332,35866_d0233b36_6,0.0017735656583681703,0.9697643518447876
1333,53053_d6b4d71c_9,0.004719650372862816,0.8774647116661072
1334,90220_7baf1e18_1,0.0006113147246651351,0.1747736930847168
1335,23364_73dd9d4d_10,0.00037844624603167176,0.4560897946357727
1336,52987_387431ac_3,0.0014127226313576102,0.8836492300033569
1337,51859_6b2fd0f1_4,0.0015437882393598557,0.14175057411193848
1338,51708_867d4509_12,0.00048736861208453774,-3.2217016220092773
1339,93199_2146e709_3,0.0022684268187731504,0.9519048929214478
