case_num,case_name,MSE,R-Square
0,50417_199cffee_13,0.0009281921666115522,0.9927698969841003
1,48516_2b3135bf_11,0.0004975927295163274,0.9831764698028564
2,41733_1ec9b00c_31,0.0005624680197797716,0.945440411567688
3,31664_1e85c690_0,0.00023363101354334503,0.9874390363693237
4,21893_0500d043_18,0.0004125418490730226,0.9916125535964966
5,31607_9a2f8140_6,0.00024149050295818597,0.9918943047523499
6,41774_88a7a483_18,0.00027296834741719067,0.9333670139312744
7,42143_51b31600_4,1.179523860628251e-05,0.9761666655540466
8,23104_3b70eba4_13,0.00033515115501359105,0.44865959882736206
9,129075_8fbf62e5_2,1.705645445326809e-05,0.9549896121025085
10,41624_a15f83c1_13,5.554359086090699e-05,0.9727255702018738
11,36088_1ea9c8a9_12,0.0002410232846159488,0.9943771958351135
12,126477_6596d136_14,5.429802695289254e-05,0.9507831335067749
13,130441_10c43121_0,0.002532991347834468,0.9870961904525757
14,133385_e6aa64d8_21,6.656088953604922e-05,0.9563317894935608
15,26398_b99946da_1,0.0006665920955128968,0.9912331700325012
16,61198_0c99f50a_4,1.303640328842448e-05,0.1787499189376831
17,26661_ab88a525_0,4.411199552123435e-05,0.9490168690681458
18,129075_8fbf62e5_1,4.43745193479117e-05,0.9580944180488586
19,51891_9455ea02_1,0.0005756646860390902,0.9908652305603027
20,34770_6bba5bd4_13,0.00020076718647032976,0.9960581064224243
21,21646_a2dd0d00_53,0.00020307277736719698,0.9831201434135437
22,68909_4ae1bc2e_1,3.472870957921259e-05,0.9673629403114319
23,27866_ece3076e_109,3.819110861513764e-05,0.9939777851104736
24,92134_52f13f49_6,7.686749449931085e-05,0.9557005763053894
25,23342_7193a931_1,2.5333496523671784e-05,0.9648388624191284
26,126572_a2d6f794_14,7.830398317310028e-06,0.21280723810195923
27,44344_3e0b0b0c_1,2.1924893189861905e-06,0.6963462829589844
28,49331_3bf3bb84_4,0.00012068253272445872,0.9977909326553345
29,33971_46bb0373_0,0.00018758708029054105,0.9760382175445557
30,21517_bfe35b4c_1,4.1067858546739444e-05,0.9404346942901611
31,23165_369d62aa_6,0.0002957819087896496,0.9964324235916138
32,81846_2907c980_0,0.0002860105596482754,0.9873040914535522
33,24168_a0ede173_111,0.0002473859640303999,0.9755656719207764
34,53461_a5942665_1,5.3057556215208024e-05,0.9980321526527405
35,24907_c72322ea_13,0.00011886518041137606,0.9551480412483215
36,133424_315bcaeb_7,5.794745447929017e-05,0.9250136613845825
37,40490_916e13fe_0,0.00017505657160654664,0.994547426700592
38,38000_b5822e44_3,0.00023505333228968084,0.9964374899864197
39,138520_f4e0bc0b_63,0.00011048320448026061,0.8945938944816589
40,61294_9255796d_3,2.433742156426888e-05,0.9544612765312195
41,22176_272891b8_0,0.00021599774481728673,0.890434205532074
42,24815_4f2a57e4_1,0.000523616501595825,0.9846246838569641
43,113343_e692c488_1,2.5014078346430324e-05,0.9622517824172974
44,33995_18423507_1,5.806645276607014e-05,0.9217791557312012
45,127897_029949fd_6,0.00018256445764563978,0.9963494539260864
46,123181_4e56fb4f_0,0.0002605592308100313,0.9962252974510193
47,22670_9353c710_1,1.3003029380342923e-05,0.9207553267478943
48,128642_4d72bf31_2,5.0640563131310046e-05,0.9725678563117981
49,146667_fe438b5b_6,0.0005154194077476859,0.9685240387916565
50,38260_2a31c6df_2,0.0004122234822716564,0.9419042468070984
51,24443_996411f9_3,0.0007001070771366358,0.9841124415397644
52,142074_34e02b6d_1,6.357024540193379e-05,0.9809616208076477
53,41501_b627682a_15,0.00024344907433260232,0.9787257313728333
54,24712_da77fe8f_0,0.00010464685328770429,0.998042106628418
55,32960_0eaa1de8_26,0.0004358652513474226,0.9919268488883972
56,130757_b2c47f8d_2,1.7938402379513718e-05,0.4638805389404297
57,104817_6d73dc41_0,0.00011621303565334529,0.9869798421859741
58,79243_49539d9f_0,0.0007229376933537424,0.9844251871109009
59,82012_c533307b_1,7.249449117807671e-05,0.932468831539154
60,107649_e651c5ca_1,3.05133198708063e-05,0.787216067314148
61,40997_e3c88650_12,0.0002456691872794181,0.9936984777450562
62,143029_70554264_4,0.00020952736667823046,0.9713581204414368
63,27054_342fcf5c_3,5.871989924344234e-05,0.9387139081954956
64,41648_577daf16_17,0.00010283639130648226,0.9610713124275208
65,89720_4e65191c_1,0.00023270296514965594,0.9943627119064331
66,75382_1b589ea9_12,9.198000952892471e-06,0.9737064838409424
67,120371_433ba1ca_2,0.0001811673428164795,0.9842000007629395
68,49024_b7f02205_13,0.0005052892374806106,0.9776820540428162
69,51022_47816098_7,0.0008290829136967659,0.9914865493774414
70,41634_4f5d0edb_0,1.2013975720037706e-05,0.9759767055511475
71,23170_6ea8ded5_3,0.0003320721734780818,0.9944427609443665
72,69589_cd2fa794_8,0.000564645160920918,0.9630799293518066
73,41504_85e300ee_0,0.0004982807440683246,0.9319649338722229
74,128996_42176b10_0,0.0005242495099082589,0.9575682282447815
75,38920_e81879c2_7,1.2763843187713064e-05,-14.351341247558594
76,148051_c59af578_6,7.150894089136273e-05,0.9980524778366089
77,65494_16d62db5_0,9.576459706295282e-05,0.8716750741004944
78,25473_0991d519_0,0.00023934023920446634,0.9943770170211792
79,75270_25a261ef_5,0.0001755931443767622,0.9824793934822083
80,49613_1b97c07b_12,2.447685255901888e-05,0.7400349378585815
81,115633_a2c63339_1,9.966653306037188e-05,0.9705206155776978
82,52366_63042db4_1,0.00016334073734469712,0.9962823987007141
83,30282_88c6933c_5,0.00032399396877735853,0.9612396955490112
84,53474_f29e4438_12,0.0006255405023694038,0.9795206785202026
85,24026_1dd4094b_21,0.00024174587451852858,0.9724240899085999
86,21225_c081eae3_2,0.0005135547835379839,0.9321186542510986
87,35057_9af89947_8,0.00011311896378174424,0.9091331362724304
88,43529_4804941b_20,0.0001497242192272097,0.9954371452331543
89,22103_fd11c71b_3,0.00013167444558348507,0.9835578799247742
90,51536_a18dc325_0,0.0003083258052356541,0.9836365580558777
91,24230_636208ab_13,0.00015612076094839722,0.9041292667388916
92,41117_1b3271f2_56,0.0007591538014821708,0.9882774353027344
93,140499_419d5823_0,0.00010645256406860426,0.9907979369163513
94,115524_a949e82c_2,1.609023274795618e-05,0.9373219013214111
95,29833_0ed4880f_3,0.00020388780103530735,0.9963315725326538
96,127556_4823a42a_6,0.00017147031030617654,0.9711968302726746
97,23960_48cc0f21_19,2.0715884602395818e-05,0.7095049023628235
98,132987_ba18d2eb_11,5.2423347369767725e-05,0.8996162414550781
99,51337_f8636fd9_30,2.3070435418048874e-05,0.9739334583282471
100,40999_cad6be09_18,0.0006680191145278513,0.9842063784599304
101,136886_99fbdef3_0,4.227578028803691e-05,0.9274523854255676
102,30447_4ed3b778_7,0.0005467208684422076,0.9979857206344604
103,55811_bc667b2d_13,0.00045196572318673134,0.8279376029968262
104,41716_d55164d4_1,6.685047992505133e-05,0.9766042828559875
105,33610_aa697fc9_6,0.00010310734796803445,0.9923893809318542
106,55095_fa260d33_6,0.0008875040803104639,0.9766059517860413
107,115639_bc0cc622_0,0.00023020665685180575,0.983144998550415
108,20841_1620ae7d_0,0.00033818837255239487,0.9534403085708618
109,50823_d1830e58_2,0.00039806225686334074,0.9212011098861694
110,109762_cb162371_48,0.0001299197319895029,0.9543458819389343
111,41387_5f752e39_23,0.00019976442854385823,0.992612361907959
112,121540_629c716f_0,0.0004235302621964365,0.9820711016654968
113,118539_1dff9cf9_12,2.7968255835730815e-06,0.7954533100128174
114,30714_dafa62f6_2,0.0008499386603944004,0.9888802170753479
115,79633_bbbde75f_0,0.0007679580012336373,0.9812705516815186
116,33059_531cfd5e_11,0.00021068778005428612,0.9655194878578186
117,20697_d3e106b4_4,2.930878326878883e-05,0.7538492679595947
118,136062_0027ff97_6,0.00019475784210953861,0.9820318222045898
119,146291_6b0c8db3_1,0.0011558686383068562,0.973099946975708
120,45466_5f662bcb_0,1.140803851740202e-05,0.9765109419822693
121,144500_7f600ab6_0,0.00012419010454323143,0.9885157942771912
122,44996_b3e9c266_4,6.195190508151427e-05,0.9869146347045898
123,40713_4c9264ef_0,0.00024284282699227333,0.967599093914032
124,132384_0fcab1fa_13,0.00014756390010006726,0.8412542343139648
125,33738_77d49563_2,8.821030496619642e-05,0.8974671959877014
126,129422_621d0a90_33,5.240540122031234e-05,0.9753357172012329
127,115633_fd3c9b97_32,2.082551145576872e-05,0.9146636724472046
128,69337_a122ffde_1,0.0002217103319708258,0.9773396253585815
129,37241_29f91452_0,0.0002522497088648379,0.9941646456718445
130,141199_9ae000ef_6,0.0003456520498730242,0.7078254222869873
131,147133_92c04b84_4,0.00039032837958075106,0.6567013263702393
132,77687_cbb18594_50,0.00021308427676558495,0.8529197573661804
133,144290_2a679085_11,1.8246973922941834e-05,0.9462600350379944
134,130825_c59bbbfb_0,0.00029526103753596544,0.9924440383911133
135,82512_252da752_6,1.2598916327988263e-05,-18.49187660217285
136,115624_d0acb46b_24,0.0003316790971439332,0.9964012503623962
137,92134_52f13f49_7,8.005013660294935e-05,0.9497764706611633
138,100326_0602c712_7,1.9335677279741503e-05,0.9695208072662354
139,134630_f9e85072_0,0.00025877347798086703,0.9404283761978149
140,108943_b07b2543_1,0.0002684194769244641,0.9557369351387024
141,125416_ab456bc3_5,0.00016384896298404783,0.9860889911651611
142,57222_33b428d7_69,0.00010946719703497365,0.8905162215232849
143,24650_dad8c8ee_13,0.000357477372745052,0.9936657547950745
144,41749_14d0599c_1,0.00010375705460319296,0.9845654964447021
145,49396_98ab955d_27,3.063687472604215e-05,0.9799981117248535
146,136892_e2a0b32c_4,1.1126768185931724e-05,0.7138897180557251
147,31962_e5291336_28,0.0003399923734832555,0.9925798773765564
148,34231_e27353cb_0,4.882337088929489e-05,0.9486666917800903
149,112724_d334de09_0,0.0006592357531189919,0.989753782749176
150,56486_82b3e23a_21,6.276016847550636e-06,0.9270195960998535
151,40500_6055e3d7_17,3.923634267266607e-06,0.8680061101913452
152,39468_15fb2e60_43,0.000216939122765325,0.6460189819335938
153,141710_17531562_7,0.0002028073213296011,0.9942681789398193
154,33529_756075a0_12,0.0003366096643730998,0.9340580105781555
155,54169_3a875f10_8,0.0010104869725182652,0.9733474254608154
156,41023_5445cb61_9,4.572709804051556e-05,0.959784209728241
157,146380_5c569eeb_2,0.00020774066797457635,0.8883450031280518
158,24195_9791f5d3_38,1.0235155968985055e-05,0.7981674671173096
159,26573_7f7e176d_2,0.0007079269853420556,0.9937208890914917
160,22734_f6bad9f7_25,0.00038303816108964384,0.9938284158706665
161,48112_9538e204_0,0.0001745970075717196,0.9965342283248901
162,127545_6fa39158_10,0.000728992628864944,0.9943311810493469
163,23788_5c0b60c6_0,0.00012767373118549585,0.932960033416748
164,23792_5b4c1ce0_21,0.0003009465872310102,0.9905039072036743
165,146067_46e58ab3_1,0.0013074741000309587,0.9917047619819641
166,101072_dec6f415_3,5.926638186792843e-05,0.9728327989578247
167,22829_b6649a29_0,3.115239451290108e-05,0.48345935344696045
168,55389_a736bd99_0,0.00026507879374548793,0.8591915369033813
169,30259_d709601c_9,0.0006658151396550238,0.9810324311256409
170,35866_d0233b36_13,3.955966531066224e-05,0.5799340009689331
171,34563_52848c45_5,6.862585723865777e-05,0.972222089767456
172,44519_90af0df6_7,0.00035010420833714306,0.8978703618049622
173,114111_59282658_8,9.954595589078963e-05,0.9659371376037598
174,45922_26941172_15,0.0007589984452351928,0.9872945547103882
175,41303_bd1def52_3,7.652003841940314e-05,0.9806516766548157
176,22053_de30641b_1,1.8047086996375583e-05,0.7237364053726196
177,22298_51433023_4,0.0003239298821426928,0.9929422736167908
178,23479_81a49137_0,0.0002276048471685499,0.9173166155815125
179,22225_a3ce4d29_37,0.0006653144955635071,0.9907886981964111
180,135669_490cd2d7_14,0.00031115917954593897,0.9833104014396667
181,32173_8b075b1a_4,0.00023467587016057223,0.996198832988739
182,145119_24107428_5,0.0006661572260782123,0.949469804763794
183,41774_88a7a483_36,6.30387439741753e-05,0.9676014184951782
184,133549_1b6c58d6_0,0.0003211683651898056,0.9931644201278687
185,40936_6de8f4f4_0,0.001698390464298427,0.98940509557724
186,23008_3d1bb7b2_0,0.0004222623829264194,0.9939413666725159
187,38360_ad61c9b2_1,9.817286627367139e-05,0.9362150430679321
188,136109_3d342d3c_2,0.00016260353731922805,0.9934629201889038
189,135790_a27f9deb_11,4.0669932786840945e-05,0.9495655298233032
190,140249_7c1c5bba_0,9.800895350053906e-05,0.8806949257850647
191,128996_a3d026d6_0,0.00038772844709455967,0.9205443859100342
192,23235_f9ccb8b0_0,0.0004938740748912096,0.6105242967605591
193,93671_f7290ded_0,0.00012355242506600916,0.9267868399620056
194,51109_97b211c3_7,0.0003063882468268275,0.9625539779663086
195,51916_fa226b15_13,2.8432408726075664e-05,0.9385653138160706
196,86268_094d3fab_1,0.00010404334898339584,0.9979195594787598
197,39637_ca6a9a60_1,0.0007893289439380169,0.9023829698562622
198,47219_93cb3619_3,0.0013598542427644134,0.9760482311248779
199,47878_0edb6829_0,0.00015994522254914045,0.997155487537384
200,26764_ab35159a_6,0.000572770310100168,0.9771375060081482
201,34341_d19b12fb_12,2.4841681806719862e-05,0.9726448059082031
202,118342_c702e084_6,0.00021713538444601,0.9950398802757263
203,49886_dd68dccb_4,0.0002658043522387743,0.9798744320869446
204,23493_57512264_5,5.104391311760992e-05,0.8390781283378601
205,31751_e37382e1_5,0.0005909479805268347,0.9848631024360657
206,24338_848cab42_6,0.0008157464326359332,0.9355528354644775
207,24916_42eacca3_10,0.00012173721188446507,0.9342290163040161
208,137485_a953e1be_2,0.00017428903083782643,0.9965150952339172
209,23706_ef15ef9c_18,0.0006184530211612582,0.9589762687683105
210,143671_eaf4d13b_6,0.0008211716776713729,0.9874710440635681
211,53470_39f2e9dc_13,0.00026740372413769364,0.6611210703849792
212,145772_59253c6d_3,4.010798511444591e-05,0.9434840679168701
213,51893_d531e2bd_2,0.00023935807985253632,0.9947883486747742
214,39389_d641313f_8,0.0013710379134863615,0.947686493396759
215,51595_41f3d1a3_5,5.404872717917897e-05,0.948688268661499
216,51674_a70c1c6c_15,9.70045875874348e-05,0.6304408311843872
217,37617_3f415463_5,2.8203970941831358e-05,0.978608250617981
218,31862_a89f21f9_3,0.00024785930872894824,0.9926340579986572
219,40519_55a097c6_11,0.00041299741133116186,0.9759199619293213
220,111306_9108c940_0,0.0004416463489178568,0.9154819846153259
221,136640_16741d62_4,0.0001175242432509549,0.9200243353843689
222,23155_d7305c5f_2,0.002217757049947977,0.9550779461860657
223,43934_912ff891_41,0.0001492968003731221,0.2883065342903137
224,57017_6033d1e5_0,0.0002104459999827668,0.9894051551818848
225,126913_d253adb7_1,0.00020837737247347832,0.9166667461395264
226,130752_52d74f2f_48,0.00039586855564266443,0.9733142852783203
227,124177_71283cad_0,0.00019486795645207167,0.9849736094474792
228,24650_dad8c8ee_18,0.00021040457068011165,0.9946215748786926
229,55199_4d57661f_2,0.0004750321386381984,0.9715615510940552
230,115010_eb737aaf_20,0.00014462733815889806,0.9972305297851562
231,27855_19c5895a_12,0.00011244241613894701,0.9410243630409241
232,52772_a6e6e320_0,6.802407733630389e-05,0.9087121486663818
233,90917_3d2d21a9_0,0.0008237397414632142,0.9811602234840393
234,40703_5f4e45d4_7,0.00010549674334470183,0.9979071617126465
235,132622_911efd2f_1,0.0007631381740793586,0.9885770082473755
236,43441_e1ab0873_6,0.0006007097545079887,0.9905168414115906
237,34917_61633e20_6,0.00030355111812241375,0.9934190511703491
238,67221_275ba7e6_4,0.0003055475535802543,0.9938709735870361
239,130719_e4764a36_10,2.8831202143919654e-05,0.9371302127838135
240,136318_130d6a06_20,0.00032394679146818817,0.9704523086547852
241,99636_73c43ebd_10,0.00014210284280125052,0.9961656928062439
242,29377_3a04cb8d_6,0.0001225986343342811,0.9821141958236694
243,23018_63087a41_47,0.0002714905422180891,0.9925686717033386
244,26165_100fec74_4,6.452731031458825e-05,0.7969653010368347
245,135934_d2f6bb2e_46,0.00012532921391539276,0.9391605854034424
246,24039_448afafa_5,0.00019926611275877804,0.9903964400291443
247,32775_a79b406b_14,0.0006244910764507949,0.9204287528991699
248,23686_cba4f679_0,0.00020563253201544285,0.9804983139038086
249,35147_bc9f2c5d_0,0.0003824646701104939,0.9382582902908325
250,136337_1351909b_2,0.0015355991199612617,0.963525652885437
251,139222_2c10ca9a_1,0.000227925309445709,0.9803922772407532
252,139379_fe5c3f64_0,7.42059710319154e-05,0.9972642064094543
253,33084_344fec27_2,0.00010059792111860588,0.9981063604354858
254,24775_d5c98d77_0,4.5996534936421085e-06,0.858208179473877
255,56344_3a89f085_23,0.00014536664821207523,0.9865273833274841
256,135112_cf8007b8_5,0.0007391318795271218,0.9818004369735718
257,50706_20d07d57_2,0.0009502617176622152,0.9908939003944397
258,51744_cd355565_5,0.00048685018555261195,0.985417902469635
259,51464_da501c24_0,0.0004347422509454191,0.914311945438385
260,126572_a2d6f794_23,1.2719497135549318e-05,0.5597825050354004
261,70021_e673ae54_2,2.4444809241686016e-05,0.9647790193557739
262,25144_31b089b6_5,0.00013441538612823933,0.9391164183616638
263,24715_55aac5f2_2,3.697233296406921e-06,0.6922056674957275
264,24532_f82f8000_2,7.591345638502389e-05,0.9385451674461365
265,30664_a3084f71_1,0.0006877502310089767,0.7124600410461426
266,81145_5c13a8e9_1,0.00016560980293434113,0.8308461308479309
267,132037_2abb8c63_10,1.3468724318954628e-05,0.9380868077278137
268,50414_ac159b58_2,0.00017303576169069856,0.9937113523483276
269,21601_360ce1c7_7,0.0002749212144408375,0.9950037002563477
270,22119_27e3ecbe_9,0.00023816112661734223,0.99261474609375
271,145120_74f7316f_0,0.0007496175239793956,0.9661086797714233
272,74574_c302ff1f_0,5.8383266150485724e-05,0.9233177900314331
273,52443_085efc00_4,0.00013410142855718732,0.9561824202537537
274,147546_ede0f31c_3,0.0010966277914121747,0.9762856960296631
275,22492_047b125b_21,0.000504087598528713,0.9883004426956177
276,72313_5a86e234_0,0.0015627190005034208,0.9701481461524963
277,45589_49e3c7ea_2,5.2703711844515055e-05,0.9984107613563538
278,83432_a7f85698_0,9.45594219956547e-05,0.9978761076927185
279,32775_a79b406b_0,4.056320176459849e-05,0.6093725562095642
280,121703_69c4a5ac_3,1.744110522849951e-05,0.9368054866790771
281,80901_e9080573_6,0.0005759947816841304,0.9775217175483704
282,21809_8bd6b10e_3,0.0005168000352568924,0.9886252284049988
283,49396_98ab955d_15,0.0002677135926205665,0.9744737148284912
284,33766_14917a4a_19,0.0004951644223183393,0.9889826774597168
285,26661_ab88a525_8,9.878994023893028e-05,0.997230589389801
286,44030_17bd5ec9_0,0.00011780185013776645,0.8551853895187378
287,53221_74fa81cd_7,0.00016507173131685704,0.8573092222213745
288,21887_3306168f_7,0.0010509961284697056,0.8952789902687073
289,86185_85fde9e6_0,0.00018583748897071928,0.9715983867645264
290,87951_500b1dcd_2,4.846946831094101e-05,0.9481132626533508
291,22276_69c5036b_11,0.0005007202853448689,0.9868993163108826
292,41721_44151488_5,0.0003678493376355618,0.9659392833709717
293,102293_5d04e48d_0,0.0010390467941761017,0.9507014751434326
294,77687_cbb18594_20,3.052324609598145e-05,0.9576600790023804
295,133248_1bab99ae_0,0.000801575428340584,0.646648645401001
296,24051_4852a192_2,0.00037103579961694777,0.9872648119926453
297,86806_2993395a_1,5.809312642668374e-05,0.9506828784942627
298,38558_b0d6b3f8_1,0.00028777390252798796,0.9940935373306274
299,140549_7d01813c_0,0.0003411007346585393,0.9891796112060547
300,24559_3c306e71_1,0.00044290063669905066,0.9318777918815613
301,70350_751de4b0_13,0.0005881256074644625,0.7604302167892456
302,39101_23fec10f_8,0.0014515744987875223,0.8455687165260315
303,24942_9d1b2ff2_8,0.00041259959107264876,0.9951908588409424
304,30850_05d88af9_3,0.0004465061065275222,0.9925751090049744
305,113358_08641c94_4,0.00040339422412216663,0.9874648451805115
306,21234_8b71bd47_27,0.0002218486333731562,0.9197402000427246
307,26245_4aac38e1_21,7.377671136055142e-05,0.8288280367851257
308,66072_d301cc88_0,0.00036833633203059435,0.8407114744186401
309,21894_93f0d052_23,0.00020810934074688703,0.9794444441795349
310,147816_7fb70c2b_2,0.0004093777679372579,0.9570609331130981
311,49120_4131d1e7_1,5.594333924818784e-05,0.9887997508049011
312,52224_ca16c854_4,0.0003877837734762579,0.9446244835853577
313,105762_19e04e0b_1,6.045390182407573e-05,0.5227694511413574
314,30400_8824ce97_36,0.00019410104141570628,0.9720422029495239
315,95199_ffcff41e_0,0.000173023363458924,0.8227243423461914
316,50417_199cffee_3,5.61093729629647e-05,0.9563301801681519
317,24544_d06c82dd_5,0.00022921407071407884,0.9962067008018494
318,22604_565b91f5_2,0.00013707304606214166,0.9942808747291565
319,22788_b6a9e30a_4,4.619407991413027e-05,0.9884563684463501
320,45789_d5126eab_14,0.000279569678241387,0.9428911209106445
321,37267_b2be4b50_3,7.840490980015602e-06,0.21106714010238647
322,34330_5eff1ee1_3,0.0002621362800709903,0.9694075584411621
323,137999_d934160e_1,2.6361154596088454e-05,0.7960823774337769
324,134921_f5efde94_27,6.421809666790068e-05,0.9409577250480652
325,53470_39f2e9dc_8,5.0664581067394465e-05,0.43161046504974365
326,23497_f292546d_25,0.0006099656457081437,0.9746487736701965
327,22289_4b848f64_2,0.00019467694801278412,0.9736338257789612
328,31392_84b62622_2,0.00026943572447635233,0.9775449633598328
329,51347_1fc6f329_0,0.0002942248247563839,0.9339037537574768
330,50777_2934de55_6,9.703838441055268e-05,0.996537983417511
331,32841_954e8c1a_0,3.755883881240152e-05,0.9612506031990051
332,31530_6744ae73_3,0.0002487493329681456,0.9963489174842834
333,65827_d1469ad6_1,4.420683762873523e-05,0.6691729426383972
334,145461_30637b22_8,2.60782635450596e-05,-0.04237103462219238
335,31973_093ea963_13,0.00012806923768948764,0.9501438736915588
336,70355_e5f58cd5_14,0.00029635746614076197,0.9710977673530579
337,77687_cbb18594_40,7.186282164184377e-05,0.6825023293495178
338,24392_fce351ea_0,9.204878733726218e-05,0.9506527185440063
339,36853_7efccb8c_3,0.00030567683279514313,0.9582793712615967
340,41644_d15f8e2b_5,4.348906077211723e-05,0.7758904695510864
341,131762_9b5e5ff5_2,0.0002077532117255032,0.9874539375305176
342,82193_96ef9433_2,0.00021930638467893004,0.9965823888778687
343,31347_386f6298_15,0.000698972784448415,0.9835649132728577
344,34568_fbe47bf9_0,0.00011172089580213651,0.6801936626434326
345,115624_fe3eb392_3,0.00040093573625199497,0.9908245801925659
346,130446_e7b58dbe_0,0.0006249903817661107,0.974784255027771
347,104641_2cd02839_33,1.574902853462845e-05,0.9655938744544983
348,31460_39fdfc6a_7,0.000584313296712935,0.8684788346290588
349,95541_ced8f936_0,0.0002365807449677959,0.9949011206626892
350,23126_725969ea_17,0.0001879663614090532,0.9801403880119324
351,23676_52069f98_5,9.853144547378179e-06,0.9628949165344238
352,137637_ed9c537d_0,0.00018126273062080145,0.9551801681518555
353,22474_b10fea1a_2,0.0002518386172596365,0.9939000010490417
354,143017_21d96cc2_10,0.0004993023467250168,0.9280210733413696
355,105270_34f92afd_1,5.3691350331064314e-05,0.924693763256073
356,95622_0a0787e4_4,0.0002342335501452908,0.9965015649795532
357,55854_13f0399b_0,0.0006507791113108397,0.9859932065010071
358,22118_1e09e0eb_5,0.0003517709264997393,0.9849972724914551
359,146717_3e6a84c1_7,0.0008719488396309316,0.9869300127029419
360,63132_330141d7_3,7.627207378391176e-05,0.984531581401825
361,115633_fd3c9b97_46,4.689546403824352e-05,0.903407096862793
362,21644_aa203dc5_29,0.00014805083628743887,0.9636602997779846
363,79791_00f639ca_15,0.0001610760373296216,0.997288167476654
364,60711_42b5a13e_1,0.0003153095894958824,0.9650816917419434
365,137483_cdb8989d_0,0.00015651651483494788,0.9967321157455444
366,21644_aa203dc5_26,0.00023711349058430642,0.959076464176178
367,131876_b2384623_0,0.00011496972729219124,0.9257678985595703
368,23706_ef15ef9c_10,0.00027527593192644417,0.9578872919082642
369,68948_0d2a01cd_9,0.0005509279435500503,0.9845481514930725
370,145137_4e9eef42_1,0.00018363063281867653,0.9630674123764038
371,30426_2cde26de_20,0.0007940404466353357,0.9909645318984985
372,31378_34c52a73_0,0.0002098822151310742,0.941733181476593
373,92134_52f13f49_4,7.051507418509573e-05,0.9524098634719849
374,119634_fc722479_1,0.00032482907408848405,0.9955308437347412
375,24032_d6172503_24,0.0004655386146623641,0.8050872087478638
376,136401_69f29349_4,1.8443361113895662e-05,0.7138324975967407
377,41871_f9a1ad02_26,0.00031137524638324976,0.9763569831848145
378,48220_87941c4e_116,0.00021429976914077997,0.9682874083518982
379,115012_9ed88535_2,0.00018985536007676274,0.9241697192192078
380,69488_025cf0a2_1,0.006584643851965666,0.9553630948066711
381,147427_69f68da4_3,3.122788621112704e-05,0.9134478569030762
382,33766_14917a4a_32,0.00019341368169989437,0.9930424690246582
383,51747_3d58eae0_0,0.0002314761804882437,0.968919038772583
384,33785_a4c23f61_0,0.002196654211729765,0.9917129278182983
385,114935_797875fe_2,0.0007719022105447948,0.971917986869812
386,51775_49ef614a_26,1.8361648471909575e-05,0.9673532843589783
387,38196_ea48fa42_3,3.308015220682137e-05,0.6130186915397644
388,140413_44177109_21,5.549562047235668e-06,0.8984381556510925
389,27676_79237cc5_1,0.00019441716722212732,0.9363970160484314
390,52883_e518d3f4_33,0.00016965338727459311,0.9966579675674438
391,34347_841c5375_2,3.308787927380763e-05,0.32725048065185547
392,55289_292737cb_0,0.00020156704704277217,0.9961302876472473
393,50606_82cb18e2_0,0.0001645940646994859,0.9935311675071716
394,30407_efa567f2_4,0.00011997465480817482,0.9971071481704712
395,31647_ab9ad9dc_13,0.00025229802122339606,0.9755577445030212
396,24896_58b4730f_17,0.0002453949418850243,0.9542301297187805
397,23602_5daaccf5_4,0.0006950284005142748,0.951455295085907
398,27725_5cceaeb7_10,5.566965410253033e-05,0.8843450546264648
399,127734_395dcf7d_5,0.0008008346194401383,0.8697788119316101
400,31957_d864f861_3,0.00026472361059859395,0.946053683757782
401,49415_1671b60c_4,0.00026800925843417645,0.7494021058082581
402,45110_fae73324_4,0.00021476519759744406,0.9885388612747192
403,22343_34184fd5_18,0.00015919984434731305,0.3939172029495239
404,22848_cc91b848_38,1.4023481753611122e-06,-0.6165293455123901
405,73652_23b21ef2_1,0.0002706073864828795,0.9945584535598755
406,65569_bd890a32_1,2.8683172786259092e-05,0.7248759269714355
407,48220_87941c4e_111,0.0004099742800462991,0.9281983375549316
408,30394_e30f932c_0,0.00043881902820430696,0.9748919010162354
409,21941_1a683ec2_26,0.0002531091740820557,0.9894306063652039
410,25564_e646fcb3_1,2.6852416340261698e-05,0.9093159437179565
411,134053_87a32e31_3,3.4604188840603456e-05,0.9055772423744202
412,87950_af56e26e_2,0.0001685490715317428,0.9876638650894165
413,51458_54240b70_17,7.164987619034946e-05,0.9208594560623169
414,40688_effe215a_1,0.00032239980646409094,0.9920163750648499
415,131494_c8a441d0_0,0.00013934490561950952,0.9728654026985168
416,26768_c4df841f_21,0.00019519508350640535,0.7713512182235718
417,136892_2d5f55a9_0,0.0003802197752520442,0.9166221618652344
418,54652_d60ac3e0_10,0.0006139946635812521,0.966688871383667
419,51747_3d58eae0_1,0.0002891861367970705,0.8817818760871887
420,54650_df3655c1_0,1.9028104361495934e-05,0.7915933728218079
421,41125_711db4bf_58,0.00032477042987011373,0.9638748168945312
422,45418_f603706b_2,0.00016476568998768926,0.9583253860473633
423,21852_6cf9a734_18,0.0008307043462991714,0.9928998947143555
424,122515_758d8b70_6,8.875666026142426e-06,-6.329409122467041
425,104081_05ba54fa_2,0.0001219725381815806,0.9487738609313965
426,41672_cf87e0b6_0,0.0001995215570786968,0.9692061543464661
427,22638_37f9fe91_1,2.0008623323519714e-05,0.9408880472183228
428,24559_3c306e71_3,0.00026204148889519274,0.9524044990539551
429,31589_ac31215d_8,0.00010697385005187243,0.9433926939964294
430,49603_143b8bd2_35,0.000496699707582593,0.9606883525848389
431,127965_c64a91da_0,0.00022004191123414785,0.9430518746376038
432,36062_f2fb6808_1,5.081304698251188e-05,0.5303856730461121
433,139280_8874b1ab_18,4.554565020953305e-05,0.9562345147132874
434,30997_24dea167_4,0.00038139644311740994,0.9655978679656982
435,143471_eb185912_5,7.840496436983813e-06,0.9197210669517517
436,23176_1bf2a2d5_10,0.0002432512992527336,0.9899430871009827
437,98299_b8146029_5,0.000186366232810542,0.9838600158691406
438,23466_1cf60d09_4,0.0007341898744925857,0.9794705510139465
439,41591_2d0bd0d5_3,0.000280523207038641,0.9901386499404907
440,134929_9049dcec_1,9.191138087771833e-05,0.9507152438163757
441,41785_e8bf0528_0,0.0005224014166742563,0.9772364497184753
442,31460_39fdfc6a_6,0.00027819786919280887,0.9940422773361206
443,133710_00be7f31_1,0.00033975698170252144,0.9610151648521423
444,24532_f82f8000_0,0.0003477729333098978,0.9235031604766846
445,21234_8b71bd47_3,2.357437006139662e-05,0.9643138647079468
446,35175_6edc4126_5,0.00039882652345113456,0.9884430766105652
447,20495_e8e7e80c_1,4.029697083751671e-05,0.95301353931427
448,76546_c17e95aa_2,8.59925348777324e-05,0.4941766858100891
449,41654_e75f89df_0,0.00025911472039297223,0.9859362840652466
450,109772_f1a0845e_6,0.00029036030173301697,0.8322244882583618
451,34913_d23e2a24_0,0.0002694412542041391,0.9850302934646606
452,25203_1cc0cb3c_12,0.0003083596529904753,0.9948537349700928
453,37160_2a95674a_4,0.0004475484602153301,0.9707847237586975
454,69240_dc199112_4,0.0004634802753571421,0.9119632244110107
455,25176_d9130589_0,9.505829075351357e-05,0.9875069260597229
456,69235_fe79a369_0,0.00012807473831344396,0.7123637199401855
457,39468_15fb2e60_9,0.00020138820400461555,0.9707837104797363
458,103284_e25015aa_6,5.7849094446282834e-05,0.538950502872467
459,30377_e18ea3de_0,7.342431490542367e-05,0.9405169486999512
460,66080_f578d52b_4,8.57552804518491e-05,0.559241771697998
461,37444_52b27e94_14,0.00011757707397919148,0.9820935726165771
462,38675_6e07d74b_31,0.00048086652532219887,0.9847843647003174
463,21680_360ba5c7_28,0.00029729719972237945,0.9783392548561096
464,142032_5c32b7db_2,0.0003030268708243966,0.9944199919700623
465,44210_a155c2d1_0,0.0013959628995507956,0.9689252972602844
466,38287_88ec74de_92,0.0001894376619020477,0.9720335006713867
467,29572_2f9283f2_4,0.000403128273319453,0.9699708819389343
468,28300_b3a6ab79_10,0.00034660729579627514,0.9880150556564331
469,136129_e6a20c7d_5,5.95881137996912e-05,0.9085723757743835
470,119381_e4d13609_0,0.0003661503142211586,0.986146867275238
471,30729_b4d83b07_4,4.949294179823482e-06,0.898367166519165
472,140413_44177109_11,0.00021230305719655007,0.9900149703025818
473,26384_83eddf22_0,0.00030491562210954726,0.976719856262207
474,82285_e7a738e7_2,0.0003150077536702156,0.9737617373466492
475,108599_347602af_0,0.00023029591829981655,0.992838442325592
476,119889_41a6f268_1,4.197929592919536e-05,0.9380485415458679
477,55006_94230c00_1,0.00019935297314077616,0.993767499923706
478,21517_bfe35b4c_10,6.074962220736779e-05,0.9720836281776428
479,20818_098cad7c_6,5.321127537172288e-05,0.9430167078971863
480,41855_b82e6ae8_6,0.0002233847917523235,0.9741772413253784
481,137166_90691294_8,3.526387081365101e-05,0.9765816330909729
482,69561_f274e705_26,9.862777369562536e-05,0.9952450394630432
483,51579_d0c3e154_0,0.00032852895674295723,0.9860982894897461
484,23676_52069f98_4,0.0005074175423942506,0.9840224385261536
485,31962_e5291336_1,0.0004023401706945151,0.9880960583686829
486,57222_33b428d7_1,5.241676262812689e-05,0.9610860347747803
487,51586_2ad96f8c_17,8.121972314256709e-06,0.9023078083992004
488,41473_c2137170_32,0.0002154445246560499,0.9664221405982971
489,31123_9a1bfc50_2,0.00011768596596084535,0.9911127686500549
490,23211_3aac9c7e_0,0.00019881698244716972,0.962748110294342
491,45798_b573e9da_5,0.0006067867507226765,0.9687210321426392
492,27847_d2436f7c_37,3.0054308808757924e-05,0.9652629494667053
493,54736_6ee1b513_1,9.24507767194882e-05,0.9201267957687378
494,132901_7d205bb4_9,0.00013543499517254531,0.10204142332077026
495,73762_8c704690_0,0.00022332028311211616,0.9698852300643921
496,23209_1592b0a4_1,0.00013738723646383733,0.9904721975326538
497,49024_b7f02205_2,2.5715198717080057e-05,0.9348036646842957
498,147630_7f858240_15,0.00020862861128989607,0.9632441997528076
499,69337_2c778611_11,0.00016443566710222512,0.9032086730003357
500,82498_92a00cd6_1,0.00016608626174274832,0.9485395550727844
501,78775_e2d8b091_1,0.0002787382109090686,0.962193489074707
502,40067_95ae6c76_9,0.00023530429461970925,0.9747922420501709
503,80756_6f2e842f_0,0.0002054756914731115,0.9581922292709351
504,25284_1da7aa8a_0,0.00019107857951894403,0.962189257144928
505,55605_2f8bc12e_62,0.0001605451398063451,0.9945093393325806
506,39792_60786b6c_15,0.0005916524096392095,0.9881223440170288
507,34063_0ca1585e_2,0.000240376204601489,0.8441908359527588
508,31664_1e85c690_13,0.0001749926304910332,0.9949964284896851
509,131193_98f3ac52_1,0.00016630851314403117,0.9256156086921692
510,120221_e2eaa34b_2,0.0004487574624363333,0.8460140228271484
511,130286_1f71bfed_3,0.00026390590937808156,0.9213796854019165
512,118342_e8142153_21,0.00011563891894184053,0.957265317440033
513,128043_9f8cd69e_1,4.911025462206453e-05,0.9323427677154541
514,41504_85e300ee_1,1.4328305041999556e-05,0.9383026957511902
515,78863_d59be42e_0,0.0004541153321042657,0.9454087615013123
516,31733_5118b376_3,0.0017526664305478334,0.9874927997589111
517,22208_e177deb7_5,0.0003617631155066192,0.9135751724243164
518,24026_1dd4094b_43,0.00012439105194061995,0.8912110328674316
519,73388_10a40b49_1,0.0005010676686652005,0.970503032207489
520,138219_cdff4f61_0,0.0002511359052732587,0.8342603445053101
521,49399_dc56d180_1,0.00010768004722194746,0.9979861378669739
522,41306_8f26e703_3,8.512801286997274e-05,0.9706594944000244
523,51590_034b8b08_14,0.0006268700235523283,0.9893988370895386
524,48402_8c965495_4,3.223366729798727e-05,0.9536320567131042
525,26388_a3367cba_0,0.00032153778010979295,0.9599205851554871
526,28300_b3a6ab79_6,0.00025693204952403903,0.9914039373397827
527,43938_418421a7_0,0.00013247146853245795,0.9399506449699402
528,41520_60018d18_0,3.30977127305232e-05,0.7616931200027466
529,137869_344b239b_0,7.308366912184283e-05,0.8280871510505676
530,41648_577daf16_0,0.0009677351335994899,0.9585753083229065
531,31347_386f6298_10,0.00011085058940807357,0.9979022145271301
532,82190_24b1b0fe_12,0.0005125420284457505,0.9102388620376587
533,33741_4a973932_1,0.00036944495514035225,0.9387494325637817
534,42005_3da46d94_0,0.00013269743067212403,-1.971329927444458
535,132982_ee1eed2f_0,0.0003381000424269587,0.9855622053146362
536,23898_6e740393_29,0.00013564465916715562,0.7327192425727844
537,105831_88a0fb85_6,0.00011111344065284356,0.9975766539573669
538,31278_749a6317_0,6.669480353593826e-05,0.9599382281303406
539,51586_2ad96f8c_4,9.795329242479056e-05,0.9552785754203796
540,57000_cd1ddece_14,0.00021477494738064706,0.9124572277069092
541,50692_e7ff2668_8,0.0005771492724306881,0.9794726967811584
542,65346_e89312e5_0,9.942791075445712e-05,0.849738359451294
543,38840_0e449caf_4,0.0002288352116011083,0.940901517868042
544,29573_ca59fbbf_5,0.00047022488433867693,0.9952594637870789
545,30164_c5680724_12,0.00023686433269176632,0.9875000715255737
546,138620_e21e10ee_0,2.525098534533754e-05,0.9784805178642273
547,50305_caf9cef2_34,0.00033381785033270717,0.42238980531692505
548,83396_fdb2987a_0,0.00031453551491722465,0.988660454750061
549,28379_7e292343_4,0.000625591550488025,0.9862160682678223
550,33529_756075a0_32,0.0005645033670589328,0.958052933216095
551,109857_1d24326e_42,3.4398919979139464e-06,0.828577995300293
552,22772_2b5f6629_6,0.00016684857837390155,0.9972618818283081
553,34600_e2685d46_2,9.888038039207458e-05,0.996386706829071
554,122344_ab1b06aa_2,0.0007542999228462577,0.9863637089729309
555,123573_5f5c9584_1,0.00021525667398236692,0.8263325095176697
556,35166_562b126c_20,5.342875738278963e-05,0.9979318976402283
557,51350_138f893a_1,8.320912456838414e-06,0.9201900362968445
558,137785_67c3085b_16,0.0003730102616827935,0.9908207654953003
559,50417_199cffee_12,0.0005269151297397912,0.9745445847511292
560,22194_a5c323b9_3,0.00016348889039363712,0.9733272194862366
561,42329_df7f540f_18,0.00019453289860393852,0.979709804058075
562,41779_25e4203d_6,0.00018185020599048585,0.7229482531547546
563,51094_40aa8332_20,0.0005340848583728075,0.9799550771713257
564,109762_cb162371_38,0.0005191279924474657,0.972672164440155
565,45922_26941172_9,0.0003307545557618141,0.9430551528930664
566,34587_ed155e93_0,6.825261516496539e-05,0.9980390071868896
567,69589_a468c1b4_0,0.0004993315087631345,0.9894569516181946
568,44921_00dfb467_0,9.60597099037841e-05,0.9765689373016357
569,82672_4705a693_0,0.00017856732301879674,0.920446515083313
570,26778_a71e88a6_0,1.6828700609039515e-05,0.9546372890472412
571,69488_7bfb2b67_0,6.835560634499416e-05,0.9981005787849426
572,22686_afe3a61e_0,6.702156679239124e-05,0.5859255194664001
573,109772_5faa88e8_5,0.00014345973613671958,0.9018685221672058
574,43938_418421a7_147,0.00043434827239252627,0.9403302669525146
575,141694_b5ac3112_3,0.0003644054231699556,0.8595478534698486
576,31973_093ea963_16,5.328335828380659e-05,0.9665459990501404
577,26858_e90dc419_25,9.903686077450402e-06,0.9426880478858948
578,131350_bbdad30d_0,0.00010215667134616524,0.9417537450790405
579,35741_c43475b8_1,0.00016930891433730721,0.9409962296485901
580,30690_3df2c9e2_1,0.0005269911489449441,0.9550689458847046
581,122758_5f4efbf0_2,0.00016684981528669596,0.9890220761299133
582,37822_3be11c62_0,6.475318514276296e-05,0.9724676609039307
583,91174_ee6ee92b_1,0.00015561631880700588,0.9635408520698547
584,23676_52069f98_31,0.0007316606352105737,0.9926298260688782
585,27958_fee329eb_1,0.0001489820278948173,0.9595872759819031
586,144534_3b4fdb09_18,0.0013297423720359802,0.6284387111663818
587,30292_0b5e0265_1,0.0007952844025567174,0.9891737699508667
588,111062_e59e2d31_0,0.0011730451369658113,0.9866690039634705
589,135790_a27f9deb_77,0.00019255232473369688,0.9624956846237183
590,65842_de75838b_10,8.135266398312524e-05,0.9829814434051514
591,22475_9d9601a8_3,4.46108024334535e-05,0.7512975931167603
592,119884_192e3265_0,0.000528409262187779,0.9211354851722717
593,51463_3330e3aa_2,0.0004925582907162607,0.9488879442214966
594,23231_efe613bb_4,0.00039381044916808605,0.9798297882080078
595,22895_4533b542_2,0.00013162184040993452,0.9797832369804382
596,146219_5661130f_4,0.0002288324321852997,0.9950339198112488
597,38953_19054857_19,0.00028185121482238173,0.7495229840278625
598,21847_b2de7eb8_24,0.0005666344659402966,0.9616001844406128
599,51603_034939eb_12,0.0001056140536093153,0.9349001049995422
600,24843_5231632c_4,7.565680425614119e-05,0.9529308080673218
601,41982_f75ceb8f_4,5.891246473765932e-05,0.551843523979187
602,42937_c573c439_2,2.685972322069574e-05,0.8870945572853088
603,61288_2d594195_0,0.0003788839094340801,0.37715035676956177
604,55006_94230c00_0,0.0001190378243336454,0.88145512342453
605,49898_f42a885e_5,0.00025640989770181477,0.9944113492965698
606,55709_af3825c8_4,0.0003064630145672709,0.9900254011154175
607,144117_83c980ca_2,5.5398479162249714e-05,0.807152271270752
608,40417_b8d98f73_7,4.1632727516116574e-05,0.9722963571548462
609,53200_d1e30b87_11,0.00011013023322448134,0.8792434930801392
610,147009_977ee378_4,7.477285635104636e-06,0.9339675903320312
611,63056_a5dfd66b_4,4.410370092955418e-05,0.9203127026557922
612,22205_f48b96b3_10,0.00022811548842582852,0.948051929473877
613,51585_b695905b_4,0.0002201026800321415,0.995126485824585
614,24084_71f37c00_1,0.0001890452258521691,0.9620599150657654
615,25815_0e853ad9_10,0.00012949448137078434,0.9919024109840393
616,55030_11a6e3e8_3,0.0015321089886128902,0.9861555695533752
617,23042_1184de03_5,0.000237063315580599,0.9931015968322754
618,39719_e9629dbd_4,2.7246056561125442e-05,0.7003132104873657
619,51256_ed221095_2,3.622933945734985e-05,0.9595277309417725
620,25810_93c8a71a_3,0.00026748364325612783,0.9897734522819519
621,22208_e177deb7_1,0.00046206807019189,0.9676677584648132
622,115624_d0acb46b_22,0.00023884706024546176,0.9962406158447266
623,30708_4282508b_0,4.25968028139323e-06,0.9340689778327942
624,31117_cd5cdbdb_12,0.00011261895997449756,0.9513797163963318
625,41733_1ec9b00c_32,1.853113280958496e-05,0.9452952146530151
626,111387_c4243097_2,2.4003409635042772e-05,0.9673985838890076
627,119869_e8f0dd81_19,3.976917651016265e-05,0.9700706005096436
628,34569_590239d6_0,0.00031222865800373256,0.985667884349823
629,136318_130d6a06_23,3.570541593944654e-05,0.955554187297821
630,145132_7aea3b66_4,0.00032922442187555134,0.9956909418106079
631,41878_3aeaed3d_0,0.0005186411435715854,0.9156599640846252
632,34583_a1cf326b_0,0.00010618348460411653,0.9980566501617432
633,116581_d405b783_0,0.0006462243618443608,0.9912199378013611
634,24044_9bbe7992_3,4.3044194171670824e-05,0.9462760090827942
635,22194_a5c323b9_2,0.0006006797775626183,0.9458649754524231
636,142076_08d80e12_21,2.080290505546145e-05,0.9079605937004089
637,55817_6ac2912d_7,4.2111121729249135e-05,0.5458885431289673
638,21165_5cb2d287_2,2.3347138267126866e-05,0.9508040547370911
639,39796_45dcdc7d_0,0.0012023046147078276,0.9844072461128235
640,33044_7fdd9213_1,0.0007837080047465861,0.9792320728302002
641,23731_3fe5b501_6,2.2176180209498852e-05,0.9659115076065063
642,32743_f4c47bbc_31,0.0003572145651560277,0.9667947888374329
643,108775_4908fba2_21,0.00013509973359759897,0.9879940152168274
644,21941_1a683ec2_19,0.00026327662635594606,0.9805687069892883
645,27682_04277f62_18,0.00029935568454675376,0.9862524271011353
646,25815_0e853ad9_4,0.0001346140052191913,0.9913133382797241
647,30261_723e95cf_2,0.00033740088110789657,0.9857791662216187
648,21385_601444ba_102,0.0003303995181340724,0.9844585657119751
649,30368_d7fd30ce_7,0.00016439860337413847,0.9380007982254028
650,55605_2f8bc12e_3,0.00018186349188908935,0.9703119993209839
651,24650_dad8c8ee_15,4.622680535248946e-06,0.8557747602462769
652,34227_48203345_7,0.0002491743362043053,0.9930531978607178
653,113348_ac85cba3_1,0.0003404813469387591,0.9634355902671814
654,26552_25c5924a_1,5.865567800356075e-05,0.9775391817092896
655,55381_cbaffe9b_0,5.1585007895482704e-05,0.9857198596000671
656,55817_6ac2912d_25,0.0002534927043598145,0.9932631850242615
657,138947_0778db40_4,9.758723899722099e-05,0.9618372917175293
658,52788_07f7da63_0,0.00012962339678779244,0.9678227305412292
659,70355_e5f58cd5_6,2.8088352337363176e-05,0.9526983499526978
660,51744_cd355565_8,0.00047092168824747205,0.9034515619277954
661,41227_90e1c07c_16,0.0004371657269075513,0.9889909625053406
662,45359_1768ab3f_42,0.0008506140438839793,0.9102287292480469
663,41783_d1c10326_3,6.740149547113106e-05,0.783170759677887
664,32960_0eaa1de8_13,2.619299993966706e-05,-0.8909269571304321
665,34674_32ee1595_3,0.00040609194547869265,0.9862263798713684
666,136885_23632908_1,0.00026060151867568493,0.9069992899894714
667,136808_00592735_3,0.00010972632298944518,0.9761286973953247
668,45589_49e3c7ea_5,7.064362580422312e-05,0.9985457062721252
669,141665_0564e852_3,0.00040001378511078656,0.9044790267944336
670,50897_3be92e2f_18,8.572825754527003e-05,0.997998058795929
671,84256_4164b724_3,4.831935802940279e-05,0.9536385536193848
672,22994_e6ad8f2b_10,0.0006591435521841049,0.9755368232727051
673,28295_0dc908b9_8,0.00012102671462344006,0.9620900750160217
674,23329_6939d5d9_5,0.00010847301746252924,0.8796684145927429
675,123665_0a0da5c7_3,9.335341928817797e-06,0.9271256327629089
676,121172_0ac63503_7,0.0003205306129530072,0.9393017888069153
677,50941_2a8a8c76_0,0.00011436431668698788,0.9977320432662964
678,37846_cde34fcd_66,0.0002969380293507129,0.9501636624336243
679,56040_9b1307eb_21,0.0005408487049862742,0.9157598614692688
680,146535_229c95bc_1,3.1612711609341204e-05,0.855155348777771
681,50947_49287c16_2,0.0006790828192606568,0.9889002442359924
682,95622_0a0787e4_5,0.00010020219633588567,0.945771336555481
683,25432_f13e5110_0,0.0001358402951154858,0.995722234249115
684,32454_e959e3cf_0,0.0004309495852794498,0.9878718852996826
685,65858_61e9b51a_18,0.0003447882772888988,0.9213438034057617
686,70350_751de4b0_3,0.0010468338150531054,0.8552799820899963
687,129239_0d49310c_15,0.00013665115693584085,0.9479168057441711
688,31008_8fa25b35_8,0.0001526017440482974,0.9677769541740417
689,55306_795d845b_2,1.527404492662754e-05,0.9029232859611511
690,29729_e8bb36f1_2,0.00015572539996355772,0.8164918422698975
691,67283_4097cbd6_5,0.00018468887719791383,-0.5703256130218506
692,23904_811e466f_4,3.4117601899197325e-05,0.9713765978813171
693,116076_12d31fb7_1,0.0001292423694394529,0.9805514216423035
694,45302_02d7e3bc_0,0.0002819421933963895,0.9290859699249268
695,60977_4bb093ec_1,0.0002690840919967741,0.9880095720291138
696,49017_76979790_8,0.0003125034854747355,0.940768301486969
697,146321_0dbae658_10,2.1429443677334348e-06,0.7840522527694702
698,102194_150e3faf_3,5.524802327272482e-05,0.9983078837394714
699,34769_44655d03_5,6.41761434962973e-05,0.9282399415969849
700,38953_19054857_6,0.00027150800451636314,0.7771313190460205
701,55397_ad24603f_1,3.250753434258513e-05,0.966257631778717
702,21908_385686ec_15,0.00045853067422285676,0.9778669476509094
703,60721_57103153_4,0.00012598824105225503,0.7982909083366394
704,98701_7cd4ec8d_0,0.0007913259323686361,0.9856263995170593
705,91703_642cdf1a_1,0.0001979564258363098,0.9962764382362366
706,26661_ab88a525_5,9.082903852686286e-05,0.977088212966919
707,51940_67bb0219_21,5.6716438848525286e-05,0.8791340589523315
708,22543_684108ff_22,3.6327266570879146e-05,0.9639014601707458
709,145250_cde4d039_8,5.031660839449614e-05,0.9433529376983643
710,20232_e5b060d9_6,1.8778058802126907e-05,0.9659120440483093
711,128043_d4650350_0,0.0003723063855431974,0.9950006008148193
712,140530_30edf2c4_0,0.0002318848273716867,0.8043035268783569
713,131814_9af6d05a_0,0.0002673707786016166,0.9597957730293274
714,26245_4aac38e1_9,0.0001001159253064543,0.9581779837608337
715,30282_88c6933c_14,0.00032499353983439505,0.9875307679176331
716,32322_71d0035e_1,0.0001791331305867061,0.9908089637756348
717,131762_d10609a4_1,0.0006129149696789682,0.9723145365715027
718,54812_5f7b7aba_2,7.908256520750001e-05,0.9652820825576782
719,135830_8fb36dac_4,0.000532356440089643,0.9764278531074524
720,139280_8874b1ab_4,2.6459536456968635e-05,0.9431650042533875
721,49904_639055dd_1,9.507909271633253e-05,0.989102303981781
722,53601_59d3ecd2_0,0.0005580938886851072,0.9771198034286499
723,50047_54241fe3_12,0.00016072395374067128,0.9875591993331909
724,136925_70fb0381_3,0.00022240639373194426,0.9863898158073425
725,87488_95f678ce_0,0.0005203009932301939,0.9885132312774658
726,137166_90691294_2,3.533078415784985e-05,0.9765064716339111
727,44030_17bd5ec9_11,2.058472455246374e-05,0.9673818945884705
728,137396_b5f6bec4_5,7.312585512408987e-05,0.9978036880493164
729,21900_760d2078_10,0.000525941897649318,0.9923813939094543
730,21185_ac5324ba_5,0.0004897097242064774,0.9847270250320435
731,31132_2320d049_4,0.0001395787112414837,0.9974611401557922
732,82281_80cdf67c_4,9.155780389846768e-06,0.9769023656845093
733,38287_88ec74de_15,7.546963024651632e-05,0.9985384345054626
734,136128_831e37a6_0,0.00015902527957223356,0.9823088049888611
735,21330_f0cee934_18,7.443829235853627e-05,0.9511407017707825
736,34109_5a868eae_10,0.00024385274446103722,0.9766857028007507
737,21174_861bd902_2,0.00020787007815670222,0.9818827509880066
738,49783_365bec9e_6,0.0003640526265371591,0.9890788793563843
739,24429_ace910b3_8,5.184771907806862e-06,0.6965672969818115
740,22772_2b5f6629_4,0.0003352730709593743,0.9142781496047974
741,53927_ef5208b9_14,0.0010733314557000995,0.955283522605896
742,56250_3b6024e3_54,0.00024069554638117552,0.9947400093078613
743,23522_5c2ec58e_8,0.0006868992350064218,0.9783557057380676
744,121177_93fb3127_10,1.876034730230458e-05,0.9659555554389954
745,138840_b7f948ea_2,0.00032369434484280646,0.9670541286468506
746,41125_711db4bf_6,0.0005219216109253466,0.9876554608345032
747,102606_28922dfc_0,4.588738374877721e-05,0.5175179243087769
748,31530_6744ae73_50,0.0007852633716538548,0.9859902262687683
749,50598_eae0df5a_1,1.4875767192279454e-05,0.9727994203567505
750,145726_19ccdbda_12,0.00010209494212176651,0.9672602415084839
751,41469_b94cf3e4_0,0.00047047255793586373,0.9035670161247253
752,147009_977ee378_1,0.0002647688379511237,0.9745505452156067
753,24267_8a216138_10,0.00026625412283465266,0.9783840179443359
754,63071_3d434a33_16,0.0001591658656252548,0.991507887840271
755,34436_ffc43a58_4,6.552742706844583e-05,0.9434723854064941
756,50692_e7ff2668_4,0.00021265476243570447,0.9147911071777344
757,146642_883a71d2_9,0.0007081402582116425,0.9888168573379517
758,109772_f1a0845e_7,0.0002169871295336634,0.9949365258216858
759,136640_16741d62_1,0.0001768494548741728,0.955098569393158
760,21680_360ba5c7_11,0.0001530005392851308,0.9378381371498108
761,27729_09d75da1_2,0.0003489697119221091,0.9900596737861633
762,82148_5df06ed9_19,0.0009142022463493049,0.9364956617355347
763,55287_8a57a3db_1,0.0005816183984279633,0.9642195105552673
764,53221_74fa81cd_5,0.00014572610962204635,0.930113673210144
765,30417_0010bc7c_39,0.0004188925086054951,0.9673017263412476
766,23706_ef15ef9c_40,0.0001000833508442156,0.9857152700424194
767,140763_e14274f8_3,5.904754652874544e-05,0.9552990794181824
768,23602_5daaccf5_3,6.343646964523941e-05,0.9897164106369019
769,30282_88c6933c_9,0.00036719723721034825,0.9769011735916138
770,56824_0fc773f6_0,0.0003649350255727768,0.979195773601532
771,42410_d3b5588e_1,0.0001530510635348037,0.9767459630966187
772,55055_dd27a8a4_0,0.00010519415081944317,0.9980747103691101
773,115633_a2c63339_6,7.879878830863163e-05,0.9127653241157532
774,73651_a41647f8_5,1.4679326341138221e-05,0.943096399307251
775,33413_060ce192_32,0.00031144722015596926,0.9760745763778687
776,97331_a482fa9b_0,0.0004399808822199702,0.9070230722427368
777,23476_705b76d1_0,5.0138540245825425e-05,0.9980388879776001
778,32566_7bfc936b_6,0.0010176576906815171,0.9903819561004639
779,41717_eb1c1e6b_0,0.0003103746857959777,0.9751278162002563
780,60720_ef9a0a95_8,0.00019769537902902812,0.5774604678153992
781,138700_ab763a46_202,1.968900733118062e-06,-0.08655452728271484
782,38287_88ec74de_17,0.002186909317970276,0.6403412222862244
783,135535_0bd0048d_0,0.0007773367105983198,0.9882923364639282
784,21797_69df08d5_7,0.0020114267244935036,0.9839856624603271
785,65350_b3fa8f4f_47,0.0004571850295178592,0.9978957772254944
786,41714_1d49f4d1_3,0.0002975344832520932,0.9667535424232483
787,66012_a13e1644_1,0.00011506680311867967,0.9512037038803101
788,22652_564979ff_11,0.0003918057191185653,0.708752453327179
789,25127_ecba81df_23,0.00034770515048876405,0.7730829119682312
790,47548_db93c988_4,3.4807399060809985e-05,0.914849042892456
791,55927_f8b31711_5,0.00039339199429377913,0.9789596796035767
792,31647_ab9ad9dc_2,0.0002565244503784925,0.9653258919715881
793,41128_ee74f244_8,0.00045841812971048057,0.8745371699333191
794,20959_d4905d19_4,7.054832531139255e-05,0.9826916456222534
795,52009_a2b75078_3,0.0019013055134564638,0.9808512330055237
796,22201_473a3a65_16,0.00041339732706546783,0.9439969062805176
797,29442_365e23df_30,0.0002531897334847599,0.9928387999534607
798,51859_6b2fd0f1_8,0.00014531756460200995,0.995037317276001
799,140413_44177109_15,8.64213434397243e-05,0.9233447909355164
800,21822_7d3db422_11,0.0003867280320264399,0.9892537593841553
801,24168_a0ede173_100,8.709271787665784e-05,0.9371458292007446
802,145532_c2304f89_1,0.0002971006033476442,0.9583962559700012
803,104641_2cd02839_13,2.0335779481683858e-05,0.9211798906326294
804,23679_81ef9e37_2,0.0003509578527882695,0.9163787961006165
805,95271_de3df8d5_2,1.5924411854939535e-05,0.9233248829841614
806,41401_e4117da2_0,2.4543778636143543e-05,0.46520280838012695
807,48006_babdf4af_9,0.0003254105686210096,0.9962316751480103
808,142246_0851be5e_32,0.0008626632625237107,0.9856845140457153
809,33615_7bab1106_4,0.00028675392968580127,0.9810255169868469
810,31117_cd5cdbdb_18,0.00021647202083840966,0.9967233538627625
811,34914_8911676d_0,0.00025669363094493747,0.9788381457328796
812,55501_a09e4ced_2,1.0462465979799163e-05,0.6069961786270142
813,41128_ee74f244_9,8.860990055836737e-05,0.970667839050293
814,142246_0851be5e_22,0.0005475608631968498,0.9006897807121277
815,22413_901f5867_0,8.276878361357376e-06,0.9749498963356018
816,56490_0a0fba77_0,6.772406050004065e-05,0.9807908535003662
817,93676_4f934980_1,0.00021642050705850124,0.5202200412750244
818,146642_883a71d2_96,0.00029224727768450975,0.9681016206741333
819,24032_d6172503_3,0.00018653286679182202,0.9683778882026672
820,44221_25c62f03_1,9.979298192774877e-05,0.9981516599655151
821,50315_0f1419bf_33,0.0004806275828741491,0.9533503651618958
822,133389_0938a905_2,0.00015051168156787753,0.9618011713027954
823,24824_cf51e5b6_4,0.00027951502124778926,0.9475647211074829
824,33970_32f36442_3,0.00017772735736798495,0.9944577217102051
825,29359_bbfab271_2,0.00029930175514891744,0.9473100304603577
826,23172_4ab01e83_0,0.00017514485807623714,0.995743453502655
827,98511_1b46a85e_45,0.00024449016200378537,0.9931285977363586
828,98511_1b46a85e_46,0.00023232691455632448,0.9931695461273193
829,34248_cc11976c_0,0.00041540488018654287,0.9846516251564026
830,104003_46555fb2_0,0.00011904643179150298,0.7352722883224487
831,34520_035b5e9a_8,0.00010626720904838294,0.9634777903556824
832,38397_93d5d7de_12,0.0006150900153443217,0.9914782047271729
833,130023_93b3ca95_1,0.00036467157769948244,0.8716440796852112
834,83213_47c49876_1,9.5090625109151e-05,0.9891011714935303
835,43928_6ca53538_63,0.0010664418805390596,0.9752000570297241
836,82779_b7b722e3_9,0.00036827122676186264,0.9560163617134094
837,134967_0f27ef51_1,0.0001392925187246874,0.8957903981208801
838,86024_714b24f4_1,5.0753445975715294e-05,0.9980117082595825
839,40807_58058731_11,0.0001717544364510104,0.9740967750549316
840,26750_cd3cb3ff_0,0.0003759183455258608,0.9934791326522827
841,126913_d253adb7_2,0.00033258178154937923,0.9343788623809814
842,24268_2804c9ff_13,0.000437823124229908,0.9886119365692139
843,45542_320c16fd_3,0.00022627577709499747,0.9955014586448669
844,22342_274ed8a6_1,0.00018494769756216556,0.9599451422691345
845,133385_e6aa64d8_17,4.329974763095379e-05,0.8264250755310059
846,143509_1dd5212d_3,0.00028723152354359627,0.9915284514427185
847,47989_3ff0f41d_0,0.0008404646650888026,0.9760904908180237
848,21822_7d3db422_14,0.0013075098395347595,0.9811193346977234
849,21517_bfe35b4c_12,0.0001443671208107844,0.7479891777038574
850,52883_e518d3f4_10,9.190358832711354e-05,0.9850791096687317
851,41871_f9a1ad02_14,0.0005590430810116231,0.9440733194351196
852,37016_455093c1_2,9.20216552913189e-05,0.9506680369377136
853,31117_cd5cdbdb_78,0.0004685154708568007,0.9963667988777161
854,129239_0d49310c_22,2.1876683604205027e-05,0.9364825487136841
855,30400_8824ce97_6,0.0011064547579735518,0.976865828037262
856,53233_8dbca22c_8,0.0004539595975074917,0.968157172203064
857,40514_bb61631d_25,0.0002534115919843316,0.9439370036125183
858,24053_53349e4d_2,5.015036367694847e-05,0.9354583024978638
859,41917_f0c40fa1_16,0.0002359677164349705,0.9944177865982056
860,22543_684108ff_5,0.0009006608743220568,0.9642934799194336
861,138636_c1153075_0,6.021162698743865e-05,0.9462527632713318
862,24448_75004b6c_6,0.00030986644560471177,0.9901344180107117
863,24831_bbd3e098_8,2.122540900018066e-05,0.979201078414917
864,53221_74fa81cd_3,0.00011330912820994854,0.9693695306777954
865,76879_65a30a82_4,0.00010064380330732092,0.8354747891426086
866,108773_f9384cff_10,7.615555205120472e-06,0.9196280241012573
867,33671_0e9c6ca3_5,9.271390445064753e-05,0.9926362633705139
868,93103_fdb9fcb7_15,0.0002096126409014687,0.9886895418167114
869,137675_d2bd633e_0,0.0002486651937942952,0.8442628979682922
870,21893_0500d043_32,0.0003635938628576696,0.7622949481010437
871,22110_0bc70e9f_1,0.00019284343579784036,0.8814870119094849
872,43152_b5472481_1,6.640228821197525e-05,0.9750645160675049
873,115717_40314bc2_1,0.0005079188267700374,0.9556207656860352
874,102943_ca9e7968_0,3.532268601702526e-05,0.9519361257553101
875,136401_69f29349_0,0.00045278127072378993,0.6996654272079468
876,28542_3c922564_0,0.00018673506565392017,0.9319065809249878
877,24267_8a216138_6,0.0003655422478914261,0.9799529314041138
878,84374_272a9731_7,0.00042593496618792415,0.9438424110412598
879,23531_1ecc8346_18,0.0008720229379832745,0.9914940595626831
880,41871_f9a1ad02_30,0.001023973454721272,0.9689643383026123
881,132461_14abd2d0_0,1.064259049599059e-05,0.7028887867927551
882,37617_3f415463_2,2.3088883608579636e-05,0.962270975112915
883,41696_de0790a1_1,0.0001267937186639756,0.9971844553947449
884,54657_2a66e0de_20,0.0001932626182679087,0.9822534918785095
885,24425_0dc4b306_0,0.00017773614672478288,0.9825935959815979
886,146667_fe438b5b_0,7.820123573765159e-05,0.9970258474349976
887,23048_8a1a5553_8,2.935061274911277e-05,0.21028125286102295
888,51871_86ebf5b2_17,0.00039419170934706926,0.9278367161750793
889,30664_a3084f71_6,0.0004472299187909812,0.9725574254989624
890,139801_97e2ca6a_5,0.00011225401976844296,0.9770168662071228
891,22278_12f1fb79_13,0.00042669574031606317,0.9722405672073364
892,22776_facf9bcf_8,0.0006702493992634118,0.9771873950958252
893,40500_6055e3d7_15,0.008080344647169113,0.9194089770317078
894,35740_5322d674_13,8.643078035674989e-05,0.9474184513092041
895,39792_60786b6c_12,0.0003281792742200196,0.9880858659744263
896,115524_4a411f7e_0,0.0001410663389833644,0.9679548740386963
897,24131_3ea7d5a8_17,0.00035321706673130393,0.9829623699188232
898,100326_0602c712_2,0.0008747893734835088,0.9722130298614502
899,34571_25c64838_2,0.0005998220876790583,0.9644494652748108
900,143534_4f65fd1a_0,0.00014164125605020672,0.9521122574806213
901,101446_95204330_1,7.321201701415703e-05,0.9535883069038391
902,41749_14d0599c_10,4.8149559006560594e-05,0.8594764471054077
903,55715_525d1d3e_12,0.0001582404802320525,0.5306296348571777
904,45307_b9b4bca0_30,0.0008676295983605087,0.9937860369682312
905,22654_4c426b0f_0,0.0004090556758455932,0.948776125907898
906,22670_9353c710_4,0.00014358744374476373,0.9559673070907593
907,99445_94c22a37_11,0.0002485063741914928,0.9963077902793884
908,132811_57264a28_4,0.00016798768774606287,0.9862760901451111
909,23258_87a2ba81_3,4.5936652895761654e-05,0.9273881912231445
910,50777_2934de55_22,0.0002452227345202118,0.9912951588630676
911,98418_4185a7fb_0,0.00018803645798470825,0.9954445362091064
912,43441_e1ab0873_2,3.2834788726177067e-05,0.6021263003349304
913,24271_dbc0fd2d_12,9.805999434320256e-05,0.9784156084060669
914,38944_0d0c3fce_0,0.00048013351624831557,0.9968894720077515
915,40624_e1c5c424_11,6.900341304572066e-06,0.8262078762054443
916,100028_0c3a8f1c_13,0.00028759799897670746,0.9963006973266602
917,40491_ac67bf4c_13,0.0002132607187377289,0.9959997534751892
918,25416_1deb9c75_0,0.00039776565972715616,0.931145966053009
919,21657_2651585a_6,0.00014093720528762788,0.9925298094749451
920,21986_67c5509a_15,0.00012922118185088038,0.9839670062065125
921,32288_34013274_2,0.00043868159991689026,0.9257494211196899
922,55373_ddd74d2f_0,0.0006957017467357218,0.9101482629776001
923,26245_4aac38e1_0,0.00019160131341777742,0.9890215992927551
924,33044_7fdd9213_0,0.00012568947568070143,0.9775583148002625
925,31530_6744ae73_48,0.0013667017919942737,0.986797571182251
926,25555_fd3d9a3c_1,4.397713200887665e-05,0.9382585883140564
927,54175_7d864ace_6,0.00015304853150155395,0.9656301140785217
928,72950_5074f5a3_0,0.00011946725862799212,0.9210255742073059
929,129618_2962c248_0,0.00099696044344455,0.9833489060401917
930,52012_77070fda_10,1.4621154150518123e-05,0.9770703911781311
931,28295_0dc908b9_7,0.0001636960805626586,0.9560267329216003
932,144419_90e59d67_2,1.3321059668669477e-05,0.852787435054779
933,22734_f6bad9f7_24,0.00061316805658862,0.9810237288475037
934,22604_0b4ffb43_14,0.00010519415081944317,0.9980747103691101
935,81996_b3752ed2_3,3.4381730074528605e-05,0.9691452383995056
936,24504_493cee15_8,0.0005018131341785192,0.9800187945365906
937,39124_28e99e62_1,0.00010908785043284297,0.877253532409668
938,29725_0ad4937e_1,2.8684256903943606e-05,0.9481527209281921
939,109232_04340d62_6,6.628241681028157e-05,-0.2057102918624878
940,129075_8fbf62e5_0,0.00021752851898781955,0.8278515338897705
941,102937_18c3cb6a_4,0.00014566922618541867,0.9948926568031311
942,52551_8098346a_5,0.00020580834825523198,0.6419944167137146
943,128043_6947b64c_0,0.00040826998883858323,0.976431667804718
944,119030_292009a7_41,0.0006023971945978701,0.9116345643997192
945,48526_5aecac8a_0,0.0002106594038195908,0.9645274877548218
946,32541_86f7df73_4,0.0001741656888043508,0.8343108892440796
947,55114_7bf17f6a_0,0.0004858110041823238,0.9647815227508545
948,55285_6816da52_1,0.001333475112915039,0.9711403846740723
949,37683_e2cca100_17,3.421566725592129e-05,0.9461312294006348
950,78775_e2d8b091_15,0.0007178232190199196,0.9765297174453735
951,93199_2146e709_2,9.547567606205121e-05,0.9887282848358154
952,135595_656de97a_14,5.766721733380109e-05,0.9586549401283264
953,24284_3710e946_16,0.00016359916480723768,0.9962936043739319
954,135521_30553c91_2,4.543055183603428e-05,0.34110063314437866
955,29732_fb15318c_5,8.40186548884958e-05,0.9201876521110535
956,88060_389bdff4_0,0.0003324104764033109,0.9797714352607727
957,27839_4a077326_28,0.0007271429640240967,0.9819830656051636
958,100435_87bf423d_8,6.80902594467625e-05,0.998658299446106
959,25365_bb0e4ede_44,0.00011793687008321285,0.8327348232269287
960,146169_144d8264_0,0.0006177952163852751,0.9966634511947632
961,23342_7193a931_3,1.8259317585034296e-05,0.9462056159973145
962,57000_cd1ddece_12,0.0001018884067889303,0.9979629516601562
963,119790_1ed376f0_3,5.681920811184682e-05,0.9379876255989075
964,72522_e9e87960_4,0.00020729965763166547,0.9961090683937073
965,65366_f618b577_2,0.00013766661868430674,0.8801657557487488
966,55707_c78416ed_35,0.0005196452257223427,0.9728435277938843
967,70321_eccffc7e_0,0.0002457785594742745,0.9363293647766113
968,120143_b5756e6b_0,0.0004624582943506539,0.9357773065567017
969,27726_aca43af4_35,2.4504763132426888e-05,-0.13851726055145264
970,31361_72aab333_20,0.00047272659139707685,0.8497626781463623
971,121949_e10b5e85_12,0.00029900603112764657,0.9917413592338562
972,146399_0e4b73c4_13,0.00020071574544999748,0.9958794713020325
973,41134_fc146947_6,0.0002636857680045068,0.8767262697219849
974,21237_7887a24b_35,8.297776366816834e-05,0.6569550633430481
975,24885_55e20ddf_3,5.041622353019193e-05,0.9501903653144836
976,34914_8911676d_23,8.721657650312409e-05,0.9844995141029358
977,21803_8a36dcda_12,0.000644778658170253,0.9784247279167175
978,41306_8f26e703_5,9.013761882670224e-06,0.9026948809623718
979,25118_f50fdc69_10,2.714259062486235e-05,0.9603570103645325
980,25473_0991d519_9,0.00019966486433986574,0.9950001835823059
981,126585_86fa26cb_0,4.1428931581322104e-05,0.9488358497619629
982,145691_69484976_9,0.0002776559558697045,0.9750353693962097
983,60729_c51868ec_0,0.0001403079804731533,0.9227041006088257
984,123929_e7dbad2c_0,0.0003123536298517138,0.8516284227371216
985,69649_70b07cac_0,0.00013582692190539092,0.9969996809959412
986,55135_f1186d58_9,3.6187906516715884e-05,0.9549152851104736
987,20838_86c931be_2,0.0001441968051949516,0.9820719957351685
988,45242_626509cb_11,0.00011819172505056486,0.9477705955505371
989,34983_439766af_13,0.00042670778930187225,0.9955615401268005
990,53453_fb0f1640_1,0.0010587414726614952,0.9678595662117004
991,23255_972fbfe6_25,0.00015341612743213773,0.9951642155647278
992,24168_a0ede173_203,0.0022838693112134933,0.9872981309890747
993,55476_1473d91f_0,0.000253752019489184,0.8706356287002563
994,55111_ef389075_1,0.0003954950952902436,0.9848838448524475
995,141710_17531562_1,0.0001800738973543048,0.9848805069923401
996,96601_b89e6252_1,3.562957135727629e-05,0.8105241060256958
997,135790_a27f9deb_43,0.01091678161174059,0.8601329326629639
998,121363_746708db_0,0.00017601504805497825,0.93227618932724
999,136886_3aa46890_0,0.00011019622616004199,0.9589120745658875
1000,50315_0f1419bf_19,0.0006282473914325237,0.9913584589958191
1001,37846_cde34fcd_14,4.3037700379500166e-05,0.5134010314941406
1002,24816_ef81ad4c_1,0.00011598666606005281,0.9585254192352295
1003,75646_4baf69b2_7,0.0011583346640691161,0.9837796092033386
1004,140155_81f9ac63_0,0.0001391758705722168,0.9652771949768066
1005,51603_034939eb_10,0.00036512152291834354,0.9797724485397339
1006,30435_c97330d2_0,4.088141940883361e-05,0.9308767318725586
1007,27839_4a077326_27,0.00019234701176173985,0.9895414710044861
1008,55627_971fde61_34,0.0006852989317849278,0.9470196962356567
1009,134909_ef3d003c_0,4.515174077823758e-05,0.955704927444458
1010,33413_060ce192_51,2.16574699152261e-06,0.6999305486679077
1011,22245_ca848576_12,0.00011497189552756026,0.8657310009002686
1012,52039_ba12c3ac_1,0.00010366447531851009,0.9979274868965149
1013,39707_358f88df_2,8.230388630181551e-05,0.9123548269271851
1014,50014_33f250c8_3,0.0009746656869538128,0.9911095499992371
1015,52987_387431ac_1,0.000535275845322758,0.9632462859153748
1016,33501_b1ee5058_15,0.000103927799500525,0.9979333877563477
1017,82168_4844bddd_1,0.00013413983106147498,0.9818886518478394
1018,30384_95e72fc2_4,3.382285649422556e-05,0.6274925470352173
1019,23554_a0845d54_2,9.963403135770932e-05,0.916713297367096
1020,23800_65e0a5d1_0,9.442617738386616e-05,0.7024165391921997
1021,41128_ee74f244_0,8.265170617960393e-05,0.9170224070549011
1022,143019_22dbd3e6_2,0.00031903773196972907,0.9898777604103088
1023,79993_6087acd5_8,0.000553759397007525,0.9824815988540649
1024,21422_b2a6bf27_0,0.00026730287936516106,0.9955929517745972
1025,25487_dd2c17e8_21,0.00017276139988098294,0.8466014862060547
1026,22654_4c426b0f_10,2.930636219389271e-05,0.8031953573226929
1027,30368_d7fd30ce_6,1.2741337741317693e-05,0.7274943590164185
1028,57249_6bd2af3c_2,5.582996891462244e-05,0.9979404211044312
1029,57029_3ab80a22_0,0.00030365909333340824,0.9397600889205933
1030,79906_052c7eb4_3,0.0002589395735412836,0.9438710808753967
1031,82996_b8dc67c9_10,7.505452231271192e-05,0.8964223265647888
1032,119884_192e3265_1,0.0002575172402430326,0.882552981376648
1033,21225_c081eae3_10,0.0006948220543563366,0.9601644277572632
1034,121949_e10b5e85_1,0.00017426592239644378,0.9559035897254944
1035,81994_ba8916c9_5,4.235076630720869e-05,0.962994396686554
1036,22447_4062c6cb_29,0.00016051468264777213,0.9972922801971436
1037,55044_ee57bac8_1,3.498053047223948e-05,0.8670945167541504
1038,41871_f9a1ad02_13,0.0018361617112532258,0.9896873831748962
1039,74688_a5168a45_2,4.922360403725179e-06,-0.05763721466064453
1040,23218_02d26ab4_4,1.3197016414778773e-05,0.9696462750434875
1041,41205_dc60aa5d_0,9.940072050085291e-05,0.9752885699272156
1042,41979_ca698776_0,7.493898010579869e-05,0.9846307039260864
1043,141453_50ec6f25_7,0.00015434398665092885,0.9956278800964355
1044,97143_5424c420_0,0.00016155351477209479,0.9585391283035278
1045,41986_26275a06_2,6.5862805058714e-05,0.9937913417816162
1046,136800_c5e4d711_2,2.3652519303141162e-05,0.9676704406738281
1047,101635_11b839a3_5,1.250113837159006e-05,0.8975829482078552
1048,55866_b041060d_0,0.00016892347775865346,0.9896608591079712
1049,53846_89405f98_0,0.0004453516157809645,0.9090097546577454
1050,27725_5cceaeb7_1,0.0006145357037894428,0.9445512294769287
1051,146137_92faaea5_9,0.00039310415741056204,0.9685027599334717
1052,41211_11f6b8a0_4,7.282895967364311e-05,0.9700061678886414
1053,21330_f0cee934_46,0.00010452185233589262,0.9979102611541748
1054,127188_5fecd146_4,2.300052256032359e-05,0.9683950543403625
1055,135949_06517574_8,7.938679118524306e-06,0.9177000522613525
1056,68928_0d4e4a2e_24,0.0006058221333660185,0.9619058966636658
1057,50410_f8f03667_38,5.893310571991606e-06,0.5942754149436951
1058,142999_171240b6_21,4.145301863900386e-05,0.9693503379821777
1059,144709_642fc665_0,0.00032957596704363823,0.96761155128479
1060,53232_f8760054_10,7.652802742086351e-05,0.2675624489784241
1061,22372_e91792a1_0,2.0188308553770185e-05,0.7410843372344971
1062,21767_53eaa558_12,0.0010631922632455826,0.9862609505653381
1063,32220_1fd19c5e_0,4.091242954018526e-05,0.9579676389694214
1064,22886_a6331748_1,0.00023840741778258234,0.9781116247177124
1065,130996_b842b511_12,8.852986502461135e-05,0.9918400645256042
1066,55571_74a416b1_1,3.462445965851657e-05,0.7062926292419434
1067,70169_914780d4_1,0.00018737379286903888,0.9286482334136963
1068,23156_7788f78a_6,0.0009085590718314052,0.9934258460998535
1069,124496_20e20439_10,4.4855562009615824e-05,0.9014134407043457
1070,76300_7cb02add_1,0.00015538177103735507,0.9769919514656067
1071,21647_6b6cca6f_10,0.00011193013051524758,0.9389076828956604
1072,22734_f6bad9f7_23,0.0005385816912166774,0.9775635004043579
1073,94176_0a6c42ab_2,6.110662525316002e-06,-0.1214369535446167
1074,24048_d731886d_9,0.00013751458027400076,0.9848425984382629
1075,25487_dd2c17e8_30,0.0006271684542298317,0.7164976000785828
1076,115717_40314bc2_4,1.1893905139004346e-05,0.9613118171691895
1077,125592_875faf40_0,0.0005078169051557779,0.9764288663864136
1078,41871_f9a1ad02_44,0.0003954069397877902,0.9720653295516968
1079,146642_883a71d2_8,5.501883788383566e-05,0.9865763187408447
1080,136883_076fbff9_31,5.998721462674439e-05,0.801575243473053
1081,60766_fb8715eb_3,0.00020606027101166546,0.9849308729171753
1082,30818_33617072_0,0.0004946858971379697,0.9749540686607361
1083,130679_7a357a9c_18,0.0009389550541527569,0.9447677731513977
1084,55306_795d845b_0,1.686794712441042e-05,0.9638397693634033
1085,135934_d2f6bb2e_33,3.924660632037558e-05,0.9476760625839233
1086,111054_e45a0d40_7,0.0038856007158756256,0.9624133706092834
1087,36826_d9269c2e_10,0.0002785214164759964,0.9810816049575806
1088,37619_ae810a8d_7,2.2684339455736335e-06,-0.036033034324645996
1089,22343_34184fd5_22,9.85152437351644e-05,0.6950912475585938
1090,113020_de552f8d_0,0.00010754728282336146,0.9327470660209656
1091,20216_89b90993_0,0.0011119121918454766,0.9259243011474609
1092,23325_292b3294_16,0.00022517798061016947,0.9785777926445007
1093,23522_5c2ec58e_9,0.00020058159134350717,0.9847704172134399
1094,146624_359752bb_20,1.7629399735596962e-06,0.11126673221588135
1095,104990_11b4aeee_1,0.00019961904035881162,0.9954370856285095
1096,90917_4670b560_0,0.0012079320149496198,0.9765235781669617
1097,54818_59adf8c2_5,0.0003154903242830187,0.7271578311920166
1098,34109_5a868eae_3,6.859465793240815e-05,0.8880887031555176
1099,23161_e7f63a9f_2,0.00012708670692518353,0.988500714302063
1100,37160_2a95674a_27,0.0002818522334564477,0.9015269875526428
1101,61280_8bdbc90f_0,0.0003969697281718254,0.9857429265975952
1102,55083_dac1f9cc_2,0.00022155893384478986,0.9815552830696106
1103,34341_d19b12fb_14,6.804131317039719e-06,0.9323256015777588
1104,54516_ac9e2ef4_61,0.0005247625522315502,0.9128645658493042
1105,24559_3c306e71_2,5.9537997003644705e-05,0.8788015246391296
1106,105831_88a0fb85_1,0.0002598089922685176,0.9901288747787476
1107,32743_f4c47bbc_19,0.00043443695176392794,0.9192755222320557
1108,40500_6055e3d7_18,0.0002350689028389752,0.9887161254882812
1109,22862_f5406bb0_0,0.00024693080922588706,0.9960276484489441
1110,141081_ae61ec46_0,0.0002611268137115985,0.9962198138237
1111,135112_cf8007b8_4,0.0012599313631653786,0.9808865785598755
1112,131442_1512d9ff_5,3.0108800274319947e-05,0.9362829923629761
1113,145132_7aea3b66_1,0.001131525612436235,0.9957172870635986
1114,41871_f9a1ad02_45,0.0002380122459726408,0.9541242122650146
1115,51775_49ef614a_1,0.00022853194968774915,0.9352467060089111
1116,143293_fc5b0ff7_23,0.00011281469778623432,0.7938927412033081
1117,51547_a7e01c38_6,1.6767675333539955e-05,0.9759759306907654
1118,114021_44c3c39c_2,9.922320714395028e-06,0.9752631783485413
1119,123766_c5a4cf5e_0,4.1726871131686494e-05,0.733959436416626
1120,23031_0d684603_8,0.00014602593728341162,0.9370590448379517
1121,132996_c742ef84_4,0.0004931504954583943,0.9315665364265442
1122,137096_5d77f285_1,0.0001458426413591951,0.9825926423072815
1123,27072_b4756e8c_2,0.0001845917577156797,0.9582511186599731
1124,51915_e704f5dd_2,0.0002074147923849523,0.9675645232200623
1125,132811_57264a28_13,0.0001611745828995481,0.9972865581512451
1126,49396_98ab955d_13,0.0003965148935094476,0.955794632434845
1127,132081_761d26ad_0,8.373575838049874e-05,0.9977585077285767
1128,82906_7b72e0e8_2,0.0004136644711252302,0.9884753823280334
1129,92649_26fe8262_0,8.930384501582012e-05,0.9587982296943665
1130,21803_8a36dcda_11,0.0007413157727569342,0.980060875415802
1131,30637_f6324fc6_5,4.135890048928559e-05,0.726260781288147
1132,105560_a6f91315_12,2.704495727812173e-06,0.6212055683135986
1133,41737_d80c34b9_0,0.00013431464321911335,0.9919753670692444
1134,34983_439766af_12,0.00012390821939334273,0.9878110289573669
1135,122755_60c41889_10,2.4557835786254145e-05,0.6064487099647522
1136,76879_65a30a82_2,0.0012100028106942773,0.9891765713691711
1137,89816_cef36e57_4,0.0002267120435135439,0.9962612986564636
1138,49406_100c707b_3,4.246148819220252e-05,0.9951040148735046
1139,105560_a6f91315_10,5.986860742268618e-06,0.8707302808761597
1140,129421_483d2957_5,1.4617537999583874e-05,0.9384112358093262
1141,122740_fc5c94eb_33,0.00021609313262160867,0.9933836460113525
1142,135595_656de97a_5,7.386214565485716e-05,0.9730234146118164
1143,35740_5322d674_5,2.7379917355574435e-06,0.04973280429840088
1144,23681_932e722e_18,0.00013119031791575253,0.9975168108940125
1145,108244_329b1876_17,3.7096222058607964e-06,0.1380687952041626
1146,125745_cf468448_6,0.00011090593761764467,0.9739221930503845
1147,138838_c9a9e790_6,0.0002731595595832914,0.9469020366668701
1148,102416_b74464a2_4,6.034531907062046e-06,-1.393630027770996
1149,30426_2cde26de_21,6.664712145720841e-06,0.9801898002624512
1150,137837_9c9f163d_5,5.113654333399609e-05,0.9461537599563599
1151,25487_dd2c17e8_15,0.0005927620804868639,0.9227350950241089
1152,21549_18160a0a_4,2.2116776108305203e-06,0.6878023147583008
1153,21385_601444ba_0,0.0005986932083033025,0.9627557992935181
1154,35233_add576ba_9,0.0008353777811862528,0.9454397559165955
1155,55345_c6423351_0,0.0002512250212021172,0.9593286514282227
1156,110697_4b2725f1_0,0.00011147042823722586,0.9974033236503601
1157,109946_242843a6_1,2.8442387701943517e-05,0.3295244574546814
1158,34341_d19b12fb_22,1.1135145541629754e-05,-0.26597607135772705
1159,23247_bcd1e84f_21,0.00017392610607203096,0.9634805917739868
1160,131765_29b29f08_6,5.005024831916671e-06,0.8916152119636536
1161,21395_7d6fda6f_12,0.000324286927934736,0.7161813974380493
1162,135460_6471e973_15,9.912573295878246e-05,0.9674386382102966
1163,51741_49d61151_7,0.00018462810839992017,0.9933287501335144
1164,28382_90b7cc0c_12,4.65443663415499e-05,0.983116865158081
1165,30850_05d88af9_2,0.0003424624155741185,0.9858728051185608
1166,86278_1e55d036_12,6.86358253005892e-05,0.48913097381591797
1167,67240_525e92c1_1,0.00022418625303544104,0.8201098442077637
1168,82002_ef2b4feb_6,0.00020140927517786622,0.9961300492286682
1169,53364_ec8aad42_1,0.0015941803576424718,0.9315013289451599
1170,135771_b030a25c_17,0.0001547900610603392,0.8209420442581177
1171,135906_29d7b495_1,1.5828636605874635e-05,0.9717007875442505
1172,21822_7d3db422_38,8.692890696693212e-05,0.9118072986602783
1173,81136_5b86c723_1,1.8094904589815997e-05,0.8671168088912964
1174,25473_0991d519_2,0.0009765608119778335,0.9831048250198364
1175,73405_94381b7c_5,0.00035064099938608706,0.9410610795021057
1176,24009_c40b0d48_2,5.1965893362648785e-05,0.9984041452407837
1177,22162_439af02a_1,0.0001693905214779079,0.9966692924499512
1178,146159_f3f80701_0,0.0005263796192593873,0.8596502542495728
1179,51895_5760b481_15,0.0008846333948895335,0.9905846118927002
1180,33500_e58e287e_1,0.000337272445904091,0.984300434589386
1181,31838_2e4bd173_0,0.0003792546922340989,0.7464888095855713
1182,146137_92faaea5_18,3.2495911000296474e-05,0.7155520915985107
1183,124879_2257a334_2,6.581751949852332e-05,0.2776276469230652
1184,144145_510eedc2_7,0.00016395979037042707,0.9969614148139954
1185,21237_7887a24b_78,0.00021281697263475507,0.9814929366111755
1186,82297_93739ce0_6,0.00042298377957195044,0.8609544038772583
1187,51536_a18dc325_31,0.00016932902508415282,0.17924827337265015
1188,93103_fdb9fcb7_7,8.068509487202391e-05,0.9895851612091064
1189,24590_415f7013_9,8.824984251987189e-05,0.983648955821991
1190,130659_16f2db4c_0,0.00012468344357330352,0.958752453327179
1191,23083_fdb942ac_2,0.00013741680595558137,0.9942663908004761
1192,23954_a8c09819_2,0.00016616479842923582,0.9967776536941528
1193,30417_0010bc7c_13,0.00020912311447318643,0.9814042448997498
1194,120535_e304dfca_1,0.0002477204252500087,0.9818297028541565
1195,93199_2146e709_9,0.0004407645610626787,0.8987892866134644
1196,23686_cba4f679_15,0.0004412450944073498,0.9901100397109985
1197,40807_58058731_20,0.0005297670140862465,0.9946678876876831
1198,94410_d32e7520_35,0.0005704617942683399,0.9857963919639587
1199,79695_fd8bae0e_0,0.0005550164496526122,0.8588688373565674
1200,129422_621d0a90_35,0.00043533038115128875,0.7955415844917297
1201,44932_16cb7f21_5,0.0016772777307778597,0.9524951577186584
1202,136550_8a8672e5_1,7.377540896413848e-05,0.979289174079895
1203,20495_e8e7e80c_3,0.00013898419274482876,0.9975141882896423
1204,31962_e5291336_50,0.00023395364405587316,0.776823103427887
1205,24888_5be1de05_1,1.0802980796142947e-05,0.794536292552948
1206,34114_7e58a97d_10,0.0004638996615540236,0.9821653366088867
1207,108433_37a79370_0,0.0004176056827418506,0.9630990624427795
1208,22844_9b75b8e0_1,0.00010317513078916818,0.9957200884819031
1209,115637_b4d41e8a_0,0.0001226856984430924,0.9881232380867004
1210,53474_f29e4438_15,0.0010140524245798588,0.971153199672699
1211,26766_1aaa348c_0,0.0002194052212871611,0.9688552021980286
1212,51940_67bb0219_7,0.00024132270482368767,0.960564136505127
1213,41714_1d49f4d1_13,1.553749098093249e-05,0.9387285113334656
1214,21815_7090778f_9,0.00047540097148157656,0.9609860181808472
1215,32843_8e5bdf24_0,0.0014135455712676048,0.9373696446418762
1216,23686_cba4f679_10,0.0004939658101648092,0.9384454488754272
1217,114425_891ab08d_0,0.0005974601372145116,0.9255039095878601
1218,41786_02d48cdd_5,0.00018043418822344393,0.9720791578292847
1219,22895_4533b542_1,0.0001763155305525288,0.9898947477340698
1220,49016_cd1b47bf_6,0.0008029056480154395,0.9745656847953796
1221,51674_a70c1c6c_3,1.7733282220433466e-05,0.9716420769691467
1222,52972_6e5a5ada_11,0.00042252050479874015,0.982065737247467
1223,120700_d818883a_8,2.652653529366944e-05,0.9640840291976929
1224,34530_9525ffcd_0,0.0007756460108794272,0.9854137301445007
1225,24355_99bf3f8f_1,9.02153187780641e-05,0.8252923488616943
1226,56250_3b6024e3_46,0.0005864021368324757,0.9896318316459656
1227,56355_727ca47c_3,0.000460390088846907,0.8888313174247742
1228,35057_9af89947_1,0.00026066991267725825,0.9590744376182556
1229,120881_a946667f_13,4.903353692498058e-05,0.9324484467506409
1230,143021_c6df0146_5,4.1391755075892434e-05,0.769512414932251
1231,69240_dc199112_3,0.00020580252748914063,0.8126907348632812
1232,41733_1ec9b00c_15,0.00035039952490478754,0.9270300269126892
1233,30298_24191733_2,1.2525728379841894e-05,0.9133766293525696
1234,30400_8824ce97_18,0.0002364134998060763,0.9506353139877319
1235,37040_ecbcd25e_36,0.00028248789021745324,0.9238115549087524
1236,23035_6087bb57_4,2.324118213437032e-05,0.965219259262085
1237,38675_6e07d74b_26,0.0009833605727180839,0.9863936901092529
1238,31751_e37382e1_9,9.746319119585678e-05,0.9896078705787659
1239,54601_e1da5b93_4,0.00011120888666482642,0.9977875351905823
1240,142999_171240b6_29,0.00011098626418970525,0.9915869235992432
1241,137646_14bca880_0,0.00024573615519329906,0.977306067943573
1242,37519_442dc408_1,2.797841625579167e-05,0.9658098220825195
1243,47195_a8cd8bad_6,0.00010430425027152523,0.9933672547340393
1244,22474_b10fea1a_6,0.0003745070134755224,0.9568066000938416
1245,53200_d1e30b87_10,0.00015919632278382778,0.9722983837127686
1246,41472_f9d73638_9,7.479219493689016e-05,0.9231249690055847
1247,126397_cc08a23d_1,3.2937125070020556e-05,0.9465450644493103
1248,31838_2e4bd173_4,0.00019008184608537704,0.9966113567352295
1249,52006_d21e4570_7,0.00034828390926122665,0.9309612512588501
1250,62109_08c31aa8_0,0.00041913538007065654,0.9253142476081848
1251,49403_458914df_0,0.0001728943025227636,0.8978733420372009
1252,122914_76ff1f5e_2,9.337669325759634e-06,0.16892212629318237
1253,34913_d23e2a24_2,0.00012283773685339838,0.9450340270996094
1254,104641_2cd02839_15,1.9930079361074604e-05,0.9424066543579102
1255,131632_6144b102_1,0.00029514398192986846,0.9964861273765564
1256,30850_05d88af9_0,0.00020809608395211399,0.9836719632148743
1257,86296_8a6ed4d3_7,3.934442065656185e-05,0.8788180351257324
1258,34983_439766af_7,0.00043741357512772083,0.9937684535980225
1259,33374_7491cbf8_2,0.0009192275465466082,0.9911062121391296
1260,50694_afd26bd5_10,0.00033816188806667924,0.9963686466217041
1261,50292_e84db1fb_8,6.938679871382192e-05,0.7632225751876831
1262,81367_622a9e51_2,0.00012114568380638957,0.9695796966552734
1263,78966_584c5305_0,8.824530959827825e-05,0.9539872407913208
1264,79905_623eae86_1,0.0009639864438213408,0.9921058416366577
1265,63055_6b907478_15,0.00014167203335091472,0.9886988401412964
1266,135771_b030a25c_4,2.265901093778666e-05,0.9714716672897339
1267,41753_9b4f8d8a_0,0.00011910475586773828,0.9976615309715271
1268,80784_f7ec5f70_1,0.000366591673810035,0.937883198261261
1269,33607_c6f31fa6_10,0.00013919277989771217,0.9829536080360413
1270,22225_a3ce4d29_42,0.000274811580311507,0.9704678058624268
1271,51938_8b9cba89_5,0.001486553461290896,0.9688464999198914
1272,44741_f386a08f_4,0.0006311924662441015,0.9812661409378052
1273,70021_e673ae54_4,0.000169816761626862,0.9972438216209412
1274,55135_f1186d58_7,0.00037780258571729064,0.9661375284194946
1275,31856_2a5a4e32_12,0.0005056541413068771,0.971950113773346
1276,75303_045fc848_4,0.00017449699225835502,0.9731884002685547
1277,129683_3ad38815_10,0.0013106933329254389,0.9846729040145874
1278,21894_93f0d052_24,0.0003061038441956043,0.975244402885437
1279,143823_1b04bf80_13,0.00030759401852265,0.9778039455413818
1280,143823_1b04bf80_18,7.734872633591294e-05,0.9251647591590881
1281,111863_c925f4f3_2,5.9051733842352405e-05,0.9436529278755188
1282,104633_d0a15bd3_6,0.0003227229171898216,0.9729385375976562
1283,48832_22363e53_33,0.00031853336258791387,0.9913960695266724
1284,127466_a18ae326_1,0.00047499380889348686,0.8210471868515015
1285,22211_b1ee53f0_12,0.00041684354073368013,0.9825809597969055
1286,137837_9c9f163d_6,4.3721356632886454e-05,0.9880925416946411
1287,122755_b830e22d_17,7.238196758407867e-06,0.9189349412918091
1288,21299_e9cd80a6_12,8.696344593772665e-05,0.8833816647529602
1289,44920_70dd4b80_11,0.00019050280388910323,0.9913814067840576
1290,52987_387431ac_7,0.00035944581031799316,0.9890521168708801
1291,147926_b78316a8_10,2.812725870171562e-05,0.9753572344779968
1292,144653_e3eccdf1_50,5.0416940212016925e-05,0.9664095640182495
1293,56458_c027ed41_0,0.00013050496636424214,0.9838001728057861
1294,23495_6366269c_11,0.00017243411275558174,0.9965708255767822
1295,70883_e2d6a103_2,0.00021468920749612153,0.9968100786209106
1296,32743_f4c47bbc_34,0.00020744663197547197,0.8790923357009888
1297,30910_38ea5a06_2,6.397328252205625e-05,0.9891501665115356
1298,56476_466fc284_17,0.0005662089679390192,0.9882884621620178
1299,22604_0b4ffb43_62,0.0001376654690830037,0.9942560791969299
1300,21534_6367be99_0,0.00019918357429560274,0.937210202217102
1301,133026_1085532d_1,0.00011962377175223082,0.9695985913276672
1302,137828_0b0786fb_1,0.0003486547793727368,0.993297278881073
1303,55627_971fde61_27,0.00018756662029772997,0.9763219952583313
1304,93869_8b1922a3_0,0.00037347973557189107,0.9698798656463623
1305,24393_9acd18c6_3,0.00024808241869322956,0.9953707456588745
1306,44996_b3e9c266_14,1.5064979379530996e-05,0.9410433173179626
1307,55300_b9675d43_1,0.00017054652562364936,0.9966514110565186
1308,113352_879844fe_0,0.00020712209516204894,0.9915658235549927
1309,135317_3c58b0d0_9,6.855301035102457e-05,0.9366574287414551
1310,115624_fe3eb392_1,0.00044872588478028774,0.9789845943450928
1311,63055_6b907478_21,0.00014103659486863762,0.994856595993042
1312,40421_032c052f_0,0.0003132084384560585,0.9523922801017761
1313,143029_70554264_3,3.653789099189453e-05,0.9374063611030579
1314,145117_78f63de3_0,0.0001847826351877302,0.9524757862091064
1315,128996_35f2006e_0,8.403167157666758e-05,0.5797857046127319
1316,54503_fc6c6963_1,0.00013599447265733033,0.98282390832901
1317,24657_0168dc6b_1,0.00024538906291127205,0.9939936995506287
1318,130524_13ad16a8_0,0.001619778573513031,0.9919905066490173
1319,142670_33c641dc_3,0.00011075838119722903,0.9579213857650757
1320,65375_674ff0b9_11,0.0008191479137167335,0.2542229890823364
1321,23168_7fdf5427_3,4.405336767376866e-06,-1.012357473373413
1322,41717_ab2075ac_0,4.361759783932939e-05,0.9983985424041748
1323,21739_57582b8f_4,0.00015624365187250078,0.9908334016799927
1324,143293_fc5b0ff7_30,0.0002699861361179501,0.9926373362541199
1325,135906_587b5c3d_0,0.00010087303962791339,0.9390883445739746
1326,138685_fd9b79cd_0,5.432571560959332e-05,0.9565602540969849
1327,119921_5621fcb4_0,0.0001140176464105025,0.9807507395744324
1328,49403_458914df_5,0.00018246247782371938,0.9792051315307617
1329,73525_7f6b2f67_2,2.1420486518763937e-05,0.9656919836997986
1330,136994_a3a2f50f_3,0.00015625816013198346,0.9823998808860779
1331,31838_2e4bd173_1,0.002344626234844327,0.9492529630661011
1332,35866_d0233b36_6,0.0001585201098350808,0.9972975850105286
1333,53053_d6b4d71c_9,0.0008144961902871728,0.9788534045219421
1334,90220_7baf1e18_1,7.245081360451877e-05,0.9021971225738525
1335,23364_73dd9d4d_10,3.9839273085817695e-05,0.9427422285079956
1336,52987_387431ac_3,0.00017523241695016623,0.9855679869651794
1337,51859_6b2fd0f1_4,7.919266499811783e-05,0.9559738636016846
1338,51708_867d4509_12,2.057046913250815e-05,0.8218137621879578
1339,93199_2146e709_3,0.00017916173965204507,0.9962013959884644
