case_num,case_name,MSE,R-Square
0,50417_199cffee_13,0.08989406377077103,0.29977357387542725
1,48516_2b3135bf_11,0.008345410227775574,0.7178431749343872
2,41733_1ec9b00c_31,0.009217086248099804,0.10593974590301514
3,31664_1e85c690_0,0.004385849926620722,0.764198899269104
4,21893_0500d043_18,0.0045451452024281025,0.9075921773910522
5,31607_9a2f8140_6,0.00846727192401886,0.7157930731773376
6,41774_88a7a483_18,0.0022972379811108112,0.4392324686050415
7,42143_51b31600_4,0.0002035652141785249,0.5886781215667725
8,23104_3b70eba4_13,0.000446588994236663,0.2653387784957886
9,129075_8fbf62e5_2,0.00037620970397256315,0.007217526435852051
10,41624_a15f83c1_13,0.00044263084419071674,0.782647967338562
11,36088_1ea9c8a9_12,0.008807304315268993,0.7945345640182495
12,126477_6596d136_14,0.0013652178458869457,-0.23746228218078613
13,130441_10c43121_0,0.130269393324852,0.3363703489303589
14,133385_e6aa64d8_21,0.0012127282097935677,0.2043728232383728
15,26398_b99946da_1,0.04525637626647949,0.4047999978065491
16,61198_0c99f50a_4,0.00027759853401221335,-16.48778533935547
17,26661_ab88a525_0,0.001062999595887959,-0.22857904434204102
18,129075_8fbf62e5_1,0.00271854130551219,-1.5672857761383057
19,51891_9455ea02_1,0.014329067431390285,0.7726237177848816
20,34770_6bba5bd4_13,0.006337290164083242,0.8755731582641602
21,21646_a2dd0d00_53,0.009504870511591434,0.2099347710609436
22,68909_4ae1bc2e_1,0.0011467240983620286,-0.07765841484069824
23,27866_ece3076e_109,0.0009826460154727101,0.8450498580932617
24,92134_52f13f49_6,0.0015172793064266443,0.1255781054496765
25,23342_7193a931_1,0.0010746220359578729,-0.49150216579437256
26,126572_a2d6f794_14,4.632087075151503e-05,-3.656653881072998
27,44344_3e0b0b0c_1,0.0001420842600055039,-18.67827796936035
28,49331_3bf3bb84_4,0.0027472940273582935,0.9497108459472656
29,33971_46bb0373_0,0.0030488150659948587,0.6105536222457886
30,21517_bfe35b4c_1,0.0009184746304526925,-0.33216607570648193
31,23165_369d62aa_6,0.012265308760106564,0.8520606160163879
32,81846_2907c980_0,0.004963516723364592,0.7796714305877686
33,24168_a0ede173_111,0.007625220809131861,0.24685710668563843
34,53461_a5942665_1,0.004870800767093897,0.8193480372428894
35,24907_c72322ea_13,0.001617881585843861,0.38951677083969116
36,133424_315bcaeb_7,0.0005394692998379469,0.30190473794937134
37,40490_916e13fe_0,0.003900623880326748,0.8785048127174377
38,38000_b5822e44_3,0.011698457412421703,0.8226972818374634
39,138520_f4e0bc0b_63,0.0016174276825040579,-0.5431011915206909
40,61294_9255796d_3,0.00014183025632519275,0.7346158027648926
41,22176_272891b8_0,0.001080281799659133,0.4520222544670105
42,24815_4f2a57e4_1,0.004807413090020418,0.8588363528251648
43,113343_e692c488_1,0.0002870546013582498,0.5668119192123413
44,33995_18423507_1,0.0005689706304110587,0.23354458808898926
45,127897_029949fd_6,0.007159323897212744,0.8568424582481384
46,123181_4e56fb4f_0,0.006925596389919519,0.8996688723564148
47,22670_9353c710_1,0.00034284297726117074,-1.0893957614898682
48,128642_4d72bf31_2,0.003156014485284686,-0.7096239328384399
49,146667_fe438b5b_6,0.015065563842654228,0.07996714115142822
50,38260_2a31c6df_2,0.00907196756452322,-0.27853691577911377
51,24443_996411f9_3,0.0041474164463579655,0.9058825969696045
52,142074_34e02b6d_1,0.00027484746533446014,0.9176870584487915
53,41501_b627682a_15,0.002107508946210146,0.8158313035964966
54,24712_da77fe8f_0,0.002702378900721669,0.9494391679763794
55,32960_0eaa1de8_26,0.009935131296515465,0.8159804344177246
56,130757_b2c47f8d_2,0.00013398047303780913,-3.004232883453369
57,104817_6d73dc41_0,0.02276473492383957,-1.550490140914917
58,79243_49539d9f_0,0.006235294509679079,0.8656684160232544
59,82012_c533307b_1,0.001056751818396151,0.015598297119140625
60,107649_e651c5ca_1,0.00015338357479777187,-0.06961667537689209
61,40997_e3c88650_12,0.009458838030695915,0.7573772668838501
62,143029_70554264_4,0.0018151240656152368,0.7518771886825562
63,27054_342fcf5c_3,0.0008484479621984065,0.11447268724441528
64,41648_577daf16_17,0.002450796542689204,0.07225155830383301
65,89720_4e65191c_1,0.011211428791284561,0.7284010648727417
66,75382_1b589ea9_12,0.0001594670320628211,0.5441458225250244
67,120371_433ba1ca_2,0.0026598800905048847,0.7680264711380005
68,49024_b7f02205_13,0.0045751710422337055,0.7979208827018738
69,51022_47816098_7,0.021877262741327286,0.7753532528877258
70,41634_4f5d0edb_0,0.00020577794930431992,0.5885241031646729
71,23170_6ea8ded5_3,0.006055674981325865,0.8986577391624451
72,69589_cd2fa794_8,0.006672886200249195,0.5636846423149109
73,41504_85e300ee_0,0.002549928380176425,0.6518337726593018
74,128996_42176b10_0,0.004048071336001158,0.6723567247390747
75,38920_e81879c2_7,5.016169961891137e-05,-59.33052444458008
76,148051_c59af578_6,0.002237919485196471,0.9390503764152527
77,65494_16d62db5_0,0.0006661909865215421,0.10730153322219849
78,25473_0991d519_0,0.005852626636624336,0.8625006675720215
79,75270_25a261ef_5,0.0025677953381091356,0.7437865138053894
80,49613_1b97c07b_12,0.00012725952547043562,-0.3516049385070801
81,115633_a2c63339_1,0.0008407881250604987,0.7513115406036377
82,52366_63042db4_1,0.00486947363242507,0.8891723155975342
83,30282_88c6933c_5,0.001341783907264471,0.8394785523414612
84,53474_f29e4438_12,0.007627764251083136,0.7502779364585876
85,24026_1dd4094b_21,0.003455756464973092,0.6058022975921631
86,21225_c081eae3_2,0.0046773203648626804,0.3817550539970398
87,35057_9af89947_8,0.0007605663849972188,0.38904768228530884
88,43529_4804941b_20,0.0033114287070930004,0.89908367395401
89,22103_fd11c71b_3,0.0024990940000861883,0.6879392862319946
90,51536_a18dc325_0,0.005499417427927256,0.708135187625885
91,24230_636208ab_13,0.0012266180710867047,0.24675774574279785
92,41117_1b3271f2_56,0.021813834086060524,0.6631598472595215
93,140499_419d5823_0,0.0016217463416978717,0.8598118424415588
94,115524_a949e82c_2,0.00019579271611291915,0.23730653524398804
95,29833_0ed4880f_3,0.011610087938606739,0.791106641292572
96,127556_4823a42a_6,0.004145676735788584,0.3036186099052429
97,23960_48cc0f21_19,0.00010113332973560318,-0.41817450523376465
98,132987_ba18d2eb_11,0.00041759328451007605,0.20036441087722778
99,51337_f8636fd9_30,0.00022662230185233057,0.74394690990448
100,40999_cad6be09_18,0.018898308277130127,0.5531980991363525
101,136886_99fbdef3_0,0.0003409854252822697,0.41484981775283813
102,30447_4ed3b778_7,0.1329687386751175,0.5101104378700256
103,55811_bc667b2d_13,0.0026293392293155193,-0.0009839534759521484
104,41716_d55164d4_1,0.0006980870384722948,0.7556896209716797
105,33610_aa697fc9_6,0.0032911987509578466,0.7570680975914001
106,55095_fa260d33_6,0.012480382807552814,0.6710251569747925
107,115639_bc0cc622_0,0.010852891020476818,0.2053864598274231
108,20841_1620ae7d_0,0.002408010186627507,0.6684799194335938
109,50823_d1830e58_2,0.0033745875116437674,0.3319796919822693
110,109762_cb162371_48,0.0022313580848276615,0.21589529514312744
111,41387_5f752e39_23,0.00537355151027441,0.8012766242027283
112,121540_629c716f_0,0.002702523022890091,0.8855968117713928
113,118539_1dff9cf9_12,0.00013696166570298374,-9.016731262207031
114,30714_dafa62f6_2,0.028944488614797592,0.621317982673645
115,79633_bbbde75f_0,0.008661121129989624,0.7887667417526245
116,33059_531cfd5e_11,0.003707371186465025,0.39326292276382446
117,20697_d3e106b4_4,0.00016663143469486386,-0.39945924282073975
118,136062_0027ff97_6,0.0044426582753658295,0.590124249458313
119,146291_6b0c8db3_1,0.036664433777332306,0.14672338962554932
120,45466_5f662bcb_0,0.00019960390636697412,0.5890176892280579
121,144500_7f600ab6_0,0.001937334076501429,0.8208492994308472
122,44996_b3e9c266_4,0.0010025501251220703,0.7882435321807861
123,40713_4c9264ef_0,0.0035650446079671383,0.5243396759033203
124,132384_0fcab1fa_13,0.0006779954419471323,0.27062833309173584
125,33738_77d49563_2,0.0008908849558793008,-0.03553593158721924
126,129422_621d0a90_33,0.0013421718031167984,0.36831504106521606
127,115633_fd3c9b97_32,0.00020218278223183006,0.17151904106140137
128,69337_a122ffde_1,0.002330287592485547,0.7618280649185181
129,37241_29f91452_0,0.005619163159281015,0.8700098991394043
130,141199_9ae000ef_6,0.00346573069691658,-1.9295306205749512
131,147133_92c04b84_4,0.0006625346140936017,0.41729259490966797
132,77687_cbb18594_50,0.004244900308549404,-1.930018424987793
133,144290_2a679085_11,0.0005946281016804278,-0.7512660026550293
134,130825_c59bbbfb_0,0.009695600718259811,0.7518820762634277
135,82512_252da752_6,5.034487912780605e-05,-76.888916015625
136,115624_d0acb46b_24,0.016833346337080002,0.8173555731773376
137,92134_52f13f49_7,0.0015478128334507346,0.02890092134475708
138,100326_0602c712_7,0.0007221201667562127,-0.13829147815704346
139,134630_f9e85072_0,0.0011662152828648686,0.7315283417701721
140,108943_b07b2543_1,0.0025080437771975994,0.5864171981811523
141,125416_ab456bc3_5,0.01243187952786684,-0.055486202239990234
142,57222_33b428d7_69,0.0016043344512581825,-0.6045773029327393
143,24650_dad8c8ee_13,0.007330247666686773,0.8701128363609314
144,41749_14d0599c_1,0.0015652707079425454,0.7671564817428589
145,49396_98ab955d_27,0.00036917347460985184,0.7589778304100037
146,136892_e2a0b32c_4,3.919242226402275e-05,-0.007781982421875
147,31962_e5291336_28,0.0060609495267271996,0.8677238821983337
148,34231_e27353cb_0,0.0006260786904022098,0.34173572063446045
149,112724_d334de09_0,0.035205092281103134,0.4528231620788574
150,56486_82b3e23a_21,0.00020606011094059795,-1.3961608409881592
151,40500_6055e3d7_17,0.00015286014240700752,-4.142325401306152
152,39468_15fb2e60_43,0.0006633246084675193,-0.0823512077331543
153,141710_17531562_7,0.009395202621817589,0.7344697713851929
154,33529_756075a0_12,0.0015492963138967752,0.696492075920105
155,54169_3a875f10_8,0.00757032074034214,0.8003252744674683
156,41023_5445cb61_9,0.0016306393081322312,-0.434104323387146
157,146380_5c569eeb_2,0.00468728132545948,-1.519287347793579
158,24195_9791f5d3_38,0.0001920624781632796,-2.7873823642730713
159,26573_7f7e176d_2,0.04807361960411072,0.5736024975776672
160,22734_f6bad9f7_25,0.011019299738109112,0.8224541544914246
161,48112_9538e204_0,0.008080242201685905,0.8396066427230835
162,127545_6fa39158_10,0.04831770434975624,0.6242688894271851
163,23788_5c0b60c6_0,0.0013725481694564223,0.27929145097732544
164,23792_5b4c1ce0_21,0.012406939640641212,0.6085110902786255
165,146067_46e58ab3_1,0.0891873687505722,0.4341510534286499
166,101072_dec6f415_3,0.0013386448845267296,0.38637614250183105
167,22829_b6649a29_0,0.00020199303980916739,-2.3492648601531982
168,55389_a736bd99_0,0.015336918644607067,-7.146892547607422
169,30259_d709601c_9,0.024456487968564034,0.30328983068466187
170,35866_d0233b36_13,0.00023905331909190863,-1.538398027420044
171,34563_52848c45_5,0.0006261199596337974,0.746563196182251
172,44519_90af0df6_7,0.0026846060063689947,0.2168678641319275
173,114111_59282658_8,0.0031536647584289312,-0.07912790775299072
174,45922_26941172_15,0.026192396879196167,0.5615451335906982
175,41303_bd1def52_3,0.00030317975324578583,0.9233401417732239
176,22053_de30641b_1,0.0004895293968729675,-6.493683815002441
177,22298_51433023_4,0.005459262523800135,0.8810549378395081
178,23479_81a49137_0,0.016403978690505028,-4.959173679351807
179,22225_a3ce4d29_37,0.0216799546033144,0.699840247631073
180,135669_490cd2d7_14,0.024988163262605667,-0.3402853012084961
181,32173_8b075b1a_4,0.009531254880130291,0.8456165790557861
182,145119_24107428_5,0.004295303951948881,0.674187421798706
183,41774_88a7a483_36,0.00041638643597252667,0.7859994173049927
184,133549_1b6c58d6_0,0.011099381372332573,0.7637671232223511
185,40936_6de8f4f4_0,0.13870714604854584,0.13471752405166626
186,23008_3d1bb7b2_0,0.027955541387200356,0.5988929271697998
187,38360_ad61c9b2_1,0.0012969515519216657,0.15734350681304932
188,136109_3d342d3c_2,0.006848435383290052,0.7246758341789246
189,135790_a27f9deb_11,0.0003779285470955074,0.5313338041305542
190,140249_7c1c5bba_0,0.0008838483481667936,-0.07589757442474365
191,128996_a3d026d6_0,0.0031583555974066257,0.35277116298675537
192,23235_f9ccb8b0_0,0.0007970316801220179,0.37145012617111206
193,93671_f7290ded_0,0.0014382237568497658,0.14775508642196655
194,51109_97b211c3_7,0.0015142103657126427,0.8149369955062866
195,51916_fa226b15_13,0.0007747680647298694,-0.6740626096725464
196,86268_094d3fab_1,0.002590272342786193,0.9482053518295288
197,39637_ca6a9a60_1,0.005621412303298712,0.3047946095466614
198,47219_93cb3619_3,0.05907842516899109,-0.04057741165161133
199,47878_0edb6829_0,0.00303526665084064,0.9460194110870361
200,26764_ab35159a_6,0.004621619358658791,0.8155251741409302
201,34341_d19b12fb_12,0.0016072092112153769,-0.7698303461074829
202,118342_c702e084_6,0.0065805381163954735,0.8496785759925842
203,49886_dd68dccb_4,0.00638543302193284,0.5165221691131592
204,23493_57512264_5,0.0007682861760258675,-1.4221115112304688
205,31751_e37382e1_5,0.006888664327561855,0.8235495686531067
206,24338_848cab42_6,0.010157954879105091,0.1974819302558899
207,24916_42eacca3_10,0.0008485696162097156,0.5415428876876831
208,137485_a953e1be_2,0.007386065553873777,0.8523153066635132
209,23706_ef15ef9c_18,0.006175824906677008,0.5903400182723999
210,143671_eaf4d13b_6,0.022567056119441986,0.6556853652000427
211,53470_39f2e9dc_13,0.001675858860835433,-1.1238048076629639
212,145772_59253c6d_3,0.0001812585542211309,0.744589626789093
213,51893_d531e2bd_2,0.005196142476052046,0.8868623971939087
214,39389_d641313f_8,0.022085439413785934,0.15730518102645874
215,51595_41f3d1a3_5,0.0009695645421743393,0.07953310012817383
216,51674_a70c1c6c_15,0.0003087392542511225,-0.17620646953582764
217,37617_3f415463_5,0.0017429100116714835,-0.32193684577941895
218,31862_a89f21f9_3,0.004900877829641104,0.8543550968170166
219,40519_55a097c6_11,0.006959402933716774,0.5942286252975464
220,111306_9108c940_0,0.0050998893566429615,0.0240325927734375
221,136640_16741d62_4,0.0006730880122631788,0.5419610738754272
222,23155_d7305c5f_2,0.02961474098265171,0.4001350998878479
223,43934_912ff891_41,0.00043517493759281933,-1.0744662284851074
224,57017_6033d1e5_0,0.004614944104105234,0.767662525177002
225,126913_d253adb7_1,0.0015408169711008668,0.3838042616844177
226,130752_52d74f2f_48,0.008020075969398022,0.4593626856803894
227,124177_71283cad_0,0.004519924521446228,0.6514655947685242
228,24650_dad8c8ee_18,0.0058243609964847565,0.8511161804199219
229,55199_4d57661f_2,0.010896716266870499,0.34765249490737915
230,115010_eb737aaf_20,0.003019945928826928,0.9421709775924683
231,27855_19c5895a_12,0.010191413573920727,-4.34536075592041
232,52772_a6e6e320_0,0.0006025432958267629,0.19139117002487183
233,90917_3d2d21a9_0,0.020186586305499077,0.5383113622665405
234,40703_5f4e45d4_7,0.0025269417092204094,0.9498710036277771
235,132622_911efd2f_1,0.018532350659370422,0.7225991487503052
236,43441_e1ab0873_6,0.04160424321889877,0.343209445476532
237,34917_61633e20_6,0.0067758383229374886,0.853100061416626
238,67221_275ba7e6_4,0.007409161422401667,0.8513785600662231
239,130719_e4764a36_10,0.0006128945969976485,-0.3364877700805664
240,136318_130d6a06_20,0.0014405737165361643,0.8686030507087708
241,99636_73c43ebd_10,0.006284705828875303,0.8304218053817749
242,29377_3a04cb8d_6,0.0012489274377003312,0.8177952766418457
243,23018_63087a41_47,0.006030812859535217,0.834922194480896
244,26165_100fec74_4,0.0002374975010752678,0.2527158856391907
245,135934_d2f6bb2e_46,0.0012997135054320097,0.3690710663795471
246,24039_448afafa_5,0.005400329362601042,0.7397332191467285
247,32775_a79b406b_14,0.007097988855093718,0.09559011459350586
248,23686_cba4f679_0,0.005000582430511713,0.5257565975189209
249,35147_bc9f2c5d_0,0.004211400169879198,0.32014918327331543
250,136337_1351909b_2,0.02445610612630844,0.419106125831604
251,139222_2c10ca9a_1,0.015707679092884064,-0.35128355026245117
252,139379_fe5c3f64_0,0.003424792317673564,0.8737375140190125
253,33084_344fec27_2,0.0026606745086610317,0.9499165415763855
254,24775_d5c98d77_0,0.00015651230933144689,-3.8247475624084473
255,56344_3a89f085_23,0.0024018529802560806,0.7773955464363098
256,135112_cf8007b8_5,0.008363403379917145,0.7940691709518433
257,50706_20d07d57_2,0.04598004370927811,0.5593865513801575
258,51744_cd355565_5,0.009963726624846458,0.701567530632019
259,51464_da501c24_0,0.005462293047457933,-0.0766223669052124
260,126572_a2d6f794_23,5.6289882195414975e-05,-0.9481736421585083
261,70021_e673ae54_2,0.0010482032084837556,-0.5102885961532593
262,25144_31b089b6_5,0.001577257178723812,0.2855798602104187
263,24715_55aac5f2_2,3.570456465240568e-05,-1.9724013805389404
264,24532_f82f8000_2,0.006893649231642485,-4.580673694610596
265,30664_a3084f71_1,0.002401097910478711,-0.00386965274810791
266,81145_5c13a8e9_1,0.0008851562743075192,0.09590119123458862
267,132037_2abb8c63_10,0.00014926018775440753,0.31387895345687866
268,50414_ac159b58_2,0.002406894462183118,0.9125260710716248
269,21601_360ce1c7_7,0.009326865896582603,0.8304979801177979
270,22119_27e3ecbe_9,0.005337683949619532,0.8344812989234924
271,145120_74f7316f_0,0.014103244990110397,0.3623715043067932
272,74574_c302ff1f_0,0.0009140705806203187,-0.20056557655334473
273,52443_085efc00_4,0.0013418804155662656,0.5615412592887878
274,147546_ede0f31c_3,0.02279280126094818,0.5071117877960205
275,22492_047b125b_21,0.010409148409962654,0.7584101557731628
276,72313_5a86e234_0,0.05468986555933952,-0.04471445083618164
277,45589_49e3c7ea_2,0.00284867687150836,0.9141008853912354
278,83432_a7f85698_0,0.006400368642061949,0.8562403917312622
279,32775_a79b406b_0,0.00023311488621402532,-1.2449181079864502
280,121703_69c4a5ac_3,0.00021562491019722074,0.21872425079345703
281,80901_e9080573_6,0.003845327300950885,0.8499354720115662
282,21809_8bd6b10e_3,0.04404978081583977,0.03046351671218872
283,49396_98ab955d_15,0.003177163191139698,0.6970600485801697
284,33766_14917a4a_19,0.004082320723682642,0.9091691374778748
285,26661_ab88a525_8,0.0025299284607172012,0.9290769696235657
286,44030_17bd5ec9_0,0.0009674945613369346,-0.189347505569458
287,53221_74fa81cd_7,0.0010651634074747562,0.07925480604171753
288,21887_3306168f_7,0.005206122528761625,0.48126310110092163
289,86185_85fde9e6_0,0.0030218709725886583,0.5381665229797363
290,87951_500b1dcd_2,0.0005380219081416726,0.4240456223487854
291,22276_69c5036b_11,0.010055828839540482,0.736902117729187
292,41721_44151488_5,0.00674120057374239,0.3758041262626648
293,102293_5d04e48d_0,0.03389750421047211,-0.6082978248596191
294,77687_cbb18594_20,0.0005115650710649788,0.2903887629508972
295,133248_1bab99ae_0,0.012076416984200478,-4.323539733886719
296,24051_4852a192_2,0.005342101212590933,0.816641092300415
297,86806_2993395a_1,0.0007562460959888995,0.3579983711242676
298,38558_b0d6b3f8_1,0.010703588835895061,0.7803118228912354
299,140549_7d01813c_0,0.026313861832022667,0.1652725338935852
300,24559_3c306e71_1,0.0045951311476528645,0.29322659969329834
301,70350_751de4b0_13,0.007937110960483551,-2.2331387996673584
302,39101_23fec10f_8,0.004670977592468262,0.5030602216720581
303,24942_9d1b2ff2_8,0.01796596497297287,0.7905943989753723
304,30850_05d88af9_3,0.01795821636915207,0.7013760805130005
305,113358_08641c94_4,0.009472368285059929,0.7056535482406616
306,21234_8b71bd47_27,0.0017436017515137792,0.36920440196990967
307,26245_4aac38e1_21,0.0009945844067260623,-1.307570457458496
308,66072_d301cc88_0,0.0010209926404058933,0.5584675073623657
309,21894_93f0d052_23,0.0031099957413971424,0.692816972732544
310,147816_7fb70c2b_2,0.0031193529721349478,0.672815203666687
311,49120_4131d1e7_1,0.0008864147821441293,0.8225336670875549
312,52224_ca16c854_4,0.006530232727527618,0.06748288869857788
313,105762_19e04e0b_1,0.00030579909798689187,-1.414015769958496
314,30400_8824ce97_36,0.006243281997740269,0.10073423385620117
315,95199_ffcff41e_0,0.0005157296545803547,0.47159552574157715
316,50417_199cffee_3,0.00027203495847061276,0.7882756590843201
317,24544_d06c82dd_5,0.006495247595012188,0.8925090432167053
318,22604_565b91f5_2,0.004844645969569683,0.7978657484054565
319,22788_b6a9e30a_4,0.0005575593677349389,0.8606693744659424
320,45789_d5126eab_14,0.0045182714238762856,0.07703351974487305
321,37267_b2be4b50_3,4.6327830204973e-05,-3.6616406440734863
322,34330_5eff1ee1_3,0.002995776478201151,0.6503797769546509
323,137999_d934160e_1,0.00012062178575433791,0.06692618131637573
324,134921_f5efde94_27,0.0004120922239962965,0.621121346950531
325,53470_39f2e9dc_8,0.0004441955534275621,-3.983285903930664
326,23497_f292546d_25,0.023014741018414497,0.04346811771392822
327,22289_4b848f64_2,0.0021372935734689236,0.7105343341827393
328,31392_84b62622_2,0.003638040740042925,0.6968019008636475
329,51347_1fc6f329_0,0.010802166536450386,-1.42665696144104
330,50777_2934de55_6,0.003789213951677084,0.8648136258125305
331,32841_954e8c1a_0,0.00012134065036661923,0.8748130202293396
332,31530_6744ae73_3,0.006541906856000423,0.9039787650108337
333,65827_d1469ad6_1,0.00017490857862867415,-0.3089488744735718
334,145461_30637b22_8,0.00033215759322047234,-12.276630401611328
335,31973_093ea963_13,0.0016922615468502045,0.34121841192245483
336,70355_e5f58cd5_14,0.003595567774027586,0.6493427753448486
337,77687_cbb18594_40,0.00035923198447562754,-0.5871255397796631
338,24392_fce351ea_0,0.001478461199440062,0.20739823579788208
339,36853_7efccb8c_3,0.0032963238190859556,0.5500978231430054
340,41644_d15f8e2b_5,0.00034499415778554976,-0.7778372764587402
341,131762_9b5e5ff5_2,0.004045016132295132,0.7557242512702942
342,82193_96ef9433_2,0.007411960046738386,0.884494423866272
343,31347_386f6298_15,0.012427852489054203,0.7077813744544983
344,34568_fbe47bf9_0,0.0002184476179536432,0.3746834397315979
345,115624_fe3eb392_3,0.00723894452676177,0.834337055683136
346,130446_e7b58dbe_0,0.016283025965094566,0.343048632144928
347,104641_2cd02839_33,0.00022613457986153662,0.5059746503829956
348,31460_39fdfc6a_7,0.003450124990195036,0.22342270612716675
349,95541_ced8f936_0,0.00625021243467927,0.8652931451797485
350,23126_725969ea_17,0.007882789708673954,0.16714364290237427
351,23676_52069f98_5,0.0004728719941340387,-0.7807475328445435
352,137637_ed9c537d_0,0.002440383192151785,0.3965799808502197
353,22474_b10fea1a_2,0.007371409796178341,0.8214503526687622
354,143017_21d96cc2_10,0.0028293966315686703,0.5921168327331543
355,105270_34f92afd_1,0.0007765615591779351,-0.0891869068145752
356,95622_0a0787e4_4,0.008207022212445736,0.8774220943450928
357,55854_13f0399b_0,0.007543905172497034,0.8376318216323853
358,22118_1e09e0eb_5,0.013137001544237137,0.43971920013427734
359,146717_3e6a84c1_7,0.016072258353233337,0.759086012840271
360,63132_330141d7_3,0.004738183692097664,0.0390704870223999
361,115633_fd3c9b97_46,0.0007341750315390527,-0.5122164487838745
362,21644_aa203dc5_29,0.0024005817249417305,0.41076743602752686
363,79791_00f639ca_15,0.004277842119336128,0.9279786348342896
364,60711_42b5a13e_1,0.003652110928669572,0.5955542325973511
365,137483_cdb8989d_0,0.0044634719379246235,0.906808078289032
366,21644_aa203dc5_26,0.0034134534653276205,0.4108700752258301
367,131876_b2384623_0,0.0015798609238117933,-0.020063161849975586
368,23706_ef15ef9c_10,0.003272733651101589,0.4993252754211426
369,68948_0d2a01cd_9,0.013383208774030209,0.6246422529220581
370,145137_4e9eef42_1,0.002399626886472106,0.5173765420913696
371,30426_2cde26de_20,0.057082485407590866,0.35045093297958374
372,31378_34c52a73_0,0.0015077285934239626,0.581429123878479
373,92134_52f13f49_4,0.0018260596552863717,-0.23239433765411377
374,119634_fc722479_1,0.014459715224802494,0.8010567426681519
375,24032_d6172503_24,0.0023460700176656246,0.01774197816848755
376,136401_69f29349_4,0.00011137220280943438,-0.7280527353286743
377,41871_f9a1ad02_26,0.007937276735901833,0.39731431007385254
378,48220_87941c4e_116,0.0023752006236463785,0.6485119462013245
379,115012_9ed88535_2,0.0055538383312523365,-1.2182621955871582
380,69488_025cf0a2_1,0.12591297924518585,0.14644384384155273
381,147427_69f68da4_3,0.0005572944646701217,-0.5446138381958008
382,33766_14917a4a_32,0.0033083416055887938,0.8809917569160461
383,51747_3d58eae0_0,0.0025674940552562475,0.6552554368972778
384,33785_a4c23f61_0,0.14025691151618958,0.4708697199821472
385,114935_797875fe_2,0.00904733594506979,0.6708555221557617
386,51775_49ef614a_26,0.0008984749438241124,-0.5974736213684082
387,38196_ea48fa42_3,0.00019055840675719082,-1.229207992553711
388,140413_44177109_21,0.00018410338088870049,-2.369252920150757
389,27676_79237cc5_1,0.0011152081424370408,0.6351631879806519
390,52883_e518d3f4_33,0.00850168988108635,0.8325245976448059
391,34347_841c5375_2,0.0001459801715100184,-1.9680988788604736
392,55289_292737cb_0,0.00577960442751646,0.8890417218208313
393,50606_82cb18e2_0,0.003185857320204377,0.8747901916503906
394,30407_efa567f2_4,0.0049218530766665936,0.8813226819038391
395,31647_ab9ad9dc_13,0.006606173701584339,0.36000365018844604
396,24896_58b4730f_17,0.00210618251003325,0.6071649789810181
397,23602_5daaccf5_4,0.002958376193419099,0.7933703660964966
398,27725_5cceaeb7_10,0.001077074441127479,-1.2376456260681152
399,127734_395dcf7d_5,0.0019856367725878954,0.6771218776702881
400,31957_d864f861_3,0.0043638781644403934,0.11071300506591797
401,49415_1671b60c_4,0.0010868883691728115,-0.01627802848815918
402,45110_fae73324_4,0.0036364721599966288,0.8059365749359131
403,22343_34184fd5_18,0.0002240197209175676,0.14714431762695312
404,22848_cc91b848_38,2.8589203793671913e-05,-31.955646514892578
405,73652_23b21ef2_1,0.017864735797047615,0.6407653093338013
406,65569_bd890a32_1,0.001121672336012125,-9.75888729095459
407,48220_87941c4e_111,0.006238898728042841,-0.09266233444213867
408,30394_e30f932c_0,0.006909620948135853,0.6046490669250488
409,21941_1a683ec2_26,0.0044068749994039536,0.8159766793251038
410,25564_e646fcb3_1,0.0002707514795474708,0.08563739061355591
411,134053_87a32e31_3,0.000606357294600457,-0.6545376777648926
412,87950_af56e26e_2,0.0028149124700576067,0.7939755916595459
413,51458_54240b70_17,0.0003875815018545836,0.5718986988067627
414,40688_effe215a_1,0.004549094475805759,0.8873499631881714
415,131494_c8a441d0_0,0.0036246345844119787,0.29417550563812256
416,26768_c4df841f_21,0.0005176085978746414,0.3936805725097656
417,136892_2d5f55a9_0,0.0040565673261880875,0.11044126749038696
418,54652_d60ac3e0_10,0.008429604582488537,0.5426673889160156
419,51747_3d58eae0_1,0.0010732552036643028,0.5612577199935913
420,54650_df3655c1_0,0.0001318701106356457,-0.4443166255950928
421,41125_711db4bf_58,0.0029375539161264896,0.673247218132019
422,45418_f603706b_2,0.0018418572144582868,0.5341342091560364
423,21852_6cf9a734_18,0.07303639501333237,0.37575238943099976
424,122515_758d8b70_6,0.00013952651352155954,-114.21917724609375
425,104081_05ba54fa_2,0.0052490015514194965,-1.2044792175292969
426,41672_cf87e0b6_0,0.003463617293164134,0.4654303789138794
427,22638_37f9fe91_1,0.00019558420171961188,0.42218106985092163
428,24559_3c306e71_3,0.004065206274390221,0.26162225008010864
429,31589_ac31215d_8,0.0008364172535948455,0.5573933124542236
430,49603_143b8bd2_35,0.007722541224211454,0.3887942433357239
431,127965_c64a91da_0,0.0013793085236102343,0.6430268287658691
432,36062_f2fb6808_1,0.00022447599621955305,-1.0746076107025146
433,139280_8874b1ab_18,0.0007361050229519606,0.2926660180091858
434,30997_24dea167_4,0.004895546939224005,0.5584197044372559
435,143471_eb185912_5,0.00011012222967110574,-0.12754249572753906
436,23176_1bf2a2d5_10,0.013697993010282516,0.43367433547973633
437,98299_b8146029_5,0.0031818679999560118,0.7244389057159424
438,23466_1cf60d09_4,0.007775665260851383,0.7825767993927002
439,41591_2d0bd0d5_3,0.005479007493704557,0.8073946833610535
440,134929_9049dcec_1,0.0014788449043408036,0.20701301097869873
441,41785_e8bf0528_0,0.004086537752300501,0.821929931640625
442,31460_39fdfc6a_6,0.005257545039057732,0.8874076008796692
443,133710_00be7f31_1,0.009052412584424019,-0.0387035608291626
444,24532_f82f8000_0,0.0015886373585090041,0.6505602598190308
445,21234_8b71bd47_3,0.000697057694196701,-0.05518460273742676
446,35175_6edc4126_5,0.008988670073449612,0.739532470703125
447,20495_e8e7e80c_1,0.0011949349427595735,-0.3932994604110718
448,76546_c17e95aa_2,9.359585965285078e-05,0.44945257902145386
449,41654_e75f89df_0,0.0034813389647752047,0.8110469579696655
450,109772_f1a0845e_6,0.0015280026709660888,0.1170918345451355
451,34913_d23e2a24_0,0.003451571799814701,0.8082363605499268
452,25203_1cc0cb3c_12,0.008127184584736824,0.8643646240234375
453,37160_2a95674a_4,0.002442101715132594,0.8405833840370178
454,69240_dc199112_4,0.0018045201431959867,0.6572365760803223
455,25176_d9130589_0,0.0008188173524104059,0.892386794090271
456,69235_fe79a369_0,0.00030936108669266105,0.30522239208221436
457,39468_15fb2e60_9,0.002624372486025095,0.6192703247070312
458,103284_e25015aa_6,0.00025103194639086723,-1.0006909370422363
459,30377_e18ea3de_0,0.0012385327136144042,-0.0033698081970214844
460,66080_f578d52b_4,0.0016229397151619196,-7.341458320617676
461,37444_52b27e94_14,0.0041183168068528175,0.3728008270263672
462,38675_6e07d74b_31,0.005157066974788904,0.8368196487426758
463,21680_360ba5c7_28,0.003394180675968528,0.7527036666870117
464,142032_5c32b7db_2,0.0038405954837799072,0.9292787313461304
465,44210_a155c2d1_0,0.031694378703832626,0.2944696545600891
466,38287_88ec74de_92,0.0018689139978960156,0.7240939736366272
467,29572_2f9283f2_4,0.003267529886215925,0.7566009163856506
468,28300_b3a6ab79_10,0.004130974877625704,0.857159435749054
469,136129_e6a20c7d_5,0.0006305684801191092,0.03250211477279663
470,119381_e4d13609_0,0.004534056410193443,0.828455924987793
471,30729_b4d83b07_4,0.00017508752353023738,-2.595390796661377
472,140413_44177109_11,0.0033324111718684435,0.8432703614234924
473,26384_83eddf22_0,0.004723304882645607,0.6393783092498779
474,82285_e7a738e7_2,0.008016449399292469,0.33227837085723877
475,108599_347602af_0,0.00415951618924737,0.8706508874893188
476,119889_41a6f268_1,0.0006898108986206353,-0.017997264862060547
477,55006_94230c00_1,0.005122649483382702,0.839847207069397
478,21517_bfe35b4c_10,0.0004596514627337456,0.7887755632400513
479,20818_098cad7c_6,0.00048153725219890475,0.48432785272598267
480,41855_b82e6ae8_6,0.002289832103997469,0.7353010177612305
481,137166_90691294_8,0.00018272330635227263,0.8786552548408508
482,69561_f274e705_26,0.004694058559834957,0.7736929655075073
483,51579_d0c3e154_0,0.0047325980849564075,0.7997398972511292
484,23676_52069f98_4,0.004714589565992355,0.8515470027923584
485,31962_e5291336_1,0.00818551704287529,0.757816731929779
486,57222_33b428d7_1,0.0003084145428147167,0.7710344195365906
487,51586_2ad96f8c_17,0.0002017677907133475,-1.4268910884857178
488,41473_c2137170_32,0.002124110469594598,0.6689493656158447
489,31123_9a1bfc50_2,0.003291722387075424,0.7514212727546692
490,23211_3aac9c7e_0,0.0031389810610562563,0.4118557572364807
491,45798_b573e9da_5,0.013343720696866512,0.31215107440948486
492,27847_d2436f7c_37,0.0007152606267482042,0.1732954978942871
493,54736_6ee1b513_1,0.0012417564867064357,-0.07281994819641113
494,132901_7d205bb4_9,0.00019811041420325637,-0.31350791454315186
495,73762_8c704690_0,0.004673573188483715,0.36976832151412964
496,23209_1592b0a4_1,0.005209295079112053,0.6387345194816589
497,49024_b7f02205_2,0.000616009347140789,-0.5617828369140625
498,147630_7f858240_15,0.004609593655914068,0.18789047002792358
499,69337_2c778611_11,0.0009740141686052084,0.4266687035560608
500,82498_92a00cd6_1,0.001321130315773189,0.5906587839126587
501,78775_e2d8b091_1,0.002823399845510721,0.6170493364334106
502,40067_95ae6c76_9,0.003174940822646022,0.6598736047744751
503,80756_6f2e842f_0,0.0038242312148213387,0.2218901515007019
504,25284_1da7aa8a_0,0.001975407125428319,0.6091049909591675
505,55605_2f8bc12e_62,0.004049082286655903,0.8615202307701111
506,39792_60786b6c_15,0.006846502888947725,0.8625540733337402
507,34063_0ca1585e_2,0.0016195651842281222,-0.049784183502197266
508,31664_1e85c690_13,0.004040843341499567,0.8844600915908813
509,131193_98f3ac52_1,0.0016291433712467551,0.27133709192276
510,120221_e2eaa34b_2,0.0016482097562402487,0.4344356060028076
511,130286_1f71bfed_3,0.0022193416953086853,0.3388352394104004
512,118342_e8142153_21,0.0007255839882418513,0.7318586111068726
513,128043_9f8cd69e_1,0.0005743274232372642,0.20877236127853394
514,41504_85e300ee_1,0.0001704377355054021,0.2660996913909912
515,78863_d59be42e_0,0.0045907278545200825,0.448127806186676
516,31733_5118b376_3,0.05115382373332977,0.6349608302116394
517,22208_e177deb7_5,0.0013194031780585647,0.6847958564758301
518,24026_1dd4094b_43,0.000861841777805239,0.2462572455406189
519,73388_10a40b49_1,0.004721345379948616,0.7220628261566162
520,138219_cdff4f61_0,0.003006450831890106,-0.9841376543045044
521,49399_dc56d180_1,0.002687861444428563,0.949730634689331
522,41306_8f26e703_3,0.0008677905425429344,0.700904369354248
523,51590_034b8b08_14,0.04026859253644943,0.3190070390701294
524,48402_8c965495_4,0.0013274477096274495,-0.90952467918396
525,26388_a3367cba_0,0.00535541120916605,0.3324522376060486
526,28300_b3a6ab79_6,0.005428842734545469,0.81836998462677
527,43938_418421a7_0,0.0007911572465673089,0.6413681507110596
528,41520_60018d18_0,0.0001331653620582074,0.04119598865509033
529,137869_344b239b_0,0.0011537217069417238,-1.7138700485229492
530,41648_577daf16_0,0.006185092031955719,0.7352420091629028
531,31347_386f6298_10,0.0027298906352370977,0.9483378529548645
532,82190_24b1b0fe_12,0.0025782957673072815,0.5484647750854492
533,33741_4a973932_1,0.0012681882362812757,0.7897459864616394
534,42005_3da46d94_0,0.0009964818600565195,-21.31298828125
535,132982_ee1eed2f_0,0.005493863020092249,0.7653970122337341
536,23898_6e740393_29,0.003738570725545287,-6.366658687591553
537,105831_88a0fb85_6,0.002201561816036701,0.9519846439361572
538,31278_749a6317_0,0.0005050631589256227,0.6966220140457153
539,51586_2ad96f8c_4,0.0018749154405668378,0.14399129152297974
540,57000_cd1ddece_14,0.0013005452929064631,0.4698947072029114
541,50692_e7ff2668_8,0.005823398474603891,0.792880654335022
542,65346_e89312e5_0,0.0006541459588333964,0.011413991451263428
543,38840_0e449caf_4,0.00323423370718956,0.16473346948623657
544,29573_ca59fbbf_5,0.018937086686491966,0.8090875744819641
545,30164_c5680724_12,0.024898512288928032,-0.3139594793319702
546,138620_e21e10ee_0,0.0018104121554642916,-0.5428740978240967
547,50305_caf9cef2_34,0.004916363395750523,-7.506858825683594
548,83396_fdb2987a_0,0.008436722680926323,0.6958420872688293
549,28379_7e292343_4,0.01309371367096901,0.7115006446838379
550,33529_756075a0_32,0.0027012110222131014,0.799278736114502
551,109857_1d24326e_42,0.00014399085193872452,-6.175573825836182
552,22772_2b5f6629_6,0.004641883075237274,0.9238232970237732
553,34600_e2685d46_2,0.008284421637654305,0.697271466255188
554,122344_ab1b06aa_2,0.01093610841780901,0.8022962808609009
555,123573_5f5c9584_1,0.0006879117572680116,0.4449979066848755
556,35166_562b126c_20,0.005448967218399048,0.7890837788581848
557,51350_138f893a_1,0.00011454837658675388,-0.09868979454040527
558,137785_67c3085b_16,0.006738448515534401,0.834176778793335
559,50417_199cffee_12,0.005510450806468725,0.7337886691093445
560,22194_a5c323b9_3,0.0021941163577139378,0.6420356035232544
561,42329_df7f540f_18,0.002785187214612961,0.7094986438751221
562,41779_25e4203d_6,0.0005161040462553501,0.2137070894241333
563,51094_40aa8332_20,0.006812726613134146,0.7443088293075562
564,109762_cb162371_38,0.006178558804094791,0.674749493598938
565,45922_26941172_9,0.0019108920823782682,0.6710083484649658
566,34587_ed155e93_0,0.002587801543995738,0.9256494045257568
567,69589_a468c1b4_0,0.009404522366821766,0.8014299273490906
568,44921_00dfb467_0,0.001185721019282937,0.7107769846916199
569,82672_4705a693_0,0.0008614074904471636,0.6162346005439758
570,26778_a71e88a6_0,0.0006383199943229556,-0.7206274271011353
571,69488_7bfb2b67_0,0.0023364811204373837,0.9350754618644714
572,22686_afe3a61e_0,0.0003597286413423717,-1.222485065460205
573,109772_5faa88e8_5,0.0016923801740631461,-0.1576474905014038
574,43938_418421a7_147,0.0025430007372051477,0.6506485939025879
575,141694_b5ac3112_3,0.005350227002054453,-1.0621285438537598
576,31973_093ea963_16,0.00019356835400685668,0.8784679770469666
577,26858_e90dc419_25,0.00035577858216129243,-1.0588655471801758
578,131350_bbdad30d_0,0.0021002686116844416,-0.1975017786026001
579,35741_c43475b8_1,0.00184235954657197,0.35794174671173096
580,30690_3df2c9e2_1,0.0032467185519635677,0.7231862545013428
581,122758_5f4efbf0_2,0.010152694769203663,0.3320000171661377
582,37822_3be11c62_0,0.00046092175762169063,0.8040210008621216
583,91174_ee6ee92b_1,0.0013183467090129852,0.6911261081695557
584,23676_52069f98_31,0.036538928747177124,0.6319347620010376
585,27958_fee329eb_1,0.0018287133425474167,0.5039446353912354
586,144534_3b4fdb09_18,0.0038106131833046675,-0.06477487087249756
587,30292_0b5e0265_1,0.04984442517161369,0.32146668434143066
588,111062_e59e2d31_0,0.04339396581053734,0.5068529844284058
589,135790_a27f9deb_77,0.007020255085080862,-0.3673689365386963
590,65842_de75838b_10,0.003122044261544943,0.34688448905944824
591,22475_9d9601a8_3,0.000181115887244232,-0.009709477424621582
592,119884_192e3265_0,0.008166942745447159,-0.21890735626220703
593,51463_3330e3aa_2,0.008371146395802498,0.1313384771347046
594,23231_efe613bb_4,0.004384794272482395,0.7754193544387817
595,22895_4533b542_2,0.0031316240783780813,0.5189902782440186
596,146219_5661130f_4,0.005506896413862705,0.8804910182952881
597,38953_19054857_19,0.0012236261973157525,-0.0874185562133789
598,21847_b2de7eb8_24,0.003583817509934306,0.7571308612823486
599,51603_034939eb_12,0.0009205109672620893,0.4326024055480957
600,24843_5231632c_4,0.0015624669613316655,0.027925610542297363
601,41982_f75ceb8f_4,0.00027307047275826335,-1.0772905349731445
602,42937_c573c439_2,0.0007145944400690496,-2.0038139820098877
603,61288_2d594195_0,0.0027419712860137224,-3.5075440406799316
604,55006_94230c00_0,0.0008759665652178228,0.12766075134277344
605,49898_f42a885e_5,0.008940900675952435,0.8051268458366394
606,55709_af3825c8_4,0.006425356958061457,0.7908704876899719
607,144117_83c980ca_2,0.00020894432964269072,0.2726435661315918
608,40417_b8d98f73_7,0.0018009108025580645,-0.19838035106658936
609,53200_d1e30b87_11,0.0005917043890804052,0.3512030839920044
610,147009_977ee378_4,0.00024073237727861851,-1.1259241104125977
611,63056_a5dfd66b_4,0.001877709524706006,-2.3926761150360107
612,22205_f48b96b3_10,0.003504551714286208,0.2019190788269043
613,51585_b695905b_4,0.006565880961716175,0.8546178340911865
614,24084_71f37c00_1,0.0019637402147054672,0.6058907508850098
615,25815_0e853ad9_10,0.001694615464657545,0.8940315246582031
616,55030_11a6e3e8_3,0.042719028890132904,0.6139829158782959
617,23042_1184de03_5,0.004332887474447489,0.8739152550697327
618,39719_e9629dbd_4,0.0004983149119652808,-4.481101036071777
619,51256_ed221095_2,0.001343448762781918,-0.5007842779159546
620,25810_93c8a71a_3,0.0035280564334243536,0.8651134967803955
621,22208_e177deb7_1,0.005361904855817556,0.6248117685317993
622,115624_d0acb46b_22,0.011528857052326202,0.8185402750968933
623,30708_4282508b_0,2.6236066332785413e-05,0.5939200520515442
624,31117_cd5cdbdb_12,0.0013620988465845585,0.4119492173194885
625,41733_1ec9b00c_32,0.0003434685932006687,-0.013935565948486328
626,111387_c4243097_2,0.0010124079417437315,-0.3750511407852173
627,119869_e8f0dd81_19,0.00021432603534776717,0.8387030363082886
628,34569_590239d6_0,0.004569450858980417,0.7902503609657288
629,136318_130d6a06_23,0.0006938327569514513,0.13632237911224365
630,145132_7aea3b66_4,0.018399976193904877,0.7591701745986938
631,41878_3aeaed3d_0,0.007584587205201387,-0.23338496685028076
632,34583_a1cf326b_0,0.002841104054823518,0.948002815246582
633,116581_d405b783_0,0.04924057051539421,0.3309847116470337
634,24044_9bbe7992_3,0.0012689372524619102,-0.583776593208313
635,22194_a5c323b9_2,0.003800380742177367,0.6574984788894653
636,142076_08d80e12_21,0.00020221339946147054,0.10533630847930908
637,55817_6ac2912d_7,0.0001537943899165839,-0.6584643125534058
638,21165_5cb2d287_2,0.00020667450735345483,0.5645058155059814
639,39796_45dcdc7d_0,0.04667218402028084,0.3947048783302307
640,33044_7fdd9213_1,0.013793588615953922,0.6344756484031677
641,23731_3fe5b501_6,0.0006888424977660179,-0.05886662006378174
642,32743_f4c47bbc_31,0.007272394839674234,0.3239876627922058
643,108775_4908fba2_21,0.004325837828218937,0.6155729293823242
644,21941_1a683ec2_19,0.003127323230728507,0.76918625831604
645,27682_04277f62_18,0.005774224177002907,0.7348251342773438
646,25815_0e853ad9_4,0.002045769477263093,0.8679864406585693
647,30261_723e95cf_2,0.0036057152319699526,0.8480256199836731
648,21385_601444ba_102,0.0038649069610983133,0.8182012438774109
649,30368_d7fd30ce_7,0.0009666626574471593,0.6354451179504395
650,55605_2f8bc12e_3,0.01415055152028799,-1.3099825382232666
651,24650_dad8c8ee_15,0.00016038038302212954,-4.003785610198975
652,34227_48203345_7,0.02302739769220352,0.35801368951797485
653,113348_ac85cba3_1,0.0025061657652258873,0.730862021446228
654,26552_25c5924a_1,0.0028780370485037565,-0.10207617282867432
655,55381_cbaffe9b_0,0.001303359167650342,0.6391949653625488
656,55817_6ac2912d_25,0.00934688001871109,0.7515981197357178
657,138947_0778db40_4,0.0006464478792622685,0.7471984028816223
658,52788_07f7da63_0,0.0017580953426659107,0.5635766386985779
659,70355_e5f58cd5_6,0.0002566966868471354,0.5677149891853333
660,51744_cd355565_8,0.009418461471796036,-0.9309749603271484
661,41227_90e1c07c_16,0.00916219875216484,0.7692710757255554
662,45359_1768ab3f_42,0.005450252443552017,0.42479652166366577
663,41783_d1c10326_3,0.0005455510108731687,-0.7550266981124878
664,32960_0eaa1de8_13,0.0005851752357557416,-41.24501419067383
665,34674_32ee1595_3,0.006900074426084757,0.7659671306610107
666,136885_23632908_1,0.006156155839562416,-1.196943998336792
667,136808_00592735_3,0.004364494699984789,0.05048936605453491
668,45589_49e3c7ea_5,0.002104068174958229,0.956684410572052
669,141665_0564e852_3,0.006579287350177765,-0.5710958242416382
670,50897_3be92e2f_18,0.0018166942754760385,0.9575756192207336
671,84256_4164b724_3,0.0015757969813421369,-0.5119457244873047
672,22994_e6ad8f2b_10,0.006434822455048561,0.7611805200576782
673,28295_0dc908b9_8,0.002135463058948517,0.3310965299606323
674,23329_6939d5d9_5,0.0007346581551246345,0.1850268840789795
675,123665_0a0da5c7_3,0.0002693592687137425,-1.1026959419250488
676,121172_0ac63503_7,0.002914952579885721,0.4480016827583313
677,50941_2a8a8c76_0,0.0027123759500682354,0.9462109208106995
678,37846_cde34fcd_66,0.0015846191672608256,0.7340466976165771
679,56040_9b1307eb_21,0.00405757175758481,0.3680112361907959
680,146535_229c95bc_1,0.0006040699663572013,-1.767756700515747
681,50947_49287c16_2,0.011218749918043613,0.8166274428367615
682,95622_0a0787e4_5,0.0017430507577955723,0.05667448043823242
683,25432_f13e5110_0,0.004115487914532423,0.8703992962837219
684,32454_e959e3cf_0,0.008485610596835613,0.7611908912658691
685,65858_61e9b51a_18,0.005167199764400721,-0.17878758907318115
686,70350_751de4b0_3,0.005123608745634556,0.2916843891143799
687,129239_0d49310c_15,0.0003077074943576008,0.8827204704284668
688,31008_8fa25b35_8,0.004020435269922018,0.15105420351028442
689,55306_795d845b_2,0.00014275388093665242,0.092704176902771
690,29729_e8bb36f1_2,0.0011805290123447776,-0.3911457061767578
691,67283_4097cbd6_5,0.00043216394260525703,-2.6744933128356934
692,23904_811e466f_4,0.0018065313342958689,-0.5156141519546509
693,116076_12d31fb7_1,0.0039571113884449005,0.40452808141708374
694,45302_02d7e3bc_0,0.006190394517034292,-0.5570065975189209
695,60977_4bb093ec_1,0.007074345834553242,0.6847665905952454
696,49017_76979790_8,0.0024581074248999357,0.5340919494628906
697,146321_0dbae658_10,0.00012956297723576427,-12.056255340576172
698,102194_150e3faf_3,0.002965993247926235,0.9091583490371704
699,34769_44655d03_5,0.0007000867044553161,0.21718144416809082
700,38953_19054857_6,0.0012581405462697148,-0.032750725746154785
701,55397_ad24603f_1,0.0016650519100949168,-0.7283015251159668
702,21908_385686ec_15,0.00304194213822484,0.8531670570373535
703,60721_57103153_4,0.0015809827018529177,-1.5311775207519531
704,98701_7cd4ec8d_0,0.023301774635910988,0.5767478942871094
705,91703_642cdf1a_1,0.005294301081448793,0.9004138708114624
706,26661_ab88a525_5,0.0025010923855006695,0.3690947890281677
707,51940_67bb0219_21,0.00036111343069933355,0.23044663667678833
708,22543_684108ff_22,0.0017029389273375273,-0.6922168731689453
709,145250_cde4d039_8,0.0005075137014500797,0.4286345839500427
710,20232_e5b060d9_6,0.0008871062309481204,-0.6103712320327759
711,128043_d4650350_0,0.03688027337193489,0.5047672390937805
712,140530_30edf2c4_0,0.002313283272087574,-0.9522680044174194
713,131814_9af6d05a_0,0.004880131222307682,0.26618069410324097
714,26245_4aac38e1_9,0.001611394458450377,0.32686299085617065
715,30282_88c6933c_14,0.005775404628366232,0.7784119248390198
716,32322_71d0035e_1,0.003946170676499605,0.7975279688835144
717,131762_d10609a4_1,0.008032466284930706,0.6371722221374512
718,54812_5f7b7aba_2,0.0004412897687871009,0.8062698841094971
719,135830_8fb36dac_4,0.010691775940358639,0.5265803337097168
720,139280_8874b1ab_4,0.00018376234220340848,0.6052793264389038
721,49904_639055dd_1,0.006662605330348015,0.236350417137146
722,53601_59d3ecd2_0,0.009285329841077328,0.6193287372589111
723,50047_54241fe3_12,0.005226683337241411,0.5954297780990601
724,136925_70fb0381_3,0.0029318206943571568,0.8205870389938354
725,87488_95f678ce_0,0.019314710050821304,0.5735867023468018
726,137166_90691294_2,0.00019141699885949492,0.8727155923843384
727,44030_17bd5ec9_11,0.0009775417856872082,-0.5489904880523682
728,137396_b5f6bec4_5,0.00640686834231019,0.8075706362724304
729,21900_760d2078_10,0.00922616757452488,0.8663533926010132
730,21185_ac5324ba_5,0.00734804617241025,0.7708307504653931
731,31132_2320d049_4,0.0035981100518256426,0.9345516562461853
732,82281_80cdf67c_4,0.0001693122903816402,0.5728694200515747
733,38287_88ec74de_15,0.0024159138556569815,0.9532134532928467
734,136128_831e37a6_0,0.004803805612027645,0.46558767557144165
735,21330_f0cee934_18,0.0016347031341865659,-0.0729748010635376
736,34109_5a868eae_10,0.0026054761838167906,0.7508953809738159
737,21174_861bd902_2,0.007885974831879139,0.31268537044525146
738,49783_365bec9e_6,0.008232680149376392,0.7530297040939331
739,24429_ace910b3_8,0.00016333448002114892,-8.558960914611816
740,22772_2b5f6629_4,0.0020500810351222754,0.4758400321006775
741,53927_ef5208b9_14,0.014310636557638645,0.40379923582077026
742,56250_3b6024e3_54,0.004229350946843624,0.9075744152069092
743,23522_5c2ec58e_8,0.012085207737982273,0.6191935539245605
744,121177_93fb3127_10,0.0008874632185325027,-0.6104823350906372
745,138840_b7f948ea_2,0.004623726010322571,0.5293938517570496
746,41125_711db4bf_6,0.014123561792075634,0.6659478545188904
747,102606_28922dfc_0,0.021683551371097565,-226.99131774902344
748,31530_6744ae73_50,0.03831924498081207,0.31635111570358276
749,50598_eae0df5a_1,0.0002265718358103186,0.5857095718383789
750,145726_19ccdbda_12,0.0013209532480686903,0.5763970017433167
751,41469_b94cf3e4_0,0.002325573703274131,0.5233259201049805
752,147009_977ee378_1,0.0024098288267850876,0.7683683037757874
753,24267_8a216138_10,0.002599485218524933,0.7889591455459595
754,63071_3d434a33_16,0.00821445882320404,0.5617263317108154
755,34436_ffc43a58_4,0.0016924532828852534,-0.46000516414642334
756,50692_e7ff2668_4,0.0010065129026770592,0.596699059009552
757,146642_883a71d2_9,0.03843766450881958,0.39298170804977417
758,109772_f1a0845e_7,0.004712095949798822,0.8900414109230042
759,136640_16741d62_1,0.0012961060274392366,0.6709234714508057
760,21680_360ba5c7_11,0.0012628764379769564,0.4869118928909302
761,27729_09d75da1_2,0.003368733450770378,0.9040426015853882
762,82148_5df06ed9_19,0.011783387511968613,0.1814761757850647
763,55287_8a57a3db_1,0.005835085175931454,0.6410320401191711
764,53221_74fa81cd_5,0.0015285322442650795,0.2669569253921509
765,30417_0010bc7c_39,0.003454879391938448,0.7303162813186646
766,23706_ef15ef9c_40,0.004495034925639629,0.3584311008453369
767,140763_e14274f8_3,0.0014797472395002842,-0.12021768093109131
768,23602_5daaccf5_3,0.0010593738406896591,0.8282661437988281
769,30282_88c6933c_9,0.0017844868125393987,0.8877454996109009
770,56824_0fc773f6_0,0.004448660649359226,0.7463908195495605
771,42410_d3b5588e_1,0.008499625138938427,-0.2914015054702759
772,55055_dd27a8a4_0,0.0028358707204461098,0.9480968117713928
773,115633_a2c63339_6,0.0021424884907901287,-1.371854543685913
774,73651_a41647f8_5,0.00018567964434623718,0.28022319078445435
775,33413_060ce192_32,0.008036244660615921,0.3826543092727661
776,97331_a482fa9b_0,0.001922712312079966,0.5936918258666992
777,23476_705b76d1_0,0.0056124236434698105,0.7804756164550781
778,32566_7bfc936b_6,0.04068899154663086,0.6154424548149109
779,41717_eb1c1e6b_0,0.005415597930550575,0.5660152435302734
780,60720_ef9a0a95_8,0.0007828386733308434,-0.6731817722320557
781,138700_ab763a46_202,3.4763943403959274e-05,-18.184776306152344
782,38287_88ec74de_17,0.008861380629241467,-0.4573413133621216
783,135535_0bd0048d_0,0.011500393971800804,0.8267900943756104
784,21797_69df08d5_7,0.09629999846220016,0.23328882455825806
785,65350_b3fa8f4f_47,0.17064397037029266,0.21461045742034912
786,41714_1d49f4d1_3,0.0036447260063141584,0.592738687992096
787,66012_a13e1644_1,0.0008034438360482454,0.6592841148376465
788,22652_564979ff_11,0.0008608950302004814,0.36005640029907227
789,25127_ecba81df_23,0.0014092602068558335,0.08029776811599731
790,47548_db93c988_4,0.00154831912368536,-2.7877256870269775
791,55927_f8b31711_5,0.006072280462831259,0.675227701663971
792,31647_ab9ad9dc_2,0.0033089080825448036,0.5527390837669373
793,41128_ee74f244_8,0.001294383080676198,0.6457449197769165
794,20959_d4905d19_4,0.00402887212112546,0.011556506156921387
795,52009_a2b75078_3,0.09184680879116058,0.0749768614768982
796,22201_473a3a65_16,0.002495153108611703,0.6619807481765747
797,29442_365e23df_30,0.014006384648382664,0.60384601354599
798,51859_6b2fd0f1_8,0.0013161373790353537,0.9550532698631287
799,140413_44177109_15,0.0004784507618751377,0.5756170749664307
800,21822_7d3db422_11,0.01120691653341055,0.6885876655578613
801,24168_a0ede173_100,0.0010478436015546322,0.24377870559692383
802,145532_c2304f89_1,0.010656693018972874,-0.49228382110595703
803,104641_2cd02839_13,0.00021256129548419267,0.17612701654434204
804,23679_81ef9e37_2,0.0017328447429463267,0.5871225595474243
805,95271_de3df8d5_2,0.00040960957994684577,-0.9722461700439453
806,41401_e4117da2_0,0.00025940180057659745,-4.652241230010986
807,48006_babdf4af_9,0.018686123192310333,0.7836092710494995
808,142246_0851be5e_32,0.03240208327770233,0.46230292320251465
809,33615_7bab1106_4,0.0033279305789619684,0.7797911763191223
810,31117_cd5cdbdb_18,0.01179519947618246,0.8214603662490845
811,34914_8911676d_0,0.004960265010595322,0.5910755395889282
812,55501_a09e4ced_2,5.370117287384346e-05,-1.017188549041748
813,41128_ee74f244_9,0.0026126145385205746,0.13515764474868774
814,142246_0851be5e_22,0.004883605986833572,0.11426860094070435
815,22413_901f5867_0,0.00010691869101719931,0.6764089465141296
816,56490_0a0fba77_0,0.001864517224021256,0.4711512327194214
817,93676_4f934980_1,0.0010321640875190496,-1.288191795349121
818,146642_883a71d2_96,0.012671897187829018,-0.38311922550201416
819,24032_d6172503_3,0.00570750841870904,0.03243070840835571
820,44221_25c62f03_1,0.0027605267241597176,0.9488706588745117
821,50315_0f1419bf_33,0.007767579518258572,0.24607986211776733
822,133389_0938a905_2,0.0015570109244436026,0.6048413515090942
823,24824_cf51e5b6_4,0.0022946270182728767,0.569542407989502
824,33970_32f36442_3,0.0062307449989020824,0.8056985139846802
825,29359_bbfab271_2,0.0018316063797101378,0.6775585412979126
826,23172_4ab01e83_0,0.006298920605331659,0.846916675567627
827,98511_1b46a85e_45,0.021412277594208717,0.3982095718383789
828,98511_1b46a85e_46,0.0209042988717556,0.38541024923324585
829,34248_cc11976c_0,0.00445492472499609,0.8353996276855469
830,104003_46555fb2_0,0.0005750617710873485,-0.2787848711013794
831,34520_035b5e9a_8,0.002957473276183009,-0.01643240451812744
832,38397_93d5d7de_12,0.025635087862610817,0.6448385119438171
833,130023_93b3ca95_1,0.0022484580986201763,0.2085949182510376
834,83213_47c49876_1,0.006661462597548962,0.23649370670318604
835,43928_6ca53538_63,0.01901116967201233,0.5578982830047607
836,82779_b7b722e3_9,0.00265243137255311,0.6832126975059509
837,134967_0f27ef51_1,0.0007275117677636445,0.4557229280471802
838,86024_714b24f4_1,0.005640063900500536,0.7790457010269165
839,40807_58058731_11,0.0024629642721265554,0.6285467743873596
840,26750_cd3cb3ff_0,0.01710442453622818,0.7032976150512695
841,126913_d253adb7_2,0.003491508774459362,0.31109631061553955
842,24268_2804c9ff_13,0.0074816737323999405,0.8053966760635376
843,45542_320c16fd_3,0.007995945401489735,0.841033935546875
844,22342_274ed8a6_1,0.002130270702764392,0.5386389493942261
845,133385_e6aa64d8_17,0.00048433002666570246,-0.9415253400802612
846,143509_1dd5212d_3,0.005564159248024225,0.8358922004699707
847,47989_3ff0f41d_0,0.02165585197508335,0.3839346766471863
848,21822_7d3db422_14,0.0357004851102829,0.484478235244751
849,21517_bfe35b4c_12,0.0007587671861983836,-0.32452261447906494
850,52883_e518d3f4_10,0.0055121141485869884,0.10508638620376587
851,41871_f9a1ad02_14,0.005269743036478758,0.4728146195411682
852,37016_455093c1_2,0.001478811725974083,0.20722270011901855
853,31117_cd5cdbdb_78,0.07571970671415329,0.41281843185424805
854,129239_0d49310c_22,0.0002437744988128543,0.2922176718711853
855,30400_8824ce97_6,0.025936266407370567,0.4577150344848633
856,53233_8dbca22c_8,0.004863771144300699,0.6588325500488281
857,40514_bb61631d_25,0.0019439165480434895,0.5699414610862732
858,24053_53349e4d_2,0.0011102865682914853,-0.42889928817749023
859,41917_f0c40fa1_16,0.006344090215861797,0.8499201536178589
860,22543_684108ff_5,0.009042826481163502,0.6414989829063416
861,138636_c1153075_0,0.001191972172819078,-0.06400072574615479
862,24448_75004b6c_6,0.005422364920377731,0.8273612856864929
863,24831_bbd3e098_8,0.0016817349242046475,-0.6479413509368896
864,53221_74fa81cd_3,0.0030419696122407913,0.17767494916915894
865,76879_65a30a82_4,0.0005603879108093679,0.08391827344894409
866,108773_f9384cff_10,0.00010878725879592821,-0.1481037139892578
867,33671_0e9c6ca3_5,0.002124183578416705,0.8312880396842957
868,93103_fdb9fcb7_15,0.015583348460495472,0.1591392159461975
869,137675_d2bd633e_0,0.006029471755027771,-2.776212215423584
870,21893_0500d043_32,0.001636756001971662,-0.07005429267883301
871,22110_0bc70e9f_1,0.0014310861006379128,0.12051844596862793
872,43152_b5472481_1,0.004993889946490526,-0.8753126859664917
873,115717_40314bc2_1,0.004927984904497862,0.5694190263748169
874,102943_ca9e7968_0,0.00048254086868837476,0.34340232610702515
875,136401_69f29349_0,0.010035528801381588,-5.656671047210693
876,28542_3c922564_0,0.003226368920877576,-0.17650389671325684
877,24267_8a216138_6,0.00528095755726099,0.7103821039199829
878,84374_272a9731_7,0.005870298016816378,0.22602814435958862
879,23531_1ecc8346_18,0.05994514375925064,0.415277898311615
880,41871_f9a1ad02_30,0.006385827902704477,0.8064516186714172
881,132461_14abd2d0_0,6.156777817523107e-05,-0.718799352645874
882,37617_3f415463_2,0.000946124317124486,-0.5460398197174072
883,41696_de0790a1_1,0.0029747600201517344,0.9339427351951599
884,54657_2a66e0de_20,0.002250298857688904,0.7933643460273743
885,24425_0dc4b306_0,0.001327729201875627,0.8699703216552734
886,146667_fe438b5b_0,0.0034777086693793535,0.8677363395690918
887,23048_8a1a5553_8,5.8024157624458894e-05,-0.5612200498580933
888,51871_86ebf5b2_17,0.012857903726398945,-1.353851556777954
889,30664_a3084f71_6,0.004010144155472517,0.7539328932762146
890,139801_97e2ca6a_5,0.0028658141382038593,0.4132468104362488
891,22278_12f1fb79_13,0.0056970021687448025,0.6293712854385376
892,22776_facf9bcf_8,0.004494307097047567,0.8470318913459778
893,40500_6055e3d7_15,0.07785601913928986,0.22348642349243164
894,35740_5322d674_13,0.0011099223047494888,0.32476115226745605
895,39792_60786b6c_12,0.006036585662513971,0.7808493375778198
896,115524_4a411f7e_0,0.002353015588596463,0.4654802680015564
897,24131_3ea7d5a8_17,0.005062815733253956,0.755792498588562
898,100326_0602c712_2,0.014637235552072525,0.5350606441497803
899,34571_25c64838_2,0.004575227852910757,0.7288333177566528
900,143534_4f65fd1a_0,0.001263022655621171,0.5729825496673584
901,101446_95204330_1,0.001336394576355815,0.15281176567077637
902,41749_14d0599c_10,0.0003605618258006871,-0.052292704582214355
903,55715_525d1d3e_12,0.0002786052937153727,0.17360544204711914
904,45307_b9b4bca0_30,0.08850833028554916,0.36610639095306396
905,22654_4c426b0f_0,0.0022670039907097816,0.7161152362823486
906,22670_9353c710_4,0.001917624962516129,0.4119388461112976
907,99445_94c22a37_11,0.006364159751683474,0.9054431319236755
908,132811_57264a28_4,0.006455695256590843,0.47259521484375
909,23258_87a2ba81_3,0.00024244077212642878,0.6167751550674438
910,50777_2934de55_22,0.005276014097034931,0.8127136826515198
911,98418_4185a7fb_0,0.005225689150393009,0.8734006881713867
912,43441_e1ab0873_2,5.972411599941552e-05,0.2762964367866516
913,24271_dbc0fd2d_12,0.001309291459619999,0.7118063569068909
914,38944_0d0c3fce_0,0.09104651212692261,0.4101598262786865
915,40624_e1c5c424_11,0.0001579790114192292,-2.9788618087768555
916,100028_0c3a8f1c_13,0.010178709402680397,0.8690741062164307
917,40491_ac67bf4c_13,0.008489576168358326,0.8407559394836426
918,25416_1deb9c75_0,0.0018049333011731505,0.6875624060630798
919,21657_2651585a_6,0.0043771094642579556,0.7679963707923889
920,21986_67c5509a_15,0.002535780891776085,0.6853758096694946
921,32288_34013274_2,0.0042062802240252495,0.28805166482925415
922,55373_ddd74d2f_0,0.004057393874973059,0.47597676515579224
923,26245_4aac38e1_0,0.005245769862085581,0.6994266510009766
924,33044_7fdd9213_0,0.0012193878646939993,0.7822800874710083
925,31530_6744ae73_48,0.07486442476511002,0.2768031358718872
926,25555_fd3d9a3c_1,0.00021949912479612976,0.6918356418609619
927,54175_7d864ace_6,0.0029386377427726984,0.3400740623474121
928,72950_5074f5a3_0,0.0030262600630521774,-1.0005240440368652
929,129618_2962c248_0,0.01210739929229021,0.7977840900421143
930,52012_77070fda_10,0.0001660919515416026,0.7395267486572266
931,28295_0dc908b9_7,0.0023714732378721237,0.3629569411277771
932,144419_90e59d67_2,4.405525396578014e-05,0.5131403207778931
933,22734_f6bad9f7_24,0.012513666413724422,0.6127283573150635
934,22604_0b4ffb43_14,0.0028358707204461098,0.9480968117713928
935,81996_b3752ed2_3,0.00032449408899992704,0.7087931036949158
936,24504_493cee15_8,0.016079718247056007,0.359738290309906
937,39124_28e99e62_1,0.0007233872311189771,0.18603914976119995
938,29725_0ad4937e_1,0.0008507412276230752,-0.537729024887085
939,109232_04340d62_6,6.391893839463592e-05,-0.16271734237670898
940,129075_8fbf62e5_0,0.0013421977637335658,-0.06219327449798584
941,102937_18c3cb6a_4,0.007230659015476704,0.7464836239814758
942,52551_8098346a_5,0.0008148154593072832,-0.4173792600631714
943,128043_6947b64c_0,0.004739169497042894,0.7264204025268555
944,119030_292009a7_41,0.0020395165774971247,0.700823962688446
945,48526_5aecac8a_0,0.001988741336390376,0.6651201248168945
946,32541_86f7df73_4,0.0015822970308363438,-0.5052871704101562
947,55114_7bf17f6a_0,0.007555039599537849,0.4523034691810608
948,55285_6816da52_1,0.024845819920301437,0.4622768759727478
949,37683_e2cca100_17,0.0004500137874856591,0.2915029525756836
950,78775_e2d8b091_15,0.007252518553286791,0.762868344783783
951,93199_2146e709_2,0.0018775423523038626,0.7783398628234863
952,135595_656de97a_14,0.0013598538935184479,0.0250394344329834
953,24284_3710e946_16,0.005269345361739397,0.8806214332580566
954,135521_30553c91_2,0.00016702596622053534,-1.4224514961242676
955,29732_fb15318c_5,0.0012035308172926307,-0.14327716827392578
956,88060_389bdff4_0,0.003384208306670189,0.79405677318573
957,27839_4a077326_28,0.010485919192433357,0.7401832342147827
958,100435_87bf423d_8,0.0023128583561629057,0.9544259905815125
959,25365_bb0e4ede_44,0.0007041007047519088,0.0014017224311828613
960,146169_144d8264_0,0.10377173870801926,0.43955451250076294
961,23342_7193a931_3,0.0005945783341303468,-0.7517081499099731
962,57000_cd1ddece_12,0.002593796467408538,0.9481422901153564
963,119790_1ed376f0_3,0.0011870168382301927,-0.2955077886581421
964,72522_e9e87960_4,0.008480909280478954,0.8408167958259583
965,65366_f618b577_2,0.0005393428727984428,0.5305197834968567
966,55707_c78416ed_35,0.007026528939604759,0.6327958703041077
967,70321_eccffc7e_0,0.003905100515112281,-0.011643171310424805
968,120143_b5756e6b_0,0.005234451964497566,0.27307939529418945
969,27726_aca43af4_35,0.0009549753158353269,-43.369163513183594
970,31361_72aab333_20,0.002215224551036954,0.29597902297973633
971,121949_e10b5e85_12,0.008247056975960732,0.7722135186195374
972,146399_0e4b73c4_13,0.03200453147292137,0.3429759740829468
973,41134_fc146947_6,0.002081263344734907,0.027004480361938477
974,21237_7887a24b_35,0.00021981300960760564,0.09125357866287231
975,24885_55e20ddf_3,0.0004243518633302301,0.5807538628578186
976,34914_8911676d_23,0.005297260358929634,0.05854922533035278
977,21803_8a36dcda_12,0.010173448361456394,0.6595813632011414
978,41306_8f26e703_5,0.0002098095865221694,-1.264930248260498
979,25118_f50fdc69_10,0.00029978479142300785,0.562150776386261
980,25473_0991d519_9,0.006568684242665768,0.8355126976966858
981,126585_86fa26cb_0,0.0005234283162280917,0.35357367992401123
982,145691_69484976_9,0.0025254429783672094,0.772932231426239
983,60729_c51868ec_0,0.0011002339888364077,0.39387935400009155
984,123929_e7dbad2c_0,0.0014636957785114646,0.3047276735305786
985,69649_70b07cac_0,0.001887733000330627,0.958301305770874
986,55135_f1186d58_9,0.0014625515323132277,-0.822121262550354
987,20838_86c931be_2,0.0024165743961930275,0.6995472311973572
988,45242_626509cb_11,0.0011057737283408642,0.5113541483879089
989,34983_439766af_13,0.016458524391055107,0.8288041353225708
990,53453_fb0f1640_1,0.020611077547073364,0.37430471181869507
991,23255_972fbfe6_25,0.004759687464684248,0.849970817565918
992,24168_a0ede173_203,0.147742360830307,0.17832154035568237
993,55476_1473d91f_0,0.0014441757230088115,0.2637501358985901
994,55111_ef389075_1,0.006581767462193966,0.7484392523765564
995,141710_17531562_1,0.0010337692219763994,0.9132019281387329
996,96601_b89e6252_1,0.00036546908086165786,-0.94354248046875
997,135790_a27f9deb_43,0.05340244993567467,0.315801739692688
998,121363_746708db_0,0.0016802556347101927,0.35350245237350464
999,136886_3aa46890_0,0.0008127999608404934,0.6969383955001831
1000,50315_0f1419bf_19,0.04106050357222557,0.43521320819854736
1001,37846_cde34fcd_14,0.00016063073417171836,-0.8161460161209106
1002,24816_ef81ad4c_1,0.002811247482895851,-0.005247712135314941
1003,75646_4baf69b2_7,0.03602812811732292,0.49549156427383423
1004,140155_81f9ac63_0,0.002066902117803693,0.4843316078186035
1005,51603_034939eb_10,0.006106415763497353,0.6617072224617004
1006,30435_c97330d2_0,9.747032163431868e-05,0.8351949453353882
1007,27839_4a077326_27,0.004128342028707266,0.7755283117294312
1008,55627_971fde61_34,0.006742438301444054,0.47874385118484497
1009,134909_ef3d003c_0,0.0006774186040274799,0.3354339003562927
1010,33413_060ce192_51,0.00014198350254446268,-18.67215347290039
1011,22245_ca848576_12,0.0006870817742310464,0.19759690761566162
1012,52039_ba12c3ac_1,0.0025697187520563602,0.9486255645751953
1013,39707_358f88df_2,0.002013550605624914,-1.1442248821258545
1014,50014_33f250c8_3,0.08978943526744843,0.18098080158233643
1015,52987_387431ac_1,0.005054664798080921,0.652930736541748
1016,33501_b1ee5058_15,0.002537674969062209,0.9495377540588379
1017,82168_4844bddd_1,0.0020093603525310755,0.7286991477012634
1018,30384_95e72fc2_4,0.00029952789191156626,-2.2988457679748535
1019,23554_a0845d54_2,0.001631057821214199,-0.36344432830810547
1020,23800_65e0a5d1_0,0.00032583027496002614,-0.026851892471313477
1021,41128_ee74f244_0,0.0018656110623851418,-0.8729674816131592
1022,143019_22dbd3e6_2,0.0031437233556061983,0.90025794506073
1023,79993_6087acd5_8,0.01415182650089264,0.5523013472557068
1024,21422_b2a6bf27_0,0.010683014057576656,0.8238670229911804
1025,25487_dd2c17e8_21,0.0015290052397176623,-0.35763657093048096
1026,22654_4c426b0f_10,0.000265260023297742,-0.7813334465026855
1027,30368_d7fd30ce_6,6.821101123932749e-05,-0.4588644504547119
1028,57249_6bd2af3c_2,0.004807689227163792,0.8226451873779297
1029,57029_3ab80a22_0,0.005738095846027136,-0.13832342624664307
1030,79906_052c7eb4_3,0.0015300768427550793,0.6683337688446045
1031,82996_b8dc67c9_10,0.0006807636236771941,0.060524046421051025
1032,119884_192e3265_1,0.0008036036160774529,0.6334971189498901
1033,21225_c081eae3_10,0.0067742797546088696,0.6116163730621338
1034,121949_e10b5e85_1,0.0021700176876038313,0.4508964419364929
1035,81994_ba8916c9_5,0.00032024801475927234,0.7201710343360901
1036,22447_4062c6cb_29,0.0042531779035925865,0.9282532930374146
1037,55044_ee57bac8_1,0.0006065850611776114,-1.3046674728393555
1038,41871_f9a1ad02_13,0.062487583607435226,0.6490449905395508
1039,74688_a5168a45_2,0.00013538908387999982,-28.09021759033203
1040,23218_02d26ab4_4,0.0006240501534193754,-0.4353419542312622
1041,41205_dc60aa5d_0,0.001695311046205461,0.5785386562347412
1042,41979_ca698776_0,0.0052168588154017925,-0.06992936134338379
1043,141453_50ec6f25_7,0.006289194338023663,0.8218462467193604
1044,97143_5424c420_0,0.0005976688116788864,0.8466151356697083
1045,41986_26275a06_2,0.008248834870755672,0.22241300344467163
1046,136800_c5e4d711_2,0.00102922972291708,-0.40680623054504395
1047,101635_11b839a3_5,0.00024776640930213034,-1.029855728149414
1048,55866_b041060d_0,0.0021198142785578966,0.8702547550201416
1049,53846_89405f98_0,0.00298706884495914,0.38970881700515747
1050,27725_5cceaeb7_1,0.002509443089365959,0.7735762596130371
1051,146137_92faaea5_9,0.00927208922803402,0.25707900524139404
1052,41211_11f6b8a0_4,0.0004918714985251427,0.7974279522895813
1053,21330_f0cee934_46,0.002598557621240616,0.9480466842651367
1054,127188_5fecd146_4,0.0002014787751249969,0.7231488227844238
1055,135949_06517574_8,0.00022085168166086078,-1.289560079574585
1056,68928_0d4e4a2e_24,0.0062990859150886536,0.603913426399231
1057,50410_f8f03667_38,0.00016647861048113555,-10.461209297180176
1058,142999_171240b6_21,0.00022888286912348121,0.8307677507400513
1059,144709_642fc665_0,0.003707548137754202,0.6356480121612549
1060,53232_f8760054_10,0.00045143940951675177,-3.32065486907959
1061,22372_e91792a1_0,0.00010070436837850139,-0.29153645038604736
1062,21767_53eaa558_12,0.0813458114862442,-0.05118513107299805
1063,32220_1fd19c5e_0,0.0003227658453397453,0.6683987379074097
1064,22886_a6331748_1,0.00878390483558178,0.19354283809661865
1065,130996_b842b511_12,0.0018437942489981651,0.8300546407699585
1066,55571_74a416b1_1,0.0006883583264425397,-4.839106559753418
1067,70169_914780d4_1,0.0007418054156005383,0.717521071434021
1068,23156_7788f78a_6,0.0752485916018486,0.45551466941833496
1069,124496_20e20439_10,0.0004718273994512856,-0.037014126777648926
1070,76300_7cb02add_1,0.0025685038417577744,0.6196707487106323
1071,21647_6b6cca6f_10,0.0025228136219084263,-0.3769707679748535
1072,22734_f6bad9f7_23,0.012349365279078484,0.4855443835258484
1073,94176_0a6c42ab_2,4.366090433904901e-05,-7.012707710266113
1074,24048_d731886d_9,0.021345440298318863,-1.352781057357788
1075,25487_dd2c17e8_30,0.002550408011302352,-0.15287494659423828
1076,115717_40314bc2_4,0.00015602858911734074,0.492473840713501
1077,125592_875faf40_0,0.008028768934309483,0.6273314356803894
1078,41871_f9a1ad02_44,0.010546605102717876,0.2549036741256714
1079,146642_883a71d2_8,0.0029287408106029034,0.28543663024902344
1080,136883_076fbff9_31,0.0002663331979420036,0.11902725696563721
1081,60766_fb8715eb_3,0.010378891602158546,0.2409953474998474
1082,30818_33617072_0,0.021478552371263504,-0.08745920658111572
1083,130679_7a357a9c_18,0.010196233168244362,0.4002261757850647
1084,55306_795d845b_0,0.00023620999127160758,0.49363064765930176
1085,135934_d2f6bb2e_33,0.0008610159857198596,-0.14791476726531982
1086,111054_e45a0d40_7,0.09126785397529602,0.11713767051696777
1087,36826_d9269c2e_10,0.0029669408686459064,0.7984721064567566
1088,37619_ae810a8d_7,0.00013653005589731038,-61.35564041137695
1089,22343_34184fd5_22,0.0005330874701030552,-0.6499279737472534
1090,113020_de552f8d_0,0.001114805694669485,0.30287450551986694
1091,20216_89b90993_0,0.009016766212880611,0.39930230379104614
1092,23325_292b3294_16,0.004530896432697773,0.5689549446105957
1093,23522_5c2ec58e_9,0.005831132642924786,0.5572584867477417
1094,146624_359752bb_20,0.00013821151515003294,-68.67518615722656
1095,104990_11b4aeee_1,0.007150824647396803,0.8365456461906433
1096,90917_4670b560_0,0.024308597669005394,0.5275567770004272
1097,54818_59adf8c2_5,0.0006110795075073838,0.4715266227722168
1098,34109_5a868eae_3,0.000840921769849956,-0.37195301055908203
1099,23161_e7f63a9f_2,0.0023161040153354406,0.7904300689697266
1100,37160_2a95674a_27,0.0010672315256670117,0.6271327137947083
1101,61280_8bdbc90f_0,0.006893075071275234,0.7524369955062866
1102,55083_dac1f9cc_2,0.0023531275801360607,0.8041026592254639
1103,34341_d19b12fb_14,0.00021878092957194895,-1.1760108470916748
1104,54516_ac9e2ef4_61,0.0019844805356115103,0.6704821586608887
1105,24559_3c306e71_2,0.0004407663072925061,0.10275429487228394
1106,105831_88a0fb85_1,0.007006007246673107,0.7338154911994934
1107,32743_f4c47bbc_19,0.007288523484021425,-0.35430991649627686
1108,40500_6055e3d7_18,0.0047982013784348965,0.7696742415428162
1109,22862_f5406bb0_0,0.010805142112076283,0.826178789138794
1110,141081_ae61ec46_0,0.006942300591617823,0.8995007276535034
1111,135112_cf8007b8_4,0.014874070882797241,0.7743573188781738
1112,131442_1512d9ff_5,0.0003898545110132545,0.1749798059463501
1113,145132_7aea3b66_1,0.17230482399463654,0.3478415608406067
1114,41871_f9a1ad02_45,0.003237632568925619,0.3759607672691345
1115,51775_49ef614a_1,0.003862325567752123,-0.09436905384063721
1116,143293_fc5b0ff7_23,0.00036652531707659364,0.330375075340271
1117,51547_a7e01c38_6,0.00020913234038744122,0.7003635168075562
1118,114021_44c3c39c_2,0.00017245726485271007,0.5700559616088867
1119,123766_c5a4cf5e_0,0.0005280627519823611,-2.3668017387390137
1120,23031_0d684603_8,0.004156966228038073,-0.791759729385376
1121,132996_c742ef84_4,0.004509213846176863,0.37426596879959106
1122,137096_5d77f285_1,0.004041081760078669,0.5176676511764526
1123,27072_b4756e8c_2,0.005081216339021921,-0.14921247959136963
1124,51915_e704f5dd_2,0.0020281090401113033,0.6828447580337524
1125,132811_57264a28_13,0.004280506167560816,0.9279366135597229
1126,49396_98ab955d_13,0.0031809601932764053,0.6453711986541748
1127,132081_761d26ad_0,0.002162337303161621,0.9421177506446838
1128,82906_7b72e0e8_2,0.006763241719454527,0.8115774989128113
1129,92649_26fe8262_0,0.0013142009265720844,0.3936725854873657
1130,21803_8a36dcda_11,0.010430320166051388,0.719456672668457
1131,30637_f6324fc6_5,0.0003583157667890191,-1.3715593814849854
1132,105560_a6f91315_12,0.00013738581037614495,-18.24239730834961
1133,41737_d80c34b9_0,0.015761127695441246,0.05834817886352539
1134,34983_439766af_12,0.002153098816052079,0.7881972789764404
1135,122755_60c41889_10,0.0002818974608089775,-3.5175442695617676
1136,76879_65a30a82_2,0.06684518605470657,0.40207362174987793
1137,89816_cef36e57_4,0.006538370158523321,0.8921759128570557
1138,49406_100c707b_3,0.005950281862169504,0.3139042258262634
1139,105560_a6f91315_10,0.00018709128198679537,-3.039719581604004
1140,129421_483d2957_5,0.0004861173511017114,-1.0481822490692139
1141,122740_fc5c94eb_33,0.0064707729034125805,0.8018770217895508
1142,135595_656de97a_5,0.0007640001713298261,0.7209653854370117
1143,35740_5322d674_5,0.0001438786566723138,-48.93556213378906
1144,23681_932e722e_18,0.003222670406103134,0.9390004873275757
1145,108244_329b1876_17,3.505351924104616e-05,-7.14469051361084
1146,125745_cf468448_6,0.002573000732809305,0.39499837160110474
1147,138838_c9a9e790_6,0.0021878352854400873,0.5747189521789551
1148,102416_b74464a2_4,0.0001573924091644585,-61.43056106567383
1149,30426_2cde26de_21,0.00011223979527130723,0.6663786172866821
1150,137837_9c9f163d_5,0.0015227788826450706,-0.6034705638885498
1151,25487_dd2c17e8_15,0.014824699610471725,-0.9323581457138062
1152,21549_18160a0a_4,0.00014209812798071653,-19.058395385742188
1153,21385_601444ba_0,0.007005197461694479,0.5642127990722656
1154,35233_add576ba_9,0.0035921288654208183,0.7653905749320984
1155,55345_c6423351_0,0.002928288420662284,0.525933027267456
1156,110697_4b2725f1_0,0.004209818318486214,0.9019326567649841
1157,109946_242843a6_1,0.00024139399465639144,-4.6904072761535645
1158,34341_d19b12fb_22,0.00021629672846756876,-23.591188430786133
1159,23247_bcd1e84f_21,0.002308192430064082,0.515346884727478
1160,131765_29b29f08_6,0.00017542764544487,-2.798919677734375
1161,21395_7d6fda6f_12,0.0012573950225487351,-0.10048246383666992
1162,135460_6471e973_15,0.0018307693535462022,0.3986184597015381
1163,51741_49d61151_7,0.004943610168993473,0.8213710784912109
1164,28382_90b7cc0c_12,0.0029300551395863295,-0.06282329559326172
1165,30850_05d88af9_2,0.00602367939427495,0.7515121102333069
1166,86278_1e55d036_12,0.0003974704013671726,-1.9584450721740723
1167,67240_525e92c1_1,0.0014309007674455643,-0.14817452430725098
1168,82002_ef2b4feb_6,0.005781944841146469,0.8889032602310181
1169,53364_ec8aad42_1,0.015959937125444412,0.31423383951187134
1170,135771_b030a25c_17,0.0010052534053102136,-0.16285622119903564
1171,135906_29d7b495_1,0.0002324869710719213,0.5843486785888672
1172,21822_7d3db422_38,0.0018086913041770458,-0.8349864482879639
1173,81136_5b86c723_1,0.000603660533670336,-3.4330906867980957
1174,25473_0991d519_2,0.029240386560559273,0.49412113428115845
1175,73405_94381b7c_5,0.00439889682456851,0.2605932950973511
1176,24009_c40b0d48_2,0.0029872858431190252,0.908261239528656
1177,22162_439af02a_1,0.008581643924117088,0.8312605619430542
1178,146159_f3f80701_0,0.00814843364059925,-1.1726343631744385
1179,51895_5760b481_15,0.04814676195383072,0.4875599145889282
1180,33500_e58e287e_1,0.008143458515405655,0.6209338903427124
1181,31838_2e4bd173_0,0.0029402202926576138,-0.9653774499893188
1182,146137_92faaea5_18,0.00014969742915127426,-0.31035315990448
1183,124879_2257a334_2,0.00012882094597443938,-0.4138590097427368
1184,144145_510eedc2_7,0.01103906612843275,0.795419454574585
1185,21237_7887a24b_78,0.0018942257156595588,0.8352734446525574
1186,82297_93739ce0_6,0.003564561251550913,-0.17176246643066406
1187,51536_a18dc325_31,0.0009749201708473265,-3.725518226623535
1188,93103_fdb9fcb7_7,0.009059363044798374,-0.16938090324401855
1189,24590_415f7013_9,0.004515946377068758,0.1632792353630066
1190,130659_16f2db4c_0,0.0008076509111560881,0.7328144311904907
1191,23083_fdb942ac_2,0.004846192430704832,0.797795832157135
1192,23954_a8c09819_2,0.00915495678782463,0.8224616050720215
1193,30417_0010bc7c_13,0.003406635019928217,0.6970738172531128
1194,120535_e304dfca_1,0.0020101747941225767,0.8525538444519043
1195,93199_2146e709_9,0.0028140053618699312,0.3538329601287842
1196,23686_cba4f679_15,0.01332172006368637,0.7014111280441284
1197,40807_58058731_20,0.04034004360437393,0.5939779281616211
1198,94410_d32e7520_35,0.01708071306347847,0.5747168064117432
1199,79695_fd8bae0e_0,0.005227470770478249,-0.32925593852996826
1200,129422_621d0a90_35,0.005378979258239269,-1.5263054370880127
1201,44932_16cb7f21_5,0.007644503843039274,0.783487856388092
1202,136550_8a8672e5_1,0.003584017511457205,-0.006132960319519043
1203,20495_e8e7e80c_3,0.0029889889992773533,0.9465406537055969
1204,31962_e5291336_50,0.0008972840732894838,0.14404809474945068
1205,24888_5be1de05_1,0.000270090444246307,-4.136896133422852
1206,34114_7e58a97d_10,0.012113373726606369,0.5342997312545776
1207,108433_37a79370_0,0.006914892699569464,0.3889782428741455
1208,22844_9b75b8e0_1,0.0037826879415661097,0.8430875539779663
1209,115637_b4d41e8a_0,0.0029923946131020784,0.7103176116943359
1210,53474_f29e4438_15,0.02681528776884079,0.2371842861175537
1211,26766_1aaa348c_0,0.003264189464971423,0.5366452932357788
1212,51940_67bb0219_7,0.001826803432777524,0.701472282409668
1213,41714_1d49f4d1_13,0.0004723051970358938,-0.8625171184539795
1214,21815_7090778f_9,0.010851913131773472,0.10943341255187988
1215,32843_8e5bdf24_0,0.0047623347491025925,0.7889938950538635
1216,23686_cba4f679_10,0.0026870693545788527,0.6651562452316284
1217,114425_891ab08d_0,0.011628623120486736,-0.4499499797821045
1218,41786_02d48cdd_5,0.0033522951416671276,0.481256902217865
1219,22895_4533b542_1,0.0030731954611837864,0.8238645792007446
1220,49016_cd1b47bf_6,0.016841750591993332,0.46648961305618286
1221,51674_a70c1c6c_3,0.0001310320949414745,0.790462076663971
1222,52972_6e5a5ada_11,0.005610539112240076,0.7618557214736938
1223,120700_d818883a_8,0.0002615438133943826,0.6458792090415955
1224,34530_9525ffcd_0,0.007005474995821714,0.8682600259780884
1225,24355_99bf3f8f_1,0.0004050697316415608,0.215556800365448
1226,56250_3b6024e3_46,0.022140009328722954,0.6085425615310669
1227,56355_727ca47c_3,0.01067122258245945,-1.5767407417297363
1228,35057_9af89947_1,0.0020232954993844032,0.6823395490646362
1229,120881_a946667f_13,0.0005741955828852952,0.20895326137542725
1230,143021_c6df0146_5,0.00020031025633215904,-0.11541593074798584
1231,69240_dc199112_3,0.0008224815246649086,0.25142598152160645
1232,41733_1ec9b00c_15,0.0033704021479934454,0.2981208562850952
1233,30298_24191733_2,0.0001407348463544622,0.026729285717010498
1234,30400_8824ce97_18,0.0017903686966747046,0.6261593103408813
1235,37040_ecbcd25e_36,0.003760275663807988,-0.014165997505187988
1236,23035_6087bb57_4,0.0013029875699430704,-0.9499387741088867
1237,38675_6e07d74b_26,0.03284432739019394,0.5455479621887207
1238,31751_e37382e1_9,0.004222681745886803,0.5497512817382812
1239,54601_e1da5b93_4,0.0026939031668007374,0.9464062452316284
1240,142999_171240b6_29,0.004272732883691788,0.6761151552200317
1241,137646_14bca880_0,0.007934863679111004,0.2672097086906433
1242,37519_442dc408_1,0.0014100003754720092,-0.723049521446228
1243,47195_a8cd8bad_6,0.0033731344155967236,0.7855010628700256
1244,22474_b10fea1a_6,0.0022869769018143415,0.7362337112426758
1245,53200_d1e30b87_10,0.019440533593297005,-2.3828327655792236
1246,41472_f9d73638_9,0.001172722433693707,-0.20538103580474854
1247,126397_cc08a23d_1,0.0004034801386296749,0.3451763391494751
1248,31838_2e4bd173_4,0.005915246903896332,0.894546389579773
1249,52006_d21e4570_7,0.0015196953900158405,0.6987576484680176
1250,62109_08c31aa8_0,0.0021176713053137064,0.6226520538330078
1251,49403_458914df_0,0.0012718384386971593,0.24873989820480347
1252,122914_76ff1f5e_2,0.00025423301849514246,-21.627426147460938
1253,34913_d23e2a24_2,0.003778670448809862,-0.6908338069915771
1254,104641_2cd02839_15,0.0003053528780583292,0.11760014295578003
1255,131632_6144b102_1,0.012797776609659195,0.84763503074646
1256,30850_05d88af9_0,0.0025359559804201126,0.8010191321372986
1257,86296_8a6ed4d3_7,0.0008200578740797937,-1.5258018970489502
1258,34983_439766af_7,0.012101124040782452,0.827603280544281
1259,33374_7491cbf8_2,0.049080684781074524,0.5251291990280151
1260,50694_afd26bd5_10,0.017346952110528946,0.8137204051017761
1261,50292_e84db1fb_8,0.0004140706732869148,-0.41298604011535645
1262,81367_622a9e51_2,0.0018797622760757804,0.5279824137687683
1263,78966_584c5305_0,0.0010181184625253081,0.4691336750984192
1264,79905_623eae86_1,0.06002769246697426,0.5084279775619507
1265,63055_6b907478_15,0.005604655481874943,0.5529171228408813
1266,135771_b030a25c_4,0.0005700600449927151,0.2822785973548889
1267,41753_9b4f8d8a_0,0.002793459687381983,0.9451536536216736
1268,80784_f7ec5f70_1,0.0028700779657810926,0.5136821269989014
1269,33607_c6f31fa6_10,0.004809340462088585,0.4110181927680969
1270,22225_a3ce4d29_42,0.00430156197398901,0.5377398133277893
1271,51938_8b9cba89_5,0.015094051137566566,0.68367600440979
1272,44741_f386a08f_4,0.0038214465603232384,0.8865790367126465
1273,70021_e673ae54_4,0.004814269486814737,0.9218631386756897
1274,55135_f1186d58_7,0.005230145528912544,0.5312216281890869
1275,31856_2a5a4e32_12,0.007583091966807842,0.579346776008606
1276,75303_045fc848_4,0.007198839448392391,-0.10610699653625488
1277,129683_3ad38815_10,0.07311341166496277,0.14502078294754028
1278,21894_93f0d052_24,0.003362268442288041,0.7280827760696411
1279,143823_1b04bf80_13,0.004986157640814781,0.6401981115341187
1280,143823_1b04bf80_18,0.0018059522844851017,-0.7472668886184692
1281,111863_c925f4f3_2,0.0009298561490140855,0.11273282766342163
1282,104633_d0a15bd3_6,0.004665677435696125,0.6087663173675537
1283,48832_22363e53_33,0.007395352702587843,0.8002439141273499
1284,127466_a18ae326_1,0.0014445324195548892,0.45577579736709595
1285,22211_b1ee53f0_12,0.007551777642220259,0.68442702293396
1286,137837_9c9f163d_6,0.00231575476936996,0.3693060278892517
1287,122755_b830e22d_17,0.00010588259465293959,-0.1858445405960083
1288,21299_e9cd80a6_12,0.0006090747192502022,0.1832282543182373
1289,44920_70dd4b80_11,0.004104376770555973,0.8143130540847778
1290,52987_387431ac_7,0.006095260381698608,0.8143529295921326
1291,147926_b78316a8_10,0.0007771978271193802,0.3190840482711792
1292,144653_e3eccdf1_50,0.0018202478531748056,-0.21274662017822266
1293,56458_c027ed41_0,0.0021919209975749254,0.7279132008552551
1294,23495_6366269c_11,0.007960791699588299,0.841684103012085
1295,70883_e2d6a103_2,0.05976046994328499,0.11206567287445068
1296,32743_f4c47bbc_34,0.000844842114020139,0.5075943470001221
1297,30910_38ea5a06_2,0.0005655289278365672,0.904086709022522
1298,56476_466fc284_17,0.02034108340740204,0.5792631506919861
1299,22604_0b4ffb43_62,0.004847296513617039,0.797751784324646
1300,21534_6367be99_0,0.0011281560873612761,0.6443648338317871
1301,133026_1085532d_1,0.0013451229315251112,0.6581478714942932
1302,137828_0b0786fb_1,0.010618948377668858,0.7958552837371826
1303,55627_971fde61_27,0.0022565803956240416,0.7151338458061218
1304,93869_8b1922a3_0,0.0059268963523209095,0.5220117568969727
1305,24393_9acd18c6_3,0.009208284318447113,0.8281729221343994
1306,44996_b3e9c266_14,0.0001726625341689214,0.3242865204811096
1307,55300_b9675d43_1,0.00864995364099741,0.8301623463630676
1308,113352_879844fe_0,0.0052826120518147945,0.7848873734474182
1309,135317_3c58b0d0_9,0.0009923602920025587,0.08306515216827393
1310,115624_fe3eb392_1,0.01298591773957014,0.39182454347610474
1311,63055_6b907478_21,0.002758817281574011,0.8993902802467346
1312,40421_032c052f_0,0.0029826282989233732,0.5466402173042297
1313,143029_70554264_3,0.0003864002355840057,0.33805185556411743
1314,145117_78f63de3_0,0.005831056274473667,-0.49968743324279785
1315,128996_35f2006e_0,0.00047253744560293853,-1.363001823425293
1316,54503_fc6c6963_1,0.002988650696352124,0.6225334405899048
1317,24657_0168dc6b_1,0.0032768407836556435,0.9197936058044434
1318,130524_13ad16a8_0,0.170926034450531,0.15480095148086548
1319,142670_33c641dc_3,0.0018697167979553342,0.28966957330703735
1320,65375_674ff0b9_11,0.001092498772777617,0.005356132984161377
1321,23168_7fdf5427_3,0.00014881051902193576,-66.97663879394531
1322,41717_ab2075ac_0,0.004772586282342672,0.824769914150238
1323,21739_57582b8f_4,0.0021307524293661118,0.8749913573265076
1324,143293_fc5b0ff7_30,0.006596000865101814,0.8201230764389038
1325,135906_587b5c3d_0,0.0013862638734281063,0.16291183233261108
1326,138685_fd9b79cd_0,0.0018294132314622402,-0.4628298282623291
1327,119921_5621fcb4_0,0.0057211569510400295,0.03411555290222168
1328,49403_458914df_5,0.0033542094752192497,0.6177278757095337
1329,73525_7f6b2f67_2,0.0002657873264979571,0.5743028521537781
1330,136994_a3a2f50f_3,0.003975982312113047,0.5521661639213562
1331,31838_2e4bd173_1,0.006121944170445204,0.8674967885017395
1332,35866_d0233b36_6,0.004113422241061926,0.92987459897995
1333,53053_d6b4d71c_9,0.016231203451752663,0.5785927176475525
1334,90220_7baf1e18_1,0.0008611035300418735,-0.1624213457107544
1335,23364_73dd9d4d_10,0.0003864258178509772,0.4446214437484741
1336,52987_387431ac_3,0.002465160796418786,0.7969712018966675
1337,51859_6b2fd0f1_4,0.0018965229392051697,-0.054347872734069824
1338,51708_867d4509_12,0.00012337487714830786,-0.06870222091674805
