case_num,case_name,MSE,R-Square
0,50417_199cffee_13,0.0004991174791939557,0.9961121678352356
1,48516_2b3135bf_11,0.00022580611403100193,0.9923655390739441
2,41733_1ec9b00c_31,0.00018324276607017964,0.9822254180908203
3,31664_1e85c690_0,9.101773321162909e-05,0.9951065182685852
4,21893_0500d043_18,0.00019927423272747546,0.9959485530853271
5,31607_9a2f8140_6,0.00014873119653202593,0.9950078129768372
6,41774_88a7a483_18,0.00010670490155462176,0.9739527702331543
7,42143_51b31600_4,5.988940756651573e-06,0.9878988265991211
8,23104_3b70eba4_13,0.00014979165280237794,0.7535852193832397
9,129075_8fbf62e5_2,1.098914162867004e-05,0.9710006713867188
10,41624_a15f83c1_13,1.7824419046519324e-05,0.9912474155426025
11,36088_1ea9c8a9_12,0.00012083284673281014,0.9971811175346375
12,126477_6596d136_14,2.3565722585772164e-05,0.978639543056488
13,130441_10c43121_0,0.0004595315258484334,0.9976590275764465
14,133385_e6aa64d8_21,2.140732976840809e-05,0.9859554171562195
15,26398_b99946da_1,0.0003891420201398432,0.9948821067810059
16,61198_0c99f50a_4,6.5719041231204756e-06,0.5859918594360352
17,26661_ab88a525_0,1.86152828973718e-05,0.978485107421875
18,129075_8fbf62e5_1,2.828107426466886e-05,0.9732924699783325
19,51891_9455ea02_1,0.0003461126470938325,0.9945078492164612
20,34770_6bba5bd4_13,7.655128865735605e-05,0.9984970092773438
21,21646_a2dd0d00_53,8.718700701138005e-05,0.9927528500556946
22,68909_4ae1bc2e_1,1.7638814824749716e-05,0.9834235310554504
23,27866_ece3076e_109,1.778934893081896e-05,0.9971948862075806
24,92134_52f13f49_6,2.411128480162006e-05,0.986104428768158
25,23342_7193a931_1,8.208751751226373e-06,0.9886068105697632
26,126572_a2d6f794_14,2.078726311083301e-06,0.791024923324585
27,44344_3e0b0b0c_1,6.094974764891958e-07,0.9155862927436829
28,49331_3bf3bb84_4,4.423356585903093e-05,0.9991903305053711
29,33971_46bb0373_0,8.926397276809439e-05,0.9885976910591125
30,21517_bfe35b4c_1,2.5118832127191126e-05,0.9635673761367798
31,23165_369d62aa_6,0.00010847354860743508,0.9986916184425354
32,81846_2907c980_0,0.00018728944996837527,0.9916862845420837
33,24168_a0ede173_111,7.102788367774338e-05,0.9929845929145813
34,53461_a5942665_1,2.0425501134013757e-05,0.9992424249649048
35,24907_c72322ea_13,5.438804510049522e-05,0.9794774651527405
36,133424_315bcaeb_7,1.6489566405653022e-05,0.978661835193634
37,40490_916e13fe_0,7.057849143166095e-05,0.997801661491394
38,38000_b5822e44_3,0.00010726771870395169,0.9983742237091064
39,138520_f4e0bc0b_63,3.6507659388007596e-05,0.9651700258255005
40,61294_9255796d_3,7.851482223486528e-06,0.9853087663650513
41,22176_272891b8_0,0.00010261744318995625,0.9479468464851379
42,24815_4f2a57e4_1,0.00016109463467728347,0.9952696561813354
43,113343_e692c488_1,6.137286618468352e-06,0.9907383322715759
44,33995_18423507_1,5.0876235036412254e-05,0.9314650297164917
45,127897_029949fd_6,6.227358244359493e-05,0.9987547993659973
46,123181_4e56fb4f_0,0.00013920114724896848,0.9979833960533142
47,22670_9353c710_1,3.964114966947818e-06,0.9758414030075073
48,128642_4d72bf31_2,2.3300259272218682e-05,0.9873781800270081
49,146667_fe438b5b_6,0.00012482903548516333,0.9923768639564514
50,38260_2a31c6df_2,0.00019793490355368704,0.9721044898033142
51,24443_996411f9_3,0.00041162126581184566,0.9906590580940247
52,142074_34e02b6d_1,3.7853616959182546e-05,0.988663375377655
53,41501_b627682a_15,8.283957868115976e-05,0.9927608966827393
54,24712_da77fe8f_0,4.411929694470018e-05,0.9991745352745056
55,32960_0eaa1de8_26,0.00012605221127159894,0.9976652264595032
56,130757_b2c47f8d_2,1.8034097593044862e-05,0.4610205292701721
57,104817_6d73dc41_0,3.502194522297941e-05,0.996076226234436
58,79243_49539d9f_0,0.0004453895671758801,0.9904046654701233
59,82012_c533307b_1,4.58419781352859e-05,0.9572965502738953
60,107649_e651c5ca_1,2.0792915165657178e-05,0.8550010919570923
61,40997_e3c88650_12,0.0001466082758270204,0.996239423751831
62,143029_70554264_4,0.00011400075163692236,0.9844163656234741
63,27054_342fcf5c_3,2.7996951757813804e-05,0.970779538154602
64,41648_577daf16_17,2.923815009125974e-05,0.9889318943023682
65,89720_4e65191c_1,8.778843766776845e-05,0.9978733062744141
66,75382_1b589ea9_12,4.64619279227918e-06,0.9867183566093445
67,120371_433ba1ca_2,0.00011141780851176009,0.9902830123901367
68,49024_b7f02205_13,0.0002766913385130465,0.987778902053833
69,51022_47816098_7,0.000366641121217981,0.9962351322174072
70,41634_4f5d0edb_0,5.903840246901382e-06,0.9881945848464966
71,23170_6ea8ded5_3,0.000169004502822645,0.9971717000007629
72,69589_cd2fa794_8,0.0002484536380507052,0.9837545156478882
73,41504_85e300ee_0,0.0001154064157162793,0.9842424392700195
74,128996_42176b10_0,0.000294069352094084,0.9761985540390015
75,38920_e81879c2_7,5.36727202415932e-06,-5.4553303718566895
76,148051_c59af578_6,4.1634753870312124e-05,0.998866081237793
77,65494_16d62db5_0,5.6846994993975386e-05,0.9238247871398926
78,25473_0991d519_0,0.00011946281301788986,0.9971933960914612
79,75270_25a261ef_5,0.00016099330969154835,0.9839361310005188
80,49613_1b97c07b_12,1.799720666895155e-05,0.8088542819023132
81,115633_a2c63339_1,4.4034506572643295e-05,0.9869754910469055
82,52366_63042db4_1,9.500922897132114e-05,0.9978376030921936
83,30282_88c6933c_5,0.00014988552720751613,0.9820687770843506
84,53474_f29e4438_12,9.105823119170964e-05,0.9970188736915588
85,24026_1dd4094b_21,0.00013867086090613157,0.984181821346283
86,21225_c081eae3_2,0.0001782960316631943,0.9764329791069031
87,35057_9af89947_8,6.607714749407023e-05,0.946921169757843
88,43529_4804941b_20,5.334832894732244e-05,0.9983742237091064
89,22103_fd11c71b_3,8.545521995984018e-05,0.9893292188644409
90,51536_a18dc325_0,0.0001627213932806626,0.991364061832428
91,24230_636208ab_13,8.499831892549992e-05,0.9478042125701904
92,41117_1b3271f2_56,0.00016867621161509305,0.997395396232605
93,140499_419d5823_0,4.858167449128814e-05,0.9958004951477051
94,115524_a949e82c_2,6.7150185714126565e-06,0.973842203617096
95,29833_0ed4880f_3,5.249739842838608e-05,0.9990554451942444
96,127556_4823a42a_6,8.363455708604306e-05,0.9859512448310852
97,23960_48cc0f21_19,9.038591088028625e-06,0.8732534646987915
98,132987_ba18d2eb_11,2.5751942303031683e-05,0.9506884813308716
99,51337_f8636fd9_30,1.1727899618563242e-05,0.9867490530014038
100,40999_cad6be09_18,0.00041574076749384403,0.9901708960533142
101,136886_99fbdef3_0,1.9464991055428982e-05,0.9665969610214233
102,30447_4ed3b778_7,6.568056414835155e-05,0.9997580051422119
103,55811_bc667b2d_13,0.0002608427021186799,0.9006977081298828
104,41716_d55164d4_1,4.038783663418144e-05,0.9858654141426086
105,33610_aa697fc9_6,6.0776263126172125e-05,0.9955139756202698
106,55095_fa260d33_6,0.000248667347477749,0.9934452772140503
107,115639_bc0cc622_0,7.999366789590567e-05,0.9941431283950806
108,20841_1620ae7d_0,0.00020724987552966923,0.9714670777320862
109,50823_d1830e58_2,0.00018687306146603078,0.9630073308944702
110,109762_cb162371_48,8.244440687121823e-05,0.9710288047790527
111,41387_5f752e39_23,6.682935054413974e-05,0.9975285530090332
112,121540_629c716f_0,0.00011966789315920323,0.9949342012405396
113,118539_1dff9cf9_12,2.6419072582939407e-06,0.8067833185195923
114,30714_dafa62f6_2,0.0005985062452964485,0.9921697378158569
115,79633_bbbde75f_0,0.00033385216374881566,0.9918577671051025
116,33059_531cfd5e_11,7.85784432082437e-05,0.9871401190757751
117,20697_d3e106b4_4,9.200473868986592e-06,0.9227295517921448
118,136062_0027ff97_6,0.00011925838771276176,0.9889973402023315
119,146291_6b0c8db3_1,0.00024465209571644664,0.9943063259124756
120,45466_5f662bcb_0,6.146582563815173e-06,0.9873442649841309
121,144500_7f600ab6_0,5.162517845747061e-05,0.9952260851860046
122,44996_b3e9c266_4,2.126931576640345e-05,0.995507538318634
123,40713_4c9264ef_0,0.0001179073442472145,0.9842684268951416
124,132384_0fcab1fa_13,9.477034473093227e-05,0.8980482816696167
125,33738_77d49563_2,4.358359728939831e-05,0.9493398070335388
126,129422_621d0a90_33,3.7894220440648496e-05,0.9821653366088867
127,115633_fd3c9b97_32,7.2416096372762695e-06,0.9703261852264404
128,69337_a122ffde_1,0.00011367667320882902,0.9883814454078674
129,37241_29f91452_0,0.00013760515139438212,0.9968167543411255
130,141199_9ae000ef_6,0.00022061272466089576,0.8135193586349487
131,147133_92c04b84_4,0.00011142710718559101,0.9019984602928162
132,77687_cbb18594_50,9.109359234571457e-05,0.93712317943573
133,144290_2a679085_11,6.3908878473739605e-06,0.9811779260635376
134,130825_c59bbbfb_0,0.00018786464352160692,0.9951924085617065
135,82512_252da752_6,5.0126218411605805e-06,-6.755064487457275
136,115624_d0acb46b_24,9.9388555099722e-05,0.9989216327667236
137,92134_52f13f49_7,1.906590478029102e-05,0.9880380630493164
138,100326_0602c712_7,1.3789266631647479e-05,0.9782637357711792
139,134630_f9e85072_0,0.00010817405564012006,0.9750975370407104
140,108943_b07b2543_1,0.00012864328164141625,0.9787864089012146
141,125416_ab456bc3_5,8.763820369495079e-05,0.9925593733787537
142,57222_33b428d7_69,5.569611312239431e-05,0.9442954659461975
143,24650_dad8c8ee_13,0.00014719075988978148,0.9973918795585632
144,41749_14d0599c_1,4.9974398280028254e-05,0.9925659894943237
145,49396_98ab955d_27,2.270242475788109e-05,0.9851782917976379
146,136892_e2a0b32c_4,4.555881332635181e-06,0.8828514814376831
147,31962_e5291336_28,0.00015442923177033663,0.9966297149658203
148,34231_e27353cb_0,1.5339501260314137e-05,0.9838719367980957
149,112724_d334de09_0,0.00030000926926732063,0.9953370690345764
150,56486_82b3e23a_21,2.9128818823664915e-06,0.9661276936531067
151,40500_6055e3d7_17,2.3319462343351915e-06,0.9215516448020935
152,39468_15fb2e60_43,0.00011857760546263307,0.8065161108970642
153,141710_17531562_7,0.00014613126404583454,0.9958699941635132
154,33529_756075a0_12,0.00014717924932483584,0.9711675047874451
155,54169_3a875f10_8,0.0005444553098641336,0.9856394529342651
156,41023_5445cb61_9,2.630947892612312e-05,0.9768615365028381
157,146380_5c569eeb_2,0.00011584733874769881,0.9377351999282837
158,24195_9791f5d3_38,7.688848199904896e-06,0.8483794927597046
159,26573_7f7e176d_2,0.00014577242836821824,0.9987070560455322
160,22734_f6bad9f7_25,0.00018364758579991758,0.9970410466194153
161,48112_9538e204_0,5.4346306569641456e-05,0.9989212155342102
162,127545_6fa39158_10,0.0006186393438838422,0.9951893091201782
163,23788_5c0b60c6_0,4.551206802716479e-05,0.9761021733283997
164,23792_5b4c1ce0_21,0.00011394219473004341,0.9964046478271484
165,146067_46e58ab3_1,0.0002820598892867565,0.9982104897499084
166,101072_dec6f415_3,4.74779553769622e-05,0.9782364964485168
167,22829_b6649a29_0,1.6313890228047967e-05,0.7294979095458984
168,55389_a736bd99_0,7.896560418885201e-05,0.9580538868904114
169,30259_d709601c_9,0.0003033535904251039,0.9913581609725952
170,35866_d0233b36_13,2.2031390471966006e-05,0.7660587430000305
171,34563_52848c45_5,3.215163087588735e-05,0.9869858622550964
172,44519_90af0df6_7,0.00012376424274407327,0.9638964533805847
173,114111_59282658_8,2.1937754354439676e-05,0.9924932718276978
174,45922_26941172_15,0.0001707994961179793,0.9971408843994141
175,41303_bd1def52_3,2.077743920381181e-05,0.9947463870048523
176,22053_de30641b_1,1.4274498425947968e-05,0.7814869284629822
177,22298_51433023_4,0.0002481639094185084,0.99459308385849
178,23479_81a49137_0,8.038166561163962e-05,0.9707992672920227
179,22225_a3ce4d29_37,0.00025994013412855566,0.9964011311531067
180,135669_490cd2d7_14,2.65982307610102e-05,0.998573362827301
181,32173_8b075b1a_4,0.00015538124716840684,0.9974831938743591
182,145119_24107428_5,0.0002912284107878804,0.9779093861579895
183,41774_88a7a483_36,1.7194852262036875e-05,0.9911627769470215
184,133549_1b6c58d6_0,0.00013932054571341723,0.9970347881317139
185,40936_6de8f4f4_0,0.0006466915365308523,0.995965838432312
186,23008_3d1bb7b2_0,0.00020826970285270363,0.9970117211341858
187,38360_ad61c9b2_1,7.528219430241734e-05,0.9510875940322876
188,136109_3d342d3c_2,0.00011075191287091002,0.9955474734306335
189,135790_a27f9deb_11,1.049471666192403e-05,0.9869855642318726
190,140249_7c1c5bba_0,8.207362407119945e-05,0.9000928401947021
191,128996_a3d026d6_0,0.00022220771643333137,0.9544638991355896
192,23235_f9ccb8b0_0,0.0004173823108430952,0.670846700668335
193,93671_f7290ded_0,6.172926077852026e-05,0.9634212255477905
194,51109_97b211c3_7,0.0001552259491290897,0.98102867603302
195,51916_fa226b15_13,1.9951148715335876e-05,0.9568910002708435
196,86268_094d3fab_1,5.321805292624049e-05,0.998935878276825
197,39637_ca6a9a60_1,0.0003984786744695157,0.9507197737693787
198,47219_93cb3619_3,0.0003233703610021621,0.9943042993545532
199,47878_0edb6829_0,5.8135363360634074e-05,0.9989660978317261
200,26764_ab35159a_6,0.0002725310332607478,0.9891217350959778
201,34341_d19b12fb_12,8.552201506972779e-06,0.9905824661254883
202,118342_c702e084_6,7.760118023725227e-05,0.9982273578643799
203,49886_dd68dccb_4,0.00014669157098978758,0.9888931512832642
204,23493_57512264_5,2.9142736821086146e-05,0.9081241488456726
205,31751_e37382e1_5,0.00036691190325655043,0.9906017184257507
206,24338_848cab42_6,0.00032781052868813276,0.9741016626358032
207,24916_42eacca3_10,7.882367935962975e-05,0.957413911819458
208,137485_a953e1be_2,5.978546687401831e-05,0.9988045692443848
209,23706_ef15ef9c_18,0.0003679969231598079,0.9755896925926208
210,143671_eaf4d13b_6,0.0005675453576259315,0.9913407564163208
211,53470_39f2e9dc_13,0.00014911706966813654,0.8110249042510986
212,145772_59253c6d_3,1.6264204532490112e-05,0.9770821928977966
213,51893_d531e2bd_2,0.00014280031609814614,0.9968907833099365
214,39389_d641313f_8,0.0008521601557731628,0.9674848914146423
215,51595_41f3d1a3_5,3.617192851379514e-05,0.9656597971916199
216,51674_a70c1c6c_15,5.5626740504521877e-05,0.7880783677101135
217,37617_3f415463_5,1.523353967058938e-05,0.9884458780288696
218,31862_a89f21f9_3,8.093453652691096e-05,0.9975947737693787
219,40519_55a097c6_11,0.00022338652343023568,0.9869753122329712
220,111306_9108c940_0,0.0001329304213868454,0.9745610356330872
221,136640_16741d62_4,8.119092672131956e-05,0.9447492361068726
222,23155_d7305c5f_2,0.0005041781696490943,0.9897875785827637
223,43934_912ff891_41,9.185629460262135e-05,0.562123715877533
224,57017_6033d1e5_0,0.00010329376527806744,0.9947997331619263
225,126913_d253adb7_1,0.00011615774565143511,0.9535467624664307
226,130752_52d74f2f_48,0.00021872634533792734,0.9852555394172668
227,124177_71283cad_0,7.387198274955153e-05,0.9943037033081055
228,24650_dad8c8ee_18,0.0002116515679517761,0.9945896863937378
229,55199_4d57661f_2,0.00029941656976006925,0.9820749759674072
230,115010_eb737aaf_20,4.550259109237231e-05,0.9991286396980286
231,27855_19c5895a_12,5.08625635120552e-05,0.9733227491378784
232,52772_a6e6e320_0,1.948905446624849e-05,0.9738458395004272
233,90917_3d2d21a9_0,0.0004273564263712615,0.9902259111404419
234,40703_5f4e45d4_7,4.9212474550586194e-05,0.9990237355232239
235,132622_911efd2f_1,0.00035112356999889016,0.9947442412376404
236,43441_e1ab0873_6,0.00018547920626588166,0.9970719218254089
237,34917_61633e20_6,0.00015883783635217696,0.9965564012527466
238,67221_275ba7e6_4,0.0001590321771800518,0.9968099594116211
239,130719_e4764a36_10,1.2825722478737589e-05,0.9720320105552673
240,136318_130d6a06_20,0.0001821920886868611,0.983381986618042
241,99636_73c43ebd_10,8.138349949149415e-05,0.9978040456771851
242,29377_3a04cb8d_6,5.304850492393598e-05,0.9922608137130737
243,23018_63087a41_47,0.00014303839998319745,0.9960846900939941
244,26165_100fec74_4,3.400287459953688e-05,0.8930101990699768
245,135934_d2f6bb2e_46,4.2797404603334144e-05,0.9792245626449585
246,24039_448afafa_5,9.475443948758766e-05,0.9954333305358887
247,32775_a79b406b_14,0.00019071549468208104,0.9756994843482971
248,23686_cba4f679_0,0.0001171466865343973,0.9888901114463806
249,35147_bc9f2c5d_0,0.00019496117602102458,0.9685271978378296
250,136337_1351909b_2,0.0004821878974325955,0.9885468482971191
251,139222_2c10ca9a_1,3.3179927413584664e-05,0.9971456527709961
252,139379_fe5c3f64_0,3.716523860930465e-05,0.9986298084259033
253,33084_344fec27_2,4.589244053931907e-05,0.9991361498832703
254,24775_d5c98d77_0,2.9835703116987133e-06,0.9080265760421753
255,56344_3a89f085_23,8.148569759214297e-05,0.9924478530883789
256,135112_cf8007b8_5,0.00022779827122576535,0.9943909645080566
257,50706_20d07d57_2,0.000313601951347664,0.9969948530197144
258,51744_cd355565_5,0.0001687881740508601,0.9949444532394409
259,51464_da501c24_0,0.0001807735679903999,0.9643694162368774
260,126572_a2d6f794_23,2.9006541808485053e-06,0.8996093273162842
261,70021_e673ae54_2,7.812795956851915e-06,0.9887430667877197
262,25144_31b089b6_5,5.69412368349731e-05,0.974208414554596
263,24715_55aac5f2_2,5.550217338168295e-06,0.5379449725151062
264,24532_f82f8000_2,5.1532457291614264e-05,0.958282470703125
265,30664_a3084f71_1,8.841688395477831e-05,0.9630339741706848
266,81145_5c13a8e9_1,7.364223711192608e-05,0.9247817993164062
267,132037_2abb8c63_10,6.0581828620343e-06,0.9721516966819763
268,50414_ac159b58_2,5.302792851580307e-05,0.9980728030204773
269,21601_360ce1c7_7,7.744671893306077e-05,0.9985924959182739
270,22119_27e3ecbe_9,0.0001243103906745091,0.9961451888084412
271,145120_74f7316f_0,0.00035685961483977735,0.9838658571243286
272,74574_c302ff1f_0,2.1202038624323905e-05,0.9721526503562927
273,52443_085efc00_4,5.0500613724580035e-05,0.9834989309310913
274,147546_ede0f31c_3,0.0005132310325279832,0.9889014959335327
275,22492_047b125b_21,0.0002892823831643909,0.9932859539985657
276,72313_5a86e234_0,0.0002779525239020586,0.9946904182434082
277,45589_49e3c7ea_2,2.69574265985284e-05,0.9991871118545532
278,83432_a7f85698_0,4.6986668166937307e-05,0.9989446401596069
279,32775_a79b406b_0,1.9031658666790463e-05,0.8167233467102051
280,121703_69c4a5ac_3,7.0016667450545356e-06,0.9746307730674744
281,80901_e9080573_6,0.0003790042537730187,0.9852092862129211
282,21809_8bd6b10e_3,0.000205783115234226,0.9954707026481628
283,49396_98ab955d_15,0.00017769243277143687,0.9830571413040161
284,33766_14917a4a_19,0.00032771300175227225,0.9927084445953369
285,26661_ab88a525_8,3.242703678552061e-05,0.9990909695625305
286,44030_17bd5ec9_0,4.794460255652666e-05,0.9410613775253296
287,53221_74fa81cd_7,0.00011718482710421085,0.8987034559249878
288,21887_3306168f_7,0.0003029913641512394,0.9698100090026855
289,86185_85fde9e6_0,0.00015389849431812763,0.9764796495437622
290,87951_500b1dcd_2,1.2303664334467612e-05,0.9868288636207581
291,22276_69c5036b_11,0.0002586505434010178,0.9932327270507812
292,41721_44151488_5,0.0002075636584777385,0.980780839920044
293,102293_5d04e48d_0,0.00011315682058921084,0.9946311712265015
294,77687_cbb18594_20,9.152976417681202e-06,0.9873035550117493
295,133248_1bab99ae_0,0.0004928898997604847,0.7827237248420715
296,24051_4852a192_2,0.00017242810281459242,0.9940816760063171
297,86806_2993395a_1,2.742933611443732e-05,0.9767143726348877
298,38558_b0d6b3f8_1,6.576018495252356e-05,0.998650312423706
299,140549_7d01813c_0,8.078235987341031e-05,0.9974374175071716
300,24559_3c306e71_1,0.000245772855123505,0.9621978998184204
301,70350_751de4b0_13,0.00022191056632436812,0.9096059203147888
302,39101_23fec10f_8,0.0002401708479737863,0.9744485020637512
303,24942_9d1b2ff2_8,0.00016563212557230145,0.9980694651603699
304,30850_05d88af9_3,0.00014338961045723408,0.9976155757904053
305,113358_08641c94_4,0.0002294780861120671,0.9928691387176514
306,21234_8b71bd47_27,0.0001205952576128766,0.9563713669776917
307,26245_4aac38e1_21,4.73393447464332e-05,0.8901662826538086
308,66072_d301cc88_0,0.0001194806391140446,0.9483301043510437
309,21894_93f0d052_23,0.00012903485912829638,0.9872548580169678
310,147816_7fb70c2b_2,0.0001957700151251629,0.9794659614562988
311,49120_4131d1e7_1,4.61771669506561e-05,0.990755021572113
312,52224_ca16c854_4,0.0001659570261836052,0.9763013124465942
313,105762_19e04e0b_1,3.9689628465566784e-05,0.6866852045059204
314,30400_8824ce97_36,0.00012997079466003925,0.9812793731689453
315,95199_ffcff41e_0,7.182925037341192e-05,0.9264054298400879
316,50417_199cffee_3,1.3223976566223428e-05,0.9897078275680542
317,24544_d06c82dd_5,8.704412903171033e-05,0.9985594749450684
318,22604_565b91f5_2,4.099284342373721e-05,0.9982896447181702
319,22788_b6a9e30a_4,1.7523458154755645e-05,0.9956210255622864
320,45789_d5126eab_14,0.0001117506471928209,0.9771721959114075
321,37267_b2be4b50_3,2.080643298540963e-06,0.7906396389007568
322,34330_5eff1ee1_3,0.00016673332720529288,0.980541467666626
323,137999_d934160e_1,6.5490662564116064e-06,0.9493395090103149
324,134921_f5efde94_27,1.878818147815764e-05,0.9827260971069336
325,53470_39f2e9dc_8,2.760147981462069e-05,0.6903479099273682
326,23497_f292546d_25,0.00039346545236185193,0.9836469292640686
327,22289_4b848f64_2,8.631782839074731e-05,0.9883095026016235
328,31392_84b62622_2,0.00013726325414609164,0.9885603189468384
329,51347_1fc6f329_0,0.0001717497070785612,0.9614171981811523
330,50777_2934de55_6,4.0648141293786466e-05,0.9985498189926147
331,32841_954e8c1a_0,6.118292276369175e-06,0.9936877489089966
332,31530_6744ae73_3,0.00015556455764453858,0.9977166652679443
333,65827_d1469ad6_1,3.742436456377618e-05,0.7199304103851318
334,145461_30637b22_8,1.0816799658641685e-05,0.5676430463790894
335,31973_093ea963_13,4.802418334293179e-05,0.9813046455383301
336,70355_e5f58cd5_14,0.00011902783444384113,0.9883918166160583
337,77687_cbb18594_40,3.585639933589846e-05,0.8415825366973877
338,24392_fce351ea_0,2.5628567527746782e-05,0.9862605333328247
339,36853_7efccb8c_3,0.00014322318020276725,0.9804520606994629
340,41644_d15f8e2b_5,4.2512696381891146e-05,0.7809219360351562
341,131762_9b5e5ff5_2,0.00011959646508330479,0.9927776455879211
342,82193_96ef9433_2,9.099581802729517e-05,0.9985819458961487
343,31347_386f6298_15,0.00031499809119850397,0.9925934076309204
344,34568_fbe47bf9_0,6.0773498262278736e-05,0.8260329961776733
345,115624_fe3eb392_3,0.00015689847350586206,0.9964093565940857
346,130446_e7b58dbe_0,0.00021652250143233687,0.9912642240524292
347,104641_2cd02839_33,5.582058747677365e-06,0.9878051280975342
348,31460_39fdfc6a_7,0.00012076979328412563,0.9728163480758667
349,95541_ced8f936_0,9.098252485273406e-05,0.9980391263961792
350,23126_725969ea_17,7.619880489073694e-05,0.991949200630188
351,23676_52069f98_5,5.3256776482157875e-06,0.9799444675445557
352,137637_ed9c537d_0,0.00011434683983679861,0.9717260599136353
353,22474_b10fea1a_2,0.00014062298578210175,0.9965938329696655
354,143017_21d96cc2_10,0.0003030547813978046,0.9563118815422058
355,105270_34f92afd_1,1.9657816665130667e-05,0.9724283814430237
356,95622_0a0787e4_4,0.00010142894461750984,0.9984850883483887
357,55854_13f0399b_0,0.0002446766011416912,0.9947338104248047
358,22118_1e09e0eb_5,0.00018319097580388188,0.9921870827674866
359,146717_3e6a84c1_7,0.0006099038291722536,0.9908578991889954
360,63132_330141d7_3,3.311011096229777e-05,0.993285059928894
361,115633_fd3c9b97_46,3.728019510162994e-05,0.9232121706008911
362,21644_aa203dc5_29,6.772411870770156e-05,0.9833768606185913
363,79791_00f639ca_15,7.124964758986607e-05,0.9988004565238953
364,60711_42b5a13e_1,0.00020062029943801463,0.9777827262878418
365,137483_cdb8989d_0,7.58898095227778e-05,0.9984155297279358
366,21644_aa203dc5_26,0.00013232954370323569,0.977161169052124
367,131876_b2384623_0,6.151961133582518e-05,0.9602788686752319
368,23706_ef15ef9c_10,0.00016164850967470556,0.9752704501152039
369,68948_0d2a01cd_9,0.00030986344791017473,0.9913092851638794
370,145137_4e9eef42_1,0.0001054860622389242,0.9787842035293579
371,30426_2cde26de_20,0.00013781734742224216,0.9984317421913147
372,31378_34c52a73_0,7.401111361104995e-05,0.9794532656669617
373,92134_52f13f49_4,3.554443537723273e-05,0.976011335849762
374,119634_fc722479_1,0.00013851399125996977,0.9980942606925964
375,24032_d6172503_24,0.00032102109980769455,0.8655941486358643
376,136401_69f29349_4,1.3838141057931352e-05,0.7852872014045715
377,41871_f9a1ad02_26,0.00017290413961745799,0.9868711829185486
378,48220_87941c4e_116,6.787077290937304e-05,0.9899563193321228
379,115012_9ed88535_2,7.286903564818203e-05,0.9708953499794006
380,69488_025cf0a2_1,0.00015976799477357417,0.9989169239997864
381,147427_69f68da4_3,2.2711476049153134e-05,0.9370521903038025
382,33766_14917a4a_32,0.0001705042232060805,0.9938665628433228
383,51747_3d58eae0_0,0.0001438789040548727,0.9806810021400452
384,33785_a4c23f61_0,0.0003949097008444369,0.9985101819038391
385,114935_797875fe_2,0.000461371528217569,0.9832151532173157
386,51775_49ef614a_26,6.250290880416287e-06,0.9888870716094971
387,38196_ea48fa42_3,1.98900124814827e-05,0.7673208117485046
388,140413_44177109_21,3.6269452721171547e-06,0.933623731136322
389,27676_79237cc5_1,0.00011310233821859583,0.9629989266395569
390,52883_e518d3f4_33,5.2650349971372634e-05,0.9989628195762634
391,34347_841c5375_2,2.8009921152261086e-05,0.4304965138435364
392,55289_292737cb_0,8.298556349473074e-05,0.9984068274497986
393,50606_82cb18e2_0,6.375291559379548e-05,0.9974943995475769
394,30407_efa567f2_4,6.693444447591901e-05,0.9983860850334167
395,31647_ab9ad9dc_13,0.00011818987695733085,0.9885499477386475
396,24896_58b4730f_17,0.00017472435138188303,0.9674112796783447
397,23602_5daaccf5_4,0.0003425411705393344,0.9760749936103821
398,27725_5cceaeb7_10,2.2619487936026417e-05,0.9530075192451477
399,127734_395dcf7d_5,0.000431183900218457,0.9298865795135498
400,31957_d864f861_3,0.00013016197772230953,0.9734750986099243
401,49415_1671b60c_4,0.00018364355491939932,0.8282869458198547
402,45110_fae73324_4,0.0001241598802153021,0.9933741092681885
403,22343_34184fd5_18,9.353234054287896e-05,0.6439170837402344
404,22848_cc91b848_38,6.266515697461728e-07,0.2776397466659546
405,73652_23b21ef2_1,0.0001612401392776519,0.9967576861381531
406,65569_bd890a32_1,1.4484682651527692e-05,0.8610654473304749
407,48220_87941c4e_111,0.00010380407911725342,0.9818200469017029
408,30394_e30f932c_0,0.0001762759784469381,0.9899139404296875
409,21941_1a683ec2_26,0.00015312629693653435,0.9936057329177856
410,25564_e646fcb3_1,1.4697568076371681e-05,0.9503644108772278
411,134053_87a32e31_3,2.1518317225854844e-05,0.9412840008735657
412,87950_af56e26e_2,0.00012180083285784349,0.9910853505134583
413,51458_54240b70_17,4.687769978772849e-05,0.9482214450836182
414,40688_effe215a_1,0.00017935621144715697,0.9955585598945618
415,131494_c8a441d0_0,5.605757542070933e-05,0.9890839457511902
416,26768_c4df841f_21,0.00013065827079117298,0.8469487428665161
417,136892_2d5f55a9_0,0.00010603505506878719,0.9767477512359619
418,54652_d60ac3e0_10,0.00044073504977859557,0.9760887622833252
419,51747_3d58eae0_1,0.00010810596722876653,0.9558067321777344
420,54650_df3655c1_0,1.0906703209911939e-05,0.88054358959198
421,41125_711db4bf_58,0.00018747110152617097,0.9791470170021057
422,45418_f603706b_2,0.00011873569746967405,0.9699678421020508
423,21852_6cf9a734_18,0.00037673243787139654,0.9967800378799438
424,122515_758d8b70_6,8.795182111498434e-06,-6.262946605682373
425,104081_05ba54fa_2,8.01021815277636e-05,0.9663586616516113
426,41672_cf87e0b6_0,0.0001248399930773303,0.9807323813438416
427,22638_37f9fe91_1,5.230721853877185e-06,0.9845467805862427
428,24559_3c306e71_3,0.00014119870320428163,0.974353551864624
429,31589_ac31215d_8,6.64805993437767e-05,0.9648205041885376
430,49603_143b8bd2_35,0.00018743339751381427,0.9851654767990112
431,127965_c64a91da_0,0.00011087951133958995,0.9713037014007568
432,36062_f2fb6808_1,2.241162655991502e-05,0.7928717136383057
433,139280_8874b1ab_18,1.6476013115607202e-05,0.9841679334640503
434,30997_24dea167_4,0.0002172408567275852,0.980404794216156
435,143471_eb185912_5,4.276519575796556e-06,0.9562126994132996
436,23176_1bf2a2d5_10,0.00013195068459026515,0.9945446848869324
437,98299_b8146029_5,0.0001040855422616005,0.9909858107566833
438,23466_1cf60d09_4,0.00023176892136689276,0.9935192465782166
439,41591_2d0bd0d5_3,0.00012486892228480428,0.9956104159355164
440,134929_9049dcec_1,2.5616325729060918e-05,0.9862639904022217
441,41785_e8bf0528_0,0.00024383302661590278,0.9893750548362732
442,31460_39fdfc6a_6,0.00017507668235339224,0.9962506890296936
443,133710_00be7f31_1,0.00016183398838620633,0.9814306497573853
444,24532_f82f8000_0,9.914845577441156e-05,0.9781911373138428
445,21234_8b71bd47_3,1.3869496797269676e-05,0.9790048003196716
446,35175_6edc4126_5,0.0001860578340711072,0.9946085214614868
447,20495_e8e7e80c_1,2.3112752387532964e-05,0.9730504155158997
448,76546_c17e95aa_2,4.34169196523726e-05,0.7446140050888062
449,41654_e75f89df_0,0.00012493497342802584,0.9932190179824829
450,109772_f1a0845e_6,7.605533755850047e-05,0.9560537934303284
451,34913_d23e2a24_0,0.00015073487884365022,0.9916254281997681
452,25203_1cc0cb3c_12,0.0002229735255241394,0.9962787628173828
453,37160_2a95674a_4,0.00023743459314573556,0.9845006465911865
454,69240_dc199112_4,0.00023562778369523585,0.9552431702613831
455,25176_d9130589_0,4.858189640799537e-05,0.9936150908470154
456,69235_fe79a369_0,8.066189184319228e-05,0.8188457489013672
457,39468_15fb2e60_9,0.00012862430594395846,0.9813398718833923
458,103284_e25015aa_6,1.634250111237634e-05,0.8697524666786194
459,30377_e18ea3de_0,2.767765909084119e-05,0.9775775671005249
460,66080_f578d52b_4,4.4903234083903953e-05,0.7692098617553711
461,37444_52b27e94_14,9.306042193202302e-05,0.9858273863792419
462,38675_6e07d74b_31,0.00028891366673633456,0.9908581972122192
463,21680_360ba5c7_28,0.000148306367918849,0.9891945719718933
464,142032_5c32b7db_2,0.00017938933160621673,0.9966967105865479
465,44210_a155c2d1_0,0.00041343976045027375,0.990796685218811
466,38287_88ec74de_92,7.294941315194592e-05,0.9892305731773376
467,29572_2f9283f2_4,7.157208892749622e-05,0.9946686029434204
468,28300_b3a6ab79_10,0.0001926282566273585,0.9933393001556396
469,136129_e6a20c7d_5,1.6922182112466544e-05,0.9740358591079712
470,119381_e4d13609_0,0.0002592658274807036,0.9901908040046692
471,30729_b4d83b07_4,3.3461160455772188e-06,0.9312881231307983
472,140413_44177109_11,0.00010930146527243778,0.9948593378067017
473,26384_83eddf22_0,0.00013506802497431636,0.9896876215934753
474,82285_e7a738e7_2,0.0001430414558853954,0.9880855083465576
475,108599_347602af_0,0.00013789741205982864,0.9957118034362793
476,119889_41a6f268_1,3.45879998349119e-05,0.948956310749054
477,55006_94230c00_1,7.613290654262528e-05,0.9976198077201843
478,21517_bfe35b4c_10,2.426580795145128e-05,0.9888491034507751
479,20818_098cad7c_6,1.3893135474063456e-05,0.98512202501297
480,41855_b82e6ae8_6,0.00012680268264375627,0.9853419065475464
481,137166_90691294_8,1.4793716218264308e-05,0.9901756644248962
482,69561_f274e705_26,4.150304812355898e-05,0.9979990720748901
483,51579_d0c3e154_0,0.00014520106196869165,0.9938558340072632
484,23676_52069f98_4,0.00015671960136387497,0.9950652122497559
485,31962_e5291336_1,0.00014931069745216519,0.9955824017524719
486,57222_33b428d7_1,2.494393083907198e-05,0.9814817309379578
487,51586_2ad96f8c_17,3.366964165252284e-06,0.9595016837120056
488,41473_c2137170_32,0.0001416928571416065,0.9779166579246521
489,31123_9a1bfc50_2,5.992403384880163e-05,0.9954747557640076
490,23211_3aac9c7e_0,8.533259097021073e-05,0.9840114116668701
491,45798_b573e9da_5,0.00029984654975123703,0.9845433831214905
492,27847_d2436f7c_37,1.2966802387381904e-05,0.9850128293037415
493,54736_6ee1b513_1,4.3045271013397723e-05,0.9628108739852905
494,132901_7d205bb4_9,8.059281390160322e-05,0.46565502882003784
495,73762_8c704690_0,7.201378321042284e-05,0.9902889132499695
496,23209_1592b0a4_1,6.400547863449901e-05,0.9955611824989319
497,49024_b7f02205_2,1.325878929492319e-05,0.9663847088813782
498,147630_7f858240_15,8.573374361731112e-05,0.9848955869674683
499,69337_2c778611_11,3.750971518456936e-05,0.9779207706451416
500,82498_92a00cd6_1,9.938502626027912e-05,0.9692063927650452
501,78775_e2d8b091_1,0.00015820965927559882,0.9785413146018982
502,40067_95ae6c76_9,0.00014179051504470408,0.9848102331161499
503,80756_6f2e842f_0,8.464649727102369e-05,0.9827771186828613
504,25284_1da7aa8a_0,0.00010980782099068165,0.9782711267471313
505,55605_2f8bc12e_62,0.00011692581028910354,0.996001124382019
506,39792_60786b6c_15,0.0002326789399376139,0.9953289031982422
507,34063_0ca1585e_2,0.0001509969588369131,0.9021254777908325
508,31664_1e85c690_13,0.00013397305156104267,0.9961693286895752
509,131193_98f3ac52_1,7.105733675416559e-05,0.9682183861732483
510,120221_e2eaa34b_2,0.0002507148601580411,0.9139700531959534
511,130286_1f71bfed_3,0.0001663995790295303,0.9504278302192688
512,118342_e8142153_21,5.163853711565025e-05,0.9809168577194214
513,128043_9f8cd69e_1,1.199205780721968e-05,0.9834790229797363
514,41504_85e300ee_1,6.094771379139274e-06,0.9737560749053955
515,78863_d59be42e_0,0.00020811300782952458,0.9749817848205566
516,31733_5118b376_3,0.0004272406513337046,0.996951162815094
517,22208_e177deb7_5,0.0001735654368530959,0.958535373210907
518,24026_1dd4094b_43,7.985423872014508e-05,0.930161714553833
519,73388_10a40b49_1,0.00018289028957951814,0.9892335534095764
520,138219_cdff4f61_0,8.130788046400994e-05,0.946340024471283
521,49399_dc56d180_1,4.305610491428524e-05,0.9991947412490845
522,41306_8f26e703_3,4.812594852410257e-05,0.9834127426147461
523,51590_034b8b08_14,0.00012180714111309499,0.9979400634765625
524,48402_8c965495_4,7.826443834346719e-06,0.9887416958808899
525,26388_a3367cba_0,8.794512541498989e-05,0.9890376925468445
526,28300_b3a6ab79_6,0.00011615091352723539,0.9961140155792236
527,43938_418421a7_0,9.672299347585067e-05,0.9561554193496704
528,41520_60018d18_0,8.229742888943292e-06,0.9407449960708618
529,137869_344b239b_0,2.3624004825251177e-05,0.944429874420166
530,41648_577daf16_0,0.0004787654906976968,0.9795060157775879
531,31347_386f6298_10,5.4482843552250415e-05,0.9989689588546753
532,82190_24b1b0fe_12,0.00035449035931378603,0.9379183053970337
533,33741_4a973932_1,0.0001768430374795571,0.9706810712814331
534,42005_3da46d94_0,4.324709880165756e-05,0.03162115812301636
535,132982_ee1eed2f_0,0.00013386140926741064,0.9942837357521057
536,23898_6e740393_29,3.6982077290304005e-05,0.9271287322044373
537,105831_88a0fb85_6,5.6705921451793984e-05,0.9987632632255554
538,31278_749a6317_0,2.1654081137967296e-05,0.9869929552078247
539,51586_2ad96f8c_4,4.577168510877527e-05,0.9791025519371033
540,57000_cd1ddece_14,5.191896707401611e-05,0.9788377285003662
541,50692_e7ff2668_8,0.00019602147222030908,0.9930281639099121
542,65346_e89312e5_0,1.7254078557016328e-05,0.9739245772361755
543,38840_0e449caf_4,3.8571695768041536e-05,0.9900385737419128
544,29573_ca59fbbf_5,0.00020366899843793362,0.9979467391967773
545,30164_c5680724_12,9.222934750141576e-05,0.9951328039169312
546,138620_e21e10ee_0,1.2470193723856937e-05,0.9893726110458374
547,50305_caf9cef2_34,0.00015865177556406707,0.7254824042320251
548,83396_fdb2987a_0,0.0002050589391728863,0.9926072955131531
549,28379_7e292343_4,0.00036722864024341106,0.9919086694717407
550,33529_756075a0_32,0.00025246257428079844,0.9812400341033936
551,109857_1d24326e_42,1.7199253079525079e-06,0.9142900109291077
552,22772_2b5f6629_6,7.545381231466308e-05,0.998761773109436
553,34600_e2685d46_2,5.958489055046812e-05,0.997822642326355
554,122344_ab1b06aa_2,0.0002668852685019374,0.9951752424240112
555,123573_5f5c9584_1,7.31366453692317e-05,0.9409939050674438
556,35166_562b126c_20,1.9126964616589248e-05,0.9992596507072449
557,51350_138f893a_1,4.601064574671909e-06,0.9558689594268799
558,137785_67c3085b_16,0.0001951627345988527,0.9951973557472229
559,50417_199cffee_12,0.00025757431285455823,0.987556517124176
560,22194_a5c323b9_3,0.00011359280324541032,0.981467604637146
561,42329_df7f540f_18,0.00010731907968875021,0.9888063669204712
562,41779_25e4203d_6,7.863327482482418e-05,0.8802009224891663
563,51094_40aa8332_20,0.00022382379393093288,0.9915995597839355
564,109762_cb162371_38,9.163861250272021e-05,0.9951759576797485
565,45922_26941172_9,9.584602230461314e-05,0.9834985136985779
566,34587_ed155e93_0,3.3493754017399624e-05,0.9990376830101013
567,69589_a468c1b4_0,0.00018404540605843067,0.9961140155792236
568,44921_00dfb467_0,5.37090927537065e-05,0.986899197101593
569,82672_4705a693_0,6.935080455150455e-05,0.9691035151481628
570,26778_a71e88a6_0,5.101296210341388e-06,0.9862491488456726
571,69488_7bfb2b67_0,2.9133352654753253e-05,0.9991904497146606
572,22686_afe3a61e_0,3.6002671549795195e-05,0.7775673270225525
573,109772_5faa88e8_5,9.016493277158588e-05,0.9383240342140198
574,43938_418421a7_147,0.00016296881949529052,0.9776117205619812
575,141694_b5ac3112_3,0.00010875503357965499,0.9580827355384827
576,31973_093ea963_16,4.016068123746663e-05,0.9747850894927979
577,26858_e90dc419_25,3.634481345216045e-06,0.9789674878120422
578,131350_bbdad30d_0,5.140654684510082e-05,0.9706897139549255
579,35741_c43475b8_1,0.00010703048610594124,0.9627001285552979
580,30690_3df2c9e2_1,0.00028594801551662385,0.9756202101707458
581,122758_5f4efbf0_2,4.671401620726101e-05,0.9969264268875122
582,37822_3be11c62_0,2.7736972697312012e-05,0.9882065653800964
583,91174_ee6ee92b_1,5.862100442755036e-05,0.9862657785415649
584,23676_52069f98_31,0.00020899265655316412,0.9978947639465332
585,27958_fee329eb_1,0.00011468449520180002,0.9688907861709595
586,144534_3b4fdb09_18,0.00020065867283847183,0.9439312219619751
587,30292_0b5e0265_1,0.00032338188611902297,0.995597779750824
588,111062_e59e2d31_0,0.0004318329447414726,0.9950924515724182
589,135790_a27f9deb_77,4.4561984395841137e-05,0.9913204312324524
590,65842_de75838b_10,6.135840521892533e-05,0.9871641397476196
591,22475_9d9601a8_3,3.0616916774306446e-05,0.8293126225471497
592,119884_192e3265_0,0.00017243294860236347,0.9742645621299744
593,51463_3330e3aa_2,0.0003449665673542768,0.9642032980918884
594,23231_efe613bb_4,0.00018388975877314806,0.9905815124511719
595,22895_4533b542_2,7.030925917206332e-05,0.9892006516456604
596,146219_5661130f_4,7.167408330133185e-05,0.9984445571899414
597,38953_19054857_19,0.00014008238213136792,0.8755108118057251
598,21847_b2de7eb8_24,0.00036844646092504263,0.9750310182571411
599,51603_034939eb_12,4.074912067153491e-05,0.9748824834823608
600,24843_5231632c_4,1.9628909285529517e-05,0.9877880811691284
601,41982_f75ceb8f_4,1.7970749468076974e-05,0.8632936477661133
602,42937_c573c439_2,3.220901999156922e-05,0.864608645439148
603,61288_2d594195_0,0.00016083437367342412,0.7356033325195312
604,55006_94230c00_0,0.00010373244731454179,0.8966971039772034
605,49898_f42a885e_5,0.00011926375009352341,0.9974005818367004
606,55709_af3825c8_4,0.00015081834862940013,0.9950912594795227
607,144117_83c980ca_2,2.356173536099959e-05,0.9179792404174805
608,40417_b8d98f73_7,1.4377046682056971e-05,0.9904330968856812
609,53200_d1e30b87_11,3.154859223286621e-05,0.9654073119163513
610,147009_977ee378_4,3.1325323561759433e-06,0.9723364114761353
611,63056_a5dfd66b_4,3.363722134963609e-05,0.9392237067222595
612,22205_f48b96b3_10,0.00010952705633826554,0.9750577211380005
613,51585_b695905b_4,7.002686470514163e-05,0.998449444770813
614,24084_71f37c00_1,0.00010400508472230285,0.9791268706321716
615,25815_0e853ad9_10,6.733294139849022e-05,0.9957895278930664
616,55030_11a6e3e8_3,0.0006851897342130542,0.9938085079193115
617,23042_1184de03_5,9.713994950288907e-05,0.9971732497215271
618,39719_e9629dbd_4,1.4766763342777267e-05,0.8375763893127441
619,51256_ed221095_2,2.1563282643910497e-05,0.9759113788604736
620,25810_93c8a71a_3,9.743394912220538e-05,0.9962748289108276
621,22208_e177deb7_1,0.00022412498947232962,0.9843173027038574
622,115624_d0acb46b_22,9.688694262877107e-05,0.9984750151634216
623,30708_4282508b_0,5.414884526544483e-06,0.9161887764930725
624,31117_cd5cdbdb_12,3.813180956058204e-05,0.9835375547409058
625,41733_1ec9b00c_32,9.069967745745089e-06,0.9732249975204468
626,111387_c4243097_2,8.97334666660754e-06,0.9878123998641968
627,119869_e8f0dd81_19,1.591065120010171e-05,0.9880260229110718
628,34569_590239d6_0,0.00021687170374207199,0.9900450110435486
629,136318_130d6a06_23,1.3432130799628794e-05,0.9832797646522522
630,145132_7aea3b66_4,0.00013054946612101048,0.9982913136482239
631,41878_3aeaed3d_0,0.0003216469776816666,0.9476946592330933
632,34583_a1cf326b_0,4.2233546992065385e-05,0.9992270469665527
633,116581_d405b783_0,0.00021698762429878116,0.9970518350601196
634,24044_9bbe7992_3,2.9129849281162024e-05,0.9636426568031311
635,22194_a5c323b9_2,0.00035145619767718017,0.9683257341384888
636,142076_08d80e12_21,1.2065607734257355e-05,0.9466174840927124
637,55817_6ac2912d_7,3.810760608757846e-05,0.5890610218048096
638,21165_5cb2d287_2,7.009562068560626e-06,0.9852297902107239
639,39796_45dcdc7d_0,0.0004261875292286277,0.9944727420806885
640,33044_7fdd9213_1,0.00024358111841138452,0.9935451745986938
641,23731_3fe5b501_6,1.2209864507894963e-05,0.9812313914299011
642,32743_f4c47bbc_31,8.327048999490216e-05,0.9922595024108887
643,108775_4908fba2_21,6.171430868562311e-05,0.994515597820282
644,21941_1a683ec2_19,0.0001396251900587231,0.9896948933601379
645,27682_04277f62_18,0.00017897797806654125,0.9917806386947632
646,25815_0e853ad9_4,6.604853842873126e-05,0.9957379102706909
647,30261_723e95cf_2,9.180464257951826e-05,0.9961305856704712
648,21385_601444ba_102,0.00015265903493855149,0.9928191900253296
649,30368_d7fd30ce_7,8.004435221664608e-05,0.9698131084442139
650,55605_2f8bc12e_3,8.554040687158704e-05,0.9860361218452454
651,24650_dad8c8ee_15,2.576417045929702e-06,0.9196171164512634
652,34227_48203345_7,0.00010315071267541498,0.9971242547035217
653,113348_ac85cba3_1,0.0001366076321573928,0.9853296875953674
654,26552_25c5924a_1,4.272863588994369e-05,0.9836381077766418
655,55381_cbaffe9b_0,2.3890692318673246e-05,0.9933863878250122
656,55817_6ac2912d_25,0.0001364558411296457,0.9963735342025757
657,138947_0778db40_4,3.197892146999948e-05,0.9874942302703857
658,52788_07f7da63_0,3.348761674715206e-05,0.9916871786117554
659,70355_e5f58cd5_6,8.189957952708937e-06,0.9862078428268433
660,51744_cd355565_8,0.00020298559684306383,0.9583838582038879
661,41227_90e1c07c_16,0.00023222941672429442,0.9941518306732178
662,45359_1768ab3f_42,0.00028588389977812767,0.9698286652565002
663,41783_d1c10326_3,1.8962897229357623e-05,0.9389967322349548
664,32960_0eaa1de8_13,1.3146191122359596e-05,0.05094921588897705
665,34674_32ee1595_3,0.00019360169244464487,0.9934335350990295
666,136885_23632908_1,7.613404159201309e-05,0.972830057144165
667,136808_00592735_3,3.0165090720402077e-05,0.9934374690055847
668,45589_49e3c7ea_5,4.642358180717565e-05,0.9990442991256714
669,141665_0564e852_3,9.75935035967268e-05,0.9766952395439148
670,50897_3be92e2f_18,3.310788088128902e-05,0.9992268681526184
671,84256_4164b724_3,2.1897238184465095e-05,0.9789900183677673
672,22994_e6ad8f2b_10,0.00034340604906901717,0.9872549772262573
673,28295_0dc908b9_8,4.579066444421187e-05,0.98565673828125
674,23329_6939d5d9_5,4.466694736038335e-05,0.9504499435424805
675,123665_0a0da5c7_3,2.9863995223422535e-06,0.9766873121261597
676,121172_0ac63503_7,0.00013927808322478086,0.9736251831054688
677,50941_2a8a8c76_0,6.215846951818094e-05,0.9987673163414001
678,37846_cde34fcd_66,0.0001392154226778075,0.9766349196434021
679,56040_9b1307eb_21,0.0002517621614970267,0.9607867002487183
680,146535_229c95bc_1,2.0731051336042583e-05,0.9050135016441345
681,50947_49287c16_2,0.00022515519231092185,0.9963197708129883
682,95622_0a0787e4_5,3.256985655752942e-05,0.9823734760284424
683,25432_f13e5110_0,6.875844701426104e-05,0.9978347420692444
684,32454_e959e3cf_0,0.00019517976033966988,0.9945070743560791
685,65858_61e9b51a_18,0.0001999158412218094,0.9543934464454651
686,70350_751de4b0_3,0.0005729432450607419,0.9207931756973267
687,129239_0d49310c_15,3.6504483432509005e-05,0.9860866665840149
688,31008_8fa25b35_8,6.412711809389293e-05,0.9864590764045715
689,55306_795d845b_2,8.687422450748272e-06,0.9447856545448303
690,29729_e8bb36f1_2,0.00010717865370679647,0.8736997246742249
691,67283_4097cbd6_5,7.52597552491352e-05,0.36010056734085083
692,23904_811e466f_4,1.584160236234311e-05,0.986709475517273
693,116076_12d31fb7_1,7.40133982617408e-05,0.9888623356819153
694,45302_02d7e3bc_0,0.00014048232696950436,0.9646658897399902
695,60977_4bb093ec_1,0.000137687471578829,0.9938646554946899
696,49017_76979790_8,0.00016360591689590365,0.9689902663230896
697,146321_0dbae658_10,1.4095518281465047e-06,0.8579573631286621
698,102194_150e3faf_3,2.651403337949887e-05,0.9991879463195801
699,34769_44655d03_5,3.591530185076408e-05,0.9598404765129089
700,38953_19054857_6,0.000150251216837205,0.8766655921936035
701,55397_ad24603f_1,9.142137969320174e-06,0.9905105829238892
702,21908_385686ec_15,0.0001509175490355119,0.9927152991294861
703,60721_57103153_4,8.070393232628703e-05,0.8707917928695679
704,98701_7cd4ec8d_0,0.0002802927338052541,0.9949087500572205
705,91703_642cdf1a_1,9.385994053445756e-05,0.9982345104217529
706,26661_ab88a525_5,3.4424236218910664e-05,0.9913164377212524
707,51940_67bb0219_21,3.953939085477032e-05,0.9157392978668213
708,22543_684108ff_22,1.3063460755802225e-05,0.9870187640190125
709,145250_cde4d039_8,2.0361694623716176e-05,0.977076530456543
710,20232_e5b060d9_6,5.784172117273556e-06,0.9894999265670776
711,128043_d4650350_0,0.00018145919602829963,0.997563362121582
712,140530_30edf2c4_0,0.00012168529065093026,0.8973051309585571
713,131814_9af6d05a_0,0.00014049114543013275,0.9788745045661926
714,26245_4aac38e1_9,5.697310916730203e-05,0.9762002825737
715,30282_88c6933c_14,0.00018277652270626277,0.992987334728241
716,32322_71d0035e_1,9.195368329528719e-05,0.995281994342804
717,131762_d10609a4_1,0.00013378263975027949,0.9939570426940918
718,54812_5f7b7aba_2,3.965742507716641e-05,0.9825900197029114
719,135830_8fb36dac_4,0.0003064752963837236,0.9864296317100525
720,139280_8874b1ab_4,5.740060714742867e-06,0.987670361995697
721,49904_639055dd_1,3.884021134581417e-05,0.9955482482910156
722,53601_59d3ecd2_0,0.00024173421843443066,0.9900895953178406
723,50047_54241fe3_12,6.39105201116763e-05,0.9950529932975769
724,136925_70fb0381_3,0.0001352584222331643,0.991722822189331
725,87488_95f678ce_0,0.00019053665164392442,0.9957935214042664
726,137166_90691294_2,1.555376366013661e-05,0.9896574020385742
727,44030_17bd5ec9_11,7.027393621683586e-06,0.988864541053772
728,137396_b5f6bec4_5,3.73762050003279e-05,0.9988774061203003
729,21900_760d2078_10,0.0002490142942406237,0.9963929057121277
730,21185_ac5324ba_5,0.0002570564392954111,0.9919829964637756
731,31132_2320d049_4,6.737092917319387e-05,0.998774528503418
732,82281_80cdf67c_4,8.081968189799227e-06,0.979611337184906
733,38287_88ec74de_15,4.777157664648257e-05,0.9990748763084412
734,136128_831e37a6_0,0.00010298876441083848,0.9885427355766296
735,21330_f0cee934_18,4.8272046115016565e-05,0.9683155417442322
736,34109_5a868eae_10,9.497108112554997e-05,0.9909200072288513
737,21174_861bd902_2,0.00010277026012772694,0.9910429120063782
738,49783_365bec9e_6,0.00014026288408786058,0.9957922697067261
739,24429_ace910b3_8,2.181609488616232e-06,0.8723238706588745
740,22772_2b5f6629_4,0.00024164064961951226,0.9382178783416748
741,53927_ef5208b9_14,0.00037099496694281697,0.9845438599586487
742,56250_3b6024e3_54,0.000167557765962556,0.9963383078575134
743,23522_5c2ec58e_8,0.0003921882889699191,0.9876421093940735
744,121177_93fb3127_10,5.784674613096286e-06,0.9895025491714478
745,138840_b7f948ea_2,0.00011634620750555769,0.9881582260131836
746,41125_711db4bf_6,0.00027898792177438736,0.9934013485908508
747,102606_28922dfc_0,2.7006364689441398e-05,0.7160420417785645
748,31530_6744ae73_50,0.00023902706743683666,0.9957355260848999
749,50598_eae0df5a_1,5.534902811632492e-06,0.989879310131073
750,145726_19ccdbda_12,6.179647607496008e-05,0.9801831245422363
751,41469_b94cf3e4_0,0.0001861544733401388,0.9618438482284546
752,147009_977ee378_1,0.00010396049037808552,0.9900073409080505
753,24267_8a216138_10,0.00011629314394667745,0.9905586838722229
754,63071_3d434a33_16,5.1997201808262616e-05,0.9972257614135742
755,34436_ffc43a58_4,2.8686574296443723e-05,0.9752533435821533
756,50692_e7ff2668_4,9.646295075071976e-05,0.9613481163978577
757,146642_883a71d2_9,0.00023799840710125864,0.9962414503097534
758,109772_f1a0845e_7,0.00017158096306957304,0.9959961175918579
759,136640_16741d62_1,8.121404243865982e-05,0.9793800711631775
760,21680_360ba5c7_11,7.40325340302661e-05,0.9699216485023499
761,27729_09d75da1_2,0.00022274824732448906,0.9936550855636597
762,82148_5df06ed9_19,0.0004327020433265716,0.9699426889419556
763,55287_8a57a3db_1,0.00019392860122025013,0.9880697131156921
764,53221_74fa81cd_5,5.911142216064036e-05,0.9716517329216003
765,30417_0010bc7c_39,0.00021112723334226757,0.9835196733474731
766,23706_ef15ef9c_40,2.5109791749855503e-05,0.9964160919189453
767,140763_e14274f8_3,2.2126929252408445e-05,0.9832491874694824
768,23602_5daaccf5_3,3.530342291924171e-05,0.9942770004272461
769,30282_88c6933c_9,0.00015319354133680463,0.9903632402420044
770,56824_0fc773f6_0,0.0001948598655872047,0.9888914227485657
771,42410_d3b5588e_1,5.875670467503369e-05,0.9910727143287659
772,55055_dd27a8a4_0,4.218321919324808e-05,0.9992279410362244
773,115633_a2c63339_6,5.989494457026012e-05,0.9336929321289062
774,73651_a41647f8_5,6.730184850312071e-06,0.9739108085632324
775,33413_060ce192_32,0.00015919601719360799,0.9877705574035645
776,97331_a482fa9b_0,0.0002952388022094965,0.9376100301742554
777,23476_705b76d1_0,1.934459214680828e-05,0.9992433786392212
778,32566_7bfc936b_6,0.0006869956851005554,0.9935070872306824
779,41717_eb1c1e6b_0,0.00020245395717211068,0.9837761521339417
780,60720_ef9a0a95_8,0.00012676008918788284,0.7290723323822021
781,138700_ab763a46_202,1.2405355391820194e-06,0.3153998851776123
782,38287_88ec74de_17,0.00013392129039857537,0.9779753088951111
783,135535_0bd0048d_0,0.000284830603050068,0.9957101345062256
784,21797_69df08d5_7,0.0003943981137126684,0.9968599081039429
785,65350_b3fa8f4f_47,0.00015972170513123274,0.9992648959159851
786,41714_1d49f4d1_3,0.00014170944632496685,0.9841654300689697
787,66012_a13e1644_1,6.408897752407938e-05,0.972821831703186
788,22652_564979ff_11,0.00030655661248601973,0.7721220850944519
789,25127_ecba81df_23,0.00016253891226369888,0.8939248919487
790,47548_db93c988_4,1.4310697224573232e-05,0.9649910926818848
791,55927_f8b31711_5,0.00020712600962724537,0.9889219999313354
792,31647_ab9ad9dc_2,0.00016265935846604407,0.9780135154724121
793,41128_ee74f244_8,0.00030191580299288034,0.9173697233200073
794,20959_d4905d19_4,2.0939756723237224e-05,0.9948626160621643
795,52009_a2b75078_3,0.00030428514583036304,0.9969354271888733
796,22201_473a3a65_16,0.00021935421682428569,0.9702839851379395
797,29442_365e23df_30,0.00014772595022805035,0.9958217740058899
798,51859_6b2fd0f1_8,4.943821477354504e-05,0.9983116388320923
799,140413_44177109_15,5.624914774671197e-05,0.9501073360443115
800,21822_7d3db422_11,0.00017268986266572028,0.9952013492584229
801,24168_a0ede173_100,1.7812031728681177e-05,0.987145185470581
802,145532_c2304f89_1,0.00011833581083919853,0.9834291338920593
803,104641_2cd02839_13,7.4336203397251666e-06,0.9711877703666687
804,23679_81ef9e37_2,0.00010142457904294133,0.9758340120315552
805,95271_de3df8d5_2,5.036639777245e-06,0.9757488965988159
806,41401_e4117da2_0,1.0372001270297915e-05,0.773999035358429
807,48006_babdf4af_9,0.00012589822290465236,0.998542070388794
808,142246_0851be5e_32,0.000225698429858312,0.9962546229362488
809,33615_7bab1106_4,0.00012754138151649386,0.9915605783462524
810,31117_cd5cdbdb_18,0.00011053014168282971,0.9983269572257996
811,34914_8911676d_0,8.710630208952352e-05,0.9928189516067505
812,55501_a09e4ced_2,2.4367525384150213e-06,0.9084677696228027
813,41128_ee74f244_9,6.292566104093567e-05,0.9791699647903442
814,142246_0851be5e_22,0.00024729667347855866,0.9551482200622559
815,22413_901f5867_0,3.819135145022301e-06,0.9884413480758667
816,56490_0a0fba77_0,4.90031270601321e-05,0.9861008524894714
817,93676_4f934980_1,7.894214650150388e-05,0.8249940872192383
818,146642_883a71d2_96,0.00015069227083586156,0.9835521578788757
819,24032_d6172503_3,6.432184454752132e-05,0.9890958070755005
820,44221_25c62f03_1,4.429563705343753e-05,0.9991796016693115
821,50315_0f1419bf_33,0.00020784714433830231,0.9798263907432556
822,133389_0938a905_2,7.912589353509247e-05,0.9799184203147888
823,24824_cf51e5b6_4,0.00010594885679893196,0.9801246523857117
824,33970_32f36442_3,6.441982259275392e-05,0.9979910850524902
825,29359_bbfab271_2,0.00010161540558328852,0.9821113348007202
826,23172_4ab01e83_0,0.0001034308152156882,0.9974862933158875
827,98511_1b46a85e_45,0.00013454847794491798,0.9962185025215149
828,98511_1b46a85e_46,0.0001325281336903572,0.9961036443710327
829,34248_cc11976c_0,0.00019216486543882638,0.9928998947143555
830,104003_46555fb2_0,5.3590989409713075e-05,0.8808278441429138
831,34520_035b5e9a_8,4.556041312753223e-05,0.9843416810035706
832,38397_93d5d7de_12,0.00021365097200032324,0.9970399737358093
833,130023_93b3ca95_1,0.00015564201748929918,0.9452176094055176
834,83213_47c49876_1,3.8842030335217714e-05,0.9955481290817261
835,43928_6ca53538_63,0.0003042259195353836,0.9929252862930298
836,82779_b7b722e3_9,0.000177375681232661,0.9788155555725098
837,134967_0f27ef51_1,3.126380397588946e-05,0.9766104221343994
838,86024_714b24f4_1,1.9383833205210976e-05,0.9992406368255615
839,40807_58058731_11,8.625034388387576e-05,0.9869921207427979
840,26750_cd3cb3ff_0,0.0002035775687545538,0.9964686632156372
841,126913_d253adb7_2,0.00015024894673842937,0.9703546166419983
842,24268_2804c9ff_13,0.00017717924492899328,0.9953914284706116
843,45542_320c16fd_3,6.723063415847719e-05,0.9986634254455566
844,22342_274ed8a6_1,0.00013637036317959428,0.9704657196998596
845,133385_e6aa64d8_17,1.8563947378424928e-05,0.925583004951477
846,143509_1dd5212d_3,0.00016637204680591822,0.995093047618866
847,47989_3ff0f41d_0,0.0003057131834793836,0.9913030862808228
848,21822_7d3db422_14,0.00036801211535930634,0.9946858286857605
849,21517_bfe35b4c_12,7.97509856056422e-05,0.8607847094535828
850,52883_e518d3f4_10,4.578198058879934e-05,0.9925671219825745
851,41871_f9a1ad02_14,0.00023667114146519452,0.9763234257698059
852,37016_455093c1_2,2.5614888727432117e-05,0.9862681031227112
853,31117_cd5cdbdb_78,0.00014895446656737477,0.9988449215888977
854,129239_0d49310c_22,9.459951797907706e-06,0.9725337028503418
855,30400_8824ce97_6,0.00027052569203078747,0.9943437576293945
856,53233_8dbca22c_8,0.0002562741283327341,0.9820237159729004
857,40514_bb61631d_25,9.600965131539851e-05,0.9787594676017761
858,24053_53349e4d_2,5.2536266593961045e-05,0.9323877096176147
859,41917_f0c40fa1_16,0.00011024564446415752,0.997391939163208
860,22543_684108ff_5,0.0004766194324474782,0.9811044931411743
861,138636_c1153075_0,2.2750562493456528e-05,0.9796919822692871
862,24448_75004b6c_6,8.711533882888034e-05,0.9972264170646667
863,24831_bbd3e098_8,8.52535231388174e-06,0.9916459321975708
864,53221_74fa81cd_3,5.929575490881689e-05,0.9839707612991333
865,76879_65a30a82_4,4.169002204434946e-05,0.9318481683731079
866,108773_f9384cff_10,4.24590643888223e-06,0.955190122127533
867,33671_0e9c6ca3_5,3.355726585141383e-05,0.9973347187042236
868,93103_fdb9fcb7_15,8.968490146799013e-05,0.995160698890686
869,137675_d2bd633e_0,0.00013621829566545784,0.9146875143051147
870,21893_0500d043_32,0.00025601190282031894,0.8326283097267151
871,22110_0bc70e9f_1,7.454383739968762e-05,0.9541887044906616
872,43152_b5472481_1,2.8440916139516048e-05,0.9893198013305664
873,115717_40314bc2_1,0.00012695281475316733,0.988907516002655
874,102943_ca9e7968_0,1.754467848513741e-05,0.9761267900466919
875,136401_69f29349_0,0.0002064551372313872,0.8630561828613281
876,28542_3c922564_0,9.355435759061947e-05,0.9658851623535156
877,24267_8a216138_6,0.00023222342133522034,0.9872643947601318
878,84374_272a9731_7,0.00030015959055162966,0.9604253172874451
879,23531_1ecc8346_18,0.00043269895832054317,0.9957793354988098
880,41871_f9a1ad02_30,0.00034891898394562304,0.9894245862960815
881,132461_14abd2d0_0,3.71247620023496e-06,0.8963581323623657
882,37617_3f415463_2,7.0503197093785275e-06,0.9884792566299438
883,41696_de0790a1_1,7.834992720745504e-05,0.9982601404190063
884,54657_2a66e0de_20,0.00010123975516762584,0.9907035827636719
885,24425_0dc4b306_0,0.00010578342335065827,0.9896402359008789
886,146667_fe438b5b_0,4.005672599305399e-05,0.9984765648841858
887,23048_8a1a5553_8,1.4656948224001098e-05,0.6056345701217651
888,51871_86ebf5b2_17,9.760787361301482e-05,0.9821312427520752
889,30664_a3084f71_6,0.00023958746169228107,0.9852986335754395
890,139801_97e2ca6a_5,7.572730828542262e-05,0.9844954013824463
891,22278_12f1fb79_13,0.00020754977595061064,0.9864974617958069
892,22776_facf9bcf_8,0.0002524066949263215,0.9914090633392334
893,40500_6055e3d7_15,0.0016818366711959243,0.9832258224487305
894,35740_5322d674_13,2.330945608264301e-05,0.9858193397521973
895,39792_60786b6c_12,0.00013603655679617077,0.9950613379478455
896,115524_4a411f7e_0,8.644626359455287e-05,0.9803625345230103
897,24131_3ea7d5a8_17,0.00022037541202735156,0.9893701076507568
898,100326_0602c712_2,0.0002571676450315863,0.9918313026428223
899,34571_25c64838_2,0.00023327977396547794,0.9861738681793213
900,143534_4f65fd1a_0,7.883064245106652e-05,0.9733480215072632
901,101446_95204330_1,3.624764576670714e-05,0.977021336555481
902,41749_14d0599c_10,1.516468091722345e-05,0.9557421803474426
903,55715_525d1d3e_12,5.555104507948272e-05,0.8352254033088684
904,45307_b9b4bca0_30,0.00020254545961506665,0.9985494017601013
905,22654_4c426b0f_0,0.00017466336430516094,0.9781278371810913
906,22670_9353c710_4,7.925863610580564e-05,0.975694477558136
907,99445_94c22a37_11,0.00013620646495837718,0.9979763031005859
908,132811_57264a28_4,0.00010060417116619647,0.9917810559272766
909,23258_87a2ba81_3,1.0607963304209989e-05,0.9832320213317871
910,50777_2934de55_22,0.00011268595699220896,0.9959999322891235
911,98418_4185a7fb_0,0.0001280598808079958,0.9968975782394409
912,43441_e1ab0873_2,1.2858970876550302e-05,0.8441821336746216
913,24271_dbc0fd2d_12,5.7644982007332146e-05,0.9873115420341492
914,38944_0d0c3fce_0,0.00013175340427551419,0.9991464614868164
915,40624_e1c5c424_11,5.244093699730001e-06,0.8679221868515015
916,100028_0c3a8f1c_13,0.00014893307525198907,0.998084306716919
917,40491_ac67bf4c_13,7.785519846947864e-05,0.9985396265983582
918,25416_1deb9c75_0,0.00013038772158324718,0.9774296283721924
919,21657_2651585a_6,9.029629291035235e-05,0.9952139258384705
920,21986_67c5509a_15,8.360877836821601e-05,0.9896263480186462
921,32288_34013274_2,0.00019644320127554238,0.9667503237724304
922,55373_ddd74d2f_0,0.0003593485744204372,0.9535892009735107
923,26245_4aac38e1_0,6.454315007431433e-05,0.9963017702102661
924,33044_7fdd9213_0,5.16021900693886e-05,0.9907864928245544
925,31530_6744ae73_48,0.00017009652219712734,0.9983568787574768
926,25555_fd3d9a3c_1,1.8456081306794658e-05,0.974088728427887
927,54175_7d864ace_6,8.243757474701852e-05,0.9814870953559875
928,72950_5074f5a3_0,9.766261064214632e-05,0.9354396462440491
929,129618_2962c248_0,0.0005643615731969476,0.9905741214752197
930,52012_77070fda_10,8.008152690308634e-06,0.9874412417411804
931,28295_0dc908b9_7,8.203824108932167e-05,0.9779622554779053
932,144419_90e59d67_2,1.282437915506307e-05,0.8582763075828552
933,22734_f6bad9f7_24,0.00035225943429395556,0.989098310470581
934,22604_0b4ffb43_14,4.218321919324808e-05,0.9992279410362244
935,81996_b3752ed2_3,1.897332003863994e-05,0.9829729795455933
936,24504_493cee15_8,0.000314160599373281,0.9874907732009888
937,39124_28e99e62_1,4.038995393784717e-05,0.9545528888702393
938,29725_0ad4937e_1,1.4347314390761312e-05,0.974066972732544
939,109232_04340d62_6,4.724651444121264e-05,0.14056235551834106
940,129075_8fbf62e5_0,0.00011309146066196263,0.9105013012886047
941,102937_18c3cb6a_4,0.00010018231841968372,0.9964874982833862
942,52551_8098346a_5,0.00012398947728797793,0.7843191027641296
943,128043_6947b64c_0,0.0002309562696609646,0.9866675138473511
944,119030_292009a7_41,9.422988659935072e-05,0.9861774444580078
945,48526_5aecac8a_0,0.00014256665599532425,0.9759935140609741
946,32541_86f7df73_4,0.00010722518345573917,0.8979934453964233
947,55114_7bf17f6a_0,0.0002756263711489737,0.980018675327301
948,55285_6816da52_1,0.0005968045443296432,0.9870837330818176
949,37683_e2cca100_17,2.6448507924214937e-05,0.9583597183227539
950,78775_e2d8b091_15,0.00027458876138553023,0.9910219311714172
951,93199_2146e709_2,6.414812378352508e-05,0.9924267530441284
952,135595_656de97a_14,2.418171970930416e-05,0.9826626777648926
953,24284_3710e946_16,7.757097773719579e-05,0.9982426166534424
954,135521_30553c91_2,3.023269891855307e-05,0.5615218281745911
955,29732_fb15318c_5,5.037495066062547e-05,0.9521470069885254
956,88060_389bdff4_0,0.00019775339751504362,0.9879658818244934
957,27839_4a077326_28,0.0002345674583921209,0.9941879510879517
958,100435_87bf423d_8,4.866160452365875e-05,0.9990411400794983
959,25365_bb0e4ede_44,5.531596252694726e-05,0.921547532081604
960,146169_144d8264_0,0.00012079627049388364,0.9993476271629333
961,23342_7193a931_3,6.38747633274761e-06,0.9811816215515137
962,57000_cd1ddece_12,5.375043110689148e-05,0.9989253878593445
963,119790_1ed376f0_3,3.855292743537575e-05,0.957923412322998
964,72522_e9e87960_4,7.591835310449824e-05,0.9985750317573547
965,65366_f618b577_2,7.174425263656303e-05,0.9375489950180054
966,55707_c78416ed_35,0.0003016172267962247,0.984237551689148
967,70321_eccffc7e_0,0.00014494170318357646,0.9624518752098083
968,120143_b5756e6b_0,0.0002636220888234675,0.9633901715278625
969,27726_aca43af4_35,1.534431430627592e-05,0.28708696365356445
970,31361_72aab333_20,0.00015203563089016825,0.9516815543174744
971,121949_e10b5e85_12,0.00012434356904122978,0.996565580368042
972,146399_0e4b73c4_13,8.304649236379191e-05,0.9982951283454895
973,41134_fc146947_6,0.0001813937269616872,0.915198028087616
974,21237_7887a24b_35,6.352046329993755e-05,0.7373950481414795
975,24885_55e20ddf_3,1.705203794699628e-05,0.9831531047821045
976,34914_8911676d_23,3.8881986256456e-05,0.9930897355079651
977,21803_8a36dcda_12,0.00031141407089307904,0.9895796179771423
978,41306_8f26e703_5,3.8391594898712356e-06,0.9585556387901306
979,25118_f50fdc69_10,6.497903996205423e-06,0.9905095100402832
980,25473_0991d519_9,0.00010002497583627701,0.9974952340126038
981,126585_86fa26cb_0,1.8222195649286732e-05,0.9774958491325378
982,145691_69484976_9,0.00010535351611906663,0.9905274510383606
983,60729_c51868ec_0,0.00010616506915539503,0.9415134787559509
984,123929_e7dbad2c_0,0.00016859662719070911,0.9199146628379822
985,69649_70b07cac_0,3.728012598003261e-05,0.9991765022277832
986,55135_f1186d58_9,1.0657166967575904e-05,0.9867227673530579
987,20838_86c931be_2,5.7215947890654206e-05,0.9928863644599915
988,45242_626509cb_11,5.6207874877145514e-05,0.9751614928245544
989,34983_439766af_13,0.00018564901256468147,0.9980689287185669
990,53453_fb0f1640_1,0.00030725091346539557,0.9906727075576782
991,23255_972fbfe6_25,9.449689241591841e-05,0.9970213770866394
992,24168_a0ede173_203,0.0006605461239814758,0.9963263273239136
993,55476_1473d91f_0,0.00016037684690672904,0.9182388782501221
994,55111_ef389075_1,0.0002439539530314505,0.9906758666038513
995,141710_17531562_1,9.74503273027949e-05,0.991817831993103
996,96601_b89e6252_1,1.9907409296138212e-05,0.8941336274147034
997,135790_a27f9deb_43,0.0022006796207278967,0.9718046188354492
998,121363_746708db_0,0.00010781132004922256,0.958518385887146
999,136886_3aa46890_0,4.4919757783645764e-05,0.98325115442276
1000,50315_0f1419bf_19,0.00018790332251228392,0.9974153637886047
1001,37846_cde34fcd_14,2.198640322603751e-05,0.7514141798019409
1002,24816_ef81ad4c_1,6.515725544886664e-05,0.976701021194458
1003,75646_4baf69b2_7,0.0005331260617822409,0.9925345182418823
1004,140155_81f9ac63_0,8.784153033047915e-05,0.9780845642089844
1005,51603_034939eb_10,0.00010448323882883415,0.9942116737365723
1006,30435_c97330d2_0,1.1995674867648631e-05,0.9797174334526062
1007,27839_4a077326_27,9.66386214713566e-05,0.9947454333305359
1008,55627_971fde61_34,0.0003069652884732932,0.9762685894966125
1009,134909_ef3d003c_0,1.7916730939759873e-05,0.9824231863021851
1010,33413_060ce192_51,6.173266910991515e-07,0.9144679307937622
1011,22245_ca848576_12,8.51470249472186e-05,0.9005616903305054
1012,52039_ba12c3ac_1,5.188554496271536e-05,0.9989627003669739
1013,39707_358f88df_2,4.8953075747704133e-05,0.9478700160980225
1014,50014_33f250c8_3,0.00019899950711987913,0.9981848001480103
1015,52987_387431ac_1,0.0002536801912356168,0.9825814962387085
1016,33501_b1ee5058_15,4.934146272717044e-05,0.9990188479423523
1017,82168_4844bddd_1,5.3756171837449074e-05,0.9927419424057007
1018,30384_95e72fc2_4,1.2312942089920398e-05,0.8643916249275208
1019,23554_a0845d54_2,4.690236528404057e-05,0.9607930779457092
1020,23800_65e0a5d1_0,7.951174484333023e-05,0.7494193315505981
1021,41128_ee74f244_0,5.5032400268828496e-05,0.9447506070137024
1022,143019_22dbd3e6_2,0.000186926728929393,0.9940692782402039
1023,79993_6087acd5_8,0.00031345951720140874,0.9900835752487183
1024,21422_b2a6bf27_0,8.328165858983994e-05,0.9986269474029541
1025,25487_dd2c17e8_21,5.501099076354876e-05,0.9511545896530151
1026,22654_4c426b0f_10,1.6564839825150557e-05,0.8887600898742676
1027,30368_d7fd30ce_6,4.266414634912508e-06,0.9087519645690918
1028,57249_6bd2af3c_2,2.062560452031903e-05,0.9992391467094421
1029,57029_3ab80a22_0,0.0001290558575419709,0.9743978977203369
1030,79906_052c7eb4_3,0.00016814828268252313,0.96355140209198
1031,82996_b8dc67c9_10,2.2826530766906217e-05,0.9684986472129822
1032,119884_192e3265_1,9.970651444746181e-05,0.954526424407959
1033,21225_c081eae3_10,0.00043929065577685833,0.9748145341873169
1034,121949_e10b5e85_1,9.701442468212917e-05,0.9754513502120972
1035,81994_ba8916c9_5,1.7225183910341002e-05,0.9849488139152527
1036,22447_4062c6cb_29,7.09879823261872e-05,0.9988024830818176
1037,55044_ee57bac8_1,2.1473564629559405e-05,0.9184130430221558
1038,41871_f9a1ad02_13,0.0010087428381666541,0.9943345189094543
1039,74688_a5168a45_2,5.450851404020796e-06,-0.17119073867797852
1040,23218_02d26ab4_4,5.989013061480364e-06,0.9862250089645386
1041,41205_dc60aa5d_0,3.888397623086348e-05,0.9903332591056824
1042,41979_ca698776_0,4.407208689372055e-05,0.9909611940383911
1043,141453_50ec6f25_7,9.083088662009686e-05,0.9974270462989807
1044,97143_5424c420_0,6.394435331458226e-05,0.9835894107818604
1045,41986_26275a06_2,1.9991422959719785e-05,0.9981154799461365
1046,136800_c5e4d711_2,1.6988056813715957e-05,0.9767798185348511
1047,101635_11b839a3_5,7.955935870995745e-06,0.9348200559616089
1048,55866_b041060d_0,5.866948777111247e-05,0.9964090585708618
1049,53846_89405f98_0,0.00024464077432639897,0.9500172138214111
1050,27725_5cceaeb7_1,0.0002941308484878391,0.9734609723091125
1051,146137_92faaea5_9,3.312222543172538e-05,0.9973461031913757
1052,41211_11f6b8a0_4,3.1014242267701775e-05,0.9872271418571472
1053,21330_f0cee934_46,5.354587119654752e-05,0.9989294409751892
1054,127188_5fecd146_4,9.088011211133562e-06,0.9875121712684631
1055,135949_06517574_8,2.861115717678331e-06,0.9703389406204224
1056,68928_0d4e4a2e_24,0.00024122277682181448,0.9848319292068481
1057,50410_f8f03667_38,2.3469669940823223e-06,0.8384231925010681
1058,142999_171240b6_21,2.215836320829112e-05,0.9836164712905884
1059,144709_642fc665_0,0.0002295846788911149,0.9774380326271057
1060,53232_f8760054_10,3.008392195624765e-05,0.7120715379714966
1061,22372_e91792a1_0,5.431820227386197e-06,0.9303367733955383
1062,21767_53eaa558_12,0.00023892514582257718,0.9969124794006348
1063,32220_1fd19c5e_0,2.798860805341974e-05,0.9712452292442322
1064,22886_a6331748_1,7.103574898792431e-05,0.9934781789779663
1065,130996_b842b511_12,4.7666599130025133e-05,0.9956064820289612
1066,55571_74a416b1_1,2.2504485968966037e-05,0.8091021776199341
1067,70169_914780d4_1,0.00011648619693005458,0.9556421637535095
1068,23156_7788f78a_6,0.0001594393397681415,0.9988463521003723
1069,124496_20e20439_10,1.9277396859251894e-05,0.9576308131217957
1070,76300_7cb02add_1,0.00010042770009022206,0.9851292371749878
1071,21647_6b6cca6f_10,7.215281948447227e-05,0.9606184363365173
1072,22734_f6bad9f7_23,0.00025727329193614423,0.9892823696136475
1073,94176_0a6c42ab_2,1.6256351500487654e-06,0.701661229133606
1074,24048_d731886d_9,4.6419361751759425e-05,0.9948834776878357
1075,25487_dd2c17e8_30,0.00024169655807781965,0.8907445669174194
1076,115717_40314bc2_4,4.193417680653511e-06,0.9863597750663757
1077,125592_875faf40_0,0.00021072036179248244,0.9902190566062927
1078,41871_f9a1ad02_44,0.00016336978296749294,0.9884582757949829
1079,146642_883a71d2_8,2.588289680716116e-05,0.9936850070953369
1080,136883_076fbff9_31,1.3278931874083355e-05,0.9560761451721191
1081,60766_fb8715eb_3,8.458557567792013e-05,0.9938142895698547
1082,30818_33617072_0,0.00014817331975791603,0.992497980594635
1083,130679_7a357a9c_18,0.0002720261400099844,0.9839985966682434
1084,55306_795d845b_0,5.454245638247812e-06,0.9883075952529907
1085,135934_d2f6bb2e_33,1.611155857972335e-05,0.9785199165344238
1086,111054_e45a0d40_7,0.0009483907488174736,0.990825891494751
1087,36826_d9269c2e_10,0.00011964280565734953,0.9918733239173889
1088,37619_ae810a8d_7,1.6712590422685025e-06,0.23670703172683716
1089,22343_34184fd5_22,6.324592686723918e-05,0.8042511940002441
1090,113020_de552f8d_0,4.2274252336937934e-05,0.9735645055770874
1091,20216_89b90993_0,0.0006954775890335441,0.9536672234535217
1092,23325_292b3294_16,0.00014656003622803837,0.9860570430755615
1093,23522_5c2ec58e_9,6.777098315069452e-05,0.9948543310165405
1094,146624_359752bb_20,1.444206986889185e-06,0.27194643020629883
1095,104990_11b4aeee_1,6.380047125276178e-05,0.9985416531562805
1096,90917_4670b560_0,0.00045405488344840705,0.9911753535270691
1097,54818_59adf8c2_5,0.00015524355694651604,0.8657423853874207
1098,34109_5a868eae_3,2.9146876840968616e-05,0.952447235584259
1099,23161_e7f63a9f_2,6.700314406771213e-05,0.9939373135566711
1100,37160_2a95674a_27,0.00016725050227250904,0.9415663480758667
1101,61280_8bdbc90f_0,0.00012093492114217952,0.9956566691398621
1102,55083_dac1f9cc_2,8.328199328389019e-05,0.9930667877197266
1103,34341_d19b12fb_14,3.0509768293995876e-06,0.9696547389030457
1104,54516_ac9e2ef4_61,0.000351022114045918,0.9417136907577515
1105,24559_3c306e71_2,3.6197900044498965e-05,0.9263137578964233
1106,105831_88a0fb85_1,0.00019511423306539655,0.9925868511199951
1107,32743_f4c47bbc_19,0.0001933277235366404,0.9640769958496094
1108,40500_6055e3d7_18,0.00012559759488794953,0.9939709901809692
1109,22862_f5406bb0_0,0.0001834319409681484,0.9970491528511047
1110,141081_ae61ec46_0,0.000139344236231409,0.9979828000068665
1111,135112_cf8007b8_4,0.0003926242934539914,0.9940438270568848
1112,131442_1512d9ff_5,1.2979516213817988e-05,0.9725323915481567
1113,145132_7aea3b66_1,0.0002893334603868425,0.9989048838615417
1114,41871_f9a1ad02_45,0.00011986929894192144,0.9768957495689392
1115,51775_49ef614a_1,0.0001299703144468367,0.9631736278533936
1116,143293_fc5b0ff7_23,3.827329055638984e-05,0.9300764799118042
1117,51547_a7e01c38_6,7.278500561369583e-06,0.9895716309547424
1118,114021_44c3c39c_2,8.684951353643555e-06,0.9783480167388916
1119,123766_c5a4cf5e_0,2.022348780883476e-05,0.8710598945617676
1120,23031_0d684603_8,9.988564852392301e-05,0.9569467306137085
1121,132996_c742ef84_4,0.0002249453536933288,0.9687848091125488
1122,137096_5d77f285_1,4.734388494398445e-05,0.9943491816520691
1123,27072_b4756e8c_2,0.00011492506746435538,0.9740075469017029
1124,51915_e704f5dd_2,8.777192124398425e-05,0.986274242401123
1125,132811_57264a28_13,7.115185144357383e-05,0.998802125453949
1126,49396_98ab955d_13,0.00018506469496060163,0.9793680906295776
1127,132081_761d26ad_0,3.0473678634734824e-05,0.999184250831604
1128,82906_7b72e0e8_2,0.00015086161147337407,0.9957970380783081
1129,92649_26fe8262_0,4.8987021727953106e-05,0.9773990511894226
1130,21803_8a36dcda_11,0.0002849091833923012,0.9923368096351624
1131,30637_f6324fc6_5,2.8393225875333883e-05,0.8120757341384888
1132,105560_a6f91315_12,1.5704355291745742e-06,0.7800431847572327
1133,41737_d80c34b9_0,3.530344110913575e-05,0.9978907704353333
1134,34983_439766af_12,5.756636164733209e-05,0.9943371415138245
1135,122755_60c41889_10,1.6962549125310034e-05,0.7281668782234192
1136,76879_65a30a82_2,0.00045896912342868745,0.9958945512771606
1137,89816_cef36e57_4,8.675338176544756e-05,0.9985693693161011
1138,49406_100c707b_3,2.003303961828351e-05,0.9976900815963745
1139,105560_a6f91315_10,4.1908024286385626e-06,0.9095112085342407
1140,129421_483d2957_5,8.02903923613485e-06,0.9661708474159241
1141,122740_fc5c94eb_33,0.00012625413364730775,0.996134340763092
1142,135595_656de97a_5,4.137321229791269e-05,0.9848893284797668
1143,35740_5322d674_5,9.450050697523693e-07,0.6720197200775146
1144,23681_932e722e_18,6.517650035675615e-05,0.998766303062439
1145,108244_329b1876_17,2.2917795376997674e-06,0.46750468015670776
1146,125745_cf468448_6,6.116192525951192e-05,0.9856187105178833
1147,138838_c9a9e790_6,0.0001099504079320468,0.9786273837089539
1148,102416_b74464a2_4,3.0111834803392412e-06,-0.19440245628356934
1149,30426_2cde26de_21,3.4040870104945498e-06,0.989881694316864
1150,137837_9c9f163d_5,1.9206518118153326e-05,0.9797757267951965
1151,25487_dd2c17e8_15,0.0002924951259046793,0.9618740677833557
1152,21549_18160a0a_4,6.100968903410831e-07,0.9138794541358948
1153,21385_601444ba_0,0.0002066343295155093,0.9871454834938049
1154,35233_add576ba_9,0.0003647196281235665,0.9761794209480286
1155,55345_c6423351_0,0.00014798104530200362,0.9760430455207825
1156,110697_4b2725f1_0,7.194270438048989e-05,0.9983240962028503
1157,109946_242843a6_1,7.154227660066681e-06,0.8313525915145874
1158,34341_d19b12fb_22,2.2750330117560225e-06,0.7413471341133118
1159,23247_bcd1e84f_21,0.00010552751336945221,0.9778423309326172
1160,131765_29b29f08_6,3.213915533706313e-06,0.9304020404815674
1161,21395_7d6fda6f_12,5.378975038183853e-05,0.9529227614402771
1162,135460_6471e973_15,6.710156594635919e-05,0.977958083152771
1163,51741_49d61151_7,0.00010919781925622374,0.9960543513298035
1164,28382_90b7cc0c_12,2.0147665054537356e-05,0.9926918148994446
1165,30850_05d88af9_2,0.00018137482402380556,0.9925179481506348
1166,86278_1e55d036_12,4.024599547847174e-05,0.7004417181015015
1167,67240_525e92c1_1,0.00011761738278437406,0.9056221842765808
1168,82002_ef2b4feb_6,8.285775402328e-05,0.9984079599380493
1169,53364_ec8aad42_1,0.0006178274634294212,0.9734532237052917
1170,135771_b030a25c_17,9.150476398644969e-05,0.8941491842269897
1171,135906_29d7b495_1,5.488627721206285e-06,0.9901871681213379
1172,21822_7d3db422_38,5.2414205129025504e-05,0.94682377576828
1173,81136_5b86c723_1,1.551016976009123e-05,0.8860982656478882
1174,25473_0991d519_2,0.00048796500777825713,0.9915578961372375
1175,73405_94381b7c_5,0.00021771939645987004,0.9634037613868713
1176,24009_c40b0d48_2,2.6738553060567938e-05,0.9991788864135742
1177,22162_439af02a_1,5.2566352678695694e-05,0.99896639585495
1178,146159_f3f80701_0,0.0001585252903169021,0.957732081413269
1179,51895_5760b481_15,0.000467845966340974,0.9950205683708191
1180,33500_e58e287e_1,0.00018138352606911212,0.9915568828582764
1181,31838_2e4bd173_0,0.00013825697533320636,0.9075827598571777
1182,146137_92faaea5_18,8.377350241062231e-06,0.9266701936721802
1183,124879_2257a334_2,2.1453253793879412e-05,0.7645423412322998
1184,144145_510eedc2_7,5.6315351685043424e-05,0.9989563226699829
1185,21237_7887a24b_78,0.00011252580588916317,0.990214467048645
1186,82297_93739ce0_6,0.00016521019279025495,0.9456911683082581
1187,51536_a18dc325_31,8.713782881386578e-05,0.5776357650756836
1188,93103_fdb9fcb7_7,3.6953755625290796e-05,0.9952300190925598
1189,24590_415f7013_9,3.605274832807481e-05,0.993320107460022
1190,130659_16f2db4c_0,5.622815297101624e-05,0.9813987016677856
1191,23083_fdb942ac_2,4.094922405784018e-05,0.9982914328575134
1192,23954_a8c09819_2,5.1039765821769834e-05,0.9990102052688599
1193,30417_0010bc7c_13,0.0001361120375804603,0.9878965616226196
1194,120535_e304dfca_1,0.00012758518278133124,0.9906416535377502
1195,93199_2146e709_9,0.00028853185358457267,0.9337457418441772
1196,23686_cba4f679_15,0.00028915441362187266,0.9935190081596375
1197,40807_58058731_20,0.00018609962717164308,0.9981269240379333
1198,94410_d32e7520_35,0.00020765545195899904,0.9948297142982483
1199,79695_fd8bae0e_0,0.00028638815274462104,0.9271764159202576
1200,129422_621d0a90_35,0.00018942385213449597,0.9110347032546997
1201,44932_16cb7f21_5,0.00043552066199481487,0.9876649379730225
1202,136550_8a8672e5_1,2.0801671780645847e-05,0.9941604137420654
1203,20495_e8e7e80c_3,5.014797716285102e-05,0.9991030693054199
1204,31962_e5291336_50,0.00011324697698000818,0.8919695615768433
1205,24888_5be1de05_1,6.6316720221948344e-06,0.8738710880279541
1206,34114_7e58a97d_10,0.00014609431673306972,0.9943833947181702
1207,108433_37a79370_0,0.00015413685468956828,0.9863799810409546
1208,22844_9b75b8e0_1,5.084192525828257e-05,0.9978910088539124
1209,115637_b4d41e8a_0,6.129793473519385e-05,0.9940659999847412
1210,53474_f29e4438_15,0.00028395067784003913,0.9919224381446838
1211,26766_1aaa348c_0,0.00012481775775086135,0.9822819828987122
1212,51940_67bb0219_7,0.00014992678188718855,0.97549968957901
1213,41714_1d49f4d1_13,4.441239980224054e-06,0.9824861288070679
1214,21815_7090778f_9,0.00013984790712129325,0.9885233044624329
1215,32843_8e5bdf24_0,0.0005462804692797363,0.9757958054542542
1216,23686_cba4f679_10,0.00017116045637521893,0.9786711931228638
1217,114425_891ab08d_0,0.00021444859157782048,0.9732608199119568
1218,41786_02d48cdd_5,0.00010017865861300379,0.9844980835914612
1219,22895_4533b542_1,0.0001202663333970122,0.9931071400642395
1220,49016_cd1b47bf_6,0.00032228147028945386,0.9897907972335815
1221,51674_a70c1c6c_3,3.943154297303408e-06,0.9936943650245667
1222,52972_6e5a5ada_11,0.00021167898376006633,0.9910150766372681
1223,120700_d818883a_8,1.0040794222732075e-05,0.9864051342010498
1224,34530_9525ffcd_0,0.00013387968647293746,0.9974823594093323
1225,24355_99bf3f8f_1,7.303982420125976e-05,0.8585537672042847
1226,56250_3b6024e3_46,0.00020595591922756284,0.9963585138320923
1227,56355_727ca47c_3,0.00015969220839906484,0.9614397287368774
1228,35057_9af89947_1,0.00012994700227864087,0.9795981049537659
1229,120881_a946667f_13,1.1961824384343345e-05,0.9835206866264343
1230,143021_c6df0146_5,2.576106089691166e-05,0.8565510511398315
1231,69240_dc199112_3,0.00012087125651305541,0.8899901509284973
1232,41733_1ec9b00c_15,0.00021719312644563615,0.9547699689865112
1233,30298_24191733_2,7.322594228753587e-06,0.9493595957756042
1234,30400_8824ce97_18,0.00011659059964586049,0.9756551384925842
1235,37040_ecbcd25e_36,0.00013621420657727867,0.9632623195648193
1236,23035_6087bb57_4,6.433391263271915e-06,0.990372359752655
1237,38675_6e07d74b_26,0.0003084347699768841,0.995732307434082
1238,31751_e37382e1_9,3.7329289625631645e-05,0.996019721031189
1239,54601_e1da5b93_4,6.194748857524246e-05,0.998767614364624
1240,142999_171240b6_29,6.88852887833491e-05,0.9947783350944519
1241,137646_14bca880_0,0.00015518638247158378,0.985668420791626
1242,37519_442dc408_1,1.2324114322836976e-05,0.984939694404602
1243,47195_a8cd8bad_6,8.200189040508121e-05,0.994785487651825
1244,22474_b10fea1a_6,0.00021962464961688966,0.9746698141098022
1245,53200_d1e30b87_10,6.84970582369715e-05,0.9880808591842651
1246,41472_f9d73638_9,2.4082015443127602e-05,0.975247323513031
1247,126397_cc08a23d_1,7.036129318294115e-06,0.9885807633399963
1248,31838_2e4bd173_4,8.715508010936901e-05,0.9984462261199951
1249,52006_d21e4570_7,0.00019709320622496307,0.960931122303009
1250,62109_08c31aa8_0,0.00016954148304648697,0.9697893857955933
1251,49403_458914df_0,9.270857117371634e-05,0.9452381134033203
1252,122914_76ff1f5e_2,5.88204738960485e-06,0.4764818549156189
1253,34913_d23e2a24_2,2.6601972422213294e-05,0.9880964756011963
1254,104641_2cd02839_15,9.058827345143072e-06,0.9738220572471619
1255,131632_6144b102_1,0.00010760258010122925,0.9987189173698425
1256,30850_05d88af9_0,0.0001486309920437634,0.9883378148078918
1257,86296_8a6ed4d3_7,2.2634902052232064e-05,0.9302838444709778
1258,34983_439766af_7,0.00016612239414826035,0.9976333379745483
1259,33374_7491cbf8_2,0.00015664694365113974,0.9984843730926514
1260,50694_afd26bd5_10,0.00010050899436464533,0.9989206790924072
1261,50292_e84db1fb_8,3.91818284697365e-05,0.8662948608398438
1262,81367_622a9e51_2,7.64917058404535e-05,0.9807925820350647
1263,78966_584c5305_0,4.839031316805631e-05,0.974768340587616
1264,79905_623eae86_1,0.0005915252259001136,0.995155930519104
1265,63055_6b907478_15,5.516015880857594e-05,0.9955998659133911
1266,135771_b030a25c_4,1.9191398678231053e-05,0.9758374691009521
1267,41753_9b4f8d8a_0,6.61982485326007e-05,0.9987002611160278
1268,80784_f7ec5f70_1,0.00020339421462267637,0.9655360579490662
1269,33607_c6f31fa6_10,8.793346205493435e-05,0.9892311096191406
1270,22225_a3ce4d29_42,0.0001298173301620409,0.9860494136810303
1271,51938_8b9cba89_5,0.0008914376958273351,0.9813182353973389
1272,44741_f386a08f_4,0.00036557571729645133,0.9891496896743774
1273,70021_e673ae54_4,7.776761776767671e-05,0.9987378120422363
1274,55135_f1186d58_7,0.00013008723908569664,0.9883402585983276
1275,31856_2a5a4e32_12,0.00028944393852725625,0.9839438199996948
1276,75303_045fc848_4,8.481105032842606e-05,0.9869686961174011
1277,129683_3ad38815_10,0.00046447344357147813,0.9945685267448425
1278,21894_93f0d052_24,0.00020800656056962907,0.9831778407096863
1279,143823_1b04bf80_13,8.104407606879249e-05,0.9941518306732178
1280,143823_1b04bf80_18,2.324658453289885e-05,0.9775088429450989
1281,111863_c925f4f3_2,3.1335886887973174e-05,0.9700993299484253
1282,104633_d0a15bd3_6,0.00016754090029280633,0.9859511256217957
1283,48832_22363e53_33,9.62995327427052e-05,0.997398853302002
1284,127466_a18ae326_1,0.00022297518444247544,0.9159946441650391
1285,22211_b1ee53f0_12,0.0002125283790519461,0.9911189079284668
1286,137837_9c9f163d_6,2.6047959181596525e-05,0.992905855178833
1287,122755_b830e22d_17,4.099715624761302e-06,0.9540847539901733
1288,21299_e9cd80a6_12,4.6031633246457204e-05,0.9382714033126831
1289,44920_70dd4b80_11,0.00010290374484611675,0.9953445196151733
1290,52987_387431ac_7,0.0001539209915790707,0.9953119158744812
1291,147926_b78316a8_10,3.6051071219844744e-05,0.9684150815010071
1292,144653_e3eccdf1_50,2.3640537619940005e-05,0.9842494130134583
1293,56458_c027ed41_0,9.759241947904229e-05,0.9878857135772705
1294,23495_6366269c_11,5.488261376740411e-05,0.9989085793495178
1295,70883_e2d6a103_2,6.237501656869426e-05,0.9990732073783875
1296,32743_f4c47bbc_34,0.00010804022167576477,0.9370300769805908
1297,30910_38ea5a06_2,4.1810206312220544e-05,0.9929090142250061
1298,56476_466fc284_17,0.00029740395257249475,0.993848443031311
1299,22604_0b4ffb43_62,4.0894643461797386e-05,0.9982936978340149
1300,21534_6367be99_0,0.0001248071639565751,0.9606562852859497
1301,133026_1085532d_1,4.113440081709996e-05,0.989546000957489
1302,137828_0b0786fb_1,0.00010573704639682546,0.9979672431945801
1303,55627_971fde61_27,0.00012167442037025467,0.9846400618553162
1304,93869_8b1922a3_0,0.00019807479111477733,0.984025776386261
1305,24393_9acd18c6_3,6.875342660350725e-05,0.9987170696258545
1306,44996_b3e9c266_14,6.846611540822778e-06,0.9732058644294739
1307,55300_b9675d43_1,5.240311293164268e-05,0.9989711046218872
1308,113352_879844fe_0,9.60029719863087e-05,0.9960906505584717
1309,135317_3c58b0d0_9,4.118045762879774e-05,0.9619495272636414
1310,115624_fe3eb392_1,0.00014655700942967087,0.9931362271308899
1311,63055_6b907478_21,5.077238165540621e-05,0.9981483817100525
1312,40421_032c052f_0,0.00018365094729233533,0.9720850586891174
1313,143029_70554264_3,1.997245453821961e-05,0.9657849073410034
1314,145117_78f63de3_0,0.00011577433906495571,0.9702240228652954
1315,128996_35f2006e_0,4.058651757077314e-05,0.7970404028892517
1316,54503_fc6c6963_1,8.633431571070105e-05,0.9890959858894348
1317,24657_0168dc6b_1,0.00015874906966928393,0.9961143136024475
1318,130524_13ad16a8_0,0.0003351017367094755,0.9983429908752441
1319,142670_33c641dc_3,3.389137418707833e-05,0.9871242046356201
1320,65375_674ff0b9_11,0.00045721474452875555,0.583737850189209
1321,23168_7fdf5427_3,2.3012519250187324e-06,-0.05121171474456787
1322,41717_ab2075ac_0,2.468814273015596e-05,0.9990935325622559
1323,21739_57582b8f_4,8.741826604818925e-05,0.9948712587356567
1324,143293_fc5b0ff7_30,6.681035301880911e-05,0.9981780648231506
1325,135906_587b5c3d_0,2.7293590392218903e-05,0.9835188984870911
1326,138685_fd9b79cd_0,3.0512159355566837e-05,0.9756019711494446
1327,119921_5621fcb4_0,3.001144614245277e-05,0.9949332475662231
1328,49403_458914df_5,0.0001277745614061132,0.98543781042099
1329,73525_7f6b2f67_2,5.666768629453145e-06,0.9909238219261169
1330,136994_a3a2f50f_3,0.0001151276592281647,0.9870326519012451
1331,31838_2e4bd173_1,0.0010283200535923243,0.9777430891990662
1332,35866_d0233b36_6,6.981704063946381e-05,0.9988097548484802
1333,53053_d6b4d71c_9,0.0004928275593556464,0.9872048497200012
1334,90220_7baf1e18_1,4.380287282401696e-05,0.9408696293830872
1335,23364_73dd9d4d_10,1.557603718538303e-05,0.9776138067245483
1336,52987_387431ac_3,9.615454473532736e-05,0.992080807685852
1337,51859_6b2fd0f1_4,2.7021593268727884e-05,0.984977662563324
1338,51708_867d4509_12,2.0367308025015518e-05,0.8235735893249512
1339,93199_2146e709_3,0.00011234549310756847,0.9976180791854858
