case_num,case_name,MSE,R-Square
0,50417_199cffee_13,0.007341968826949596,0.9428099989891052
1,48516_2b3135bf_11,0.0026485659182071686,0.9104524850845337
2,41733_1ec9b00c_31,0.005250456742942333,0.4907039999961853
3,31664_1e85c690_0,0.0019190015736967325,0.8968266844749451
4,21893_0500d043_18,0.0007694056257605553,0.9843571186065674
5,31607_9a2f8140_6,0.0018232244765385985,0.9388028383255005
6,41774_88a7a483_18,0.0005452189943753183,0.8669092655181885
7,42143_51b31600_4,0.00037378593697212636,0.24473178386688232
8,23104_3b70eba4_13,0.0008746933890506625,-0.43891429901123047
9,129075_8fbf62e5_2,0.00013937836047261953,0.6321934461593628
10,41624_a15f83c1_13,0.00038054893957450986,0.8131330609321594
11,36088_1ea9c8a9_12,0.0003255378396715969,0.9924055337905884
12,126477_6596d136_14,0.0002260331966681406,0.7951187491416931
13,130441_10c43121_0,0.006165849976241589,0.9685893654823303
14,133385_e6aa64d8_21,0.0003951111575588584,0.740781843662262
15,26398_b99946da_1,0.005397805944085121,0.9290094375610352
16,61198_0c99f50a_4,4.102008824702352e-05,-1.5841293334960938
17,26661_ab88a525_0,0.000244816328631714,0.7170495390892029
18,129075_8fbf62e5_1,0.0005770463612861931,0.45505964756011963
19,51891_9455ea02_1,0.0037131612189114094,0.9410788416862488
20,34770_6bba5bd4_13,0.0006525709177367389,0.987187385559082
21,21646_a2dd0d00_53,0.00199989415705204,0.8337644934654236
22,68909_4ae1bc2e_1,0.0003629738639574498,0.658887505531311
23,27866_ece3076e_109,0.00018310708401259035,0.9711264371871948
24,92134_52f13f49_6,0.0003805928863584995,0.78066086769104
25,23342_7193a931_1,0.00021950749214738607,0.6953385472297668
26,126572_a2d6f794_14,0.00010307398770237342,-9.362064361572266
27,44344_3e0b0b0c_1,5.505855369847268e-05,-6.625457763671875
28,49331_3bf3bb84_4,0.0029461912345141172,0.9460700750350952
29,33971_46bb0373_0,0.0019016234437003732,0.7570924162864685
30,21517_bfe35b4c_1,0.0001509868016000837,0.7810070514678955
31,23165_369d62aa_6,0.0020676536951214075,0.975060760974884
32,81846_2907c980_0,0.001204614294692874,0.9465276598930359
33,24168_a0ede173_111,0.0030775009654462337,0.6960352659225464
34,53461_a5942665_1,0.00030812766635790467,0.9885719418525696
35,24907_c72322ea_13,0.0007018766482360661,0.7351574301719666
36,133424_315bcaeb_7,0.00020422201487235725,0.73572838306427
37,40490_916e13fe_0,0.0013830838724970818,0.9569202065467834
38,38000_b5822e44_3,0.0012444749008864164,0.9811386466026306
39,138520_f4e0bc0b_63,0.00017774829757399857,0.8304198384284973
40,61294_9255796d_3,0.0003668525896500796,0.3135676383972168
41,22176_272891b8_0,0.0005317634204402566,0.7302606105804443
42,24815_4f2a57e4_1,0.002611564239487052,0.9233146905899048
43,113343_e692c488_1,0.00035033919266425073,0.47131043672561646
44,33995_18423507_1,0.00025527915568090975,0.6561156511306763
45,127897_029949fd_6,0.0006161296041682363,0.9876798987388611
46,123181_4e56fb4f_0,0.0015149273676797748,0.9780532717704773
47,22670_9353c710_1,0.00015678051568102092,0.04452890157699585
48,128642_4d72bf31_2,0.001464206026867032,0.20683449506759644
49,146667_fe438b5b_6,0.0051224189810454845,0.6871810555458069
50,38260_2a31c6df_2,0.0010833246633410454,0.8473241329193115
51,24443_996411f9_3,0.0017509718891233206,0.9602651596069336
52,142074_34e02b6d_1,0.0002868598676286638,0.9140895009040833
53,41501_b627682a_15,0.0011917356168851256,0.8958579301834106
54,24712_da77fe8f_0,0.0015946334460750222,0.9701647758483887
55,32960_0eaa1de8_26,0.002027421025559306,0.9624478816986084
56,130757_b2c47f8d_2,9.090521780308336e-05,-1.7168560028076172
57,104817_6d73dc41_0,0.0030623169150203466,0.6569075584411621
58,79243_49539d9f_0,0.0019078784389421344,0.9588971734046936
59,82012_c533307b_1,0.00037402892485260963,0.6515787839889526
60,107649_e651c5ca_1,0.00011589946370804682,0.19177782535552979
61,40997_e3c88650_12,0.0009277262142859399,0.9762035012245178
62,143029_70554264_4,0.0006906848284415901,0.9055851697921753
63,27054_342fcf5c_3,0.0002428362495265901,0.7465511560440063
64,41648_577daf16_17,0.0003085166390519589,0.883211076259613
65,89720_4e65191c_1,0.0013353889808058739,0.9676499366760254
66,75382_1b589ea9_12,0.00026123973657377064,0.25321733951568604
67,120371_433ba1ca_2,0.0004986153217032552,0.9565147757530212
68,49024_b7f02205_13,0.0014657600549980998,0.9352593421936035
69,51022_47816098_7,0.003224647371098399,0.9668877124786377
70,41634_4f5d0edb_0,0.0003722432302311063,0.2556581497192383
71,23170_6ea8ded5_3,0.0014216251438483596,0.9762089848518372
72,69589_cd2fa794_8,0.0032993447966873646,0.7842680215835571
73,41504_85e300ee_0,0.0019374386174604297,0.7354629039764404
74,128996_42176b10_0,0.0012503716861829162,0.8987972736358643
75,38920_e81879c2_7,4.268152406439185e-05,-50.333961486816406
76,148051_c59af578_6,0.000392364920116961,0.9893139600753784
77,65494_16d62db5_0,0.00033475173404440284,0.5514313578605652
78,25473_0991d519_0,0.0010640210239216685,0.9750022888183594
79,75270_25a261ef_5,0.000626174034550786,0.9375206232070923
80,49613_1b97c07b_12,0.00010309925710316747,-0.0950021743774414
81,115633_a2c63339_1,0.00035425907117314637,0.8952171802520752
82,52366_63042db4_1,0.0017533879727125168,0.9600934386253357
83,30282_88c6933c_5,0.0013131797313690186,0.8429005146026611
84,53474_f29e4438_12,0.002002078341320157,0.9344547986984253
85,24026_1dd4094b_21,0.001460354425944388,0.833417534828186
86,21225_c081eae3_2,0.0013590232701972127,0.8203652501106262
87,35057_9af89947_8,0.00038837638567201793,0.6880227327346802
88,43529_4804941b_20,0.003523311810567975,0.8926264643669128
89,22103_fd11c71b_3,0.0004408949171192944,0.9449456334114075
90,51536_a18dc325_0,0.0009544579079374671,0.949345052242279
91,24230_636208ab_13,0.0009202892542816699,0.4348682761192322
92,41117_1b3271f2_56,0.0077507384121418,0.8803163170814514
93,140499_419d5823_0,0.0006073296535760164,0.9475007653236389
94,115524_a949e82c_2,0.00015144480857998133,0.41005998849868774
95,29833_0ed4880f_3,0.0014718084130436182,0.9735186100006104
96,127556_4823a42a_6,0.0014545151498168707,0.7556738257408142
97,23960_48cc0f21_19,4.3653733882820234e-05,0.3878515362739563
98,132987_ba18d2eb_11,0.00022702007845509797,0.5652867555618286
99,51337_f8636fd9_30,9.08697911654599e-05,0.8973292112350464
100,40999_cad6be09_18,0.0016501833451911807,0.9609856605529785
101,136886_99fbdef3_0,0.00017127289902418852,0.7060860395431519
102,30447_4ed3b778_7,0.008998763747513294,0.9668463468551636
103,55811_bc667b2d_13,0.0014956895029172301,0.43059414625167847
104,41716_d55164d4_1,0.00045146216871216893,0.84200119972229
105,33610_aa697fc9_6,0.000666722422465682,0.9507874846458435
106,55095_fa260d33_6,0.0020723682828247547,0.9453737139701843
107,115639_bc0cc622_0,0.004079113248735666,0.7013405561447144
108,20841_1620ae7d_0,0.0009975067805498838,0.8626693487167358
109,50823_d1830e58_2,0.00214647245593369,0.575092613697052
110,109762_cb162371_48,0.0004523989337030798,0.8410258889198303
111,41387_5f752e39_23,0.002644407795742154,0.9022051692008972
112,121540_629c716f_0,0.0007884780643507838,0.9666221737861633
113,118539_1dff9cf9_12,4.9566766392672434e-05,-2.625079870223999
114,30714_dafa62f6_2,0.003961511421948671,0.9481713771820068
115,79633_bbbde75f_0,0.002166156657040119,0.9471703171730042
116,33059_531cfd5e_11,0.0008679627208039165,0.8579518795013428
117,20697_d3e106b4_4,6.000205030431971e-05,0.496070921421051
118,136062_0027ff97_6,0.001732470584101975,0.8401638269424438
119,146291_6b0c8db3_1,0.002858859021216631,0.933466911315918
120,45466_5f662bcb_0,0.00037611802690662444,0.2255769968032837
121,144500_7f600ab6_0,0.000515448919031769,0.952335000038147
122,44996_b3e9c266_4,0.00023356371093541384,0.950667142868042
123,40713_4c9264ef_0,0.0005630735540762544,0.9248728156089783
124,132384_0fcab1fa_13,0.0002818511857185513,0.6967910528182983
125,33738_77d49563_2,0.0003243264218326658,0.6230133771896362
126,129422_621d0a90_33,0.00045947381295263767,0.7837514281272888
127,115633_fd3c9b97_32,0.00017056013166438788,0.30109864473342896
128,69337_a122ffde_1,0.0006321105756796896,0.9353938102722168
129,37241_29f91452_0,0.0006828238256275654,0.9842039942741394
130,141199_9ae000ef_6,0.001555264345370233,-0.3146418333053589
131,147133_92c04b84_4,0.0010030861012637615,0.11777335405349731
132,77687_cbb18594_50,0.0015323739498853683,-0.057712435722351074
133,144290_2a679085_11,0.00020537470118142664,0.39514172077178955
134,130825_c59bbbfb_0,0.0015697904163971543,0.9598278403282166
135,82512_252da752_6,4.323780012782663e-05,-65.89350891113281
136,115624_d0acb46b_24,0.0024999373126775026,0.9728752970695496
137,92134_52f13f49_7,0.0003327297163195908,0.7912451028823853
138,100326_0602c712_7,0.00016398480511270463,0.7415077090263367
139,134630_f9e85072_0,0.0008150063804350793,0.8123793005943298
140,108943_b07b2543_1,0.0017416196642443538,0.7128024697303772
141,125416_ab456bc3_5,0.0010618562810122967,0.9098467230796814
142,57222_33b428d7_69,0.00027666756068356335,0.7232905626296997
143,24650_dad8c8ee_13,0.0012641025241464376,0.9776009321212769
144,41749_14d0599c_1,0.0004881158238276839,0.9273898005485535
145,49396_98ab955d_27,0.0001353663974441588,0.9116233587265015
146,136892_e2a0b32c_4,7.005038060015067e-05,-0.8012540340423584
147,31962_e5291336_28,0.0012109767412766814,0.973571240901947
148,34231_e27353cb_0,0.0002362938248552382,0.7515587210655212
149,112724_d334de09_0,0.0017056039068847895,0.9734905958175659
150,56486_82b3e23a_21,8.549066842533648e-05,0.005875647068023682
151,40500_6055e3d7_17,5.5070842790883034e-05,-0.8526231050491333
152,39468_15fb2e60_43,0.0002671453112270683,0.5640971660614014
153,141710_17531562_7,0.0010008778190240264,0.9717128872871399
154,33529_756075a0_12,0.0007079891511239111,0.8613045811653137
155,54169_3a875f10_8,0.002754082903265953,0.9273583292961121
156,41023_5445cb61_9,0.00032508038566447794,0.7141003608703613
157,146380_5c569eeb_2,0.0010691104689612985,0.42538195848464966
158,24195_9791f5d3_38,6.652945739915594e-05,-0.31192994117736816
159,26573_7f7e176d_2,0.0059786890633404255,0.9469709396362305
160,22734_f6bad9f7_25,0.0026720205787569284,0.9569476842880249
161,48112_9538e204_0,0.0006541392067447305,0.9870153069496155
162,127545_6fa39158_10,0.0030673760920763016,0.9761472940444946
163,23788_5c0b60c6_0,0.00020706540090031922,0.8912724256515503
164,23792_5b4c1ce0_21,0.0032677475828677416,0.8968893885612488
165,146067_46e58ab3_1,0.008196012116968632,0.948000431060791
166,101072_dec6f415_3,0.0003460483276285231,0.8413742780685425
167,22829_b6649a29_0,0.00010971980373142287,-0.819273829460144
168,55389_a736bd99_0,0.0011160398134961724,0.4071653485298157
169,30259_d709601c_9,0.007132778409868479,0.7968032360076904
170,35866_d0233b36_13,8.22165675344877e-05,0.1269797682762146
171,34563_52848c45_5,0.0002440023672534153,0.9012342691421509
172,44519_90af0df6_7,0.003066477132961154,0.10547149181365967
173,114111_59282658_8,0.00023151958885136992,0.9207780957221985
174,45922_26941172_15,0.0029926709830760956,0.9499033689498901
175,41303_bd1def52_3,0.0002856179780792445,0.9277806878089905
176,22053_de30641b_1,3.0761635571252555e-05,0.5291029214859009
177,22298_51433023_4,0.0032222524750977755,0.9297943711280823
178,23479_81a49137_0,0.0021756943315267563,0.20962226390838623
179,22225_a3ce4d29_37,0.004581776913255453,0.9365651607513428
180,135669_490cd2d7_14,0.006610583513975143,0.6454293727874756
181,32173_8b075b1a_4,0.00118376559112221,0.9808258414268494
182,145119_24107428_5,0.001483112690038979,0.8875011205673218
183,41774_88a7a483_36,0.00045248112292028964,0.7674486637115479
184,133549_1b6c58d6_0,0.0024733454920351505,0.9473587274551392
185,40936_6de8f4f4_0,0.010543017648160458,0.9342305660247803
186,23008_3d1bb7b2_0,0.003685603616759181,0.9471188187599182
187,38360_ad61c9b2_1,0.0005376604967750609,0.6506707668304443
188,136109_3d342d3c_2,0.0011368138948455453,0.9542972445487976
189,135790_a27f9deb_11,0.0003357446694280952,0.5836457014083862
190,140249_7c1c5bba_0,0.00035720280720852315,0.5651814937591553
191,128996_a3d026d6_0,0.001179511658847332,0.7582875490188599
192,23235_f9ccb8b0_0,0.0010301489382982254,0.18761074542999268
193,93671_f7290ded_0,0.00030488232732750475,0.8193365931510925
194,51109_97b211c3_7,0.0004990982706658542,0.9390014410018921
195,51916_fa226b15_13,0.0002213519037468359,0.5217188596725464
196,86268_094d3fab_1,0.00041263492312282324,0.9917490482330322
197,39637_ca6a9a60_1,0.0023172690998762846,0.713421106338501
198,47219_93cb3619_3,0.010214990936219692,0.8200783133506775
199,47878_0edb6829_0,0.0029748762026429176,0.9470933675765991
200,26764_ab35159a_6,0.0025803884491324425,0.8970021605491638
201,34341_d19b12fb_12,0.00028553290758281946,0.6855762004852295
202,118342_c702e084_6,0.0006130451802164316,0.9859960079193115
203,49886_dd68dccb_4,0.0013483925722539425,0.8979054689407349
204,23493_57512264_5,0.00021245500829536468,0.33021092414855957
205,31751_e37382e1_5,0.0015940330922603607,0.9591694474220276
206,24338_848cab42_6,0.005283997859805822,0.5825436115264893
207,24916_42eacca3_10,0.0005326846148818731,0.712206244468689
208,137485_a953e1be_2,0.000614621676504612,0.9877105951309204
209,23706_ef15ef9c_18,0.0013777944259345531,0.908607006072998
210,143671_eaf4d13b_6,0.002752142958343029,0.9580094814300537
211,53470_39f2e9dc_13,0.00045492759090848267,0.4234732985496521
212,145772_59253c6d_3,0.00015040049038361758,0.7880715131759644
213,51893_d531e2bd_2,0.0009647456463426352,0.9789942502975464
214,39389_d641313f_8,0.003821921069175005,0.8541703224182129
215,51595_41f3d1a3_5,0.0002676450239960104,0.7459082007408142
216,51674_a70c1c6c_15,0.00024155766004696488,0.07973575592041016
217,37617_3f415463_5,0.00026107270969077945,0.8019853830337524
218,31862_a89f21f9_3,0.0004419533652253449,0.9868659973144531
219,40519_55a097c6_11,0.00480343122035265,0.7199336290359497
220,111306_9108c940_0,0.002060907194390893,0.6056035757064819
221,136640_16741d62_4,0.0003078258887398988,0.7905232906341553
222,23155_d7305c5f_2,0.012238254770636559,0.7521065473556519
223,43934_912ff891_41,0.00019282444554846734,0.0808115005493164
224,57017_6033d1e5_0,0.0011528977192938328,0.9419578313827515
225,126913_d253adb7_1,0.0007826106157153845,0.68702232837677
226,130752_52d74f2f_48,0.00241983775049448,0.8368775248527527
227,124177_71283cad_0,0.0006948072696104646,0.9464229345321655
228,24650_dad8c8ee_18,0.0011060984106734395,0.9717256426811218
229,55199_4d57661f_2,0.002921273000538349,0.8251137733459473
230,115010_eb737aaf_20,0.0025709173642098904,0.9507694244384766
231,27855_19c5895a_12,0.0006668645073659718,0.6502318382263184
232,52772_a6e6e320_0,0.00012589133984874934,0.8310546875
233,90917_3d2d21a9_0,0.0033502960577607155,0.9233751893043518
234,40703_5f4e45d4_7,0.0005010495660826564,0.9900602698326111
235,132622_911efd2f_1,0.004345364402979612,0.9349565505981445
236,43441_e1ab0873_6,0.019631074741482735,0.690091609954834
237,34917_61633e20_6,0.0015394823858514428,0.9666240811347961
238,67221_275ba7e6_4,0.0010464527877047658,0.9790090322494507
239,130719_e4764a36_10,0.00013484286318998784,0.7059594988822937
240,136318_130d6a06_20,0.0010863485513255,0.9009124636650085
241,99636_73c43ebd_10,0.0007024154765531421,0.9810469746589661
242,29377_3a04cb8d_6,0.0014502539997920394,0.7884238958358765
243,23018_63087a41_47,0.0009139631292782724,0.9749826192855835
244,26165_100fec74_4,0.00020170421339571476,0.36533915996551514
245,135934_d2f6bb2e_46,0.0005518506513908505,0.7321113348007202
246,24039_448afafa_5,0.001467810827307403,0.9292594194412231
247,32775_a79b406b_14,0.0024381554685533047,0.6893357038497925
248,23686_cba4f679_0,0.0016823726473376155,0.8404477834701538
249,35147_bc9f2c5d_0,0.0025733639486134052,0.5845791101455688
250,136337_1351909b_2,0.006198825314640999,0.8527623414993286
251,139222_2c10ca9a_1,0.0048044896684587,0.5866844654083252
252,139379_fe5c3f64_0,0.00022723658184986562,0.9916224479675293
253,33084_344fec27_2,0.0014518703101202846,0.9726705551147461
254,24775_d5c98d77_0,6.549389217980206e-05,-1.018956184387207
255,56344_3a89f085_23,0.0005827846471220255,0.945987343788147
256,135112_cf8007b8_5,0.002973881084471941,0.9267745614051819
257,50706_20d07d57_2,0.00831766240298748,0.9202942252159119
258,51744_cd355565_5,0.0019924070220440626,0.9403236508369446
259,51464_da501c24_0,0.0030647304374724627,0.3959391713142395
260,126572_a2d6f794_23,9.90084299701266e-05,-2.4266481399536133
261,70021_e673ae54_2,0.0002226764481747523,0.6791598200798035
262,25144_31b089b6_5,0.000853769073728472,0.6132844686508179
263,24715_55aac5f2_2,6.608132389374077e-05,-4.501263618469238
264,24532_f82f8000_2,0.0014641288435086608,-0.18526840209960938
265,30664_a3084f71_1,0.0017679095035418868,0.2608586549758911
266,81145_5c13a8e9_1,0.0003679256187751889,0.624200701713562
267,132037_2abb8c63_10,0.0001399869506713003,0.35650622844696045
268,50414_ac159b58_2,0.0021183511707931757,0.9230126142501831
269,21601_360ce1c7_7,0.0014369209529832006,0.9738860726356506
270,22119_27e3ecbe_9,0.0014810494612902403,0.954073429107666
271,145120_74f7316f_0,0.006611783057451248,0.7010715007781982
272,74574_c302ff1f_0,0.0001722453598631546,0.7737681865692139
273,52443_085efc00_4,0.000428644911153242,0.8599405288696289
274,147546_ede0f31c_3,0.005969398654997349,0.8709133863449097
275,22492_047b125b_21,0.0025215931236743927,0.9414753913879395
276,72313_5a86e234_0,0.01294998824596405,0.7526225447654724
277,45589_49e3c7ea_2,0.00024350167950615287,0.9926574230194092
278,83432_a7f85698_0,0.0010263429721817374,0.9769471287727356
279,32775_a79b406b_0,0.00011444596748333424,-0.10212528705596924
280,121703_69c4a5ac_3,0.0001586637954460457,0.4251120090484619
281,80901_e9080573_6,0.000999385374598205,0.9609988331794739
282,21809_8bd6b10e_3,0.01243177242577076,0.7263764142990112
283,49396_98ab955d_15,0.0010399610036984086,0.9008405804634094
284,33766_14917a4a_19,0.0013401596806943417,0.9701817035675049
285,26661_ab88a525_8,0.0003334831853862852,0.9906512498855591
286,44030_17bd5ec9_0,0.0012191662099212408,-0.4987291097640991
287,53221_74fa81cd_7,0.000500182097312063,0.567634105682373
288,21887_3306168f_7,0.0037440359592437744,0.6269450187683105
289,86185_85fde9e6_0,0.0010404059430584311,0.8409944772720337
290,87951_500b1dcd_2,0.0002746366080828011,0.706000566482544
291,22276_69c5036b_11,0.003588792635127902,0.9061038494110107
292,41721_44151488_5,0.0015710609732195735,0.8545289039611816
293,102293_5d04e48d_0,0.009138386696577072,0.5664209127426147
294,77687_cbb18594_20,0.00021555797138717026,0.7009913921356201
295,133248_1bab99ae_0,0.0018208264373242855,0.19734126329421997
296,24051_4852a192_2,0.0009324705461040139,0.9679944515228271
297,86806_2993395a_1,0.00029073559562675655,0.7531851530075073
298,38558_b0d6b3f8_1,0.0012991908006370068,0.9733344912528992
299,140549_7d01813c_0,0.0038142462726682425,0.8790045976638794
300,24559_3c306e71_1,0.0010672986973077059,0.8358396291732788
301,70350_751de4b0_13,0.004179953597486019,-0.7026811838150024
302,39101_23fec10f_8,0.0017691601533442736,0.8117811679840088
303,24942_9d1b2ff2_8,0.0022981141228228807,0.9732139110565186
304,30850_05d88af9_3,0.0022683499846607447,0.9622800350189209
305,113358_08641c94_4,0.003290656255558133,0.8977454304695129
306,21234_8b71bd47_27,0.0008881896501407027,0.6786730885505676
307,26245_4aac38e1_21,0.0007799345767125487,-0.8095536231994629
308,66072_d301cc88_0,0.0009391038329340518,0.5938807129859924
309,21894_93f0d052_23,0.0017702662153169513,0.8251458406448364
310,147816_7fb70c2b_2,0.001050310442224145,0.8898343443870544
311,49120_4131d1e7_1,0.00029967661248520017,0.9400026798248291
312,52224_ca16c854_4,0.00221622665412724,0.6835228800773621
313,105762_19e04e0b_1,0.0005618861177936196,-3.4355978965759277
314,30400_8824ce97_36,0.0006464296602644026,0.9068899750709534
315,95199_ffcff41e_0,0.00045730729470960796,0.5314536690711975
316,50417_199cffee_3,0.00014383671805262566,0.8880521059036255
317,24544_d06c82dd_5,0.0010676172096282244,0.9823318123817444
318,22604_565b91f5_2,0.0010472126305103302,0.9563069343566895
319,22788_b6a9e30a_4,0.0005214411648921669,0.8696951270103455
320,45789_d5126eab_14,0.0009034171816892922,0.8154551386833191
321,37267_b2be4b50_3,0.00010310782090527937,-9.375007629394531
322,34330_5eff1ee1_3,0.002133595757186413,0.7510000467300415
323,137999_d934160e_1,0.00016106019029393792,-0.24588656425476074
324,134921_f5efde94_27,0.0004095431650057435,0.6234649419784546
325,53470_39f2e9dc_8,4.521947994362563e-05,0.4926972985267639
326,23497_f292546d_25,0.0038494407199323177,0.8400107026100159
327,22289_4b848f64_2,0.0009562857449054718,0.8704848885536194
328,31392_84b62622_2,0.0015088641084730625,0.8742496967315674
329,51347_1fc6f329_0,0.0013384087942540646,0.699332594871521
330,50777_2934de55_6,0.00034944963408634067,0.9875327944755554
331,32841_954e8c1a_0,0.00020008279534522444,0.7935748100280762
332,31530_6744ae73_3,0.0012335451319813728,0.9818941950798035
333,65827_d1469ad6_1,0.00016418810992036015,-0.228721022605896
334,145461_30637b22_8,8.894009806681424e-05,-2.555013656616211
335,31973_093ea963_13,0.00030847443849779665,0.8799138069152832
336,70355_e5f58cd5_14,0.0005297764437273145,0.9483336210250854
337,77687_cbb18594_40,8.493771747453138e-05,0.6247360706329346
338,24392_fce351ea_0,0.0005259589524939656,0.7180339097976685
339,36853_7efccb8c_3,0.0007308683125302196,0.9002466797828674
340,41644_d15f8e2b_5,0.000186634948477149,0.03822559118270874
341,131762_9b5e5ff5_2,0.001834029913879931,0.8892441987991333
342,82193_96ef9433_2,0.001272400259040296,0.9801713228225708
343,31347_386f6298_15,0.002033391036093235,0.9521884918212891
344,34568_fbe47bf9_0,0.00020268795196898282,0.4197962284088135
345,115624_fe3eb392_3,0.004189340863376856,0.9041271209716797
346,130446_e7b58dbe_0,0.003602981334552169,0.8546348810195923
347,104641_2cd02839_33,0.00024448358453810215,0.46588850021362305
348,31460_39fdfc6a_7,0.0016730959760025144,0.623408317565918
349,95541_ced8f936_0,0.001594427740201354,0.9656363129615784
350,23126_725969ea_17,0.001075642416253686,0.8863529562950134
351,23676_52069f98_5,0.00017986696911975741,0.3226546049118042
352,137637_ed9c537d_0,0.0007607740699313581,0.8118876218795776
353,22474_b10fea1a_2,0.0006721514509990811,0.9837192296981812
354,143017_21d96cc2_10,0.0010852821869775653,0.8435467481613159
355,105270_34f92afd_1,0.00016084920207504183,0.7743967175483704
356,95622_0a0787e4_4,0.0014209181535989046,0.9787775278091431
357,55854_13f0399b_0,0.00391808059066534,0.9156708121299744
358,22118_1e09e0eb_5,0.002587409457191825,0.8896493911743164
359,146717_3e6a84c1_7,0.006265928503125906,0.9060773253440857
360,63132_330141d7_3,0.00047848522081039846,0.9029605984687805
361,115633_fd3c9b97_46,0.00012725112901534885,0.737894594669342
362,21644_aa203dc5_29,0.0002897978702094406,0.9288679361343384
363,79791_00f639ca_15,0.0007079433416947722,0.988081157207489
364,60711_42b5a13e_1,0.0009313219343312085,0.8968626260757446
365,137483_cdb8989d_0,0.0023311031982302666,0.9513293504714966
366,21644_aa203dc5_26,0.0005397555069066584,0.9068433046340942
367,131876_b2384623_0,0.0005949576734565198,0.6158558130264282
368,23706_ef15ef9c_10,0.000671019428409636,0.8973450064659119
369,68948_0d2a01cd_9,0.004724785685539246,0.8674843311309814
370,145137_4e9eef42_1,0.0008101695566438138,0.8370551466941833
371,30426_2cde26de_20,0.0066213952377438545,0.9246542453765869
372,31378_34c52a73_0,0.0002549532218836248,0.9292206764221191
373,92134_52f13f49_4,0.0003295908682048321,0.7775615453720093
374,119634_fc722479_1,0.001641011331230402,0.9774222373962402
375,24032_d6172503_24,0.0014989282935857773,0.37242525815963745
376,136401_69f29349_4,8.526838064426556e-05,-0.3230254650115967
377,41871_f9a1ad02_26,0.0011339194606989622,0.9139003157615662
378,48220_87941c4e_116,0.00249010743573308,0.6315077543258667
379,115012_9ed88535_2,0.0018433119403198361,0.2637615203857422
380,69488_025cf0a2_1,0.008286217227578163,0.9438282251358032
381,147427_69f68da4_3,0.00019692232308443636,0.4542042016983032
382,33766_14917a4a_32,0.0021455043461173773,0.9228215217590332
383,51747_3d58eae0_0,0.0006098628509789705,0.91811203956604
384,33785_a4c23f61_0,0.009646722115576267,0.9636069536209106
385,114935_797875fe_2,0.0018398925894871354,0.9330642223358154
386,51775_49ef614a_26,0.00022864984930492938,0.5934643745422363
387,38196_ea48fa42_3,9.381403651786968e-05,-0.09746396541595459
388,140413_44177109_21,6.66360865579918e-05,-0.2194986343383789
389,27676_79237cc5_1,0.00038793362909927964,0.8730887174606323
390,52883_e518d3f4_33,0.0006918843137100339,0.9863705039024353
391,34347_841c5375_2,8.068563329288736e-05,-0.6405168771743774
392,55289_292737cb_0,0.000602490094024688,0.9884332418441772
393,50606_82cb18e2_0,0.0010337268467992544,0.9593726992607117
394,30407_efa567f2_4,0.0003664161777123809,0.9911648631095886
395,31647_ab9ad9dc_13,0.0012089683441445231,0.8828769326210022
396,24896_58b4730f_17,0.00048006209544837475,0.9104611277580261
397,23602_5daaccf5_4,0.001751105417497456,0.8776929378509521
398,27725_5cceaeb7_10,0.00021582707995548844,0.55161452293396
399,127734_395dcf7d_5,0.002061887877061963,0.6647229194641113
400,31957_d864f861_3,0.0043137348257005215,0.12093138694763184
401,49415_1671b60c_4,0.0008038745145313442,0.24834966659545898
402,45110_fae73324_4,0.0004239001718815416,0.9773781895637512
403,22343_34184fd5_18,0.00018191330309491605,0.30744582414627075
404,22848_cc91b848_38,7.452816498698667e-05,-84.91088104248047
405,73652_23b21ef2_1,0.00148628163151443,0.9701129794120789
406,65569_bd890a32_1,0.0009587972890585661,-8.19661808013916
407,48220_87941c4e_111,0.002651550807058811,0.5356152057647705
408,30394_e30f932c_0,0.0035285090561956167,0.7981076836585999
409,21941_1a683ec2_26,0.0009372050408273935,0.9608639478683472
410,25564_e646fcb3_1,0.00013887736713513732,0.5309932827949524
411,134053_87a32e31_3,0.00014171081420499831,0.6133205890655518
412,87950_af56e26e_2,0.0006971679395064712,0.9489740133285522
413,51458_54240b70_17,0.00047866106615401804,0.4712972044944763
414,40688_effe215a_1,0.0017827610718086362,0.9558531641960144
415,131494_c8a441d0_0,0.0006841866998001933,0.8667684197425842
416,26768_c4df841f_21,0.0005071734194643795,0.40590423345565796
417,136892_2d5f55a9_0,0.003084668656811118,0.3235675096511841
418,54652_d60ac3e0_10,0.0026176695246249437,0.8579831719398499
419,51747_3d58eae0_1,0.0008786146063357592,0.6408259868621826
420,54650_df3655c1_0,6.929734081495553e-05,0.24101603031158447
421,41125_711db4bf_58,0.0007465616799890995,0.9169577360153198
422,45418_f603706b_2,0.0003488617076072842,0.9117615222930908
423,21852_6cf9a734_18,0.0088089844211936,0.9247089624404907
424,122515_758d8b70_6,7.006098894635215e-05,-56.855445861816406
425,104081_05ba54fa_2,0.0008933182689361274,0.6248235702514648
426,41672_cf87e0b6_0,0.00036273314617574215,0.9440162777900696
427,22638_37f9fe91_1,0.0002818475477397442,0.1673312783241272
428,24559_3c306e71_3,0.001036131288856268,0.8118038177490234
429,31589_ac31215d_8,0.00026336530572734773,0.8606350421905518
430,49603_143b8bd2_35,0.0029113185591995716,0.7695817351341248
431,127965_c64a91da_0,0.0006922681350260973,0.8208369016647339
432,36062_f2fb6808_1,9.731372847454622e-05,0.10062628984451294
433,139280_8874b1ab_18,0.00039161910535767674,0.6236875057220459
434,30997_24dea167_4,0.0015279462095350027,0.8621786236763
435,143471_eb185912_5,0.00015666410035919398,-0.6040852069854736
436,23176_1bf2a2d5_10,0.005022051744163036,0.7923698425292969
437,98299_b8146029_5,0.0007181323016993701,0.9378072023391724
438,23466_1cf60d09_4,0.003223332343623042,0.9098691344261169
439,41591_2d0bd0d5_3,0.001144501380622387,0.9597669839859009
440,134929_9049dcec_1,0.0005255325231701136,0.7181986570358276
441,41785_e8bf0528_0,0.0011189347133040428,0.9512426257133484
442,31460_39fdfc6a_6,0.0010023500071838498,0.9785342812538147
443,133710_00be7f31_1,0.005729096010327339,0.3426247239112854
444,24532_f82f8000_0,0.0003114204737357795,0.9314993619918823
445,21234_8b71bd47_3,0.00021050496434327215,0.6813440322875977
446,35175_6edc4126_5,0.0011847395217046142,0.9656694531440735
447,20495_e8e7e80c_1,0.0002341882063774392,0.7269355058670044
448,76546_c17e95aa_2,0.00010319193825125694,0.39300674200057983
449,41654_e75f89df_0,0.0007350821979343891,0.9601026773452759
450,109772_f1a0845e_6,0.00024318422947544605,0.8594836592674255
451,34913_d23e2a24_0,0.0015065640909597278,0.9162977933883667
452,25203_1cc0cb3c_12,0.001313559478148818,0.9780778884887695
453,37160_2a95674a_4,0.0013168330769985914,0.914039134979248
454,69240_dc199112_4,0.0009356570080853999,0.8222746849060059
455,25176_d9130589_0,0.0005971401697024703,0.9215207099914551
456,69235_fe79a369_0,0.00015336480282712728,0.6555661559104919
457,39468_15fb2e60_9,0.0024035379756242037,0.6513078212738037
458,103284_e25015aa_6,8.4578015957959e-05,0.32592451572418213
459,30377_e18ea3de_0,0.0001521817612228915,0.8767133355140686
460,66080_f578d52b_4,0.0004627935995813459,-1.3786303997039795
461,37444_52b27e94_14,0.0008207178325392306,0.875008761882782
462,38675_6e07d74b_31,0.001051788916811347,0.9667192101478577
463,21680_360ba5c7_28,0.0009962550830096006,0.9274139404296875
464,142032_5c32b7db_2,0.0009937356226146221,0.9817011952400208
465,44210_a155c2d1_0,0.00365048018284142,0.9187387824058533
466,38287_88ec74de_92,0.00034589687129482627,0.9489355683326721
467,29572_2f9283f2_4,0.0008619132568128407,0.9357959032058716
468,28300_b3a6ab79_10,0.0007116328342817724,0.9753932356834412
469,136129_e6a20c7d_5,0.0001557469367980957,0.7610333561897278
470,119381_e4d13609_0,0.0015729444567114115,0.940488338470459
471,30729_b4d83b07_4,6.24047388555482e-05,-0.2814701795578003
472,140413_44177109_11,0.001622985117137432,0.9236679077148438
473,26384_83eddf22_0,0.0013922189828008413,0.8937048316001892
474,82285_e7a738e7_2,0.005639809183776379,0.5302380919456482
475,108599_347602af_0,0.002188269514590502,0.9319510459899902
476,119889_41a6f268_1,0.00016006203077267855,0.7637864351272583
477,55006_94230c00_1,0.0005157034611329436,0.9838772416114807
478,21517_bfe35b4c_10,0.00017886953719425946,0.9178037643432617
479,20818_098cad7c_6,0.0003181527426932007,0.6592942476272583
480,41855_b82e6ae8_6,0.0005271051195450127,0.9390679597854614
481,137166_90691294_8,0.0001585153368068859,0.8947315216064453
482,69561_f274e705_26,0.00038368726382032037,0.9815019369125366
483,51579_d0c3e154_0,0.001690712058916688,0.9284574389457703
484,23676_52069f98_4,0.001292993314564228,0.9592862129211426
485,31962_e5291336_1,0.0012035324471071362,0.9643913507461548
486,57222_33b428d7_1,0.00016671580669935793,0.8762309551239014
487,51586_2ad96f8c_17,8.659138984512538e-05,-0.04153323173522949
488,41473_c2137170_32,0.0008423003018833697,0.8687243461608887
489,31123_9a1bfc50_2,0.0024166337680071592,0.8175047636032104
490,23211_3aac9c7e_0,0.0004368386580608785,0.9181504845619202
491,45798_b573e9da_5,0.00748877739533782,0.6139646768569946
492,27847_d2436f7c_37,0.00030323624378070235,0.6495169401168823
493,54736_6ee1b513_1,0.0012787654995918274,-0.10479390621185303
494,132901_7d205bb4_9,0.00012791890185326338,0.15187448263168335
495,73762_8c704690_0,0.002135035814717412,0.712090253829956
496,23209_1592b0a4_1,0.0013590500457212329,0.9057496786117554
497,49024_b7f02205_2,0.000272799952654168,0.3083638548851013
498,147630_7f858240_15,0.0011001009261235595,0.8061862587928772
499,69337_2c778611_11,0.0005733970901928842,0.6624828577041626
500,82498_92a00cd6_1,0.0016122374217957258,0.5004616975784302
501,78775_e2d8b091_1,0.000783304451033473,0.8937568664550781
502,40067_95ae6c76_9,0.0007130135199986398,0.9236159920692444
503,80756_6f2e842f_0,0.0005759174237027764,0.8828190565109253
504,25284_1da7aa8a_0,0.0003823150764219463,0.9243472218513489
505,55605_2f8bc12e_62,0.0008683749474585056,0.9703013300895691
506,39792_60786b6c_15,0.00142137601505965,0.9714654088020325
507,34063_0ca1585e_2,0.0009895781986415386,0.3585664629936218
508,31664_1e85c690_13,0.0012796542141586542,0.9634108543395996
509,131193_98f3ac52_1,0.0005477859522216022,0.7549931406974792
510,120221_e2eaa34b_2,0.0016938813496381044,0.4187639355659485
511,130286_1f71bfed_3,0.001595349283888936,0.5247290134429932
512,118342_e8142153_21,0.0004080247599631548,0.8492134213447571
513,128043_9f8cd69e_1,0.00018484842439647764,0.7453417778015137
514,41504_85e300ee_1,0.00014688048395328224,0.36753660440444946
515,78863_d59be42e_0,0.002975262003019452,0.6423302888870239
516,31733_5118b376_3,0.005469241179525852,0.960970938205719
517,22208_e177deb7_5,0.0009513140539638698,0.7727320194244385
518,24026_1dd4094b_43,0.0004901133943349123,0.5713604688644409
519,73388_10a40b49_1,0.0015167996753007174,0.9107087254524231
520,138219_cdff4f61_0,0.0012023065937682986,0.20652556419372559
521,49399_dc56d180_1,0.001600400311872363,0.9700686931610107
522,41306_8f26e703_3,0.000264621659880504,0.908794641494751
523,51590_034b8b08_14,0.008746134117245674,0.8520917892456055
524,48402_8c965495_4,0.00033078889828175306,0.5241623520851135
525,26388_a3367cba_0,0.003097780281677842,0.6138641834259033
526,28300_b3a6ab79_6,0.0013721069553866982,0.9540941119194031
527,43938_418421a7_0,0.0010362653993070126,0.5302605628967285
528,41520_60018d18_0,0.00016783656610641629,-0.20844006538391113
529,137869_344b239b_0,0.00025225337594747543,0.40663087368011475
530,41648_577daf16_0,0.003882969031110406,0.8337862491607666
531,31347_386f6298_10,0.0014136264799162745,0.9732476472854614
532,82190_24b1b0fe_12,0.0011126247700303793,0.8051467537879944
533,33741_4a973932_1,0.0014483396662399173,0.7598785161972046
534,42005_3da46d94_0,0.000517935142852366,-10.597481727600098
535,132982_ee1eed2f_0,0.0010372096439823508,0.9557083249092102
536,23898_6e740393_29,0.0009731653844937682,-0.9175717830657959
537,105831_88a0fb85_6,0.002617667894810438,0.9429094791412354
538,31278_749a6317_0,0.00034342409344390035,0.7937143445014954
539,51586_2ad96f8c_4,0.00035110212047584355,0.8397012948989868
540,57000_cd1ddece_14,0.00018294283654540777,0.9254320859909058
541,50692_e7ff2668_8,0.001276095281355083,0.954613447189331
542,65346_e89312e5_0,0.00021000916603952646,0.6826211214065552
543,38840_0e449caf_4,0.001824188162572682,0.5288889408111572
544,29573_ca59fbbf_5,0.003759713377803564,0.9620968103408813
545,30164_c5680724_12,0.002191153122112155,0.8843671083450317
546,138620_e21e10ee_0,0.00025367087800987065,0.7838159799575806
547,50305_caf9cef2_34,0.0014365451643243432,-1.4856760501861572
548,83396_fdb2987a_0,0.0017143490258604288,0.9381948709487915
549,28379_7e292343_4,0.0020195043180137873,0.9555034041404724
550,33529_756075a0_32,0.003013163572177291,0.7760982513427734
551,109857_1d24326e_42,5.124987364979461e-05,-1.5539624691009521
552,22772_2b5f6629_6,0.0007808812079019845,0.9871851801872253
553,34600_e2685d46_2,0.0006380194681696594,0.9766855239868164
554,122344_ab1b06aa_2,0.00921893771737814,0.8333394527435303
555,123573_5f5c9584_1,0.000366789783583954,0.7040767073631287
556,35166_562b126c_20,0.0003535604337230325,0.9863145351409912
557,51350_138f893a_1,0.00015610437549185008,-0.49727392196655273
558,137785_67c3085b_16,0.0019274743972346187,0.9525676965713501
559,50417_199cffee_12,0.0020289095118641853,0.901982843875885
560,22194_a5c323b9_3,0.00041540266829542816,0.932228147983551
561,42329_df7f540f_18,0.0005604514153674245,0.9415436387062073
562,41779_25e4203d_6,0.0005336980684660375,0.18690228462219238
563,51094_40aa8332_20,0.002490607788786292,0.9065240025520325
564,109762_cb162371_38,0.001753352116793394,0.9077003598213196
565,45922_26941172_9,0.000532654405105859,0.9082947373390198
566,34587_ed155e93_0,0.00031579937785863876,0.9909266829490662
567,69589_a468c1b4_0,0.003114329418167472,0.9342430830001831
568,44921_00dfb467_0,0.00028559102793224156,0.9303381443023682
569,82672_4705a693_0,0.0006425969186238945,0.7137168645858765
570,26778_a71e88a6_0,0.0002122424339177087,0.42788857221603394
571,69488_7bfb2b67_0,0.0003356113447807729,0.9906742572784424
572,22686_afe3a61e_0,9.060461889021099e-05,0.4402241110801697
573,109772_5faa88e8_5,0.00041868616244755685,0.7136039733886719
574,43938_418421a7_147,0.0008805330144241452,0.8790344595909119
575,141694_b5ac3112_3,0.00215897336602211,0.16787070035934448
576,31973_093ea963_16,0.00018950187950395048,0.8810211420059204
577,26858_e90dc419_25,0.0001582207332830876,0.08438771963119507
578,131350_bbdad30d_0,0.0004060230276081711,0.768499493598938
579,35741_c43475b8_1,0.0005668032099492848,0.802470326423645
580,30690_3df2c9e2_1,0.0006584951188415289,0.9438570141792297
581,122758_5f4efbf0_2,0.0007316672708839178,0.951859712600708
582,37822_3be11c62_0,0.000296673271805048,0.8738577365875244
583,91174_ee6ee92b_1,0.0007129034493118525,0.8329746723175049
584,23676_52069f98_31,0.0036326260305941105,0.9634076952934265
585,27958_fee329eb_1,0.0002845516719389707,0.9228127598762512
586,144534_3b4fdb09_18,0.002409243956208229,0.3268005847930908
587,30292_0b5e0265_1,0.015823544934391975,0.7845937013626099
588,111062_e59e2d31_0,0.005047667771577835,0.9426361918449402
589,135790_a27f9deb_77,0.001243465463630855,0.757804274559021
590,65842_de75838b_10,0.0006342813721857965,0.8673115968704224
591,22475_9d9601a8_3,9.717502689454705e-05,0.458255410194397
592,119884_192e3265_0,0.003337447065860033,0.5018896460533142
593,51463_3330e3aa_2,0.001982026966288686,0.794327974319458
594,23231_efe613bb_4,0.0020496640354394913,0.8950201869010925
595,22895_4533b542_2,0.0011334385490044951,0.8259066343307495
596,146219_5661130f_4,0.0015894038369879127,0.9655072093009949
597,38953_19054857_19,0.0006630391580983996,0.4107668995857239
598,21847_b2de7eb8_24,0.0010677126701921225,0.9276429414749146
599,51603_034939eb_12,0.00017430802108719945,0.8925575613975525
600,24843_5231632c_4,0.00034399295691400766,0.7859879732131958
601,41982_f75ceb8f_4,0.00025861067115329206,-0.9672925472259521
602,42937_c573c439_2,0.00017744165961630642,0.2541199326515198
603,61288_2d594195_0,0.0013636177172884345,-1.2416598796844482
604,55006_94230c00_0,0.000282869441434741,0.7183018922805786
605,49898_f42a885e_5,0.0017582383006811142,0.9616779685020447
606,55709_af3825c8_4,0.0016283527947962284,0.9470010995864868
607,144117_83c980ca_2,5.841621168656275e-05,0.7966472506523132
608,40417_b8d98f73_7,0.0003838722186628729,0.7445598840713501
609,53200_d1e30b87_11,0.0004401595506351441,0.5173702239990234
610,147009_977ee378_4,0.00011086586891906336,0.020935893058776855
611,63056_a5dfd66b_4,0.0005104317096993327,0.07774364948272705
612,22205_f48b96b3_10,0.0006189298001118004,0.8590530157089233
613,51585_b695905b_4,0.001295076566748321,0.9713243246078491
614,24084_71f37c00_1,0.0009493971592746675,0.8094624280929565
615,25815_0e853ad9_10,0.0010238450486212969,0.9359764456748962
616,55030_11a6e3e8_3,0.004598467145115137,0.9584473967552185
617,23042_1184de03_5,0.0013124736724421382,0.9618077278137207
618,39719_e9629dbd_4,7.264477608259767e-05,0.20096039772033691
619,51256_ed221095_2,0.00031674938509240746,0.6461551189422607
620,25810_93c8a71a_3,0.001361002796329558,0.9479654431343079
621,22208_e177deb7_1,0.0012403508881106973,0.9132090210914612
622,115624_d0acb46b_22,0.0016595274209976196,0.9738796949386597
623,30708_4282508b_0,7.079387432895601e-05,-0.09574258327484131
624,31117_cd5cdbdb_12,0.0006820435519330204,0.7055454254150391
625,41733_1ec9b00c_32,0.0002008228184422478,0.40716153383255005
626,111387_c4243097_2,0.0003631412691902369,0.5067819356918335
627,119869_e8f0dd81_19,0.00033793746843002737,0.7456758618354797
628,34569_590239d6_0,0.0019244535360485315,0.9116625785827637
629,136318_130d6a06_23,0.0003014600370079279,0.6247448921203613
630,145132_7aea3b66_4,0.001888895290903747,0.9752770066261292
631,41878_3aeaed3d_0,0.0019322303123772144,0.6857859492301941
632,34583_a1cf326b_0,0.002156022470444441,0.9605410099029541
633,116581_d405b783_0,0.0020381081849336624,0.972308874130249
634,24044_9bbe7992_3,0.00031185930129140615,0.6107644438743591
635,22194_a5c323b9_2,0.001193413743749261,0.8924460411071777
636,142076_08d80e12_21,0.00014845824625808746,0.3431681990623474
637,55817_6ac2912d_7,7.822710176697001e-05,0.1564265489578247
638,21165_5cb2d287_2,0.00010850113903870806,0.7713718414306641
639,39796_45dcdc7d_0,0.015734435990452766,0.7959389090538025
640,33044_7fdd9213_1,0.003363636787980795,0.9108650088310242
641,23731_3fe5b501_6,0.00021495747205335647,0.6695742607116699
642,32743_f4c47bbc_31,0.00201228866353631,0.8129458427429199
643,108775_4908fba2_21,0.0006577155436389148,0.9415503740310669
644,21941_1a683ec2_19,0.0008665287168696523,0.9360454082489014
645,27682_04277f62_18,0.0011694107670336962,0.9462960958480835
646,25815_0e853ad9_4,0.0010962202213704586,0.9292608499526978
647,30261_723e95cf_2,0.001000736141577363,0.9578207731246948
648,21385_601444ba_102,0.001667716191150248,0.9215534329414368
649,30368_d7fd30ce_7,0.00040426806663163006,0.847539484500885
650,55605_2f8bc12e_3,0.005241078324615955,0.14442914724349976
651,24650_dad8c8ee_15,5.5184522352647036e-05,-0.7217288017272949
652,34227_48203345_7,0.0024177718441933393,0.932594358921051
653,113348_ac85cba3_1,0.0009599626646377146,0.8969092965126038
654,26552_25c5924a_1,0.0003049765946343541,0.8832164406776428
655,55381_cbaffe9b_0,0.0003743973502423614,0.8963567018508911
656,55817_6ac2912d_25,0.0008290904806926847,0.9779661893844604
657,138947_0778db40_4,0.0005759561900049448,0.7747650742530823
658,52788_07f7da63_0,0.0005159769207239151,0.8719156980514526
659,70355_e5f58cd5_6,0.00034168752608820796,0.42458784580230713
660,51744_cd355565_8,0.001128393574617803,0.7686564922332764
661,41227_90e1c07c_16,0.0014204403851181269,0.9642294645309448
662,45359_1768ab3f_42,0.005154916550964117,0.45596539974212646
663,41783_d1c10326_3,0.0003076873836107552,0.010175883769989014
664,32960_0eaa1de8_13,6.0844464314868674e-05,-3.3924880027770996
665,34674_32ee1595_3,0.0012488533975556493,0.9576420783996582
666,136885_23632908_1,0.0023695388808846474,0.15438389778137207
667,136808_00592735_3,0.0004217434616293758,0.9082483053207397
668,45589_49e3c7ea_5,0.001940062502399087,0.960060715675354
669,141665_0564e852_3,0.001599678653292358,0.6180059909820557
670,50897_3be92e2f_18,0.0008612578385509551,0.9798874855041504
671,84256_4164b724_3,0.0002814984181895852,0.7299078702926636
672,22994_e6ad8f2b_10,0.0025960064958781004,0.9036528468132019
673,28295_0dc908b9_8,0.0004112384922336787,0.8711853623390198
674,23329_6939d5d9_5,0.000526178686413914,0.4162978529930115
675,123665_0a0da5c7_3,0.00011940131662413478,0.06791901588439941
676,121172_0ac63503_7,0.0008126898901537061,0.8461026549339294
677,50941_2a8a8c76_0,0.0004419207398314029,0.9912362694740295
678,37846_cde34fcd_66,0.0008039796375669539,0.8650647401809692
679,56040_9b1307eb_21,0.0016151810996234417,0.7484267950057983
680,146535_229c95bc_1,0.00017860162188299,0.1816745400428772
681,50947_49287c16_2,0.0013811734970659018,0.9774244427680969
682,95622_0a0787e4_5,0.00039987085619941354,0.7835929989814758
683,25432_f13e5110_0,0.0009555389988236129,0.969909131526947
684,32454_e959e3cf_0,0.0013565287226811051,0.9618234634399414
685,65858_61e9b51a_18,0.0013694842346012592,0.6875810623168945
686,70350_751de4b0_3,0.0031624508555978537,0.5628055334091187
687,129239_0d49310c_15,0.0005150221986696124,0.8037046194076538
688,31008_8fa25b35_8,0.000698573887348175,0.8524907827377319
689,55306_795d845b_2,0.000143676224979572,0.08684206008911133
690,29729_e8bb36f1_2,0.0004296646802686155,0.493679404258728
691,67283_4097cbd6_5,0.00018718675710260868,-0.5915638208389282
692,23904_811e466f_4,0.00026170272030867636,0.7804409265518188
693,116076_12d31fb7_1,0.0008242101757787168,0.8759716153144836
694,45302_02d7e3bc_0,0.001310362247750163,0.6704180240631104
695,60977_4bb093ec_1,0.0011995949316769838,0.9465459585189819
696,49017_76979790_8,0.0011567027540877461,0.780759334564209
697,146321_0dbae658_10,5.299604526953772e-05,-4.340490818023682
698,102194_150e3faf_3,0.0002358795318286866,0.992775559425354
699,34769_44655d03_5,0.00032275202102027833,0.6391072273254395
700,38953_19054857_6,0.00122179021127522,-0.0029124021530151367
701,55397_ad24603f_1,0.00027738968492485583,0.7120732069015503
702,21908_385686ec_15,0.0010283337906002998,0.9503628611564636
703,60721_57103153_4,0.0003012077650055289,0.517761766910553
704,98701_7cd4ec8d_0,0.002233512233942747,0.9594306349754333
705,91703_642cdf1a_1,0.002557604806497693,0.951891303062439
706,26661_ab88a525_5,0.002718038856983185,0.31436967849731445
707,51940_67bb0219_21,0.00016335412510670722,0.6518830060958862
708,22543_684108ff_22,0.00028148849378339946,0.7202838063240051
709,145250_cde4d039_8,0.0003329635947011411,0.6251453161239624
710,20232_e5b060d9_6,0.00022854174312669784,0.5851262807846069
711,128043_d4650350_0,0.0022326314356178045,0.9700199365615845
712,140530_30edf2c4_0,0.0010368465445935726,0.12496566772460938
713,131814_9af6d05a_0,0.0011593010276556015,0.8256773352622986
714,26245_4aac38e1_9,0.0006176590686663985,0.7419817447662354
715,30282_88c6933c_14,0.0017461283132433891,0.9330053329467773
716,32322_71d0035e_1,0.0003950687823817134,0.9797296524047852
717,131762_d10609a4_1,0.0011281243059784174,0.9490424394607544
718,54812_5f7b7aba_2,0.00030827909358777106,0.864662766456604
719,135830_8fb36dac_4,0.002802209695801139,0.875921368598938
720,139280_8874b1ab_4,0.00013056570605840534,0.7195454835891724
721,49904_639055dd_1,0.001053874846547842,0.8792077302932739
722,53601_59d3ecd2_0,0.0056677768006920815,0.7676378488540649
723,50047_54241fe3_12,0.001249648747034371,0.9032711982727051
724,136925_70fb0381_3,0.000570695789065212,0.965076208114624
725,87488_95f678ce_0,0.0020668364595621824,0.9543702006340027
726,137166_90691294_2,0.00015438100672326982,0.8973429799079895
727,44030_17bd5ec9_11,0.00022633471235167235,0.6413551568984985
728,137396_b5f6bec4_5,0.00023854858591221273,0.9928352236747742
729,21900_760d2078_10,0.0036968321073800325,0.9464491605758667
730,21185_ac5324ba_5,0.0027566433418542147,0.9140264391899109
731,31132_2320d049_4,0.0006568048847839236,0.9880529642105103
732,82281_80cdf67c_4,0.0003982167108915746,-0.0045964717864990234
733,38287_88ec74de_15,0.002476571360602975,0.9520387649536133
734,136128_831e37a6_0,0.0013422175543382764,0.8506813645362854
735,21330_f0cee934_18,0.00035356180160306394,0.7679316401481628
736,34109_5a868eae_10,0.0011949912877753377,0.8857491612434387
737,21174_861bd902_2,0.001216737087816,0.8939533233642578
738,49783_365bec9e_6,0.0010524176759645343,0.9684287309646606
739,24429_ace910b3_8,5.3041017963550985e-05,-2.104163646697998
740,22772_2b5f6629_4,0.00047057351912371814,0.8796848654747009
741,53927_ef5208b9_14,0.0081455297768116,0.6606460809707642
742,56250_3b6024e3_54,0.0009159998735412955,0.979982316493988
743,23522_5c2ec58e_8,0.003445554291829467,0.891430139541626
744,121177_93fb3127_10,0.00022874693968333304,0.5848921537399292
745,138840_b7f948ea_2,0.001530591631308198,0.8442152738571167
746,41125_711db4bf_6,0.002835206687450409,0.9329413771629333
747,102606_28922dfc_0,0.0018606862286105752,-18.564151763916016
748,31530_6744ae73_50,0.004476403351873159,0.9201370477676392
749,50598_eae0df5a_1,0.0003632382722571492,0.33581268787384033
750,145726_19ccdbda_12,0.0006922167376615107,0.7780200839042664
751,41469_b94cf3e4_0,0.001576508511789143,0.6768622398376465
752,147009_977ee378_1,0.001961992820724845,0.8114141225814819
753,24267_8a216138_10,0.0006369109614752233,0.9482920169830322
754,63071_3d434a33_16,0.0011170334182679653,0.9404018521308899
755,34436_ffc43a58_4,0.00029329024255275726,0.7469913959503174
756,50692_e7ff2668_4,0.0006209773709997535,0.7511798143386841
757,146642_883a71d2_9,0.004672463983297348,0.9262111186981201
758,109772_f1a0845e_7,0.0006214901804924011,0.9854972958564758
759,136640_16741d62_1,0.0011246867943555117,0.7144461870193481
760,21680_360ba5c7_11,0.0011574785457924008,0.5297335386276245
761,27729_09d75da1_2,0.0009350160253234208,0.9733663201332092
762,82148_5df06ed9_19,0.006781809963285923,0.5289068222045898
763,55287_8a57a3db_1,0.004645842593163252,0.7141929268836975
764,53221_74fa81cd_5,0.0008490313193760812,0.592827320098877
765,30417_0010bc7c_39,0.0011575565440580249,0.9096425175666809
766,23706_ef15ef9c_40,0.00027660405612550676,0.9605207443237305
767,140763_e14274f8_3,0.00029766481020487845,0.7746578454971313
768,23602_5daaccf5_3,0.0006568129756487906,0.8935248255729675
769,30282_88c6933c_9,0.0013193240156397223,0.9170069098472595
770,56824_0fc773f6_0,0.0015858759870752692,0.9095923900604248
771,42410_d3b5588e_1,0.0005433677579276264,0.9174427390098572
772,55055_dd27a8a4_0,0.0021469146013259888,0.960706353187561
773,115633_a2c63339_6,0.0002433165063848719,0.7306350469589233
774,73651_a41647f8_5,0.00012201120262034237,0.5270304083824158
775,33413_060ce192_32,0.0013745763571932912,0.8944048285484314
776,97331_a482fa9b_0,0.0021069871727377176,0.5547508001327515
777,23476_705b76d1_0,0.00036617644946090877,0.9856773614883423
778,32566_7bfc936b_6,0.006301984656602144,0.9404390454292297
779,41717_eb1c1e6b_0,0.0021095499396324158,0.8309489488601685
780,60720_ef9a0a95_8,0.0002868079172912985,0.38699787855148315
781,138700_ab763a46_202,6.941598257981241e-05,-37.30780029296875
782,38287_88ec74de_17,0.0059192185290157795,0.026526212692260742
783,135535_0bd0048d_0,0.01027991808950901,0.8451719880104065
784,21797_69df08d5_7,0.025391176342964172,0.7978432178497314
785,65350_b3fa8f4f_47,0.0037110254634171724,0.9829199910163879
786,41714_1d49f4d1_3,0.0009626863175071776,0.892429530620575
787,66012_a13e1644_1,0.0003129266551695764,0.8672974109649658
788,22652_564979ff_11,0.00039156092680059373,0.7089344263076782
789,25127_ecba81df_23,0.0008902362897060812,0.41901981830596924
790,47548_db93c988_4,0.00020488761947490275,0.49877381324768066
791,55927_f8b31711_5,0.0028040509205311537,0.8500270247459412
792,31647_ab9ad9dc_2,0.0011680416064336896,0.8421173095703125
793,41128_ee74f244_8,0.0008960023405961692,0.7547762989997864
794,20959_d4905d19_4,0.0003744982532225549,0.9081205725669861
795,52009_a2b75078_3,0.004855712875723839,0.9510962963104248
796,22201_473a3a65_16,0.0007426799274981022,0.8993889093399048
797,29442_365e23df_30,0.002844811649993062,0.9195379018783569
798,51859_6b2fd0f1_8,0.0009661869844421744,0.9670042395591736
799,140413_44177109_15,0.000310463277855888,0.7246209383010864
800,21822_7d3db422_11,0.0022854015696793795,0.9364943504333496
801,24168_a0ede173_100,0.00050242809811607,0.6374012231826782
802,145532_c2304f89_1,0.0024854536168277264,0.6519556045532227
803,104641_2cd02839_13,0.00017046333232428879,0.3392958641052246
804,23679_81ef9e37_2,0.000540073262527585,0.871319055557251
805,95271_de3df8d5_2,0.00018536520656198263,0.10747736692428589
806,41401_e4117da2_0,7.076890324242413e-05,-0.5420205593109131
807,48006_babdf4af_9,0.0021359112579375505,0.9752655029296875
808,142246_0851be5e_32,0.005631905049085617,0.9065412282943726
809,33615_7bab1106_4,0.000848759023938328,0.9438377022743225
810,31117_cd5cdbdb_18,0.0012227415572851896,0.9814918041229248
811,34914_8911676d_0,0.0012622505892068148,0.8959400057792664
812,55501_a09e4ced_2,9.832537762122229e-05,-2.6934170722961426
813,41128_ee74f244_9,0.0005279585020616651,0.825232207775116
814,142246_0851be5e_22,0.0013478051405400038,0.7555508613586426
815,22413_901f5867_0,0.00038285242044366896,-0.15870869159698486
816,56490_0a0fba77_0,0.00018149311654269695,0.9485215544700623
817,93676_4f934980_1,0.0005006490973755717,-0.10988283157348633
818,146642_883a71d2_96,0.001363024115562439,0.851227879524231
819,24032_d6172503_3,0.0004883575020357966,0.9172108769416809
820,44221_25c62f03_1,0.0018382256384938955,0.9659531116485596
821,50315_0f1419bf_33,0.004068734124302864,0.6050892472267151
822,133389_0938a905_2,0.00022148860443849117,0.9437877535820007
823,24824_cf51e5b6_4,0.0024214007426053286,0.5457603931427002
824,33970_32f36442_3,0.000957820622716099,0.9701310396194458
825,29359_bbfab271_2,0.000996175454929471,0.8246302604675293
826,23172_4ab01e83_0,0.0005059767863713205,0.9877032041549683
827,98511_1b46a85e_45,0.0018449770286679268,0.9481470584869385
828,98511_1b46a85e_46,0.0017602560110390186,0.9482482075691223
829,34248_cc11976c_0,0.000567275274079293,0.9790403246879578
830,104003_46555fb2_0,0.0002722520148381591,0.39458370208740234
831,34520_035b5e9a_8,0.0003118585445918143,0.8928195834159851
832,38397_93d5d7de_12,0.0028155569452792406,0.9609918594360352
833,130023_93b3ca95_1,0.0010085568064823747,0.6450114250183105
834,83213_47c49876_1,0.0010534876491874456,0.8792540431022644
835,43928_6ca53538_63,0.004191990941762924,0.9025159478187561
836,82779_b7b722e3_9,0.0014432283351197839,0.8276312351226807
837,134967_0f27ef51_1,0.0004903028602711856,0.6331872344017029
838,86024_714b24f4_1,0.0003677248605526984,0.9855940937995911
839,40807_58058731_11,0.0006621350185014307,0.9001397490501404
840,26750_cd3cb3ff_0,0.0020657137501984835,0.964167058467865
841,126913_d253adb7_2,0.0009037912241183221,0.8216744661331177
842,24268_2804c9ff_13,0.0015499002765864134,0.9596860408782959
843,45542_320c16fd_3,0.0006925655761733651,0.9862312078475952
844,22342_274ed8a6_1,0.0006756859947927296,0.8536640405654907
845,133385_e6aa64d8_17,9.533746197121218e-05,0.6178224086761475
846,143509_1dd5212d_3,0.0009451508522033691,0.9721239805221558
847,47989_3ff0f41d_0,0.0022861999459564686,0.9349622130393982
848,21822_7d3db422_14,0.006025352049618959,0.9129927754402161
849,21517_bfe35b4c_12,0.000572622346226126,0.0004163980484008789
850,52883_e518d3f4_10,0.0006645351531915367,0.8921101093292236
851,41871_f9a1ad02_14,0.0029681234154850245,0.703068733215332
852,37016_455093c1_2,0.0005257593002170324,0.7181452512741089
853,31117_cd5cdbdb_78,0.004484568722546101,0.9652236104011536
854,129239_0d49310c_22,0.00012340917601250112,0.6416900157928467
855,30400_8824ce97_6,0.003940106835216284,0.9176188111305237
856,53233_8dbca22c_8,0.001224895240738988,0.9140801429748535
857,40514_bb61631d_25,0.0011700773611664772,0.7411402463912964
858,24053_53349e4d_2,0.0004114936455152929,0.47042232751846313
859,41917_f0c40fa1_16,0.0007478923071175814,0.9823073744773865
860,22543_684108ff_5,0.0027427903842180967,0.8912626504898071
861,138636_c1153075_0,0.0002854095655493438,0.745232343673706
862,24448_75004b6c_6,0.0011073212372139096,0.9647448062896729
863,24831_bbd3e098_8,0.00026850731228478253,0.7368881702423096
864,53221_74fa81cd_3,0.0005470310570672154,0.8521230220794678
865,76879_65a30a82_4,0.0001924761018017307,0.6853539943695068
866,108773_f9384cff_10,0.00015670954599045217,-0.6538592576980591
867,33671_0e9c6ca3_5,0.0006075070123188198,0.9517491459846497
868,93103_fdb9fcb7_15,0.003891612868756056,0.7900127172470093
869,137675_d2bd633e_0,0.0007352466345764697,0.5395206212997437
870,21893_0500d043_32,0.0006885596085339785,0.5498436093330383
871,22110_0bc70e9f_1,0.00089895015116781,0.4475454092025757
872,43152_b5472481_1,0.00048635786515660584,0.8173621892929077
873,115717_40314bc2_1,0.0023264274932444096,0.7967292070388794
874,102943_ca9e7968_0,0.0005627846694551408,0.23421388864517212
875,136401_69f29349_0,0.0016064103692770004,-0.06554877758026123
876,28542_3c922564_0,0.0008052766788750887,0.7063537836074829
877,24267_8a216138_6,0.000956499483436346,0.947543740272522
878,84374_272a9731_7,0.0009663380915299058,0.8725927472114563
879,23531_1ecc8346_18,0.009855693206191063,0.9038647413253784
880,41871_f9a1ad02_30,0.0025434286799281836,0.9229111075401306
881,132461_14abd2d0_0,9.303540718974546e-05,-1.5972871780395508
882,37617_3f415463_2,0.0002443533740006387,0.6007077693939209
883,41696_de0790a1_1,0.0018907221965491772,0.9580147862434387
884,54657_2a66e0de_20,0.0004906554822809994,0.9549451470375061
885,24425_0dc4b306_0,0.0004892333527095616,0.9520874619483948
886,146667_fe438b5b_0,0.000204366646357812,0.9922275543212891
887,23048_8a1a5553_8,5.286835948936641e-05,-0.4224961996078491
888,51871_86ebf5b2_17,0.0020041456446051598,0.6331080794334412
889,30664_a3084f71_6,0.0012928999494761229,0.9206661581993103
890,139801_97e2ca6a_5,0.0008935238583944738,0.8170579075813293
891,22278_12f1fb79_13,0.0019246487645432353,0.8747885227203369
892,22776_facf9bcf_8,0.0016564601100981236,0.9436208009719849
893,40500_6055e3d7_15,0.026899518445134163,0.7317119836807251
894,35740_5322d674_13,0.0003071645915042609,0.81313157081604
895,39792_60786b6c_12,0.004336077254265547,0.8425841331481934
896,115524_4a411f7e_0,0.0003525098436512053,0.9199225902557373
897,24131_3ea7d5a8_17,0.001366221928037703,0.934099555015564
898,100326_0602c712_2,0.010656219907104969,0.6615142226219177
899,34571_25c64838_2,0.002126661129295826,0.8739560842514038
900,143534_4f65fd1a_0,0.0006208817940205336,0.7900850772857666
901,101446_95204330_1,0.00032874822500161827,0.7915947437286377
902,41749_14d0599c_10,0.0004092924646101892,-0.19451212882995605
903,55715_525d1d3e_12,0.0001882250071503222,0.44169002771377563
904,45307_b9b4bca0_30,0.006572706159204245,0.952926516532898
905,22654_4c426b0f_0,0.0019368774956092238,0.7574551701545715
906,22670_9353c710_4,0.0007156589417718351,0.7805351614952087
907,99445_94c22a37_11,0.0013760703150182962,0.9795547723770142
908,132811_57264a28_4,0.0007692350191064179,0.9371565580368042
909,23258_87a2ba81_3,0.000284125650068745,0.5508841276168823
910,50777_2934de55_22,0.0016372669488191605,0.9418808221817017
911,98418_4185a7fb_0,0.00041241239523515105,0.9900087714195251
912,43441_e1ab0873_2,7.803620974300429e-05,0.05440068244934082
913,24271_dbc0fd2d_12,0.00028580852085724473,0.9370895028114319
914,38944_0d0c3fce_0,0.00794391892850399,0.9485357403755188
915,40624_e1c5c424_11,6.620837666559964e-05,-0.6675251722335815
916,100028_0c3a8f1c_13,0.001989288255572319,0.9744123220443726
917,40491_ac67bf4c_13,0.0009321608813479543,0.9825149178504944
918,25416_1deb9c75_0,0.0009107935475185513,0.8423397541046143
919,21657_2651585a_6,0.000601133331656456,0.9681376218795776
920,21986_67c5509a_15,0.0004449028638191521,0.9447991847991943
921,32288_34013274_2,0.0015188712859526277,0.7429182529449463
922,55373_ddd74d2f_0,0.001171835814602673,0.8486542701721191
923,26245_4aac38e1_0,0.0011803116649389267,0.9323702454566956
924,33044_7fdd9213_0,0.000318021047860384,0.9432178139686584
925,31530_6744ae73_48,0.00586672592908144,0.9433268904685974
926,25555_fd3d9a3c_1,0.00019149728177580982,0.7311486601829529
927,54175_7d864ace_6,0.0005326596437953413,0.8803813457489014
928,72950_5074f5a3_0,0.0008643523324280977,0.42861562967300415
929,129618_2962c248_0,0.0032753569539636374,0.945295512676239
930,52012_77070fda_10,0.0002944733714684844,0.538192868232727
931,28295_0dc908b9_7,0.0005713969003409147,0.8465070724487305
932,144419_90e59d67_2,7.247312169056386e-05,0.19909125566482544
933,22734_f6bad9f7_24,0.00426607858389616,0.8679738640785217
934,22604_0b4ffb43_14,0.0021469146013259888,0.960706353187561
935,81996_b3752ed2_3,7.321807061089203e-05,0.9342927932739258
936,24504_493cee15_8,0.003601240226998925,0.8566059470176697
937,39124_28e99e62_1,0.0002548159973230213,0.7132790684700012
938,29725_0ad4937e_1,0.0001721962762530893,0.6887523531913757
939,109232_04340d62_6,6.598857726203278e-05,-0.20036518573760986
940,129075_8fbf62e5_0,0.0006179221090860665,0.5109865665435791
941,102937_18c3cb6a_4,0.0008936183294281363,0.9686685800552368
942,52551_8098346a_5,0.0005462569533847272,0.04978078603744507
943,128043_6947b64c_0,0.0025146014522761106,0.8548387885093689
944,119030_292009a7_41,0.0008757667383179069,0.8715340495109558
945,48526_5aecac8a_0,0.0006003785529173911,0.8989035487174988
946,32541_86f7df73_4,0.00042495038360357285,0.595731794834137
947,55114_7bf17f6a_0,0.002739329356700182,0.8014145493507385
948,55285_6816da52_1,0.006461651995778084,0.8601543307304382
949,37683_e2cca100_17,0.00017481727991253138,0.7247694730758667
950,78775_e2d8b091_15,0.0024252638686448336,0.9207024574279785
951,93199_2146e709_2,0.0012629737611860037,0.8508949875831604
952,135595_656de97a_14,0.00034662289544939995,0.7514853477478027
953,24284_3710e946_16,0.0006269369623623788,0.9857965707778931
954,135521_30553c91_2,0.00011105188605142757,-0.6106345653533936
955,29732_fb15318c_5,0.00019817400607280433,0.8117473721504211
956,88060_389bdff4_0,0.0009822803549468517,0.9402241110801697
957,27839_4a077326_28,0.0042744898237288,0.8940880298614502
958,100435_87bf423d_8,0.0023188048508018255,0.954308807849884
959,25365_bb0e4ede_44,0.0004194444918539375,0.4051184058189392
960,146169_144d8264_0,0.010022290982306004,0.9458720684051514
961,23342_7193a931_3,0.00020541355479508638,0.39482390880584717
962,57000_cd1ddece_12,0.0004146340361330658,0.9917102456092834
963,119790_1ed376f0_3,0.0003093392588198185,0.6623877882957458
964,72522_e9e87960_4,0.0009473640820942819,0.9822183847427368
965,65366_f618b577_2,0.0007615434587933123,0.3371015191078186
966,55707_c78416ed_35,0.003258842509239912,0.8296939134597778
967,70321_eccffc7e_0,0.0005871229222975671,0.8479017615318298
968,120143_b5756e6b_0,0.0036930053029209375,0.48714369535446167
969,27726_aca43af4_35,6.148948887130246e-05,-1.8568665981292725
970,31361_72aab333_20,0.0005233492120169103,0.8336743116378784
971,121949_e10b5e85_12,0.0019623986445367336,0.9457979202270508
972,146399_0e4b73c4_13,0.0009386204183101654,0.9807309508323669
973,41134_fc146947_6,0.0008175799157470465,0.6177794337272644
974,21237_7887a24b_35,0.00018952514801640064,0.21646910905838013
975,24885_55e20ddf_3,0.0002327282418264076,0.7700719237327576
976,34914_8911676d_23,0.0005670891841873527,0.8992146253585815
977,21803_8a36dcda_12,0.0031657214276492596,0.8940702676773071
978,41306_8f26e703_5,9.352470806334168e-05,-0.009615182876586914
979,25118_f50fdc69_10,0.0003477545687928796,0.4920887351036072
980,25473_0991d519_9,0.0016824236372485757,0.9578701853752136
981,126585_86fa26cb_0,0.00023456862254533917,0.7103111743927002
982,145691_69484976_9,0.0019273635698482394,0.8267067670822144
983,60729_c51868ec_0,0.00070406828308478,0.6121276617050171
984,123929_e7dbad2c_0,0.0015671774744987488,0.25557267665863037
985,69649_70b07cac_0,0.001314779743552208,0.9709573984146118
986,55135_f1186d58_9,0.00032265076879411936,0.5980252027511597
987,20838_86c931be_2,0.001617864822037518,0.7988508343696594
988,45242_626509cb_11,0.0005458503728732467,0.7587864995002747
989,34983_439766af_13,0.003426991868764162,0.964353621006012
990,53453_fb0f1640_1,0.0036323927342891693,0.8897306323051453
991,23255_972fbfe6_25,0.0005982770817354321,0.9811418056488037
992,24168_a0ede173_203,0.011285667307674885,0.9372340440750122
993,55476_1473d91f_0,0.0013147081481292844,0.32975345849990845
994,55111_ef389075_1,0.0010483218356966972,0.959932267665863
995,141710_17531562_1,0.0009649990242905915,0.9189760684967041
996,96601_b89e6252_1,9.299964585807174e-05,0.5054334998130798
997,135790_a27f9deb_43,0.013174385763704777,0.8312082886695862
998,121363_746708db_0,0.0010155270574614406,0.6092643737792969
999,136886_3aa46890_0,0.0004347858193796128,0.8378852605819702
1000,50315_0f1419bf_19,0.005103935953229666,0.9297953844070435
1001,37846_cde34fcd_14,0.0001227837783517316,-0.38823533058166504
1002,24816_ef81ad4c_1,0.0004801492905244231,0.8283078670501709
1003,75646_4baf69b2_7,0.0030348149593919516,0.9575029611587524
1004,140155_81f9ac63_0,0.0003682483220472932,0.9081262350082397
1005,51603_034939eb_10,0.002403097692877054,0.8668694496154785
1006,30435_c97330d2_0,0.00026135207735933363,0.5580998659133911
1007,27839_4a077326_27,0.0006097362493164837,0.9668465852737427
1008,55627_971fde61_34,0.0025892395060509443,0.7998265624046326
1009,134909_ef3d003c_0,0.00038956201751716435,0.6178290843963623
1010,33413_060ce192_51,5.502926433109678e-05,-6.624435901641846
1011,22245_ca848576_12,0.00038885424146428704,0.545879602432251
1012,52039_ba12c3ac_1,0.0004144462291151285,0.9917142987251282
1013,39707_358f88df_2,0.0006015814142301679,0.35937750339508057
1014,50014_33f250c8_3,0.010418160818517208,0.9049701690673828
1015,52987_387431ac_1,0.0020159336272627115,0.8615796566009521
1016,33501_b1ee5058_15,0.0004696563119068742,0.9906607866287231
1017,82168_4844bddd_1,0.0010168704902753234,0.8627036809921265
1018,30384_95e72fc2_4,3.955724969273433e-05,0.5643368363380432
1019,23554_a0845d54_2,0.0006099212332628667,0.4901507496833801
1020,23800_65e0a5d1_0,0.00020670511003118008,0.3485702872276306
1021,41128_ee74f244_0,0.00043159426422789693,0.5667039155960083
1022,143019_22dbd3e6_2,0.0013684388250112534,0.9565830230712891
1023,79993_6087acd5_8,0.005030481144785881,0.8408587574958801
1024,21422_b2a6bf27_0,0.0016076212050393224,0.973494827747345
1025,25487_dd2c17e8_21,0.0007230332121253014,0.35800331830978394
1026,22654_4c426b0f_10,7.611540786456317e-05,0.4888527989387512
1027,30368_d7fd30ce_6,8.96964775165543e-05,-0.9183852672576904
1028,57249_6bd2af3c_2,0.00030244418303482234,0.9888429045677185
1029,57029_3ab80a22_0,0.0009152069105766714,0.8184412717819214
1030,79906_052c7eb4_3,0.0008641003514640033,0.81269371509552
1031,82996_b8dc67c9_10,0.00016544749087188393,0.7716770768165588
1032,119884_192e3265_1,0.001323102624155581,0.3965669870376587
1033,21225_c081eae3_10,0.002026529284194112,0.8838148713111877
1034,121949_e10b5e85_1,0.0007254508673213422,0.8164311647415161
1035,81994_ba8916c9_5,0.00022095692111179233,0.806930422782898
1036,22447_4062c6cb_29,0.0007028919644653797,0.9881429076194763
1037,55044_ee57bac8_1,0.00016904165386222303,0.3577408790588379
1038,41871_f9a1ad02_13,0.007759818807244301,0.9564177989959717
1039,74688_a5168a45_2,5.974646410322748e-05,-11.83735466003418
1040,23218_02d26ab4_4,0.0002344128442928195,0.46084046363830566
1041,41205_dc60aa5d_0,0.0007986134733073413,0.801461398601532
1042,41979_ca698776_0,0.0004929092829115689,0.8989088535308838
1043,141453_50ec6f25_7,0.0008393119205720723,0.9762248396873474
1044,97143_5424c420_0,0.0004306246992200613,0.8894851207733154
1045,41986_26275a06_2,0.000589242612477392,0.9444543123245239
1046,136800_c5e4d711_2,0.00021051426301710308,0.7122578620910645
1047,101635_11b839a3_5,0.00013648155436385423,-0.11814141273498535
1048,55866_b041060d_0,0.00045213097473606467,0.9723268747329712
1049,53846_89405f98_0,0.0008979823323898017,0.8165322542190552
1050,27725_5cceaeb7_1,0.0016274253139272332,0.8531595468521118
1051,146137_92faaea5_9,0.005231482908129692,0.5808303356170654
1052,41211_11f6b8a0_4,0.0002984711027238518,0.8770778775215149
1053,21330_f0cee934_46,0.0004121036909054965,0.9917607307434082
1054,127188_5fecd146_4,0.00023436402261722833,0.6779612898826599
1055,135949_06517574_8,9.438076813239604e-05,0.021558642387390137
1056,68928_0d4e4a2e_24,0.00287570315413177,0.8191757798194885
1057,50410_f8f03667_38,5.336225513019599e-05,-2.6737208366394043
1058,142999_171240b6_21,0.0002306616515852511,0.8294525146484375
1059,144709_642fc665_0,0.001891113119199872,0.8141545653343201
1060,53232_f8760054_10,0.0005316761089488864,-4.088587760925293
1061,22372_e91792a1_0,8.397449710173532e-05,-0.07697534561157227
1062,21767_53eaa558_12,0.006957869045436382,0.9100874662399292
1063,32220_1fd19c5e_0,0.00044831359991803765,0.5394142866134644
1064,22886_a6331748_1,0.001612593769095838,0.8519464731216431
1065,130996_b842b511_12,0.0007057542097754776,0.934949517250061
1066,55571_74a416b1_1,0.0003331530897412449,-1.8260226249694824
1067,70169_914780d4_1,0.00045591118396259844,0.8263894319534302
1068,23156_7788f78a_6,0.01726144552230835,0.875099241733551
1069,124496_20e20439_10,0.0001881614443846047,0.5864460468292236
1070,76300_7cb02add_1,0.0006661170045845211,0.9013652205467224
1071,21647_6b6cca6f_10,0.00040245134732685983,0.7803390026092529
1072,22734_f6bad9f7_23,0.006043929606676102,0.7482191920280457
1073,94176_0a6c42ab_2,0.00010013879364123568,-17.377605438232422
1074,24048_d731886d_9,0.0004112016467843205,0.9546756744384766
1075,25487_dd2c17e8_30,0.003062647068873048,-0.38442516326904297
1076,115717_40314bc2_4,0.0002729074622038752,0.11229300498962402
1077,125592_875faf40_0,0.003447256749495864,0.8399899005889893
1078,41871_f9a1ad02_44,0.0020606222096830606,0.8544211983680725
1079,146642_883a71d2_8,0.00039452468627132475,0.9037426114082336
1080,136883_076fbff9_31,0.0002876087964978069,0.04865217208862305
1081,60766_fb8715eb_3,0.0021063305903226137,0.845964789390564
1082,30818_33617072_0,0.007416725158691406,0.6244912147521973
1083,130679_7a357a9c_18,0.0043137213215231895,0.7462536096572876
1084,55306_795d845b_0,0.00024933827808126807,0.46548718214035034
1085,135934_d2f6bb2e_33,0.00022392146638594568,0.7014657258987427
1086,111054_e45a0d40_7,0.02043648064136505,0.8023115396499634
1087,36826_d9269c2e_10,0.000697855546604842,0.952598512172699
1088,37619_ae810a8d_7,6.014566315570846e-05,-26.469566345214844
1089,22343_34184fd5_22,0.00017403281526640058,0.4613611698150635
1090,113020_de552f8d_0,0.0003041012096218765,0.8098353147506714
1091,20216_89b90993_0,0.005076356697827578,0.6618126630783081
1092,23325_292b3294_16,0.0021036069374531507,0.7998741865158081
1093,23522_5c2ec58e_9,0.0010051147546619177,0.9236844778060913
1094,146624_359752bb_20,6.585853407159448e-05,-32.20060348510742
1095,104990_11b4aeee_1,0.0011806515976786613,0.9730125069618225
1096,90917_4670b560_0,0.006167945917695761,0.8801245093345642
1097,54818_59adf8c2_5,0.0005341190844774246,0.538083553314209
1098,34109_5a868eae_3,0.0001969031145563349,0.6787551641464233
1099,23161_e7f63a9f_2,0.0009194869780912995,0.9168013334274292
1100,37160_2a95674a_27,0.0009238367201760411,0.6772317290306091
1101,61280_8bdbc90f_0,0.003522409126162529,0.8734936118125916
1102,55083_dac1f9cc_2,0.0005665757926180959,0.9528326988220215
1103,34341_d19b12fb_14,9.873790259007365e-05,0.01794576644897461
1104,54516_ac9e2ef4_61,0.001122509827837348,0.8136101365089417
1105,24559_3c306e71_2,0.0002382778184255585,0.5149498581886292
1106,105831_88a0fb85_1,0.001299361465498805,0.9506323933601379
1107,32743_f4c47bbc_19,0.0029745344072580338,0.4472898244857788
1108,40500_6055e3d7_18,0.0014755555894225836,0.9291695952415466
1109,22862_f5406bb0_0,0.0019502759678289294,0.968626081943512
1110,141081_ae61ec46_0,0.001519252429716289,0.9780067205429077
1111,135112_cf8007b8_4,0.003185659646987915,0.9516729116439819
1112,131442_1512d9ff_5,0.0001632328931009397,0.6545623540878296
1113,145132_7aea3b66_1,0.01329987682402134,0.949661135673523
1114,41871_f9a1ad02_45,0.0011955120135098696,0.7695704102516174
1115,51775_49ef614a_1,0.000602862739469856,0.8291820883750916
1116,143293_fc5b0ff7_23,0.00022254069335758686,0.593428373336792
1117,51547_a7e01c38_6,0.000304901011986658,0.5631499290466309
1118,114021_44c3c39c_2,0.0003988522512372583,0.005642712116241455
1119,123766_c5a4cf5e_0,0.00014854816254228354,0.052892446517944336
1120,23031_0d684603_8,0.0004728090134449303,0.7962071299552917
1121,132996_c742ef84_4,0.0021901875734329224,0.6960723400115967
1122,137096_5d77f285_1,0.0012433596421033144,0.8515959978103638
1123,27072_b4756e8c_2,0.0006901273736730218,0.8439147472381592
1124,51915_e704f5dd_2,0.0006340783438645303,0.9008429646492004
1125,132811_57264a28_13,0.0007084571989253163,0.98807293176651
1126,49396_98ab955d_13,0.002360595390200615,0.736829400062561
1127,132081_761d26ad_0,0.00041540845995768905,0.9888802170753479
1128,82906_7b72e0e8_2,0.0014433739706873894,0.959787905216217
1129,92649_26fe8262_0,0.0004255083331372589,0.8036849498748779
1130,21803_8a36dcda_11,0.0034417116548866034,0.9074286222457886
1131,30637_f6324fc6_5,0.0001481731451349333,0.01929682493209839
1132,105560_a6f91315_12,5.994800085318275e-05,-7.396378517150879
1133,41737_d80c34b9_0,0.0022326784674078226,0.8666081428527832
1134,34983_439766af_12,0.0008413929026573896,0.9172312617301941
1135,122755_60c41889_10,0.00014921704132575542,-1.3912758827209473
1136,76879_65a30a82_2,0.008455823175609112,0.9243631362915039
1137,89816_cef36e57_4,0.0010784908663481474,0.982214629650116
1138,49406_100c707b_3,0.000393571681343019,0.954619288444519
1139,105560_a6f91315_10,6.126835069153458e-05,-0.3229207992553711
1140,129421_483d2957_5,0.0001747672213241458,0.26364463567733765
1141,122740_fc5c94eb_33,0.0008165279286913574,0.9749994277954102
1142,135595_656de97a_5,0.00024494307581335306,0.9105398058891296
1143,35740_5322d674_5,5.880877506569959e-05,-19.41059684753418
1144,23681_932e722e_18,0.0006056439597159624,0.9885362386703491
1145,108244_329b1876_17,6.994106661295518e-05,-15.250816345214844
1146,125745_cf468448_6,0.001654946361668408,0.6108647584915161
1147,138838_c9a9e790_6,0.000564545625820756,0.8902611136436462
1148,102416_b74464a2_4,5.915337533224374e-05,-22.463510513305664
1149,30426_2cde26de_21,0.0004022900538984686,-0.19576632976531982
1150,137837_9c9f163d_5,0.0005636069690808654,0.40652763843536377
1151,25487_dd2c17e8_15,0.004302479792386293,0.43918377161026
1152,21549_18160a0a_4,5.5113872804213315e-05,-6.779806137084961
1153,21385_601444ba_0,0.002831309800967574,0.8238667249679565
1154,35233_add576ba_9,0.00351359648630023,0.7705196738243103
1155,55345_c6423351_0,0.000543467584066093,0.9120168685913086
1156,110697_4b2725f1_0,0.00044726519263349473,0.9895809888839722
1157,109946_242843a6_1,0.00013494407176040113,-2.18105149269104
1158,34341_d19b12fb_22,6.742279219906777e-05,-6.665426254272461
1159,23247_bcd1e84f_21,0.000705198384821415,0.8519289493560791
1160,131765_29b29f08_6,6.100708196754567e-05,-0.3211202621459961
1161,21395_7d6fda6f_12,0.00030204045469872653,0.7356517314910889
1162,135460_6471e973_15,0.0005277197924442589,0.8266515731811523
1163,51741_49d61151_7,0.0013302396982908249,0.9519340395927429
1164,28382_90b7cc0c_12,0.0003112565609626472,0.8870974183082581
1165,30850_05d88af9_2,0.0015277090715244412,0.9369791746139526
1166,86278_1e55d036_12,0.0001393953280057758,-0.037544965744018555
1167,67240_525e92c1_1,0.0011006493587046862,0.11682379245758057
1168,82002_ef2b4feb_6,0.0006012029480189085,0.9884482026100159
1169,53364_ec8aad42_1,0.006985440384596586,0.6998498439788818
1170,135771_b030a25c_17,0.00045162488822825253,0.4775697588920593
1171,135906_29d7b495_1,0.00036235913285054266,0.3521570563316345
1172,21822_7d3db422_38,0.0003335383953526616,0.6616125106811523
1173,81136_5b86c723_1,5.5629083362873644e-05,0.5914777517318726
1174,25473_0991d519_2,0.0051264953799545765,0.9113081097602844
1175,73405_94381b7c_5,0.0031784644816070795,0.46573472023010254
1176,24009_c40b0d48_2,0.0002346604160265997,0.992793619632721
1177,22162_439af02a_1,0.0007033259607851505,0.9861705899238586
1178,146159_f3f80701_0,0.00266290083527565,0.2899850010871887
1179,51895_5760b481_15,0.0031242927070707083,0.9667472243309021
1180,33500_e58e287e_1,0.003282924648374319,0.8471846580505371
1181,31838_2e4bd173_0,0.0021056716796010733,-0.4075270891189575
1182,146137_92faaea5_18,7.469974661944434e-05,0.34612739086151123
1183,124879_2257a334_2,6.178917101351544e-05,0.3218402862548828
1184,144145_510eedc2_7,0.001134117366746068,0.9789820909500122
1185,21237_7887a24b_78,0.0006642027292400599,0.9422392845153809
1186,82297_93739ce0_6,0.0007001519552432001,0.7698421478271484
1187,51536_a18dc325_31,0.0001951941812876612,0.05387771129608154
1188,93103_fdb9fcb7_7,0.0019241103436797857,0.7516362071037292
1189,24590_415f7013_9,0.000642978644464165,0.8808680176734924
1190,130659_16f2db4c_0,0.0003328536986373365,0.8898859620094299
1191,23083_fdb942ac_2,0.0010466623352840543,0.9563286900520325
1192,23954_a8c09819_2,0.0007886949460953474,0.9847051501274109
1193,30417_0010bc7c_13,0.0007824896601960063,0.9304191470146179
1194,120535_e304dfca_1,0.0009613643633201718,0.9294840097427368
1195,93199_2146e709_9,0.000900335144251585,0.7932602167129517
1196,23686_cba4f679_15,0.0035113831982016563,0.9212969541549683
1197,40807_58058731_20,0.004176906775683165,0.9579594731330872
1198,94410_d32e7520_35,0.0053916689939796925,0.8657557964324951
1199,79695_fd8bae0e_0,0.0016067720716819167,0.5914254784584045
1200,129422_621d0a90_35,0.0012631703866645694,0.4067361354827881
1201,44932_16cb7f21_5,0.0026801335625350475,0.9240916967391968
1202,136550_8a8672e5_1,0.0003344639844726771,0.90610671043396
1203,20495_e8e7e80c_3,0.0028050399851053953,0.9498306512832642
1204,31962_e5291336_50,0.0007148273289203644,0.3181002140045166
1205,24888_5be1de05_1,0.00010018682951340452,-0.9054701328277588
1206,34114_7e58a97d_10,0.00393535103648901,0.8487049341201782
1207,108433_37a79370_0,0.0045609427616000175,0.5969806909561157
1208,22844_9b75b8e0_1,0.0002484290744177997,0.9896947145462036
1209,115637_b4d41e8a_0,0.0019217547960579395,0.8139622211456299
1210,53474_f29e4438_15,0.0087947528809309,0.7498152256011963
1211,26766_1aaa348c_0,0.0006764769786968827,0.9039734601974487
1212,51940_67bb0219_7,0.0016533685848116875,0.7298141717910767
1213,41714_1d49f4d1_13,0.0001864371879491955,0.264792263507843
1214,21815_7090778f_9,0.002438787603750825,0.799859881401062
1215,32843_8e5bdf24_0,0.0025003321934491396,0.8892170786857605
1216,23686_cba4f679_10,0.0009114670101553202,0.8864193558692932
1217,114425_891ab08d_0,0.004992971662431955,0.3774362802505493
1218,41786_02d48cdd_5,0.0009255398181267083,0.8567795157432556
1219,22895_4533b542_1,0.000824329094029963,0.9527548551559448
1220,49016_cd1b47bf_6,0.00402024295181036,0.8726473450660706
1221,51674_a70c1c6c_3,0.00010564359399722889,0.8310617208480835
1222,52972_6e5a5ada_11,0.0015754373744130135,0.9331291913986206
1223,120700_d818883a_8,8.954716759035364e-05,0.8787564039230347
1224,34530_9525ffcd_0,0.0031331144273281097,0.9410808682441711
1225,24355_99bf3f8f_1,0.00043062539771199226,0.16606658697128296
1226,56250_3b6024e3_46,0.004334644880145788,0.9233591556549072
1227,56355_727ca47c_3,0.0010563706746324897,0.7449220418930054
1228,35057_9af89947_1,0.0008558674016967416,0.8656275272369385
1229,120881_a946667f_13,0.00018519168952479959,0.7448686361312866
1230,143021_c6df0146_5,0.00012732141476590186,0.29101818799972534
1231,69240_dc199112_3,0.0007893932634033263,0.28154098987579346
1232,41733_1ec9b00c_15,0.0011335627641528845,0.7639379501342773
1233,30298_24191733_2,0.00015232735313475132,-0.05344033241271973
1234,30400_8824ce97_18,0.00034503027563914657,0.9279553890228271
1235,37040_ecbcd25e_36,0.000675974995829165,0.8176860213279724
1236,23035_6087bb57_4,0.0003292728797532618,0.5072386264801025
1237,38675_6e07d74b_26,0.005336081143468618,0.9261670708656311
1238,31751_e37382e1_9,0.0008307429379783571,0.911421000957489
1239,54601_e1da5b93_4,0.0004412207053974271,0.9912221431732178
1240,142999_171240b6_29,0.0006004431052133441,0.954484760761261
1241,137646_14bca880_0,0.0010683115106076002,0.901340663433075
1242,37519_442dc408_1,0.00029941514367237687,0.6341085433959961
1243,47195_a8cd8bad_6,0.0004271770885679871,0.9728356599807739
1244,22474_b10fea1a_6,0.0011938497191295028,0.8623085021972656
1245,53200_d1e30b87_10,0.0007749675423838198,0.8651484847068787
1246,41472_f9d73638_9,0.0005187313072383404,0.4668228030204773
1247,126397_cc08a23d_1,0.00026758640888147056,0.5657235383987427
1248,31838_2e4bd173_4,0.0006937083089724183,0.9876329898834229
1249,52006_d21e4570_7,0.00102493935264647,0.796830952167511
1250,62109_08c31aa8_0,0.0009066924103535712,0.8384364247322083
1251,49403_458914df_0,0.0004028048715554178,0.7620678544044495
1252,122914_76ff1f5e_2,6.764403224224225e-05,-5.020502090454102
1253,34913_d23e2a24_2,0.00023088148736860603,0.896687924861908
1254,104641_2cd02839_15,0.00017110844783019274,0.5055357217788696
1255,131632_6144b102_1,0.002144124358892441,0.9744729399681091
1256,30850_05d88af9_0,0.0006945570348761976,0.9455024003982544
1257,86296_8a6ed4d3_7,0.0001728923962218687,0.4674864411354065
1258,34983_439766af_7,0.0031871541868895292,0.9545947313308716
1259,33374_7491cbf8_2,0.006038110237568617,0.9415794014930725
1260,50694_afd26bd5_10,0.0025441611651331186,0.972679615020752
1261,50292_e84db1fb_8,0.00028836014098487794,0.01599198579788208
1262,81367_622a9e51_2,0.0002597794809844345,0.9347680807113647
1263,78966_584c5305_0,0.0005915683577768505,0.6915450096130371
1264,79905_623eae86_1,0.005653719417750835,0.9537011981010437
1265,63055_6b907478_15,0.00041750638047233224,0.9666955471038818
1266,135771_b030a25c_4,8.823024109005928e-05,0.8889156579971313
1267,41753_9b4f8d8a_0,0.00045495040831156075,0.9910675883293152
1268,80784_f7ec5f70_1,0.0018292013555765152,0.6900526285171509
1269,33607_c6f31fa6_10,0.0013049794360995293,0.8401840925216675
1270,22225_a3ce4d29_42,0.0004346765636000782,0.953288197517395
1271,51938_8b9cba89_5,0.0067064655013382435,0.8594534993171692
1272,44741_f386a08f_4,0.0013779312139376998,0.9591028690338135
1273,70021_e673ae54_4,0.0008186398190446198,0.9867132902145386
1274,55135_f1186d58_7,0.0008221628377214074,0.9263094663619995
1275,31856_2a5a4e32_12,0.0031369891948997974,0.8259832859039307
1276,75303_045fc848_4,0.0009357486851513386,0.8562215566635132
1277,129683_3ad38815_10,0.00455256924033165,0.9467628002166748
1278,21894_93f0d052_24,0.001524291350506246,0.8767257332801819
1279,143823_1b04bf80_13,0.001447381917387247,0.8955566883087158
1280,143823_1b04bf80_18,0.00053911138093099,0.4784073233604431
1281,111863_c925f4f3_2,0.0003426159964874387,0.6730763912200928
1282,104633_d0a15bd3_6,0.0016475263983011246,0.8618490695953369
1283,48832_22363e53_33,0.001149419229477644,0.968953013420105
1284,127466_a18ae326_1,0.0017914909403771162,0.32506000995635986
1285,22211_b1ee53f0_12,0.001515926094725728,0.9366526007652283
1286,137837_9c9f163d_6,0.0007340960437431931,0.8000695109367371
1287,122755_b830e22d_17,0.00015729258302599192,-0.7616167068481445
1288,21299_e9cd80a6_12,0.0004369135422166437,0.4140971302986145
1289,44920_70dd4b80_11,0.0006097226869314909,0.9724153876304626
1290,52987_387431ac_7,0.0014917566440999508,0.95456463098526
1291,147926_b78316a8_10,0.0002097272517858073,0.8162544965744019
1292,144653_e3eccdf1_50,0.0003714169724844396,0.7525421380996704
1293,56458_c027ed41_0,0.0007954200846143067,0.9012631773948669
1294,23495_6366269c_11,0.0006415224634110928,0.9872421026229858
1295,70883_e2d6a103_2,0.0024027132894843817,0.9642999768257141
1296,32743_f4c47bbc_34,0.001066703349351883,0.37828528881073
1297,30910_38ea5a06_2,0.0008248017984442413,0.8601142168045044
1298,56476_466fc284_17,0.004705558530986309,0.9026697874069214
1299,22604_0b4ffb43_62,0.0010464955121278763,0.9563361406326294
1300,21534_6367be99_0,0.0012922575697302818,0.5926341414451599
1301,133026_1085532d_1,0.0003344049328006804,0.9150136709213257
1302,137828_0b0786fb_1,0.002925350097939372,0.94376140832901
1303,55627_971fde61_27,0.00042659955215640366,0.9461469650268555
1304,93869_8b1922a3_0,0.0005590192740783095,0.9549165964126587
1305,24393_9acd18c6_3,0.001568480976857245,0.9707320928573608
1306,44996_b3e9c266_14,0.00013189620221965015,0.4838252663612366
1307,55300_b9675d43_1,0.0007115885964594781,0.9860283136367798
1308,113352_879844fe_0,0.0007999836234375834,0.9674239754676819
1309,135317_3c58b0d0_9,0.00031572961597703397,0.7082677483558655
1310,115624_fe3eb392_1,0.00341545301489532,0.8400425314903259
1311,63055_6b907478_21,0.0020709128584712744,0.9244771003723145
1312,40421_032c052f_0,0.0011694823624566197,0.822238564491272
1313,143029_70554264_3,0.0002948308829218149,0.4949207305908203
1314,145117_78f63de3_0,0.0005307838437147439,0.8634878993034363
1315,128996_35f2006e_0,0.00022681159316562116,-0.13420891761779785
1316,54503_fc6c6963_1,0.0008766013779677451,0.8892852663993835
1317,24657_0168dc6b_1,0.0004362145846243948,0.9893229007720947
1318,130524_13ad16a8_0,0.01090038288384676,0.9460995197296143
1319,142670_33c641dc_3,0.0003425376780796796,0.869865357875824
1320,65375_674ff0b9_11,0.0009891169611364603,0.09947806596755981
1321,23168_7fdf5427_3,6.450349610531703e-05,-28.465192794799805
1322,41717_ab2075ac_0,0.000245212868321687,0.990996778011322
1323,21739_57582b8f_4,0.000701636541634798,0.9588358402252197
1324,143293_fc5b0ff7_30,0.0012212119763717055,0.9666967988014221
1325,135906_587b5c3d_0,0.0004556729691103101,0.7248442769050598
1326,138685_fd9b79cd_0,0.000376537733245641,0.6989140510559082
1327,119921_5621fcb4_0,0.0006293363403528929,0.8937512040138245
1328,49403_458914df_5,0.0007420502370223403,0.9154301285743713
1329,73525_7f6b2f67_2,0.0003536746953614056,0.43353843688964844
1330,136994_a3a2f50f_3,0.0013515347382053733,0.8477702140808105
1331,31838_2e4bd173_1,0.004206739831715822,0.9089494347572327
1332,35866_d0233b36_6,0.0006756032817065716,0.9884823560714722
1333,53053_d6b4d71c_9,0.0019505985546857119,0.9493570327758789
1334,90220_7baf1e18_1,0.0002509728947188705,0.6612065434455872
1335,23364_73dd9d4d_10,0.00021708651911467314,0.6879991292953491
1336,52987_387431ac_3,0.0005310866981744766,0.956260085105896
1337,51859_6b2fd0f1_4,0.0003441008157096803,0.8087015151977539
1338,51708_867d4509_12,8.432726463070139e-05,0.2695373296737671
