case_num,case_name,MSE,R-Square
0000,50417_199cffee_13,0.09479686617851257,0.2615833878517151
0001,48516_2b3135bf_11,0.013586923480033875,0.5406285524368286
0002,41733_1ec9b00c_31,0.007151906378567219,0.3062627911567688
0003,31664_1e85c690_0,0.005826383829116821,0.6867499351501465
0004,21893_0500d043_18,0.007103829178959131,0.8555712699890137
0005,31607_9a2f8140_6,0.0038595874793827534,0.8704515695571899
0006,41774_88a7a483_18,0.004850064404308796,-0.18392539024353027
0007,42143_51b31600_4,0.00011687948426697403,0.7638344764709473
0008,23104_3b70eba4_13,0.0011712786508724093,-0.926811933517456
0009,129075_8fbf62e5_2,0.00023840717040002346,0.3708656430244446
0010,41624_a15f83c1_13,0.0009483099565841258,0.5343364477157593
0011,36088_1ea9c8a9_12,0.010990386828780174,0.7436054944992065
0012,126477_6596d136_14,0.0001778297737473622,0.8388113379478455
0013,130441_10c43121_0,0.17901749908924103,0.08803355693817139
0014,133385_e6aa64d8_21,0.00013947031402494758,0.9084985852241516
0015,26398_b99946da_1,0.036953140050172806,0.5140019655227661
0016,61198_0c99f50a_4,0.00010342515452066436,-5.515441417694092
0017,26661_ab88a525_0,0.00024483882589265704,0.7170235514640808
0018,129075_8fbf62e5_1,0.0006982818013057113,0.34056955575942993
0019,51891_9455ea02_1,0.006523404736071825,0.8964853882789612
0020,34770_6bba5bd4_13,0.007410844787955284,0.8544949293136597
0021,21646_a2dd0d00_53,0.004234247375279665,0.6480402946472168
0022,68909_4ae1bc2e_1,0.00190316466614604,-0.7885396480560303
0023,27866_ece3076e_109,0.0008807252161204815,0.861121416091919
0024,92134_52f13f49_6,0.00018544011982157826,0.8931291699409485
0025,23342_7193a931_1,0.002032304648309946,-1.8207004070281982
0026,126572_a2d6f794_14,0.0001380781177431345,-12.881041526794434
0027,44344_3e0b0b0c_1,2.6711628379416652e-05,-2.6994869709014893
0028,49331_3bf3bb84_4,0.009532816708087921,0.8255020380020142
0029,33971_46bb0373_0,0.005287322215735912,0.3246135711669922
0030,21517_bfe35b4c_1,0.0007737208507023752,-0.12221360206604004
0031,23165_369d62aa_6,0.012029505334794521,0.8549047708511353
0032,81846_2907c980_0,0.0025455174036324024,0.8870054483413696
0033,24168_a0ede173_111,0.009552844800055027,0.05646580457687378
0034,53461_a5942665_1,0.0015734450425952673,0.9416428804397583
0035,24907_c72322ea_13,0.0022700773552060127,0.14342057704925537
0036,133424_315bcaeb_7,0.00014809623826295137,0.8083574175834656
0037,40490_916e13fe_0,0.007107021752744913,0.7786331176757812
0038,38000_b5822e44_3,0.010265015065670013,0.8444225788116455
0039,138520_f4e0bc0b_63,0.0004695210081990808,0.5520551204681396
0040,61294_9255796d_3,0.0004682130820583552,0.12390798330307007
0041,22176_272891b8_0,0.0036339634098112583,-0.84334397315979
0042,24815_4f2a57e4_1,0.018188588321208954,0.4659149646759033
0043,113343_e692c488_1,9.786239388631657e-05,0.8523179292678833
0044,33995_18423507_1,0.0008216870483011007,-0.10688745975494385
0045,127897_029949fd_6,0.007676133420318365,0.8465083837509155
0046,123181_4e56fb4f_0,0.008261991664767265,0.8803085088729858
0047,22670_9353c710_1,0.0003425876784604043,-1.0878398418426514
0048,128642_4d72bf31_2,0.003310778643935919,-0.7934602499008179
0049,146667_fe438b5b_6,0.02989106997847557,-0.8254057168960571
0050,38260_2a31c6df_2,0.0061910999938845634,0.12747150659561157
0051,24443_996411f9_3,0.003796845208853483,0.9138380885124207
0052,142074_34e02b6d_1,0.0002713628055062145,0.9187306761741638
0053,41501_b627682a_15,0.0013199420645833015,0.8846543431282043
0054,24712_da77fe8f_0,0.008103796280920506,0.8483799695968628
0055,32960_0eaa1de8_26,0.006910164840519428,0.8720092177391052
0056,130757_b2c47f8d_2,9.432063961867243e-05,-1.8189315795898438
0057,104817_6d73dc41_0,0.01284714788198471,-0.4393545389175415
0058,79243_49539d9f_0,0.005347719881683588,0.8847900629043579
0059,82012_c533307b_1,0.001314995693974197,-0.22496497631072998
0060,107649_e651c5ca_1,0.00023766726371832192,-0.6573669910430908
0061,40997_e3c88650_12,0.006223052740097046,0.8403763771057129
0062,143029_70554264_4,0.0036123718600720167,0.5061979293823242
0063,27054_342fcf5c_3,0.00017006344569381326,0.8225043416023254
0064,41648_577daf16_17,0.0034287830349057913,-0.29796504974365234
0065,89720_4e65191c_1,0.01066635176539421,0.7416056394577026
0066,75382_1b589ea9_12,0.00012288943980820477,0.6487069129943848
0067,120371_433ba1ca_2,0.009239159524440765,0.19423431158065796
0068,49024_b7f02205_13,0.004998164251446724,0.7792378664016724
0069,51022_47816098_7,0.05278603732585907,0.4579664468765259
0070,41634_4f5d0edb_0,0.00011606036423472688,0.7679243683815002
0071,23170_6ea8ded5_3,0.009183095768094063,0.8463200926780701
0072,69589_cd2fa794_8,0.01089831069111824,0.2873997688293457
0073,41504_85e300ee_0,0.008419055491685867,-0.14953458309173584
0074,128996_42176b10_0,0.00797470286488533,0.35454261302948
0075,38920_e81879c2_7,8.356231410289183e-05,-99.50215148925781
0076,148051_c59af578_6,0.0034104553051292896,0.9071164131164551
0077,65494_16d62db5_0,0.0007340121082961559,0.01642090082168579
0078,25473_0991d519_0,0.004874637350440025,0.8854771256446838
0079,75270_25a261ef_5,0.009834440425038338,0.01872384548187256
0080,49613_1b97c07b_12,0.00023822540242690593,-1.5301573276519775
0081,115633_a2c63339_1,0.0003271663736086339,0.9032306671142578
0082,52366_63042db4_1,0.0071433307603001595,0.8374201059341431
0083,30282_88c6933c_5,0.004626195877790451,0.44655489921569824
0084,53474_f29e4438_12,0.015909861773252487,0.4791339635848999
0085,24026_1dd4094b_21,0.002201750874519348,0.7488465309143066
0086,21225_c081eae3_2,0.006932216230779886,0.08370447158813477
0087,35057_9af89947_8,0.00185406266245991,-0.4893425703048706
0088,43529_4804941b_20,0.00841276254504919,0.7436196804046631
0089,22103_fd11c71b_3,0.01207601185888052,-0.5079261064529419
0090,51536_a18dc325_0,0.001230920199304819,0.9346726536750793
0091,24230_636208ab_13,0.009366125799715519,-4.751555442810059
0092,41117_1b3271f2_56,0.0160263329744339,0.7525280714035034
0093,140499_419d5823_0,0.001640176516957581,0.8582186698913574
0094,115524_a949e82c_2,0.00010692726209526882,0.5834741592407227
0095,29833_0ed4880f_3,0.01338021457195282,0.7592578530311584
0096,127556_4823a42a_6,0.002846573945134878,0.521838903427124
0097,23960_48cc0f21_19,6.78862925269641e-05,0.0480426549911499
0098,132987_ba18d2eb_11,0.0006985481013543904,-0.337626576423645
0099,51337_f8636fd9_30,0.00025932746939361095,0.7069944143295288
0100,40999_cad6be09_18,0.03635669872164726,0.14043933153152466
0101,136886_99fbdef3_0,0.00044449680717661977,0.23721843957901
0102,30447_4ed3b778_7,0.2609913945198059,0.03844338655471802
0103,55811_bc667b2d_13,0.0033016051165759563,-0.2569141387939453
0104,41716_d55164d4_1,0.001293140696361661,0.5474379062652588
0105,33610_aa697fc9_6,0.0015189462574198842,0.887882649898529
0106,55095_fa260d33_6,0.029169727116823196,0.23110473155975342
0107,115639_bc0cc622_0,0.013350659981369972,0.022507905960083008
0108,20841_1620ae7d_0,0.009991473518311977,-0.37556493282318115
0109,50823_d1830e58_2,0.008183097466826439,-0.61989426612854
0110,109762_cb162371_48,0.0020778924226760864,0.2698235511779785
0111,41387_5f752e39_23,0.017093073576688766,0.3678680658340454
0112,121540_629c716f_0,0.0026900486554950476,0.8861249089241028
0113,118539_1dff9cf9_12,2.9353368518059142e-05,-1.1467671394348145
0114,30714_dafa62f6_2,0.04205285757780075,0.4498205780982971
0115,79633_bbbde75f_0,0.020777903497219086,0.49325448274612427
0116,33059_531cfd5e_11,0.003498390782624483,0.4274640679359436
0117,20697_d3e106b4_4,0.00011405097029637545,0.042139410972595215
0118,136062_0027ff97_6,0.006543900817632675,0.39626550674438477
0119,146291_6b0c8db3_1,0.041981764137744904,0.022975265979766846
0120,45466_5f662bcb_0,0.00011833770986413583,0.7563439011573792
0121,144500_7f600ab6_0,0.0025851477403193712,0.760944128036499
0122,44996_b3e9c266_4,0.0009212273289449513,0.8054203391075134
0123,40713_4c9264ef_0,0.0043686083517968655,0.417125403881073
0124,132384_0fcab1fa_13,0.0023200332652777433,-1.495837688446045
0125,33738_77d49563_2,0.007324375677853823,-7.513618469238281
0126,129422_621d0a90_33,0.0007463875808753073,0.6487172245979309
0127,115633_fd3c9b97_32,0.00015020801220089197,0.3844951391220093
0128,69337_a122ffde_1,0.002495099324733019,0.7449831366539001
0129,37241_29f91452_0,0.005628908518701792,0.8697844743728638
0130,141199_9ae000ef_6,0.00414463272318244,-2.5033962726593018
0131,147133_92c04b84_4,0.0013353148242458701,-0.17442595958709717
0132,77687_cbb18594_50,0.013484830968081951,-8.307827949523926
0133,144290_2a679085_11,0.0008220602758228779,-1.4210867881774902
0134,130825_c59bbbfb_0,0.008749334141612053,0.7760977745056152
0135,82512_252da752_6,7.991138409124687e-05,-122.63150024414062
0136,115624_d0acb46b_24,0.013722472824156284,0.8511090278625488
0137,92134_52f13f49_7,0.0001473490265198052,0.9075530767440796
0138,100326_0602c712_7,0.00017146514437627047,0.7297163009643555
0139,134630_f9e85072_0,0.004440453369170427,-0.02222621440887451
0140,108943_b07b2543_1,0.0027700611390173435,0.5432098507881165
0141,125416_ab456bc3_5,0.01415657252073288,-0.20191538333892822
0142,57222_33b428d7_69,0.000758719106670469,0.2411661148071289
0143,24650_dad8c8ee_13,0.01269423309713602,0.7750665545463562
0144,41749_14d0599c_1,0.002161921001970768,0.6784011125564575
0145,49396_98ab955d_27,0.00043515433208085597,0.7159008979797363
0146,136892_e2a0b32c_4,0.00017020954692270607,-3.376716136932373
0147,31962_e5291336_28,0.004507123958319426,0.9016350507736206
0148,34231_e27353cb_0,0.00012395867088343948,0.8696688413619995
0149,112724_d334de09_0,0.06720784306526184,-0.04458117485046387
0150,56486_82b3e23a_21,0.00012351410987321287,-0.4362783432006836
0151,40500_6055e3d7_17,3.595504676923156e-05,-0.20955383777618408
0152,39468_15fb2e60_43,0.0012768000597134233,-1.0833632946014404
0153,141710_17531562_7,0.0048113660886883736,0.8640196323394775
0154,33529_756075a0_12,0.003301814664155245,0.35317277908325195
0155,54169_3a875f10_8,0.00852198526263237,0.7752242088317871
0156,41023_5445cb61_9,0.00017652471433393657,0.8447511792182922
0157,146380_5c569eeb_2,0.0017924439162015915,0.036609649658203125
0158,24195_9791f5d3_38,8.099694241536781e-05,-0.5972219705581665
0159,26573_7f7e176d_2,0.08944494277238846,0.2066522240638733
0160,22734_f6bad9f7_25,0.01910819485783577,0.6921237707138062
0161,48112_9538e204_0,0.008378907106816769,0.833678126335144
0162,127545_6fa39158_10,0.11499020457267761,0.10580605268478394
0163,23788_5c0b60c6_0,0.009096539579331875,-3.7764835357666016
0164,23792_5b4c1ce0_21,0.006154525559395552,0.8057999610900879
0165,146067_46e58ab3_1,0.09601981937885284,0.39080262184143066
0166,101072_dec6f415_3,0.0012809685431420803,0.41281455755233765
0167,22829_b6649a29_0,0.00015748316945973784,-1.6112425327301025
0168,55389_a736bd99_0,0.005069888662546873,-1.693099021911621
0169,30259_d709601c_9,0.039797116070985794,-0.13373017311096191
0170,35866_d0233b36_13,0.0005314029986038804,-4.642726421356201
0171,34563_52848c45_5,0.000551608216483146,0.7767236232757568
0172,44519_90af0df6_7,0.008585449308156967,-1.5044796466827393
0173,114111_59282658_8,0.0017724885838106275,0.393485963344574
0174,45922_26941172_15,0.049256402999162674,0.17545878887176514
0175,41303_bd1def52_3,0.0008533746004104614,0.7842217683792114
0176,22053_de30641b_1,7.968596764840186e-05,-0.2198275327682495
0177,22298_51433023_4,0.01302387285977602,0.7162390947341919
0178,23479_81a49137_0,0.002611184027045965,0.05141925811767578
0179,22225_a3ce4d29_37,0.013547731563448906,0.8124311566352844
0180,135669_490cd2d7_14,0.01765803061425686,0.05287963151931763
0181,32173_8b075b1a_4,0.0066972700878977776,0.8915203213691711
0182,145119_24107428_5,0.004792931489646435,0.6364407539367676
0183,41774_88a7a483_36,0.0006829406484030187,0.6490045785903931
0184,133549_1b6c58d6_0,0.012965282425284386,0.7240543365478516
0185,40936_6de8f4f4_0,0.1253349483013153,0.21813595294952393
0186,23008_3d1bb7b2_0,0.03388426825404167,0.5138274431228638
0187,38360_ad61c9b2_1,0.0017207066994160414,-0.11797904968261719
0188,136109_3d342d3c_2,0.005534700118005276,0.7774912714958191
0189,135790_a27f9deb_11,9.277520439354703e-05,0.8849502205848694
0190,140249_7c1c5bba_0,0.0008212633547373116,0.00028634071350097656
0191,128996_a3d026d6_0,0.003060383955016732,0.3728480935096741
0192,23235_f9ccb8b0_0,0.0005514128133654594,0.5651484727859497
0193,93671_f7290ded_0,0.001436561462469399,0.14874005317687988
0194,51109_97b211c3_7,0.002368083456531167,0.7105787396430969
0195,51916_fa226b15_13,0.0012087489012628794,-1.6117770671844482
0196,86268_094d3fab_1,0.005885487422347069,0.8823148012161255
0197,39637_ca6a9a60_1,0.010484357364475727,-0.29661035537719727
0198,47219_93cb3619_3,0.05969094857573509,-0.05136609077453613
0199,47878_0edb6829_0,0.010000309906899929,0.8221497535705566
0200,26764_ab35159a_6,0.00808173231780529,0.6774125695228577
0201,34341_d19b12fb_12,0.0017993318615481257,-0.981392502784729
0202,118342_c702e084_6,0.004466285463422537,0.8979751467704773
0203,49886_dd68dccb_4,0.006302038207650185,0.5228365063667297
0204,23493_57512264_5,0.0013867192901670933,-3.371793746948242
0205,31751_e37382e1_5,0.006009685341268778,0.8460642695426941
0206,24338_848cab42_6,0.013610979542136192,-0.07532048225402832
0207,24916_42eacca3_10,0.003504496766254306,-0.8933761119842529
0208,137485_a953e1be_2,0.007784510031342506,0.8443484306335449
0209,23706_ef15ef9c_18,0.010062631219625473,0.3325170874595642
0210,143671_eaf4d13b_6,0.026350373402237892,0.5979617834091187
0211,53470_39f2e9dc_13,0.0014972842764109373,-0.897498369216919
0212,145772_59253c6d_3,0.0003934571868740022,0.44558173418045044
0213,51893_d531e2bd_2,0.0023714867420494556,0.9483647346496582
0214,39389_d641313f_8,0.023519543930888176,0.1025853157043457
0215,51595_41f3d1a3_5,0.00020785495871677995,0.8026705980300903
0216,51674_a70c1c6c_15,0.0008965207962319255,-2.415482521057129
0217,37617_3f415463_5,0.0021417259704321623,-0.624424934387207
0218,31862_a89f21f9_3,0.004300058353692293,0.8722102642059326
0219,40519_55a097c6_11,0.02023291401565075,-0.17968976497650146
0220,111306_9108c940_0,0.0031245211139321327,0.4020594358444214
0221,136640_16741d62_4,0.0016195422504097223,-0.1021045446395874
0222,23155_d7305c5f_2,0.03213142231106758,0.3491581678390503
0223,43934_912ff891_41,0.000499954039696604,-1.3832662105560303
0224,57017_6033d1e5_0,0.007949256338179111,0.5997979044914246
0225,126913_d253adb7_1,0.0013554240576922894,0.45794564485549927
0226,130752_52d74f2f_48,0.0048078326508402824,0.6759015917778015
0227,124177_71283cad_0,0.0031740430276840925,0.7552474141120911
0228,24650_dad8c8ee_18,0.0029265019111335278,0.9251919984817505
0229,55199_4d57661f_2,0.008251671679317951,0.5060018301010132
0230,115010_eb737aaf_20,0.009467745199799538,0.8187018632888794
0231,27855_19c5895a_12,0.003867344232276082,-1.0284087657928467
0232,52772_a6e6e320_0,0.001646880293264985,-1.210101842880249
0233,90917_3d2d21a9_0,0.02209285832941532,0.49471282958984375
0234,40703_5f4e45d4_7,0.0062608919106423855,0.8757976293563843
0235,132622_911efd2f_1,0.04479913040995598,0.32942575216293335
0236,43441_e1ab0873_6,0.03989151865243912,0.37024760246276855
0237,34917_61633e20_6,0.004931910429149866,0.8930763602256775
0238,67221_275ba7e6_4,0.006615559104830027,0.8672975897789001
0239,130719_e4764a36_10,0.0001929174322867766,0.5793211460113525
0240,136318_130d6a06_20,0.0024817779194563627,0.7736332416534424
0241,99636_73c43ebd_10,0.006253288127481937,0.8312695622444153
0242,29377_3a04cb8d_6,0.0022094384767115116,0.6776672601699829
0243,23018_63087a41_47,0.004106982611119747,0.8875820636749268
0244,26165_100fec74_4,0.001218379009515047,-2.833620309829712
0245,135934_d2f6bb2e_46,0.0002813978062476963,0.8633991479873657
0246,24039_448afafa_5,0.0065263486467301846,0.6854652166366577
0247,32775_a79b406b_14,0.01383387390524149,-0.7626813650131226
0248,23686_cba4f679_0,0.005581366829574108,0.4706764221191406
0249,35147_bc9f2c5d_0,0.006622153799980879,-0.06902134418487549
0250,136337_1351909b_2,0.016757525503635406,0.6019667387008667
0251,139222_2c10ca9a_1,0.011575176380574703,0.004222989082336426
0252,139379_fe5c3f64_0,0.0016066281823441386,0.9407681226730347
0253,33084_344fec27_2,0.007908948697149754,0.851125180721283
0254,24775_d5c98d77_0,4.734871254186146e-05,-0.45960140228271484
0255,56344_3a89f085_23,0.009540591388940811,0.11577510833740234
0256,135112_cf8007b8_5,0.012928343378007412,0.6816673278808594
0257,50706_20d07d57_2,0.04360111430287361,0.5821831226348877
0258,51744_cd355565_5,0.023044943809509277,0.3097603917121887
0259,51464_da501c24_0,0.010387662798166275,-1.0474166870117188
0260,126572_a2d6f794_23,0.00016565633995924145,-4.733309745788574
0261,70021_e673ae54_2,0.001965676434338093,-1.832216739654541
0262,25144_31b089b6_5,0.0007041331846266985,0.6810622215270996
0263,24715_55aac5f2_2,0.00010517343616811559,-7.755678176879883
0264,24532_f82f8000_2,0.0029650877695530653,-1.4003522396087646
0265,30664_a3084f71_1,0.0019904891960322857,0.16780078411102295
0266,81145_5c13a8e9_1,0.0012801707489416003,-0.30756664276123047
0267,132037_2abb8c63_10,0.00010700085113057867,0.5081371665000916
0268,50414_ac159b58_2,0.005526313092559576,0.799156904220581
0269,21601_360ce1c7_7,0.006921303924173117,0.8742154836654663
0270,22119_27e3ecbe_9,0.0029588581528514624,0.9082474112510681
0271,145120_74f7316f_0,0.014106248505413532,0.3622357249259949
0272,74574_c302ff1f_0,0.0017373478040099144,-1.2818806171417236
0273,52443_085efc00_4,0.008164879865944386,-1.667870283126831
0274,147546_ede0f31c_3,0.017859404906630516,0.6137951612472534
0275,22492_047b125b_21,0.014816426672041416,0.6561199426651001
0276,72313_5a86e234_0,0.042921531945466995,0.18009042739868164
0277,45589_49e3c7ea_2,0.0028098984621465206,0.915270209312439
0278,83432_a7f85698_0,0.009180099703371525,0.793804407119751
0279,32775_a79b406b_0,0.0006908957147970796,-5.653389930725098
0280,121703_69c4a5ac_3,0.000114871007099282,0.5837868452072144
0281,80901_e9080573_6,0.002130169654265046,0.9168697595596313
0282,21809_8bd6b10e_3,0.031978409737348557,0.29615461826324463
0283,49396_98ab955d_15,0.015850165858864784,-0.5113004446029663
0284,33766_14917a4a_19,0.005135191138833761,0.8857429623603821
0285,26661_ab88a525_8,0.003519577905535698,0.9013335704803467
0286,44030_17bd5ec9_0,0.007126102689653635,-7.760165214538574
0287,53221_74fa81cd_7,0.0010424674255773425,0.0988735556602478
0288,21887_3306168f_7,0.01764705777168274,-0.7583490610122681
0289,86185_85fde9e6_0,0.004172056447714567,0.3623833656311035
0290,87951_500b1dcd_2,0.00011933228961424902,0.8722543716430664
0291,22276_69c5036b_11,0.030877655372023582,0.19212555885314941
0292,41721_44151488_5,0.004151468630880117,0.615598201751709
0293,102293_5d04e48d_0,0.03521832078695297,-0.6709650754928589
0294,77687_cbb18594_20,0.00021761876996606588,0.6981327533721924
0295,133248_1bab99ae_0,0.002289860974997282,-0.009419083595275879
0296,24051_4852a192_2,0.0037125032395124435,0.8725743293762207
0297,86806_2993395a_1,0.0006758951349183917,0.426210880279541
0298,38558_b0d6b3f8_1,0.012880995869636536,0.7356212139129639
0299,140549_7d01813c_0,0.030243050307035446,0.040630996227264404
0300,24559_3c306e71_1,0.003376917215064168,0.480599045753479
0301,70350_751de4b0_13,0.007977379485964775,-2.249542236328125
0302,39101_23fec10f_8,0.008929811418056488,0.04996800422668457
0303,24942_9d1b2ff2_8,0.014047667384147644,0.8362648487091064
0304,30850_05d88af9_3,0.024552665650844574,0.5917181968688965
0305,113358_08641c94_4,0.012957984581589699,0.5973408222198486
0306,21234_8b71bd47_27,0.0037759970873594284,-0.3660702705383301
0307,26245_4aac38e1_21,0.003731311298906803,-7.657146453857422
0308,66072_d301cc88_0,0.0025178552605211735,-0.08885669708251953
0309,21894_93f0d052_23,0.0018809345783665776,0.8142147660255432
0310,147816_7fb70c2b_2,0.0031469434034079313,0.6699212789535522
0311,49120_4131d1e7_1,0.0027580682653933764,0.44781583547592163
0312,52224_ca16c854_4,0.010614951141178608,-0.5158149003982544
0313,105762_19e04e0b_1,0.0006952540716156363,-4.4884209632873535
0314,30400_8824ce97_36,0.0048428853042423725,0.30244362354278564
0315,95199_ffcff41e_0,0.0008503785356879234,0.12872207164764404
0316,50417_199cffee_3,0.00043486396316438913,0.6615461111068726
0317,24544_d06c82dd_5,0.008615260012447834,0.8574245572090149
0318,22604_565b91f5_2,0.0031330622732639313,0.8692785501480103
0319,22788_b6a9e30a_4,0.001335120527073741,0.6663617491722107
0320,45789_d5126eab_14,0.004138056188821793,0.15470165014266968
0321,37267_b2be4b50_3,0.00013811445387545973,-12.897476196289062
0322,34330_5eff1ee1_3,0.002392854541540146,0.7207434177398682
0323,137999_d934160e_1,0.00015662610530853271,-0.21158647537231445
0324,134921_f5efde94_27,0.00024973388644866645,0.7703940272331238
0325,53470_39f2e9dc_8,9.802601562114432e-05,-0.09972214698791504
0326,23497_f292546d_25,0.009108089841902256,0.621452271938324
0327,22289_4b848f64_2,0.0037760490085929632,0.48858851194381714
0328,31392_84b62622_2,0.0030674641020596027,0.7443543672561646
0329,51347_1fc6f329_0,0.005798493046313524,-0.30260467529296875
0330,50777_2934de55_6,0.0021632849238812923,0.9228212833404541
0331,32841_954e8c1a_0,0.000689690001308918,0.2884477376937866
0332,31530_6744ae73_3,0.008731874637305737,0.8718346953392029
0333,65827_d1469ad6_1,0.00024188282259274274,-0.8101584911346436
0334,145461_30637b22_8,0.000304877117741853,-11.18620491027832
0335,31973_093ea963_13,0.00027186734951101243,0.8941645622253418
0336,70355_e5f58cd5_14,0.004136165603995323,0.596621036529541
0337,77687_cbb18594_40,0.0002179131261073053,0.03723633289337158
0338,24392_fce351ea_0,0.00028887693770229816,0.8451333045959473
0339,36853_7efccb8c_3,0.0038928790017962456,0.4686763882637024
0340,41644_d15f8e2b_5,0.0004221841227263212,-1.1756155490875244
0341,131762_9b5e5ff5_2,0.00858375709503889,0.4816328287124634
0342,82193_96ef9433_2,0.009295186959207058,0.8551468253135681
0343,31347_386f6298_15,0.01595119945704937,0.6249362230300903
0344,34568_fbe47bf9_0,0.0006528038647957146,-0.8686816692352295
0345,115624_fe3eb392_3,0.007428525015711784,0.8299984931945801
0346,130446_e7b58dbe_0,0.025247471407055855,-0.018628835678100586
0347,104641_2cd02839_33,0.00010594040941214189,0.768557071685791
0348,31460_39fdfc6a_7,0.0072544170543551445,-0.6328729391098022
0349,95541_ced8f936_0,0.010766583494842052,0.7679546475410461
0350,23126_725969ea_17,0.004602011293172836,0.5137743949890137
0351,23676_52069f98_5,0.00046031668898649514,-0.7334667444229126
0352,137637_ed9c537d_0,0.002754275454208255,0.3189655542373657
0353,22474_b10fea1a_2,0.004395985510200262,0.8935208320617676
0354,143017_21d96cc2_10,0.008585796691477299,-0.23772048950195312
0355,105270_34f92afd_1,0.0002356854674872011,0.6694331169128418
0356,95622_0a0787e4_4,0.009812136180698872,0.8534485697746277
0357,55854_13f0399b_0,0.01936337724328041,0.583240270614624
0358,22118_1e09e0eb_5,0.011002225801348686,0.5307654142379761
0359,146717_3e6a84c1_7,0.026947474107146263,0.5960726737976074
0360,63132_330141d7_3,0.004029194824397564,0.18285727500915527
0361,115633_fd3c9b97_46,9.371736814500764e-05,0.806965708732605
0362,21644_aa203dc5_29,0.0075368196703493595,-0.8499431610107422
0363,79791_00f639ca_15,0.007153807207942009,0.8795592188835144
0364,60711_42b5a13e_1,0.0032098868396133184,0.6445274353027344
0365,137483_cdb8989d_0,0.007964961230754852,0.8337012529373169
0366,21644_aa203dc5_26,0.009740608744323254,-0.6811373233795166
0367,131876_b2384623_0,0.0012154061114415526,0.21525311470031738
0368,23706_ef15ef9c_10,0.011749097146093845,-0.797419548034668
0369,68948_0d2a01cd_9,0.01813669316470623,0.4913216829299927
0370,145137_4e9eef42_1,0.003364782314747572,0.32326018810272217
0371,30426_2cde26de_20,0.06592215597629547,0.24986320734024048
0372,31378_34c52a73_0,0.010810703970491886,-2.0012338161468506
0373,92134_52f13f49_4,0.00017031152674462646,0.8850579857826233
0374,119634_fc722479_1,0.011513623408973217,0.841590404510498
0375,24032_d6172503_24,0.004590868018567562,-0.9221150875091553
0376,136401_69f29349_4,0.00011703662312356755,-0.8159420490264893
0377,41871_f9a1ad02_26,0.009894519113004208,0.24869883060455322
0378,48220_87941c4e_116,0.00393324950709939,0.41794800758361816
0379,115012_9ed88535_2,0.004314570687711239,-0.7232855558395386
0380,69488_025cf0a2_1,0.14090628921985626,0.044805169105529785
0381,147427_69f68da4_3,0.0009430290083400905,-1.613727331161499
0382,33766_14917a4a_32,0.004696017596870661,0.8310739994049072
0383,51747_3d58eae0_0,0.009891579858958721,-0.3281698226928711
0384,33785_a4c23f61_0,0.12319749593734741,0.5352276563644409
0385,114935_797875fe_2,0.008972818963229656,0.673566460609436
0386,51775_49ef614a_26,0.0015873140655457973,-1.8222181797027588
0387,38196_ea48fa42_3,0.00016538072668481618,-0.9346721172332764
0388,140413_44177109_21,7.678409747313708e-05,-0.4052160978317261
0389,27676_79237cc5_1,0.0026829440612345934,0.12228339910507202
0390,52883_e518d3f4_33,0.008780047297477722,0.8270412087440491
0391,34347_841c5375_2,0.00032860643113963306,-5.681293964385986
0392,55289_292737cb_0,0.009156377986073494,0.8242135643959045
0393,50606_82cb18e2_0,0.006749368272721767,0.7347379922866821
0394,30407_efa567f2_4,0.006753974594175816,0.837145984172821
0395,31647_ab9ad9dc_13,0.004221381153911352,0.5910388231277466
0396,24896_58b4730f_17,0.013032997027039528,-1.430851697921753
0397,23602_5daaccf5_4,0.006211842875927687,0.5661299228668213
0398,27725_5cceaeb7_10,0.0022344638127833605,-3.6421470642089844
0399,127734_395dcf7d_5,0.006935031618922949,-0.12768352031707764
0400,31957_d864f861_3,0.006550184451043606,-0.3348205089569092
0401,49415_1671b60c_4,0.002192425774410367,-1.0499937534332275
0402,45110_fae73324_4,0.00246858480386436,0.8682618737220764
0403,22343_34184fd5_18,0.0010955892503261566,-3.1709699630737305
0404,22848_cc91b848_38,0.00030899542616680264,-355.18841552734375
0405,73652_23b21ef2_1,0.0642823725938797,-0.29262804985046387
0406,65569_bd890a32_1,0.0016435158904641867,-14.764321327209473
0407,48220_87941c4e_111,0.004530343692749739,0.20656895637512207
0408,30394_e30f932c_0,0.012496712617576122,0.2849698066711426
0409,21941_1a683ec2_26,0.0045899380929768085,0.8083322644233704
0410,25564_e646fcb3_1,0.0003195404715370387,-0.07912921905517578
0411,134053_87a32e31_3,0.0007413311977870762,-1.0228345394134521
0412,87950_af56e26e_2,0.0072766938246786594,0.46741628646850586
0413,51458_54240b70_17,0.0005943209398537874,0.34354567527770996
0414,40688_effe215a_1,0.006555564235895872,0.8376634120941162
0415,131494_c8a441d0_0,0.002214856678619981,0.5687013268470764
0416,26768_c4df841f_21,0.001486092689447105,-0.7407878637313843
0417,136892_2d5f55a9_0,0.006855861749500036,-0.5034118890762329
0418,54652_d60ac3e0_10,0.011405421420931816,0.3812199831008911
0419,51747_3d58eae0_1,0.0010747896740213037,0.5606304407119751
0420,54650_df3655c1_0,7.593315240228549e-05,0.1683368682861328
0421,41125_711db4bf_58,0.01341944932937622,-0.49268484115600586
0422,45418_f603706b_2,0.00820926483720541,-1.0763907432556152
0423,21852_6cf9a734_18,0.08721903711557388,0.2545322775840759
0424,122515_758d8b70_6,7.646847370779142e-05,-62.146663665771484
0425,104081_05ba54fa_2,0.003621100913733244,-0.5207923650741577
0426,41672_cf87e0b6_0,0.003478610422462225,0.4631164073944092
0427,22638_37f9fe91_1,0.00014462794933933765,0.572722315788269
0428,24559_3c306e71_3,0.007299388758838177,-0.3258136510848999
0429,31589_ac31215d_8,0.0007668170146644115,0.5942236185073853
0430,49603_143b8bd2_35,0.005927020218223333,0.5309019088745117
0431,127965_c64a91da_0,0.0027988881338387728,0.27563124895095825
0432,36062_f2fb6808_1,0.0004800015885848552,-3.43617582321167
0433,139280_8874b1ab_18,0.00017428708088118583,0.8325250148773193
0434,30997_24dea167_4,0.0062074121087789536,0.4400888681411743
0435,143471_eb185912_5,0.00011957259994233027,-0.22430503368377686
0436,23176_1bf2a2d5_10,0.004063834901899099,0.8319860696792603
0437,98299_b8146029_5,0.0027459589764475822,0.7621902227401733
0438,23466_1cf60d09_4,0.006218376569449902,0.8261216878890991
0439,41591_2d0bd0d5_3,0.0050569260492920876,0.8222322463989258
0440,134929_9049dcec_1,0.0002892484772019088,0.84489905834198
0441,41785_e8bf0528_0,0.001588720828294754,0.9307718276977539
0442,31460_39fdfc6a_6,0.003965769894421101,0.9150714874267578
0443,133710_00be7f31_1,0.009903022088110447,-0.13630521297454834
0444,24532_f82f8000_0,0.012879542075097561,-1.8330090045928955
0445,21234_8b71bd47_3,0.00023821054492145777,0.6394041776657104
0446,35175_6edc4126_5,0.012398939579725266,0.6407120227813721
0447,20495_e8e7e80c_1,0.00016993928875308484,0.8018500208854675
0448,76546_c17e95aa_2,0.00034967195824719965,-1.0568323135375977
0449,41654_e75f89df_0,0.006122976075857878,0.6676694750785828
0450,109772_f1a0845e_6,0.007015204522758722,-3.0535149574279785
0451,34913_d23e2a24_0,0.0017051749164238572,0.9052633047103882
0452,25203_1cc0cb3c_12,0.0059225894510746,0.9011573195457458
0453,37160_2a95674a_4,0.0023637954145669937,0.8456950783729553
0454,69240_dc199112_4,0.009811952710151672,-0.8637521266937256
0455,25176_d9130589_0,0.0020542561542242765,0.7300189733505249
0456,69235_fe79a369_0,0.0002689601678866893,0.3959566354751587
0457,39468_15fb2e60_9,0.005960491020232439,0.13528436422348022
0458,103284_e25015aa_6,5.0765291234711185e-05,0.5954074859619141
0459,30377_e18ea3de_0,0.008219248615205288,-5.658642292022705
0460,66080_f578d52b_4,0.0008791733416728675,-3.5187063217163086
0461,37444_52b27e94_14,0.006236665416508913,0.050186872482299805
0462,38675_6e07d74b_31,0.004269909579306841,0.8648911118507385
0463,21680_360ba5c7_28,0.005510101094841957,0.5985400080680847
0464,142032_5c32b7db_2,0.008877585642039776,0.8365268707275391
0465,44210_a155c2d1_0,0.0293992031365633,0.34556126594543457
0466,38287_88ec74de_92,0.008502649143338203,-0.2552381753921509
0467,29572_2f9283f2_4,0.0011941577540710568,0.9110468626022339
0468,28300_b3a6ab79_10,0.006773041561245918,0.765802264213562
0469,136129_e6a20c7d_5,0.00026600074488669634,0.5918680429458618
0470,119381_e4d13609_0,0.0033047788310796022,0.8749651312828064
0471,30729_b4d83b07_4,6.349543400574476e-05,-0.3038672208786011
0472,140413_44177109_11,0.0046302261762320995,0.7822316884994507
0473,26384_83eddf22_0,0.008437402546405792,0.3558090329170227
0474,82285_e7a738e7_2,0.013436511158943176,-0.11917984485626221
0475,108599_347602af_0,0.02332400344312191,0.2746899127960205
0476,119889_41a6f268_1,0.00034141636569984257,0.4961504340171814
0477,55006_94230c00_1,0.004395973868668079,0.8625657558441162
0478,21517_bfe35b4c_10,0.000764675613027066,0.6486072540283203
0479,20818_098cad7c_6,0.00010674476652638987,0.8856883645057678
0480,41855_b82e6ae8_6,0.012075936421751976,-0.39594876766204834
0481,137166_90691294_8,0.000760275695938617,0.49510830640792847
0482,69561_f274e705_26,0.0009866813197731972,0.9524307250976562
0483,51579_d0c3e154_0,0.010127320885658264,0.5714619159698486
0484,23676_52069f98_4,0.004512387793511152,0.8579139113426208
0485,31962_e5291336_1,0.007990672253072262,0.7635815739631653
0486,57222_33b428d7_1,0.0008827121928334236,0.3446784019470215
0487,51586_2ad96f8c_17,0.00012063609028700739,-0.45102763175964355
0488,41473_c2137170_32,0.004023552406579256,0.37291419506073
0489,31123_9a1bfc50_2,0.0052946461364626884,0.6001678705215454
0490,23211_3aac9c7e_0,0.002347485860809684,0.5601565837860107
0491,45798_b573e9da_5,0.01620963029563427,0.16441774368286133
0492,27847_d2436f7c_37,0.00024876208044588566,0.7124786376953125
0493,54736_6ee1b513_1,0.0033194979187101126,-1.8678920269012451
0494,132901_7d205bb4_9,0.00016846059588715434,-0.11692428588867188
0495,73762_8c704690_0,0.005715050734579563,0.2293250560760498
0496,23209_1592b0a4_1,0.004723555874079466,0.6724206209182739
0497,49024_b7f02205_2,0.0006067358772270381,-0.5382716655731201
0498,147630_7f858240_15,0.00695155281573534,-0.22471141815185547
0499,69337_2c778611_11,0.0004149072046857327,0.7557743191719055
0500,82498_92a00cd6_1,0.004345948342233896,-0.34655582904815674
0501,78775_e2d8b091_1,0.010119455866515636,-0.37254810333251953
0502,40067_95ae6c76_9,0.00805875938385725,0.13667786121368408
0503,80756_6f2e842f_0,0.004293894860893488,0.12632852792739868
0504,25284_1da7aa8a_0,0.011403268203139305,-1.2564868927001953
0505,55605_2f8bc12e_62,0.0031639866065233946,0.8917907476425171
0506,39792_60786b6c_15,0.011481361463665962,0.769507646560669
0507,34063_0ca1585e_2,0.002241580281406641,-0.45296740531921387
0508,31664_1e85c690_13,0.003901789430528879,0.8884360790252686
0509,131193_98f3ac52_1,0.004836771171540022,-1.1633305549621582
0510,120221_e2eaa34b_2,0.0016893225256353617,0.4203282594680786
0511,130286_1f71bfed_3,0.0022922686766833067,0.3171095848083496
0512,118342_e8142153_21,0.0009011286892928183,0.6669856309890747
0513,128043_9f8cd69e_1,0.0002620522282086313,0.6389812231063843
0514,41504_85e300ee_1,0.00010720008140197024,0.538399338722229
0515,78863_d59be42e_0,0.011869783513247967,-0.4269202947616577
0516,31733_5118b376_3,0.05144273117184639,0.6328991651535034
0517,22208_e177deb7_5,0.002344361040741205,0.43993449211120605
0518,24026_1dd4094b_43,0.002043351298198104,-0.7870581150054932
0519,73388_10a40b49_1,0.00950191542506218,0.4406392574310303
0520,138219_cdff4f61_0,0.005076168105006218,-2.3500688076019287
0521,49399_dc56d180_1,0.008115120232105255,0.8482279777526855
0522,41306_8f26e703_3,0.0006382177234627306,0.7800297141075134
0523,51590_034b8b08_14,0.05921740084886551,-0.001441359519958496
0524,48402_8c965495_4,0.001343472278676927,-0.9325759410858154
0525,26388_a3367cba_0,0.00942930020391941,-0.17535483837127686
0526,28300_b3a6ab79_6,0.005345958285033703,0.8211429715156555
0527,43938_418421a7_0,0.0024889386259019375,-0.12823665142059326
0528,41520_60018d18_0,0.00018331786850467324,-0.3199070692062378
0529,137869_344b239b_0,0.0001733152603264898,0.5923149585723877
0530,41648_577daf16_0,0.011454512365162373,0.5096800327301025
0531,31347_386f6298_10,0.007981637492775917,0.8489506244659424
0532,82190_24b1b0fe_12,0.003694777609780431,0.3529359698295593
0533,33741_4a973932_1,0.0014489609748125076,0.7597755193710327
0534,42005_3da46d94_0,0.0002173771645175293,-3.8674583435058594
0535,132982_ee1eed2f_0,0.0026533144991844893,0.8866962194442749
0536,23898_6e740393_29,0.002318411832675338,-3.568309783935547
0537,105831_88a0fb85_6,0.011738473549485207,0.7439876794815063
0538,31278_749a6317_0,0.0006853168015368283,0.5883485078811646
0539,51586_2ad96f8c_4,0.008026564493775368,-2.6645967960357666
0540,57000_cd1ddece_14,0.00908630434423685,-2.703598976135254
0541,50692_e7ff2668_8,0.008476833812892437,0.6985066533088684
0542,65346_e89312e5_0,0.0014655065024271607,-1.2147643566131592
0543,38840_0e449caf_4,0.0034662634134292603,0.10480993986129761
0544,29573_ca59fbbf_5,0.018836727365851402,0.8100993037223816
0545,30164_c5680724_12,0.024780116975307465,-0.3077113628387451
0546,138620_e21e10ee_0,0.0023918324150145054,-1.0383737087249756
0547,50305_caf9cef2_34,0.006567622069269419,-10.364056587219238
0548,83396_fdb2987a_0,0.006161739584058523,0.7778589725494385
0549,28379_7e292343_4,0.012293542735278606,0.7291312217712402
0550,33529_756075a0_32,0.0030343595426529646,0.7745231986045837
0551,109857_1d24326e_42,3.450054282438941e-05,-0.7192842960357666
0552,22772_2b5f6629_6,0.007363990414887667,0.8791515231132507
0553,34600_e2685d46_2,0.006697047036141157,0.755277156829834
0554,122344_ab1b06aa_2,0.017854945734143257,0.6772171258926392
0555,123573_5f5c9584_1,0.0020027419086545706,-0.6157974004745483
0556,35166_562b126c_20,0.0013910636771470308,0.946155309677124
0557,51350_138f893a_1,0.0001232356153195724,-0.1820133924484253
0558,137785_67c3085b_16,0.004993491340428591,0.8771176338195801
0559,50417_199cffee_12,0.012074984610080719,0.4166542887687683
0560,22194_a5c323b9_3,0.010509404353797436,-0.7145822048187256
0561,42329_df7f540f_18,0.01410726923495531,-0.4714200496673584
0562,41779_25e4203d_6,0.0006087246001698077,0.07259821891784668
0563,51094_40aa8332_20,0.008324350230395794,0.6875754594802856
0564,109762_cb162371_38,0.011697085574269295,0.3842441439628601
0565,45922_26941172_9,0.012442759238183498,-1.1422264575958252
0566,34587_ed155e93_0,0.003240698017179966,0.906890869140625
0567,69589_a468c1b4_0,0.02151361107826233,0.5457547903060913
0568,44921_00dfb467_0,0.0002807466662488878,0.9315198063850403
0569,82672_4705a693_0,0.001623829361051321,0.2765682339668274
0570,26778_a71e88a6_0,0.0009289889130741358,-1.5041418075561523
0571,69488_7bfb2b67_0,0.0034557124599814415,0.9039750099182129
0572,22686_afe3a61e_0,0.00044850955600850284,-1.770993709564209
0573,109772_5faa88e8_5,0.005289425142109394,-2.618152379989624
0574,43938_418421a7_147,0.002794430823996663,0.616107702255249
0575,141694_b5ac3112_3,0.004903013352304697,-0.8897597789764404
0576,31973_093ea963_16,0.0006534490967169404,0.5897316336631775
0577,26858_e90dc419_25,0.00035484525142237544,-1.053464412689209
0578,131350_bbdad30d_0,0.00021472472872119397,0.8775712847709656
0579,35741_c43475b8_1,0.004686980042606592,-0.6334022283554077
0580,30690_3df2c9e2_1,0.0043854620307683945,0.6260975003242493
0581,122758_5f4efbf0_2,0.004521743860095739,0.7024903297424316
0582,37822_3be11c62_0,0.000851331977173686,0.638022780418396
0583,91174_ee6ee92b_1,0.0014952400233596563,0.6496820449829102
0584,23676_52069f98_31,0.06697521358728409,0.32534295320510864
0585,27958_fee329eb_1,0.01025283895432949,-1.781177043914795
0586,144534_3b4fdb09_18,0.004238119814544916,-0.18423032760620117
0587,30292_0b5e0265_1,0.04375529661774635,0.4043581485748291
0588,111062_e59e2d31_0,0.055925797671079636,0.3644360899925232
0589,135790_a27f9deb_77,0.0014904027339071035,0.7097070813179016
0590,65842_de75838b_10,0.005467954557389021,-0.1438678503036499
0591,22475_9d9601a8_3,0.00041604702710174024,-1.3194355964660645
0592,119884_192e3265_0,0.011815370991826057,-0.7634313106536865
0593,51463_3330e3aa_2,0.01408551074564457,-0.46163272857666016
0594,23231_efe613bb_4,0.0054948776960372925,0.7185630798339844
0595,22895_4533b542_2,0.004141105804592371,0.3639363646507263
0596,146219_5661130f_4,0.012539716437458992,0.7278668880462646
0597,38953_19054857_19,0.0019380812300369143,-0.7223442792892456
0598,21847_b2de7eb8_24,0.002666282933205366,0.8193105459213257
0599,51603_034939eb_12,0.0019380392041057348,-0.1945960521697998
0600,24843_5231632c_4,0.00018182503117714077,0.8868792057037354
0601,41982_f75ceb8f_4,0.0005739714833907783,-3.366292953491211
0602,42937_c573c439_2,0.0008317584870383143,-2.4963157176971436
0603,61288_2d594195_0,0.002621147083118558,-3.308919906616211
0604,55006_94230c00_0,0.0020817394834011793,-1.0731191635131836
0605,49898_f42a885e_5,0.007393656298518181,0.8388501405715942
0606,55709_af3825c8_4,0.00811314582824707,0.7359371185302734
0607,144117_83c980ca_2,0.0002860358508769423,0.004280209541320801
0608,40417_b8d98f73_7,0.0018692895537242293,-0.24388158321380615
0609,53200_d1e30b87_11,0.005307968705892563,-4.820125102996826
0610,147009_977ee378_4,0.0001809944660635665,-0.598374605178833
0611,63056_a5dfd66b_4,0.00021144570200704038,0.6179564595222473
0612,22205_f48b96b3_10,0.006311722099781036,-0.4373493194580078
0613,51585_b695905b_4,0.005153836216777563,0.8858834505081177
0614,24084_71f37c00_1,0.002491846913471818,0.49990326166152954
0615,25815_0e853ad9_10,0.0018661227077245712,0.8833067417144775
0616,55030_11a6e3e8_3,0.049837466329336166,0.5496593713760376
0617,23042_1184de03_5,0.005170873831957579,0.8495302796363831
0618,39719_e9629dbd_4,0.00021030058269388974,-1.3131532669067383
0619,51256_ed221095_2,0.0017123359721153975,-0.9128730297088623
0620,25810_93c8a71a_3,0.00438555795699358,0.8323290348052979
0621,22208_e177deb7_1,0.0055878786370158195,0.6089997291564941
0622,115624_d0acb46b_22,0.00819900631904602,0.8709508180618286
0623,30708_4282508b_0,0.00016549091378692538,-1.5614564418792725
0624,31117_cd5cdbdb_12,0.00023215713736135513,0.8997721672058105
0625,41733_1ec9b00c_32,0.00013266816677059978,0.608357310295105
0626,111387_c4243097_2,0.0016969033749774098,-1.304732084274292
0627,119869_e8f0dd81_19,0.0009924344485625625,0.2531161904335022
0628,34569_590239d6_0,0.0033680552151054144,0.8453975319862366
0629,136318_130d6a06_23,0.0002978412958327681,0.6292494535446167
0630,145132_7aea3b66_4,0.02981446124613285,0.6097705960273743
0631,41878_3aeaed3d_0,0.008043532259762287,-0.3080174922943115
0632,34583_a1cf326b_0,0.008884090930223465,0.8374055624008179
0633,116581_d405b783_0,0.042420003563165665,0.4236534833908081
0634,24044_9bbe7992_3,0.00018929380166810006,0.7637400031089783
0635,22194_a5c323b9_2,0.007573309354484081,0.3174709677696228
0636,142076_08d80e12_21,0.00014501680561807007,0.3583943247795105
0637,55817_6ac2912d_7,0.00024207914248108864,-1.6104960441589355
0638,21165_5cb2d287_2,0.00024005468003451824,0.494168758392334
0639,39796_45dcdc7d_0,0.046759676188230515,0.3935702443122864
0640,33044_7fdd9213_1,0.02396562322974205,0.3649209141731262
0641,23731_3fe5b501_6,0.0002517604152671993,0.6130019426345825
0642,32743_f4c47bbc_31,0.0169244185090065,-0.5732252597808838
0643,108775_4908fba2_21,0.0048442562110722065,0.5695022940635681
0644,21941_1a683ec2_19,0.002717472380027175,0.7994354963302612
0645,27682_04277f62_18,0.004521825350821018,0.7923401594161987
0646,25815_0e853ad9_4,0.004004213027656078,0.7416079044342041
0647,30261_723e95cf_2,0.005086182150989771,0.7856266498565674
0648,21385_601444ba_102,0.004497188609093428,0.7884597778320312
0649,30368_d7fd30ce_7,0.0013110556174069643,0.5055651664733887
0650,55605_2f8bc12e_3,0.007907467894256115,-0.29084110260009766
0651,24650_dad8c8ee_15,4.0169197745854035e-05,-0.2532583475112915
0652,34227_48203345_7,0.010266777127981186,0.7137700319290161
0653,113348_ac85cba3_1,0.007861281745135784,0.15577423572540283
0654,26552_25c5924a_1,0.004086335655301809,-0.5647655725479126
0655,55381_cbaffe9b_0,0.00260735466144979,0.2782137393951416
0656,55817_6ac2912d_25,0.010108237154781818,0.731364369392395
0657,138947_0778db40_4,0.0002384232502663508,0.9067615866661072
0658,52788_07f7da63_0,0.0013221014523878694,0.6718062162399292
0659,70355_e5f58cd5_6,0.0003033897664863616,0.489082396030426
0660,51744_cd355565_8,0.01053836103528738,-1.1605768203735352
0661,41227_90e1c07c_16,0.008702491410076618,0.7808477282524109
0662,45359_1768ab3f_42,0.01000253390520811,-0.05563771724700928
0663,41783_d1c10326_3,0.001022856216877699,-2.2905080318450928
0664,32960_0eaa1de8_13,0.0001240438868990168,-7.954985618591309
0665,34674_32ee1595_3,0.008234996348619461,0.7206900119781494
0666,136885_23632908_1,0.005448512267321348,-0.9444077014923096
0667,136808_00592735_3,0.004009679425507784,0.12768065929412842
0668,45589_49e3c7ea_5,0.007175150793045759,0.8522881269454956
0669,141665_0564e852_3,0.0022467277012765408,0.4634944200515747
0670,50897_3be92e2f_18,0.005365997087210417,0.8746905326843262
0671,84256_4164b724_3,0.00016341014998033643,0.8432112336158752
0672,22994_e6ad8f2b_10,0.004648763686418533,0.8274676203727722
0673,28295_0dc908b9_8,0.008046291768550873,-1.5203866958618164
0674,23329_6939d5d9_5,0.0011001168750226498,-0.22038495540618896
0675,123665_0a0da5c7_3,0.00021374161588028073,-0.6685285568237305
0676,121172_0ac63503_7,0.0023055337369441986,0.5634060502052307
0677,50941_2a8a8c76_0,0.00586130004376173,0.8837646245956421
0678,37846_cde34fcd_66,0.007492535747587681,-0.2575035095214844
0679,56040_9b1307eb_21,0.004115379881113768,0.3590072989463806
0680,146535_229c95bc_1,0.0005412977770902216,-1.4801440238952637
0681,50947_49287c16_2,0.006576485000550747,0.8925061225891113
0682,95622_0a0787e4_5,0.00027246898389421403,0.8525419235229492
0683,25432_f13e5110_0,0.004696981515735388,0.8520874977111816
0684,32454_e959e3cf_0,0.004729804117232561,0.8668899536132812
0685,65858_61e9b51a_18,0.002376079559326172,0.4579475522041321
0686,70350_751de4b0_3,0.010708584450185299,-0.4804130792617798
0687,129239_0d49310c_15,0.0013035523006692529,0.5031644701957703
0688,31008_8fa25b35_8,0.006467150989919901,-0.36558854579925537
0689,55306_795d845b_2,9.900544682750478e-05,0.37075453996658325
0690,29729_e8bb36f1_2,0.0015492759412154555,-0.8256803750991821
0691,67283_4097cbd6_5,0.00024353931075893342,-1.0707039833068848
0692,23904_811e466f_4,0.0024502200540155172,-1.0556457042694092
0693,116076_12d31fb7_1,0.002063747961074114,0.6894441843032837
0694,45302_02d7e3bc_0,0.006908595096319914,-0.7376481294631958
0695,60977_4bb093ec_1,0.0050078267231583595,0.7768508195877075
0696,49017_76979790_8,0.004212175030261278,0.20162713527679443
0697,146321_0dbae658_10,2.4741933884797618e-05,-1.4932818412780762
0698,102194_150e3faf_3,0.0026998580433428288,0.9173094630241394
0699,34769_44655d03_5,0.001066271448507905,-0.19227659702301025
0700,38953_19054857_6,0.0009297955548390746,0.2367728352546692
0701,55397_ad24603f_1,0.0019402519101276994,-1.0139555931091309
0702,21908_385686ec_15,0.0029558988753706217,0.8573203086853027
0703,60721_57103153_4,0.00028872769325971603,0.537742555141449
0704,98701_7cd4ec8d_0,0.018051188439130783,0.6721192598342896
0705,91703_642cdf1a_1,0.01116824522614479,0.7899246215820312
0706,26661_ab88a525_5,0.006005408242344856,-0.5148752927780151
0707,51940_67bb0219_21,0.000610040151514113,-0.30003035068511963
0708,22543_684108ff_22,0.0020631919614970684,-1.0502018928527832
0709,145250_cde4d039_8,0.001403465517796576,-0.5800396203994751
0710,20232_e5b060d9_6,0.0015741302631795406,-1.8575317859649658
0711,128043_d4650350_0,0.04807770624756813,0.35440677404403687
0712,140530_30edf2c4_0,0.002173061016947031,-0.833929181098938
0713,131814_9af6d05a_0,0.002892220625653863,0.5651003122329712
0714,26245_4aac38e1_9,0.0014049481833353639,0.413102924823761
0715,30282_88c6933c_14,0.008614686317741871,0.6694756150245667
0716,32322_71d0035e_1,0.0016113485908135772,0.9173241853713989
0717,131762_d10609a4_1,0.006579481065273285,0.7028038501739502
0718,54812_5f7b7aba_2,0.0011857363861054182,0.4794512391090393
0719,135830_8fb36dac_4,0.0069766719825565815,0.6910808682441711
0720,139280_8874b1ab_4,0.000271063472609967,0.4177568554878235
0721,49904_639055dd_1,0.003581199562177062,0.589532732963562
0722,53601_59d3ecd2_0,0.014725485816597939,0.3962984085083008
0723,50047_54241fe3_12,0.003849522676318884,0.7020285725593567
0724,136925_70fb0381_3,0.004289464093744755,0.7375059127807617
0725,87488_95f678ce_0,0.03031887486577034,0.3306463360786438
0726,137166_90691294_2,0.0007665345328859985,0.49028611183166504
0727,44030_17bd5ec9_11,0.0017963091377168894,-1.846390724182129
0728,137396_b5f6bec4_5,0.004837379325181246,0.8547099828720093
0729,21900_760d2078_10,0.008634136989712715,0.8749293088912964
0730,21185_ac5324ba_5,0.008985653519630432,0.7197574377059937
0731,31132_2320d049_4,0.007191050332039595,0.8691973090171814
0732,82281_80cdf67c_4,0.00012714447802864015,0.6792477965354919
0733,38287_88ec74de_15,0.00838071946054697,0.8376990556716919
0734,136128_831e37a6_0,0.005915256682783365,0.34194129705429077
0735,21330_f0cee934_18,0.00017815025057643652,0.8830670118331909
0736,34109_5a868eae_10,0.0027335851918905973,0.7386471033096313
0737,21174_861bd902_2,0.004807313904166222,0.5810109376907349
0738,49783_365bec9e_6,0.005534022115170956,0.8339861035346985
0739,24429_ace910b3_8,2.6767103918245994e-05,-0.5665135383605957
0740,22772_2b5f6629_4,0.007284171879291534,-0.8624001741409302
0741,53927_ef5208b9_14,0.021680256351828575,0.09677082300186157
0742,56250_3b6024e3_54,0.004575418774038553,0.9000116586685181
0743,23522_5c2ec58e_8,0.013753114268183708,0.5666376352310181
0744,121177_93fb3127_10,0.0015746346907690167,-1.857494592666626
0745,138840_b7f948ea_2,0.003437775420024991,0.6501007080078125
0746,41125_711db4bf_6,0.014574709348380566,0.6552772521972656
0747,102606_28922dfc_0,0.002348247915506363,-23.690610885620117
0748,31530_6744ae73_50,0.05216158181428909,0.06939166784286499
0749,50598_eae0df5a_1,0.00011035674106096849,0.798210859298706
0750,145726_19ccdbda_12,0.0015592083800584078,0.4999934434890747
0751,41469_b94cf3e4_0,0.004781630355864763,0.019906699657440186
0752,147009_977ee378_1,0.00705102551728487,0.32225853204727173
0753,24267_8a216138_10,0.00962427444756031,0.21864736080169678
0754,63071_3d434a33_16,0.006915820762515068,0.6310137510299683
0755,34436_ffc43a58_4,0.00023775453155394644,0.794899582862854
0756,50692_e7ff2668_4,0.0017657473217695951,0.29248046875
0757,146642_883a71d2_9,0.04409855976700783,0.3035832643508911
0758,109772_f1a0845e_7,0.002903554355725646,0.9322444200515747
0759,136640_16741d62_1,0.004591821692883968,-0.16584670543670654
0760,21680_360ba5c7_11,0.0044844201765954494,-0.8219540119171143
0761,27729_09d75da1_2,0.005227356217801571,0.8511002659797668
0762,82148_5df06ed9_19,0.02292000688612461,-0.5921205282211304
0763,55287_8a57a3db_1,0.010672231204807758,0.3434562087059021
0764,53221_74fa81cd_5,0.0006744622369296849,0.6765459775924683
0765,30417_0010bc7c_39,0.004362042527645826,0.6595042943954468
0766,23706_ef15ef9c_40,0.0013038115575909615,0.8139091730117798
0767,140763_e14274f8_3,0.0001827029191190377,0.8616878390312195
0768,23602_5daaccf5_3,0.0028504710644483566,0.5379135012626648
0769,30282_88c6933c_9,0.007255886681377888,0.5435628294944763
0770,56824_0fc773f6_0,0.015664052218198776,0.10702401399612427
0771,42410_d3b5588e_1,0.0043571386486291885,0.33799248933792114
0772,55055_dd27a8a4_0,0.008867444470524788,0.837704598903656
0773,115633_a2c63339_6,0.0004248780314810574,0.5296362638473511
0774,73651_a41647f8_5,0.00019786630582530051,0.232982337474823
0775,33413_060ce192_32,0.0068309856578707695,0.4752424955368042
0776,97331_a482fa9b_0,0.002285270020365715,0.5170760154724121
0777,23476_705b76d1_0,0.0013504475355148315,0.9471786022186279
0778,32566_7bfc936b_6,0.048900190740823746,0.5378372669219971
0779,41717_eb1c1e6b_0,0.004763063043355942,0.6183068156242371
0780,60720_ef9a0a95_8,0.00048265160876326263,-0.03158402442932129
0781,138700_ab763a46_202,9.024674363899976e-05,-48.803428649902344
0782,38287_88ec74de_17,0.019638879224658012,-2.229807138442993
0783,135535_0bd0048d_0,0.023909542709589005,0.6398932933807373
0784,21797_69df08d5_7,0.08600027859210968,0.3152920603752136
0785,65350_b3fa8f4f_47,0.247331440448761,-0.1383439302444458
0786,41714_1d49f4d1_3,0.0022895019501447678,0.7441712617874146
0787,66012_a13e1644_1,0.0029196187388151884,-0.23812055587768555
0788,22652_564979ff_11,0.0008266980294138193,0.38547664880752563
0789,25127_ecba81df_23,0.0024046103935688734,-0.5692811012268066
0790,47548_db93c988_4,0.0015688438434153795,-2.8379364013671875
0791,55927_f8b31711_5,0.008611840195953846,0.5394008755683899
0792,31647_ab9ad9dc_2,0.0022528686095029116,0.695482611656189
0793,41128_ee74f244_8,0.0025131688453257084,0.3121798038482666
0794,20959_d4905d19_4,0.004026269074529409,0.012195110321044922
0795,52009_a2b75078_3,0.07702707499265671,0.22423183917999268
0796,22201_473a3a65_16,0.003405941417440772,0.5385960340499878
0797,29442_365e23df_30,0.017060477286577225,0.5174646377563477
0798,51859_6b2fd0f1_8,0.009628410451114178,0.6711850762367249
0799,140413_44177109_15,0.0005468467134051025,0.5149502754211426
0800,21822_7d3db422_11,0.01030603889375925,0.7136207818984985
0801,24168_a0ede173_100,0.00019507719844114035,0.859214186668396
0802,145532_c2304f89_1,0.0024404791183769703,0.6582534909248352
0803,104641_2cd02839_13,0.00014628130884375423,0.43302369117736816
0804,23679_81ef9e37_2,0.01071242056787014,-1.5524020195007324
0805,95271_de3df8d5_2,0.0004565175622701645,-1.1981053352355957
0806,41401_e4117da2_0,0.00010068894334835932,-1.1939640045166016
0807,48006_babdf4af_9,0.014348705299198627,0.8338378667831421
0808,142246_0851be5e_32,0.03297731652855873,0.45275717973709106
0809,33615_7bab1106_4,0.009508511982858181,0.3708227276802063
0810,31117_cd5cdbdb_18,0.010326243937015533,0.8436954021453857
0811,34914_8911676d_0,0.003472529584541917,0.7137244939804077
0812,55501_a09e4ced_2,0.00015735841589048505,-4.910887718200684
0813,41128_ee74f244_9,0.0036186857614666224,-0.1978776454925537
0814,142246_0851be5e_22,0.004760987590998411,0.13650763034820557
0815,22413_901f5867_0,0.000472039682790637,-0.42863523960113525
0816,56490_0a0fba77_0,0.009033028967678547,-1.5621144771575928
0817,93676_4f934980_1,0.0011892731999978423,-1.6364853382110596
0818,146642_883a71d2_96,0.003467584028840065,0.6215182542800903
0819,24032_d6172503_3,0.004221510607749224,0.2843455672264099
0820,44221_25c62f03_1,0.008447406813502312,0.8435405492782593
0821,50315_0f1419bf_33,0.005741724744439125,0.4427090287208557
0822,133389_0938a905_2,0.010059020482003689,-1.5529098510742188
0823,24824_cf51e5b6_4,0.005288215354084969,0.007964074611663818
0824,33970_32f36442_3,0.019670946523547173,0.3865751624107361
0825,29359_bbfab271_2,0.005769300740212202,-0.01564502716064453
0826,23172_4ab01e83_0,0.007454774342477322,0.818825900554657
0827,98511_1b46a85e_45,0.006471909582614899,0.8181074857711792
0828,98511_1b46a85e_46,0.006187850143760443,0.8180761933326721
0829,34248_cc11976c_0,0.00483744777739048,0.8212661743164062
0830,104003_46555fb2_0,0.0004928268026560545,-0.09591615200042725
0831,34520_035b5e9a_8,0.0026894810143858194,0.07567185163497925
0832,38397_93d5d7de_12,0.030419200658798218,0.578557014465332
0833,130023_93b3ca95_1,0.00396369444206357,-0.3951284885406494
0834,83213_47c49876_1,0.003580418648198247,0.5896288156509399
0835,43928_6ca53538_63,0.015263985842466354,0.6450384855270386
0836,82779_b7b722e3_9,0.0024685924872756004,0.7051690816879272
0837,134967_0f27ef51_1,0.0005972423823550344,0.553182065486908
0838,86024_714b24f4_1,0.0013438442256301641,0.9473537802696228
0839,40807_58058731_11,0.003542190184816718,0.4657827615737915
0840,26750_cd3cb3ff_0,0.02963264286518097,0.48597651720046997
0841,126913_d253adb7_2,0.004900338593870401,0.03312242031097412
0842,24268_2804c9ff_13,0.005234654061496258,0.8638431429862976
0843,45542_320c16fd_3,0.008253859356045723,0.8359063863754272
0844,22342_274ed8a6_1,0.009438296779990196,-1.04408860206604
0845,133385_e6aa64d8_17,0.00011758290929719806,0.5286474227905273
0846,143509_1dd5212d_3,0.004230167251080275,0.8752366304397583
0847,47989_3ff0f41d_0,0.020906539633870125,0.40525108575820923
0848,21822_7d3db422_14,0.03247285634279251,0.5310857892036438
0849,21517_bfe35b4c_12,0.0012827974278479815,-1.2392828464508057
0850,52883_e518d3f4_10,0.005031056702136993,0.18318802118301392
0851,41871_f9a1ad02_14,0.007171113509684801,0.28260135650634766
0852,37016_455093c1_2,0.00028906320221722126,0.8450358510017395
0853,31117_cd5cdbdb_78,0.10862772166728973,0.15762752294540405
0854,129239_0d49310c_22,7.258423283929005e-05,0.789256751537323
0855,30400_8824ce97_6,0.02248910814523697,0.5297894477844238
0856,53233_8dbca22c_8,0.004753160756081343,0.6665912866592407
0857,40514_bb61631d_25,0.004273696802556515,0.05451709032058716
0858,24053_53349e4d_2,0.0011456942884251475,-0.4744676351547241
0859,41917_f0c40fa1_16,0.004430494736880064,0.8951894044876099
0860,22543_684108ff_5,0.00947027001529932,0.6245530843734741
0861,138636_c1153075_0,0.00023924812558107078,0.7864378094673157
0862,24448_75004b6c_6,0.003952822647988796,0.874148964881897
0863,24831_bbd3e098_8,0.002010996686294675,-0.9705866575241089
0864,53221_74fa81cd_3,0.003717362880706787,-0.004901885986328125
0865,76879_65a30a82_4,0.0004301737353671342,0.2967829704284668
0866,108773_f9384cff_10,0.00012318274821154773,-0.30002880096435547
0867,33671_0e9c6ca3_5,0.0024579716846346855,0.8047771453857422
0868,93103_fdb9fcb7_15,0.013828030787408352,0.25385427474975586
0869,137675_d2bd633e_0,0.00432704109698534,-1.7099931240081787
0870,21893_0500d043_32,0.002806717064231634,-0.8349343538284302
0871,22110_0bc70e9f_1,0.0028890802059322596,-0.7754995822906494
0872,43152_b5472481_1,0.0014230689266696572,0.4656071066856384
0873,115717_40314bc2_1,0.012081097811460495,-0.05558168888092041
0874,102943_ca9e7968_0,0.00031900874455459416,0.5659219622612
0875,136401_69f29349_0,0.013233272358775139,-7.777767181396484
0876,28542_3c922564_0,0.0012884666211903095,0.5301573276519775
0877,24267_8a216138_6,0.004208017140626907,0.769224226474762
0878,84374_272a9731_7,0.002817802596837282,0.6284856796264648
0879,23531_1ecc8346_18,0.05846479907631874,0.4297176003456116
0880,41871_f9a1ad02_30,0.012570657767355442,0.6189953088760376
0881,132461_14abd2d0_0,0.0001572056789882481,-3.3887405395507812
0882,37617_3f415463_2,0.001620402210392058,-1.6478617191314697
0883,41696_de0790a1_1,0.005204604938626289,0.8844269514083862
0884,54657_2a66e0de_20,0.009602325968444347,0.11825799942016602
0885,24425_0dc4b306_0,0.0022889641113579273,0.7758328914642334
0886,146667_fe438b5b_0,0.0014937545638531446,0.9431897401809692
0887,23048_8a1a5553_8,0.0003645638935267925,-8.809094429016113
0888,51871_86ebf5b2_17,0.003852257737889886,0.2947806715965271
0889,30664_a3084f71_6,0.004401589743793011,0.7299133539199829
0890,139801_97e2ca6a_5,0.006327355280518532,-0.2954767942428589
0891,22278_12f1fb79_13,0.011976913549005985,0.2208203673362732
0892,22776_facf9bcf_8,0.0035412057768553495,0.8794716000556946
0893,40500_6055e3d7_15,0.10626145452260971,-0.059821128845214844
0894,35740_5322d674_13,0.0008247819496318698,0.49823087453842163
0895,39792_60786b6c_12,0.005598769523203373,0.7967436909675598
0896,115524_4a411f7e_0,0.0008831529412418604,0.7993797063827515
0897,24131_3ea7d5a8_17,0.01115504465997219,0.46193069219589233
0898,100326_0602c712_2,0.02442638762295246,0.2241165041923523
0899,34571_25c64838_2,0.008471189066767693,0.4979257583618164
0900,143534_4f65fd1a_0,0.0020678993314504623,0.30086052417755127
0901,101446_95204330_1,0.0023581194691359997,-0.49489617347717285
0902,41749_14d0599c_10,0.0009544669883325696,-1.7855932712554932
0903,55715_525d1d3e_12,0.0007373816333711147,-1.1872096061706543
0904,45307_b9b4bca0_30,0.08992206305265427,0.3559812903404236
0905,22654_4c426b0f_0,0.001443882822059095,0.819190263748169
0906,22670_9353c710_4,0.0020669340156018734,0.3661515712738037
0907,99445_94c22a37_11,0.007956884801387787,0.88177889585495
0908,132811_57264a28_4,0.0049604382365942,0.5947518348693848
0909,23258_87a2ba81_3,0.0003788027970585972,0.4012284278869629
0910,50777_2934de55_22,0.010141628794372082,0.6399955749511719
0911,98418_4185a7fb_0,0.007247970439493656,0.824408233165741
0912,43441_e1ab0873_2,0.00017552648205310106,-1.126932144165039
0913,24271_dbc0fd2d_12,0.00027353843324817717,0.9397903084754944
0914,38944_0d0c3fce_0,0.11907825618982315,0.22855758666992188
0915,40624_e1c5c424_11,5.416240674094297e-05,-0.3641352653503418
0916,100028_0c3a8f1c_13,0.009809316135942936,0.8738255500793457
0917,40491_ac67bf4c_13,0.006626010872423649,0.8757119178771973
0918,25416_1deb9c75_0,0.007842845283448696,-0.3576124906539917
0919,21657_2651585a_6,0.002012235578149557,0.8933438062667847
0920,21986_67c5509a_15,0.012285768985748291,-0.5243428945541382
0921,32288_34013274_2,0.011280796490609646,-0.909369707107544
0922,55373_ddd74d2f_0,0.020128397271037102,-1.5996363162994385
0923,26245_4aac38e1_0,0.004064830485731363,0.7670924067497253
0924,33044_7fdd9213_0,0.001842899015173316,0.6709531545639038
0925,31530_6744ae73_48,0.09866375476121902,0.04689955711364746
0926,25555_fd3d9a3c_1,0.00045717498869635165,0.35815221071243286
0927,54175_7d864ace_6,0.0035796083975583315,0.1961321234703064
0928,72950_5074f5a3_0,0.004039940889924765,-1.6706228256225586
0929,129618_2962c248_0,0.031262196600437164,0.477863609790802
0930,52012_77070fda_10,0.00024329822917934507,0.6184481382369995
0931,28295_0dc908b9_7,0.00859758723527193,-1.30954909324646
0932,144419_90e59d67_2,0.00023159640841186047,-1.5593984127044678
0933,22734_f6bad9f7_24,0.012475553900003433,0.6139078736305237
0934,22604_0b4ffb43_14,0.008867444470524788,0.837704598903656
0935,81996_b3752ed2_3,0.00021443673176690936,0.8075605630874634
0936,24504_493cee15_8,0.013524895533919334,0.46146613359451294
0937,39124_28e99e62_1,0.0008355249301530421,0.059860944747924805
0938,29725_0ad4937e_1,0.00018413075304124504,0.667180597782135
0939,109232_04340d62_6,0.00017243516049347818,-2.13668155670166
0940,129075_8fbf62e5_0,0.002066593384370208,-0.6354681253433228
0941,102937_18c3cb6a_4,0.00688976189121604,0.7584359049797058
0942,52551_8098346a_5,0.0010122410021722317,-0.7608029842376709
0943,128043_6947b64c_0,0.007034132722765207,0.5939383506774902
0944,119030_292009a7_41,0.003352918429300189,0.5081615447998047
0945,48526_5aecac8a_0,0.008459228090941906,-0.42443132400512695
0946,32541_86f7df73_4,0.0011758088367059827,-0.11858260631561279
0947,55114_7bf17f6a_0,0.017458783462643623,-0.2656604051589966
0948,55285_6816da52_1,0.03627248480916023,0.21497642993927002
0949,37683_e2cca100_17,0.00015792624617461115,0.7513625621795654
0950,78775_e2d8b091_15,0.007207829039543867,0.7643295526504517
0951,93199_2146e709_2,0.00281245494261384,0.667965292930603
0952,135595_656de97a_14,0.00020179440616630018,0.8553215265274048
0953,24284_3710e946_16,0.005973529536277056,0.8646679520606995
0954,135521_30553c91_2,0.00021631021809298545,-2.137242555618286
0955,29732_fb15318c_5,0.0015411487547680736,-0.46399247646331787
0956,88060_389bdff4_0,0.00512055354192853,0.6883928775787354
0957,27839_4a077326_28,0.015439217910170555,0.6174519658088684
0958,100435_87bf423d_8,0.008023175410926342,0.8419063091278076
0959,25365_bb0e4ede_44,0.0004281489527784288,0.39277321100234985
0960,146169_144d8264_0,0.09177879989147186,0.5043253898620605
0961,23342_7193a931_3,0.0008221432799473405,-1.422145128250122
0962,57000_cd1ddece_12,0.005880764685571194,0.8824260234832764
0963,119790_1ed376f0_3,0.0013004788197577,-0.41934001445770264
0964,72522_e9e87960_4,0.006605437025427818,0.8760186433792114
0965,65366_f618b577_2,0.0007194937788881361,0.37370437383651733
0966,55707_c78416ed_35,0.01296199206262827,0.3226104974746704
0967,70321_eccffc7e_0,0.0017747821984812617,0.5402304530143738
0968,120143_b5756e6b_0,0.012111373245716095,-0.6819348335266113
0969,27726_aca43af4_35,0.00014596671098843217,-5.78176736831665
0970,31361_72aab333_20,0.003346674609929323,-0.06360733509063721
0971,121949_e10b5e85_12,0.011310968548059464,0.6875872611999512
0972,146399_0e4b73c4_13,0.03549741581082344,0.2712702751159668
0973,41134_fc146947_6,0.0014917767839506269,0.3025907874107361
0974,21237_7887a24b_35,0.0008867729920893908,-2.666078567504883
0975,24885_55e20ddf_3,0.0002815219631884247,0.7218652963638306
0976,34914_8911676d_23,0.003969061654061079,0.2946021556854248
0977,21803_8a36dcda_12,0.006352209020406008,0.7874456644058228
0978,41306_8f26e703_5,0.00013646038132719696,-0.4731130599975586
0979,25118_f50fdc69_10,9.636580216465518e-05,0.8592534065246582
0980,25473_0991d519_9,0.006532486993819475,0.8364191055297852
0981,126585_86fa26cb_0,0.00014312955318018794,0.8232370615005493
0982,145691_69484976_9,0.008832229301333427,0.20587611198425293
0983,60729_c51868ec_0,0.0019629106391221285,-0.08137059211730957
0984,123929_e7dbad2c_0,0.004509054124355316,-1.1418523788452148
0985,69649_70b07cac_0,0.006154731847345829,0.8640462160110474
0986,55135_f1186d58_9,0.001584576559253037,-0.9741462469100952
0987,20838_86c931be_2,0.0046430714428424835,0.4227268099784851
0988,45242_626509cb_11,0.0023096841759979725,-0.02065873146057129
0989,34983_439766af_13,0.017071964219212532,0.8224233388900757
0990,53453_fb0f1640_1,0.020956361666321754,0.3638228178024292
0991,23255_972fbfe6_25,0.002779345726594329,0.9123927354812622
0992,24168_a0ede173_203,0.1497497856616974,0.16715717315673828
0993,55476_1473d91f_0,0.0020797147881239653,-0.060251712799072266
0994,55111_ef389075_1,0.005610110703855753,0.7855768203735352
0995,141710_17531562_1,0.001848319312557578,0.8448101282119751
0996,96601_b89e6252_1,6.610920536331832e-05,0.6484352350234985
0997,135790_a27f9deb_43,0.04914305359125137,0.37037360668182373
0998,121363_746708db_0,0.0017458201618865132,0.32827574014663696
0999,136886_3aa46890_0,0.0005683727795258164,0.7880758047103882
1000,50315_0f1419bf_19,0.03732406347990036,0.4866078495979309
1001,37846_cde34fcd_14,0.00011026611900888383,-0.24670648574829102
1002,24816_ef81ad4c_1,0.004775381647050381,-0.7075841426849365
1003,75646_4baf69b2_7,0.027434376999735832,0.6158313751220703
1004,140155_81f9ac63_0,0.007795373443514109,-0.9448564052581787
1005,51603_034939eb_10,0.010276872664690018,0.43066567182540894
1006,30435_c97330d2_0,0.00043529330287128687,0.26399606466293335
1007,27839_4a077326_27,0.002189375227317214,0.8809564113616943
1008,55627_971fde61_34,0.016972362995147705,-0.3121289014816284
1009,134909_ef3d003c_0,0.00016467957175336778,0.8384448289871216
1010,33413_060ce192_51,2.645273707457818e-05,-2.6650898456573486
1011,22245_ca848576_12,0.000878085964359343,-0.025465846061706543
1012,52039_ba12c3ac_1,0.005920724477618933,0.8816313743591309
1013,39707_358f88df_2,0.0008113936055451632,0.1359490156173706
1014,50014_33f250c8_3,0.09663885831832886,0.1185033917427063
1015,52987_387431ac_1,0.02258922904729843,-0.5510479211807251
1016,33501_b1ee5058_15,0.006162338424474001,0.8774605393409729
1017,82168_4844bddd_1,0.008267607539892197,-0.11628007888793945
1018,30384_95e72fc2_4,0.0003479521838016808,-2.8321659564971924
1019,23554_a0845d54_2,0.006451715249568224,-4.39315938949585
1020,23800_65e0a5d1_0,0.0005447567091323435,-0.716796875
1021,41128_ee74f244_0,0.00017463468248024583,0.8246766924858093
1022,143019_22dbd3e6_2,0.023091262206435204,0.2673749327659607
1023,79993_6087acd5_8,0.008617249317467213,0.727389931678772
1024,21422_b2a6bf27_0,0.007288921158760786,0.8798260688781738
1025,25487_dd2c17e8_21,0.0013120347866788507,-0.164983868598938
1026,22654_4c426b0f_10,5.7119741541100666e-05,0.6164167523384094
1027,30368_d7fd30ce_6,0.00015583340427838266,-2.332890272140503
1028,57249_6bd2af3c_2,0.0015975189162418246,0.9410678148269653
1029,57029_3ab80a22_0,0.00252703670412302,0.4986864924430847
1030,79906_052c7eb4_3,0.006963722407817841,-0.509487509727478
1031,82996_b8dc67c9_10,0.00020666593627538532,0.7147942781448364
1032,119884_192e3265_1,0.00406494690105319,-0.8539177179336548
1033,21225_c081eae3_10,0.004132368136197329,0.7630826830863953
1034,121949_e10b5e85_1,0.005108875222504139,-0.292755126953125
1035,81994_ba8916c9_5,0.0004195917572360486,0.6333656311035156
1036,22447_4062c6cb_29,0.007135727442800999,0.8796275854110718
1037,55044_ee57bac8_1,0.00011544341396074742,0.5613827705383301
1038,41871_f9a1ad02_13,0.09148921817541122,0.4861603379249573
1039,74688_a5168a45_2,4.618046659743413e-05,-8.92251205444336
1040,23218_02d26ab4_4,0.0006153105059638619,-0.41524040699005127
1041,41205_dc60aa5d_0,0.004413353279232979,-0.09717786312103271
1042,41979_ca698776_0,0.003782844403758645,0.2241736650466919
1043,141453_50ec6f25_7,0.006127943284809589,0.8264139890670776
1044,97143_5424c420_0,0.0021514780819416046,0.447847843170166
1045,41986_26275a06_2,0.003279957687482238,0.6908105611801147
1046,136800_c5e4d711_2,0.0001572142937220633,0.7851110696792603
1047,101635_11b839a3_5,0.0003114812134299427,-1.551846981048584
1048,55866_b041060d_0,0.002219331916421652,0.8641636967658997
1049,53846_89405f98_0,0.00208176183514297,0.574673056602478
1050,27725_5cceaeb7_1,0.010218282230198383,0.07801783084869385
1051,146137_92faaea5_9,0.00926666334271431,0.25751376152038574
1052,41211_11f6b8a0_4,0.000834092206787318,0.6564880013465881
1053,21330_f0cee934_46,0.005858903285115957,0.8828621506690979
1054,127188_5fecd146_4,0.00041283504106104374,0.4327249526977539
1055,135949_06517574_8,0.00014476722571998835,-0.5007956027984619
1056,68928_0d4e4a2e_24,0.009293323382735252,0.41563576459884644
1057,50410_f8f03667_38,2.6809353585122153e-05,-0.8456881046295166
1058,142999_171240b6_21,0.0009584456565789878,0.29134076833724976
1059,144709_642fc665_0,0.005242371931672096,0.4848162531852722
1060,53232_f8760054_10,0.00032915399060584605,-2.150280475616455
1061,22372_e91792a1_0,0.00015879806596785784,-1.0365896224975586
1062,21767_53eaa558_12,0.06719902902841568,0.13162565231323242
1063,32220_1fd19c5e_0,0.0011546971509233117,-0.18630588054656982
1064,22886_a6331748_1,0.003243600483983755,0.7022024989128113
1065,130996_b842b511_12,0.007087965030223131,0.346691370010376
1066,55571_74a416b1_1,0.0006781432311981916,-4.752455234527588
1067,70169_914780d4_1,0.0019893983844667673,0.24243873357772827
1068,23156_7788f78a_6,0.11394445598125458,0.17551827430725098
1069,124496_20e20439_10,0.000430635001976043,0.05352127552032471
1070,76300_7cb02add_1,0.006123707629740238,0.09323650598526001
1071,21647_6b6cca6f_10,0.001240657176822424,0.32283997535705566
1072,22734_f6bad9f7_23,0.010614640079438686,0.5578104257583618
1073,94176_0a6c42ab_2,0.00011879968224093318,-20.802276611328125
1074,24048_d731886d_9,0.008954302407801151,0.01302039623260498
1075,25487_dd2c17e8_30,0.004235200118273497,-0.9144608974456787
1076,115717_40314bc2_4,0.00013023350038565695,0.5763795375823975
1077,125592_875faf40_0,0.014721957966685295,0.3166559934616089
1078,41871_f9a1ad02_44,0.010481556877493858,0.259499192237854
1079,146642_883a71d2_8,0.0034638072829693556,0.15488940477371216
1080,136883_076fbff9_31,0.0012745631393045187,-3.21597957611084
1081,60766_fb8715eb_3,0.002295207930728793,0.832152247428894
1082,30818_33617072_0,0.018613029271364212,0.05762219429016113
1083,130679_7a357a9c_18,0.015420863404870033,0.09289735555648804
1084,55306_795d845b_0,0.00011216826533200219,0.7595420479774475
1085,135934_d2f6bb2e_33,0.0002644451451487839,0.647439181804657
1086,111054_e45a0d40_7,0.09418977797031403,0.08887296915054321
1087,36826_d9269c2e_10,0.008770272135734558,0.4042840003967285
1088,37619_ae810a8d_7,2.523432885936927e-05,-10.524955749511719
1089,22343_34184fd5_22,0.000909646856598556,-1.8153948783874512
1090,113020_de552f8d_0,0.0002075095835607499,0.8702372908592224
1091,20216_89b90993_0,0.0100307147949934,0.3317528963088989
1092,23325_292b3294_16,0.007766027003526688,0.2611820101737976
1093,23522_5c2ec58e_9,0.008808940649032593,0.33116185665130615
1094,146624_359752bb_20,5.288127067615278e-05,-25.658504486083984
1095,104990_11b4aeee_1,0.004305714275687933,0.9015794992446899
1096,90917_4670b560_0,0.04507019743323326,0.12405019998550415
1097,54818_59adf8c2_5,0.003606355283409357,-2.1188457012176514
1098,34109_5a868eae_3,0.0014539645053446293,-1.372124195098877
1099,23161_e7f63a9f_2,0.011584990657866001,-0.04825425148010254
1100,37160_2a95674a_27,0.003735071513801813,-0.3049520254135132
1101,61280_8bdbc90f_0,0.005432207137346268,0.8049036860466003
1102,55083_dac1f9cc_2,0.0035733403638005257,0.7025201916694641
1103,34341_d19b12fb_14,0.0001509788417024538,-0.5016462802886963
1104,54516_ac9e2ef4_61,0.0024814254138618708,0.587965726852417
1105,24559_3c306e71_2,0.0008388248970732093,-0.707553505897522
1106,105831_88a0fb85_1,0.00548258051276207,0.7916961908340454
1107,32743_f4c47bbc_19,0.0038915982004255056,0.2768864631652832
1108,40500_6055e3d7_18,0.0053414953872561455,0.743594765663147
1109,22862_f5406bb0_0,0.008614977821707726,0.8614116907119751
1110,141081_ae61ec46_0,0.008271689526736736,0.8802559971809387
1111,135112_cf8007b8_4,0.02012862078845501,0.6946446895599365
1112,131442_1512d9ff_5,0.00010196906805504113,0.7842104434967041
1113,145132_7aea3b66_1,0.15679344534873962,0.4065507650375366
1114,41871_f9a1ad02_45,0.006691991817206144,-0.2898515462875366
1115,51775_49ef614a_1,0.0034794898238033056,0.01410531997680664
1116,143293_fc5b0ff7_23,0.0011108563048765063,-1.0294835567474365
1117,51547_a7e01c38_6,0.0001758322905516252,0.7480745315551758
1118,114021_44c3c39c_2,0.00013136585766915232,0.6724987626075745
1119,123766_c5a4cf5e_0,0.0006041197921149433,-2.8517234325408936
1120,23031_0d684603_8,0.002287101000547409,0.014200448989868164
1121,132996_c742ef84_4,0.004922523163259029,0.3169119358062744
1122,137096_5d77f285_1,0.001942154485732317,0.7681897878646851
1123,27072_b4756e8c_2,0.0029047392308712006,0.3430386781692505
1124,51915_e704f5dd_2,0.007977514527738094,-0.24752211570739746
1125,132811_57264a28_13,0.007153991609811783,0.8795607686042786
1126,49396_98ab955d_13,0.008443597704172134,0.058666884899139404
1127,132081_761d26ad_0,0.0038023192901164293,0.8982181549072266
1128,82906_7b72e0e8_2,0.006543661933392286,0.817694902420044
1129,92649_26fe8262_0,0.0009530475363135338,0.5602964162826538
1130,21803_8a36dcda_11,0.009791316464543343,0.73664391040802
1131,30637_f6324fc6_5,0.00047767042997293174,-2.1615238189697266
1132,105560_a6f91315_12,2.335383578611072e-05,-2.2709622383117676
1133,41737_d80c34b9_0,0.022278480231761932,-0.33103251457214355
1134,34983_439766af_12,0.005776955280452967,0.43171459436416626
1135,122755_60c41889_10,0.00021488373749889433,-2.4436166286468506
1136,76879_65a30a82_2,0.06122610345482826,0.4523359537124634
1137,89816_cef36e57_4,0.008648020215332508,0.8573857545852661
1138,49406_100c707b_3,0.0019489958649501204,0.7752715349197388
1139,105560_a6f91315_10,7.32154949218966e-05,-0.5808864831924438
1140,129421_483d2957_5,0.0005581749137490988,-1.3517861366271973
1141,122740_fc5c94eb_33,0.003964649513363838,0.878609836101532
1142,135595_656de97a_5,0.00073100661393255,0.7330155372619629
1143,35740_5322d674_5,2.601951200631447e-05,-8.030519485473633
1144,23681_932e722e_18,0.006833200342953205,0.8706595301628113
1145,108244_329b1876_17,0.00010586102143861353,-23.59682273864746
1146,125745_cf468448_6,0.003751749638468027,0.11783373355865479
1147,138838_c9a9e790_6,0.010468940250575542,-1.034998893737793
1148,102416_b74464a2_4,1.9894423530786298e-05,-6.891232013702393
1149,30426_2cde26de_21,0.0005101205315440893,-0.5162814855575562
1150,137837_9c9f163d_5,0.0022243994753807783,-1.3422696590423584
1151,25487_dd2c17e8_15,0.0070786988362669945,0.0773114562034607
1152,21549_18160a0a_4,2.6640873329597525e-05,-2.7605926990509033
1153,21385_601444ba_0,0.0057777962647378445,0.6405683755874634
1154,35233_add576ba_9,0.006056634709239006,0.6044285297393799
1155,55345_c6423351_0,0.007427284959703684,-0.20241940021514893
1156,110697_4b2725f1_0,0.005611858796328306,0.8692722320556641
1157,109946_242843a6_1,0.00020449431031011045,-3.8205671310424805
1158,34341_d19b12fb_22,3.1526149541605264e-05,-2.58426833152771
1159,23247_bcd1e84f_21,0.010866937227547169,-1.2817399501800537
1160,131765_29b29f08_6,6.013993333908729e-05,-0.30234193801879883
1161,21395_7d6fda6f_12,0.007625509984791279,-5.6739091873168945
1162,135460_6471e973_15,0.0016962363151833415,0.44281065464019775
1163,51741_49d61151_7,0.005876755807548761,0.7876534461975098
1164,28382_90b7cc0c_12,0.003673563012853265,-0.33251702785491943
1165,30850_05d88af9_2,0.004946299362927675,0.795956015586853
1166,86278_1e55d036_12,0.00014265756180975586,-0.061826348304748535
1167,67240_525e92c1_1,0.0020402679219841957,-0.6371392011642456
1168,82002_ef2b4feb_6,0.009158840402960777,0.8240181803703308
1169,53364_ec8aad42_1,0.020208006724715233,0.13170289993286133
1170,135771_b030a25c_17,0.0011996041284874082,-0.38767707347869873
1171,135906_29d7b495_1,0.00010901085624936968,0.8051052093505859
1172,21822_7d3db422_38,0.0010654643410816789,-0.08095431327819824
1173,81136_5b86c723_1,0.0002889532479457557,-1.1219806671142578
1174,25473_0991d519_2,0.044017624109983444,0.23846477270126343
1175,73405_94381b7c_5,0.003780569415539503,0.3645274043083191
1176,24009_c40b0d48_2,0.002680167555809021,0.9176927804946899
1177,22162_439af02a_1,0.00886652059853077,0.8256590366363525
1178,146159_f3f80701_0,0.00461886590346694,-0.23153817653656006
1179,51895_5760b481_15,0.07168077677488327,0.23708051443099976
1180,33500_e58e287e_1,0.012599386274814606,0.4135169982910156
1181,31838_2e4bd173_0,0.0027089337818324566,-0.8107749223709106
1182,146137_92faaea5_18,0.00018128115334548056,-0.5868164300918579
1183,124879_2257a334_2,0.00020033253531437367,-1.198725938796997
1184,144145_510eedc2_7,0.013021998107433319,0.7586709856987
1185,21237_7887a24b_78,0.002507585333660245,0.7819342017173767
1186,82297_93739ce0_6,0.0012850441271439195,0.5775731205940247
1187,51536_a18dc325_31,0.0007843677885830402,-2.8018951416015625
1188,93103_fdb9fcb7_7,0.006169771309942007,0.20360702276229858
1189,24590_415f7013_9,0.005031608510762453,0.06773662567138672
1190,130659_16f2db4c_0,0.000571598531678319,0.8109048008918762
1191,23083_fdb942ac_2,0.0031339521519839764,0.8692378997802734
1192,23954_a8c09819_2,0.00954497791826725,0.8148981332778931
1193,30417_0010bc7c_13,0.008261850103735924,0.26533639430999756
1194,120535_e304dfca_1,0.006352761760354042,0.5340254306793213
1195,93199_2146e709_9,0.005594517569988966,-0.28464317321777344
1196,23686_cba4f679_15,0.02557794749736786,0.4267038106918335
1197,40807_58058731_20,0.052529752254486084,0.47128868103027344
1198,94410_d32e7520_35,0.015199711546301842,0.6215507984161377
1199,79695_fd8bae0e_0,0.01140009518712759,-1.898848295211792
1200,129422_621d0a90_35,0.007756819482892752,-2.6430881023406982
1201,44932_16cb7f21_5,0.00861076544970274,0.7561208009719849
1202,136550_8a8672e5_1,0.003949163947254419,-0.10863959789276123
1203,20495_e8e7e80c_3,0.009776605293154716,0.8251411318778992
1204,31962_e5291336_50,0.0014130605850368738,-0.3479698896408081
1205,24888_5be1de05_1,0.00016065449744928628,-2.0555150508880615
1206,34114_7e58a97d_10,0.01181978639215231,0.5455867648124695
1207,108433_37a79370_0,0.01191052794456482,-0.05245184898376465
1208,22844_9b75b8e0_1,0.0012735091149806976,0.9471726417541504
1209,115637_b4d41e8a_0,0.0036116656847298145,0.650368332862854
1210,53474_f29e4438_15,0.028342492878437042,0.19373977184295654
1211,26766_1aaa348c_0,0.002796320477500558,0.603059709072113
1212,51940_67bb0219_7,0.002853542799130082,0.5336872935295105
1213,41714_1d49f4d1_13,0.0005674883723258972,-1.237868070602417
1214,21815_7090778f_9,0.00647121062502265,0.4689375162124634
1215,32843_8e5bdf24_0,0.003125256160274148,0.8615283966064453
1216,23686_cba4f679_10,0.014419174753129482,-0.7968167066574097
1217,114425_891ab08d_0,0.0073531800881028175,0.08314657211303711
1218,41786_02d48cdd_5,0.005474351812154055,0.15288418531417847
1219,22895_4533b542_1,0.006305558141320944,0.6386067867279053
1220,49016_cd1b47bf_6,0.014472464099526405,0.5415434837341309
1221,51674_a70c1c6c_3,0.0003412504738662392,0.4542946219444275
1222,52972_6e5a5ada_11,0.00858221109956503,0.6357204914093018
1223,120700_d818883a_8,0.000140452291816473,0.8098326921463013
1224,34530_9525ffcd_0,0.008952667005360126,0.8316425085067749
1225,24355_99bf3f8f_1,0.0003365812008269131,0.34818917512893677
1226,56250_3b6024e3_46,0.019043898209929466,0.6632848978042603
1227,56355_727ca47c_3,0.003403513925150037,0.17816603183746338
1228,35057_9af89947_1,0.0032205122988671064,0.49437469244003296
1229,120881_a946667f_13,0.0002620435261633247,0.6389929056167603
1230,143021_c6df0146_5,0.00017116626258939505,0.04687076807022095
1231,69240_dc199112_3,0.0013476124731823802,-0.22651708126068115
1232,41733_1ec9b00c_15,0.0021522825118154287,0.5517916679382324
1233,30298_24191733_2,0.00012451995280571282,0.13886553049087524
1234,30400_8824ce97_18,0.011250645853579044,-1.3492085933685303
1235,37040_ecbcd25e_36,0.004184698686003685,-0.12863504886627197
1236,23035_6087bb57_4,0.001287042279727757,-0.9260766506195068
1237,38675_6e07d74b_26,0.061859212815761566,0.1440821886062622
1238,31751_e37382e1_9,0.0032815849408507347,0.6500968933105469
1239,54601_e1da5b93_4,0.00591196957975626,0.8823845386505127
1240,142999_171240b6_29,0.010179872624576092,0.22833764553070068
1241,137646_14bca880_0,0.0050882864743471146,0.5300930738449097
1242,37519_442dc408_1,0.001358063891530037,-0.6595821380615234
1243,47195_a8cd8bad_6,0.0010980257065966725,0.9301761388778687
1244,22474_b10fea1a_6,0.007751963101327419,0.10593491792678833
1245,53200_d1e30b87_10,0.004012774210423231,0.3017401695251465
1246,41472_f9d73638_9,0.0020206067711114883,-1.0768775939941406
1247,126397_cc08a23d_1,0.00026405902463011444,0.5714483261108398
1248,31838_2e4bd173_4,0.009259330108761787,0.8349299430847168
1249,52006_d21e4570_7,0.0029279468581080437,0.41960638761520386
1250,62109_08c31aa8_0,0.0024358818773180246,0.5659500956535339
1251,49403_458914df_0,0.0017290811520069838,-0.021347999572753906
1252,122914_76ff1f5e_2,2.7770929591497406e-05,-1.4716877937316895
1253,34913_d23e2a24_2,0.0011456533102318645,0.48735690116882324
1254,104641_2cd02839_15,0.0002098807890433818,0.39349257946014404
1255,131632_6144b102_1,0.012173875235021114,0.8550629019737244
1256,30850_05d88af9_0,0.0068081095814704895,0.46580958366394043
1257,86296_8a6ed4d3_7,0.00011224014451727271,0.6542971134185791
1258,34983_439766af_7,0.018940770998597145,0.7301633358001709
1259,33374_7491cbf8_2,0.05452479422092438,0.47245579957962036
1260,50694_afd26bd5_10,0.013910829089581966,0.8506190776824951
1261,50292_e84db1fb_8,0.0011724581709131598,-3.0009279251098633
1262,81367_622a9e51_2,0.009916810318827629,-1.4901602268218994
1263,78966_584c5305_0,0.0008896864601410925,0.5361005067825317
1264,79905_623eae86_1,0.07359196990728378,0.39734888076782227
1265,63055_6b907478_15,0.0014534996589645743,0.88405442237854
1266,135771_b030a25c_4,0.00020070587925147265,0.7473057508468628
1267,41753_9b4f8d8a_0,0.005882558412849903,0.8845028281211853
1268,80784_f7ec5f70_1,0.0040536560118198395,0.31313180923461914
1269,33607_c6f31fa6_10,0.005479637533426285,0.32892948389053345
1270,22225_a3ce4d29_42,0.0057469699531793594,0.38241147994995117
1271,51938_8b9cba89_5,0.01500648818910122,0.68551105260849
1272,44741_f386a08f_4,0.003351900028064847,0.9005151987075806
1273,70021_e673ae54_4,0.0074563357047736645,0.8789817094802856
1274,55135_f1186d58_7,0.010912038385868073,0.021953165531158447
1275,31856_2a5a4e32_12,0.021444033831357956,-0.18955457210540771
1276,75303_045fc848_4,0.0025411176029592752,0.6095554232597351
1277,129683_3ad38815_10,0.04707977920770645,0.4494548439979553
1278,21894_93f0d052_24,0.003012599889189005,0.7563615441322327
1279,143823_1b04bf80_13,0.0060036443173885345,0.5667760372161865
1280,143823_1b04bf80_18,0.0016647145384922624,-0.6106187105178833
1281,111863_c925f4f3_2,0.0023173033259809017,-1.2111670970916748
1282,104633_d0a15bd3_6,0.017842436209321022,-0.49615180492401123
1283,48832_22363e53_33,0.004103010054677725,0.8891734480857849
1284,127466_a18ae326_1,0.001714407466351986,0.3541010022163391
1285,22211_b1ee53f0_12,0.009560652077198029,0.6004803776741028
1286,137837_9c9f163d_6,0.0025373990647494793,0.3089413642883301
1287,122755_b830e22d_17,0.00012580577458720654,-0.40897655487060547
1288,21299_e9cd80a6_12,0.0003347519668750465,0.5510962009429932
1289,44920_70dd4b80_11,0.0038419843185693026,0.8261839747428894
1290,52987_387431ac_7,0.004549962468445301,0.8614190220832825
1291,147926_b78316a8_10,0.0005215995479375124,0.5430179834365845
1292,144653_e3eccdf1_50,0.0018652512226253748,-0.24273014068603516
1293,56458_c027ed41_0,0.001643843250349164,0.7959470152854919
1294,23495_6366269c_11,0.008258232846856117,0.8357689380645752
1295,70883_e2d6a103_2,0.059699054807424545,0.11297816038131714
1296,32743_f4c47bbc_34,0.0021961377933621407,-0.2799915075302124
1297,30910_38ea5a06_2,0.004801510833203793,0.1856672167778015
1298,56476_466fc284_17,0.027203351259231567,0.43732333183288574
1299,22604_0b4ffb43_62,0.0031336224637925625,0.8692529797554016
1300,21534_6367be99_0,0.0021525160409510136,0.3214499354362488
1301,133026_1085532d_1,0.0020104078575968742,0.4890710711479187
1302,137828_0b0786fb_1,0.018632985651493073,0.641788899898529
1303,55627_971fde61_27,0.011648869141936302,-0.4705296754837036
1304,93869_8b1922a3_0,0.005509698297828436,0.5556576251983643
1305,24393_9acd18c6_3,0.006435716990381479,0.8799091577529907
1306,44996_b3e9c266_14,9.142003546003252e-05,0.6422284245491028
1307,55300_b9675d43_1,0.00893681775778532,0.8245299458503723
1308,113352_879844fe_0,0.0037969115655869246,0.8453863859176636
1309,135317_3c58b0d0_9,0.0013089679414406419,-0.209478497505188
1310,115624_fe3eb392_1,0.010583009570837021,0.504361093044281
1311,63055_6b907478_21,0.005120832938700914,0.8132513165473938
1312,40421_032c052f_0,0.003304129932075739,0.4977719187736511
1313,143029_70554264_3,0.001023779041133821,-0.7538515329360962
1314,145117_78f63de3_0,0.002569271018728614,0.33921003341674805
1315,128996_35f2006e_0,0.0006425986066460609,-2.213420867919922
1316,54503_fc6c6963_1,0.0026885245461016893,0.6604393720626831
1317,24657_0168dc6b_1,0.0033601736649870872,0.9177538752555847
1318,130524_13ad16a8_0,0.14726890623569489,0.27178120613098145
1319,142670_33c641dc_3,0.008729899302124977,-2.31660532951355
1320,65375_674ff0b9_11,0.0016220762627199292,-0.4767872095108032
1321,23168_7fdf5427_3,2.18988825508859e-05,-9.00340747833252
1322,41717_ab2075ac_0,0.0017426435369998217,0.9360171556472778
1323,21739_57582b8f_4,0.0037078051827847958,0.7824676036834717
1324,143293_fc5b0ff7_30,0.004369392059743404,0.8808440566062927
1325,135906_587b5c3d_0,0.0001948139106389135,0.8823626637458801
1326,138685_fd9b79cd_0,0.0001808666274882853,0.8553760051727295
1327,119921_5621fcb4_0,0.003997607622295618,0.32509684562683105
1328,49403_458914df_5,0.011096000671386719,-0.26458752155303955
1329,73525_7f6b2f67_2,0.0001016834721667692,0.8371391296386719
1330,136994_a3a2f50f_3,0.003577575320377946,0.5970406532287598
1331,31838_2e4bd173_1,0.007584836333990097,0.8358339667320251
1332,35866_d0233b36_6,0.007064061239361763,0.8795722723007202
1333,53053_d6b4d71c_9,0.01183951087296009,0.6926132440567017
1334,90220_7baf1e18_1,0.00019751230138354003,0.7333741188049316
1335,23364_73dd9d4d_10,0.00010092528100358322,0.8549482822418213
1336,52987_387431ac_3,0.01097274012863636,0.09629321098327637
1337,51859_6b2fd0f1_4,0.00028025900246575475,0.8441935777664185
1338,51708_867d4509_12,0.00012105374480597675,-0.04859602451324463
1339,93199_2146e709_3,0.006821205373853445,0.8553769588470459
