case_num,case_name,MSE,R-Square
0,50417_199cffee_13,0.01685454323887825,0.8687121868133545
1,48516_2b3135bf_11,0.005034615285694599,0.8297805786132812
2,41733_1ec9b00c_31,0.004303316120058298,0.5825769901275635
3,31664_1e85c690_0,0.0021450037602335215,0.8846758604049683
4,21893_0500d043_18,0.0013395891292020679,0.9727646708488464
5,31607_9a2f8140_6,0.0023735954891890287,0.9203294515609741
6,41774_88a7a483_18,0.0016039956826716661,0.6084564924240112
7,42143_51b31600_4,0.00047672141226939857,0.03674131631851196
8,23104_3b70eba4_13,0.0009801455307751894,-0.6123883724212646
9,129075_8fbf62e5_2,0.0007595719653181732,-1.0044398307800293
10,41624_a15f83c1_13,0.00045304556260816753,0.7775338888168335
11,36088_1ea9c8a9_12,0.0013321804581210017,0.9689216017723083
12,126477_6596d136_14,0.001784284831956029,-0.6173135042190552
13,130441_10c43121_0,0.02488754130899906,0.8732157349586487
14,133385_e6aa64d8_21,0.0010080264182761312,0.3386703133583069
15,26398_b99946da_1,0.021801527589559555,0.713271975517273
16,61198_0c99f50a_4,0.00016191229224205017,-9.199936866760254
17,26661_ab88a525_0,0.00133572390768677,-0.543784499168396
18,129075_8fbf62e5_1,0.0040680356323719025,-2.841696262359619
19,51891_9455ea02_1,0.0027157012373209,0.9569067358970642
20,34770_6bba5bd4_13,0.0018160600448027253,0.9643433094024658
21,21646_a2dd0d00_53,0.0014744141371920705,0.8774435520172119
22,68909_4ae1bc2e_1,0.0006420786376111209,0.3965928554534912
23,27866_ece3076e_109,0.0008696907316334546,0.8628613948822021
24,92134_52f13f49_6,0.001211864990182221,0.301591157913208
25,23342_7193a931_1,0.0005314156878739595,0.262431263923645
26,126572_a2d6f794_14,9.773119381861761e-05,-8.824951171875
27,44344_3e0b0b0c_1,0.0004015173180960119,-54.60904312133789
28,49331_3bf3bb84_4,0.0017384496750310063,0.9681777358055115
29,33971_46bb0373_0,0.0017356463940814137,0.778293788433075
30,21517_bfe35b4c_1,0.000912768067792058,-0.32388925552368164
31,23165_369d62aa_6,0.0034931551199406385,0.957866907119751
32,81846_2907c980_0,0.0021109431982040405,0.9062960743904114
33,24168_a0ede173_111,0.004366221372038126,0.568748414516449
34,53461_a5942665_1,0.002421938581392169,0.9101732969284058
35,24907_c72322ea_13,0.001011092565022409,0.6184794902801514
36,133424_315bcaeb_7,0.0008798445924185216,-0.13855481147766113
37,40490_916e13fe_0,0.0018777807708829641,0.9415115714073181
38,38000_b5822e44_3,0.004087426234036684,0.9380506277084351
39,138520_f4e0bc0b_63,0.0024650476407259703,-1.3517701625823975
40,61294_9255796d_3,0.00043566455133259296,0.18481087684631348
41,22176_272891b8_0,0.0008394949836656451,0.574162483215332
42,24815_4f2a57e4_1,0.003657572204247117,0.8925999999046326
43,113343_e692c488_1,0.0005240018363110721,0.20923978090286255
44,33995_18423507_1,0.0014564445009455085,-0.9619636535644531
45,127897_029949fd_6,0.001597967348061502,0.9680471420288086
46,123181_4e56fb4f_0,0.0020422746893018484,0.9704135656356812
47,22670_9353c710_1,0.0003266742860432714,-0.9908585548400879
48,128642_4d72bf31_2,0.0004353060794528574,0.7641931772232056
49,146667_fe438b5b_6,0.008403639309108257,0.4868015646934509
50,38260_2a31c6df_2,0.0013516453327611089,0.8095089793205261
51,24443_996411f9_3,0.002000479493290186,0.9546030759811401
52,142074_34e02b6d_1,0.0007158640073612332,0.7856088280677795
53,41501_b627682a_15,0.003168715164065361,0.7230957746505737
54,24712_da77fe8f_0,0.0012715671909973025,0.976209282875061
55,32960_0eaa1de8_26,0.003902128664776683,0.9277243614196777
56,130757_b2c47f8d_2,0.00034772660001181066,-9.392396926879883
57,104817_6d73dc41_0,0.005667197983711958,0.36506468057632446
58,79243_49539d9f_0,0.0027250878047198057,0.9412913918495178
59,82012_c533307b_1,0.000729590596165508,0.32036054134368896
60,107649_e651c5ca_1,0.0005047754966653883,-2.5200400352478027
61,40997_e3c88650_12,0.0018174209399148822,0.9533824920654297
62,143029_70554264_4,0.0013632788322865963,0.813643217086792
63,27054_342fcf5c_3,0.0009964118944481015,-0.039957523345947266
64,41648_577daf16_17,0.00069080461980775,0.7384960651397705
65,89720_4e65191c_1,0.0020421803928911686,0.9505277872085571
66,75382_1b589ea9_12,0.0004537472268566489,-0.2970867156982422
67,120371_433ba1ca_2,0.0006961598410271108,0.939286470413208
68,49024_b7f02205_13,0.0017147897742688656,0.9242600798606873
69,51022_47816098_7,0.004205650184303522,0.9568142890930176
70,41634_4f5d0edb_0,0.0004782778851222247,0.04363006353378296
71,23170_6ea8ded5_3,0.0024614324793219566,0.9588077068328857
72,69589_cd2fa794_8,0.005464301910251379,0.642709493637085
73,41504_85e300ee_0,0.002707105129957199,0.630372941493988
74,128996_42176b10_0,0.0018645174568518996,0.849089503288269
75,38920_e81879c2_7,3.16390760417562e-05,-37.052978515625
76,148051_c59af578_6,0.0008540055714547634,0.9767411947250366
77,65494_16d62db5_0,0.000627514673396945,0.15912795066833496
78,25473_0991d519_0,0.0017036248464137316,0.9599757194519043
79,75270_25a261ef_5,0.0005887197330594063,0.9412577748298645
80,49613_1b97c07b_12,0.0004556623753160238,-3.8395237922668457
81,115633_a2c63339_1,0.0010161139070987701,0.6994537115097046
82,52366_63042db4_1,0.0022472727578133345,0.9488527774810791
83,30282_88c6933c_5,0.0014805044047534466,0.8228830099105835
84,53474_f29e4438_12,0.0026351327542215586,0.9137295484542847
85,24026_1dd4094b_21,0.001946209347806871,0.7779961824417114
86,21225_c081eae3_2,0.002726783975958824,0.6395756006240845
87,35057_9af89947_8,0.0011254766723141074,0.09592026472091675
88,43529_4804941b_20,0.0028812503442168236,0.9121934175491333
89,22103_fd11c71b_3,0.0006437373231165111,0.9196168184280396
90,51536_a18dc325_0,0.002024149987846613,0.8925744295120239
91,24230_636208ab_13,0.0024926625192165375,-0.5306955575942993
92,41117_1b3271f2_56,0.017052309587597847,0.7366853356361389
93,140499_419d5823_0,0.0012752697803080082,0.8897622227668762
94,115524_a949e82c_2,0.0005089969490654767,-0.9827531576156616
95,29833_0ed4880f_3,0.0030943576712161303,0.9443250894546509
96,127556_4823a42a_6,0.0010124400723725557,0.8299325704574585
97,23960_48cc0f21_19,0.0006447628838941455,-8.041393280029297
98,132987_ba18d2eb_11,0.0007954881875775754,-0.5232539176940918
99,51337_f8636fd9_30,0.0010041085770353675,-0.13450920581817627
100,40999_cad6be09_18,0.003554909024387598,0.9159533381462097
101,136886_99fbdef3_0,0.0005870110471732914,-0.00734400749206543
102,30447_4ed3b778_7,0.009266868233680725,0.9658585786819458
103,55811_bc667b2d_13,0.002218344248831272,0.1554809808731079
104,41716_d55164d4_1,0.0009118768502958119,0.6808693408966064
105,33610_aa697fc9_6,0.002445335267111659,0.8195034861564636
106,55095_fa260d33_6,0.0068403733894228935,0.8196921348571777
107,115639_bc0cc622_0,0.005374524742364883,0.6064947247505188
108,20841_1620ae7d_0,0.0019048412796109915,0.7377530932426453
109,50823_d1830e58_2,0.0038731021340936422,0.23329567909240723
110,109762_cb162371_48,0.0010042822686955333,0.6470927000045776
111,41387_5f752e39_23,0.002381169470027089,0.9119401574134827
112,121540_629c716f_0,0.002845470327883959,0.8795455694198608
113,118539_1dff9cf9_12,0.0004564062983263284,-32.3794059753418
114,30714_dafa62f6_2,0.010805434547364712,0.8586320281028748
115,79633_bbbde75f_0,0.00212475610896945,0.9481800198554993
116,33059_531cfd5e_11,0.002158224117010832,0.6467915773391724
117,20697_d3e106b4_4,0.00044058190542273223,-2.7002406120300293
118,136062_0027ff97_6,0.0022651623003184795,0.7910181283950806
119,146291_6b0c8db3_1,0.027262983843684196,0.36551952362060547
120,45466_5f662bcb_0,0.00047442459617741406,0.023164808750152588
121,144500_7f600ab6_0,0.0018621428171172738,0.8278024196624756
122,44996_b3e9c266_4,0.0007239528931677341,0.8470882177352905
123,40713_4c9264ef_0,0.0020293910056352615,0.7292317748069763
124,132384_0fcab1fa_13,0.0005229915259405971,0.4373778700828552
125,33738_77d49563_2,0.0007765355403535068,0.09738010168075562
126,129422_621d0a90_33,0.0007606902508996427,0.6419857740402222
127,115633_fd3c9b97_32,0.0004819546011276543,-0.9748973846435547
128,69337_a122ffde_1,0.0012948382645845413,0.8676583170890808
129,37241_29f91452_0,0.001641361159272492,0.9620298147201538
130,141199_9ae000ef_6,0.005060502793639898,-3.2775678634643555
131,147133_92c04b84_4,0.001120179076679051,0.014788627624511719
132,77687_cbb18594_50,0.002252864185720682,-0.5550268888473511
133,144290_2a679085_11,0.0003753379569388926,-0.10542476177215576
134,130825_c59bbbfb_0,0.0020169185008853674,0.94838547706604
135,82512_252da752_6,3.207006739103235e-05,-48.61582946777344
136,115624_d0acb46b_24,0.005263366270810366,0.9428916573524475
137,92134_52f13f49_7,0.0013083885423839092,0.17911595106124878
138,100326_0602c712_7,0.0012266130652278662,-0.9335329532623291
139,134630_f9e85072_0,0.0015899207210168242,0.6339881420135498
140,108943_b07b2543_1,0.0011350157437846065,0.8128330111503601
141,125416_ab456bc3_5,0.0032763942144811153,0.7218289375305176
142,57222_33b428d7_69,0.00035130485775880516,0.6486420035362244
143,24650_dad8c8ee_13,0.004758077207952738,0.915690004825592
144,41749_14d0599c_1,0.0020152772776782513,0.7002152800559998
145,49396_98ab955d_27,0.001124430331401527,0.26589351892471313
146,136892_e2a0b32c_4,0.00039680086774751544,-9.203216552734375
147,31962_e5291336_28,0.002310134470462799,0.9495828747749329
148,34231_e27353cb_0,0.0009039928554557264,0.04953444004058838
149,112724_d334de09_0,0.005067925434559584,0.9212315082550049
150,56486_82b3e23a_21,0.00036709438427351415,-3.268740653991699
151,40500_6055e3d7_17,0.000393158319639042,-12.226130485534668
152,39468_15fb2e60_43,0.0005947459139861166,0.029549121856689453
153,141710_17531562_7,0.0023099184036254883,0.9347163438796997
154,33529_756075a0_12,0.0015740093076601624,0.6916507482528687
155,54169_3a875f10_8,0.004084647633135319,0.8922634124755859
156,41023_5445cb61_9,0.0019385488703846931,-0.7049025297164917
157,146380_5c569eeb_2,0.0015260474756360054,0.17979055643081665
158,24195_9791f5d3_38,0.00038336770376190543,-6.5598320960998535
159,26573_7f7e176d_2,0.025055110454559326,0.7777692675590515
160,22734_f6bad9f7_25,0.007816504687070847,0.8740584254264832
161,48112_9538e204_0,0.001654341584071517,0.9671611785888672
162,127545_6fa39158_10,0.006788881029933691,0.9472078680992126
163,23788_5c0b60c6_0,0.0009998874738812447,0.47497105598449707
164,23792_5b4c1ce0_21,0.004885071888566017,0.8458563089370728
165,146067_46e58ab3_1,0.009449799545109272,0.9400457739830017
166,101072_dec6f415_3,0.0009194741724058986,0.5785205960273743
167,22829_b6649a29_0,0.00020156109530944377,-2.342102527618408
168,55389_a736bd99_0,0.0031729734037071466,-0.6854672431945801
169,30259_d709601c_9,0.013300457037985325,0.6210999488830566
170,35866_d0233b36_13,0.00013508931442629546,-0.4344518184661865
171,34563_52848c45_5,0.0010082046501338482,0.5919054746627808
172,44519_90af0df6_7,0.0028227553702890873,0.17656809091567993
173,114111_59282658_8,0.00077798095298931,0.7337887287139893
174,45922_26941172_15,0.006866291165351868,0.8850598335266113
175,41303_bd1def52_3,0.0018114026170223951,0.54198157787323
176,22053_de30641b_1,0.000457167363492772,-5.998287677764893
177,22298_51433023_4,0.0029045732226222754,0.936715841293335
178,23479_81a49137_0,0.0021357000805437565,0.22415119409561157
179,22225_a3ce4d29_37,0.00729402806609869,0.8990139365196228
180,135669_490cd2d7_14,0.00952157098799944,0.48929327726364136
181,32173_8b075b1a_4,0.002097252057865262,0.9660295248031616
182,145119_24107428_5,0.0023645139299333096,0.8206440210342407
183,41774_88a7a483_36,0.00043776605161838233,0.775011420249939
184,133549_1b6c58d6_0,0.0017110416665673256,0.9635831713676453
185,40936_6de8f4f4_0,0.026403822004795074,0.8352877497673035
186,23008_3d1bb7b2_0,0.011254438199102879,0.8385209441184998
187,38360_ad61c9b2_1,0.0005835065385326743,0.620883584022522
188,136109_3d342d3c_2,0.0027283914387226105,0.8903118371963501
189,135790_a27f9deb_11,0.0005996323307044804,0.2564006447792053
190,140249_7c1c5bba_0,0.00027763054822571576,0.6620438098907471
191,128996_a3d026d6_0,0.003970400895923376,0.18636208772659302
192,23235_f9ccb8b0_0,0.0007803792250342667,0.38458251953125
193,93671_f7290ded_0,0.0008324534283019602,0.5067149996757507
194,51109_97b211c3_7,0.0008534356020390987,0.8956952095031738
195,51916_fa226b15_13,0.00042738873162306845,0.07652950286865234
196,86268_094d3fab_1,0.0008000156376510859,0.9840030074119568
197,39637_ca6a9a60_1,0.0024190181866288185,0.7008377313613892
198,47219_93cb3619_3,0.04112376272678375,0.27566683292388916
199,47878_0edb6829_0,0.0019308291375637054,0.9656612277030945
200,26764_ab35159a_6,0.002480470109730959,0.9009904861450195
201,34341_d19b12fb_12,0.0004893654840998352,0.4611193537712097
202,118342_c702e084_6,0.003695545718073845,0.9155814051628113
203,49886_dd68dccb_4,0.001832605223171413,0.861242949962616
204,23493_57512264_5,0.0003165832895319909,0.001934349536895752
205,31751_e37382e1_5,0.002102632075548172,0.9461418986320496
206,24338_848cab42_6,0.006591054145246744,0.4792810082435608
207,24916_42eacca3_10,0.0009490371448919177,0.4872633218765259
208,137485_a953e1be_2,0.0015923967584967613,0.9681599736213684
209,23706_ef15ef9c_18,0.0022640235256403685,0.8498209118843079
210,143671_eaf4d13b_6,0.007117970380932093,0.8913982510566711
211,53470_39f2e9dc_13,0.0004975056508556008,0.3695143461227417
212,145772_59253c6d_3,0.0007618225063197315,-0.07347965240478516
213,51893_d531e2bd_2,0.002846961608156562,0.9380120038986206
214,39389_d641313f_8,0.006089391652494669,0.7676523923873901
215,51595_41f3d1a3_5,0.0011092518689110875,-0.05308055877685547
216,51674_a70c1c6c_15,0.00026796586462296546,-0.020871758460998535
217,37617_3f415463_5,0.0006082537001930177,0.5386606454849243
218,31862_a89f21f9_3,0.0031933444552123547,0.9050997495651245
219,40519_55a097c6_11,0.0027401798870414495,0.8402324914932251
220,111306_9108c940_0,0.0026364196091890335,0.49546754360198975
221,136640_16741d62_4,0.0009565697982907295,0.3490506410598755
222,23155_d7305c5f_2,0.01796594262123108,0.6360887289047241
223,43934_912ff891_41,0.0002836468047462404,-0.3521360158920288
224,57017_6033d1e5_0,0.0006329687312245369,0.9681334495544434
225,126913_d253adb7_1,0.0010792841203510761,0.5683781504631042
226,130752_52d74f2f_48,0.002442701021209359,0.8353363275527954
227,124177_71283cad_0,0.0011117411777377129,0.9142729043960571
228,24650_dad8c8ee_18,0.003302823519334197,0.9155724048614502
229,55199_4d57661f_2,0.006496557965874672,0.6110742092132568
230,115010_eb737aaf_20,0.0016800942830741405,0.9678277969360352
231,27855_19c5895a_12,0.0030671844724565744,-0.6087275743484497
232,52772_a6e6e320_0,0.0007057441980578005,0.052896201610565186
233,90917_3d2d21a9_0,0.007095389999449253,0.8377208709716797
234,40703_5f4e45d4_7,0.0007897988543845713,0.9843321442604065
235,132622_911efd2f_1,0.010441110469400883,0.843712568283081
236,43441_e1ab0873_6,0.039787232875823975,0.3718939423561096
237,34917_61633e20_6,0.002319230930879712,0.9497191309928894
238,67221_275ba7e6_4,0.0031498291064053774,0.9368171691894531
239,130719_e4764a36_10,0.0011624719481915236,-1.534905195236206
240,136318_130d6a06_20,0.0009991124970838428,0.9088694453239441
241,99636_73c43ebd_10,0.001262364792637527,0.9659380316734314
242,29377_3a04cb8d_6,0.0018083977047353983,0.7361747026443481
243,23018_63087a41_47,0.0017156872199848294,0.9530375003814697
244,26165_100fec74_4,0.00028308582841418684,0.10927259922027588
245,135934_d2f6bb2e_46,0.0011435146443545818,0.44489574432373047
246,24039_448afafa_5,0.0044892216101288795,0.7836437225341797
247,32775_a79b406b_14,0.005517126992344856,0.2970200181007385
248,23686_cba4f679_0,0.003586884355172515,0.6598284244537354
249,35147_bc9f2c5d_0,0.004246383905410767,0.31450170278549194
250,136337_1351909b_2,0.015246923081576824,0.6378473043441772
251,139222_2c10ca9a_1,0.003621223848313093,0.6884771585464478
252,139379_fe5c3f64_0,0.002155503025278449,0.9205326437950134
253,33084_344fec27_2,0.001206105574965477,0.977296769618988
254,24775_d5c98d77_0,0.0003906933998223394,-11.04376220703125
255,56344_3a89f085_23,0.000596814788877964,0.944687008857727
256,135112_cf8007b8_5,0.010708291083574295,0.7363313436508179
257,50706_20d07d57_2,0.01317050401121378,0.8737908601760864
258,51744_cd355565_5,0.005271831527352333,0.8420987129211426
259,51464_da501c24_0,0.005210950970649719,-0.02708256244659424
260,126572_a2d6f794_23,0.00013909550034441054,-3.8140478134155273
261,70021_e673ae54_2,0.0005192888784222305,0.25179004669189453
262,25144_31b089b6_5,0.0014440923696383834,0.34589701890945435
263,24715_55aac5f2_2,0.00035188437323085964,-28.29433822631836
264,24532_f82f8000_2,0.0026493926998227835,-1.144784927368164
265,30664_a3084f71_1,0.0019251796184107661,0.19510596990585327
266,81145_5c13a8e9_1,0.00042526659672148526,0.5656325817108154
267,132037_2abb8c63_10,0.00046504195779561996,-1.1377105712890625
268,50414_ac159b58_2,0.0033257892355322838,0.8791306614875793
269,21601_360ce1c7_7,0.0038072546012699604,0.9308087825775146
270,22119_27e3ecbe_9,0.0013743028976023197,0.9573836326599121
271,145120_74f7316f_0,0.0076681626960635185,0.653311014175415
272,74574_c302ff1f_0,0.0006797926034778357,0.10714155435562134
273,52443_085efc00_4,0.0007926587131805718,0.7409992218017578
274,147546_ede0f31c_3,0.008616055361926556,0.813680112361908
275,22492_047b125b_21,0.004317551385611296,0.8997923135757446
276,72313_5a86e234_0,0.024305758997797966,0.535698652267456
277,45589_49e3c7ea_2,0.0010985963745042682,0.9668728709220886
278,83432_a7f85698_0,0.0011694367276504636,0.973733127117157
279,32775_a79b406b_0,0.0003240285732317716,-2.1204254627227783
280,121703_69c4a5ac_3,0.0005268795066513121,-0.9090473651885986
281,80901_e9080573_6,0.0010967020643875003,0.9572010040283203
282,21809_8bd6b10e_3,0.017656518146395683,0.6113797426223755
283,49396_98ab955d_15,0.0012624311493709683,0.8796281814575195
284,33766_14917a4a_19,0.0014506845036521554,0.9677225351333618
285,26661_ab88a525_8,0.0007430175319314003,0.979170560836792
286,44030_17bd5ec9_0,0.002682869089767337,-2.2980690002441406
287,53221_74fa81cd_7,0.0014100737171247602,-0.21889150142669678
288,21887_3306168f_7,0.005264596082270145,0.4754367470741272
289,86185_85fde9e6_0,0.0013204850256443024,0.7981898784637451
290,87951_500b1dcd_2,0.0007786441710777581,0.16645866632461548
291,22276_69c5036b_11,0.003055958077311516,0.9200447797775269
292,41721_44151488_5,0.0025629138108342886,0.7626891136169434
293,102293_5d04e48d_0,0.018317051231861115,0.13093090057373047
294,77687_cbb18594_20,0.0007740318542346358,-0.07368886470794678
295,133248_1bab99ae_0,0.0031659677624702454,-0.3956254720687866
296,24051_4852a192_2,0.001473833224736154,0.9494130611419678
297,86806_2993395a_1,0.0008430528687313199,0.28430527448654175
298,38558_b0d6b3f8_1,0.002793441293761134,0.9426653981208801
299,140549_7d01813c_0,0.01644023321568966,0.4784834384918213
300,24559_3c306e71_1,0.0019113972084596753,0.7060095071792603
301,70350_751de4b0_13,0.006943347863852978,-1.8283348083496094
302,39101_23fec10f_8,0.002463889541104436,0.7378697395324707
303,24942_9d1b2ff2_8,0.005256635136902332,0.9387302994728088
304,30850_05d88af9_3,0.01017315685749054,0.8308324217796326
305,113358_08641c94_4,0.004955857992172241,0.846000611782074
306,21234_8b71bd47_27,0.0007399354944936931,0.7323080897331238
307,26245_4aac38e1_21,0.00016853628039825708,0.6089730262756348
308,66072_d301cc88_0,0.0009865540778264403,0.5733606815338135
309,21894_93f0d052_23,0.0015092877438291907,0.8509234189987183
310,147816_7fb70c2b_2,0.0009190872078761458,0.9035981893539429
311,49120_4131d1e7_1,0.0007915423484519124,0.8415277600288391
312,52224_ca16c854_4,0.005515249911695719,0.2124224305152893
313,105762_19e04e0b_1,0.0002766056568361819,-1.1835589408874512
314,30400_8824ce97_36,0.0021390754263848066,0.6918932199478149
315,95199_ffcff41e_0,0.0003839730634354055,0.606590211391449
316,50417_199cffee_3,0.0014850646257400513,-0.15582334995269775
317,24544_d06c82dd_5,0.0033173232804983854,0.9451010227203369
318,22604_565b91f5_2,0.0017146860482171178,0.9284577965736389
319,22788_b6a9e30a_4,0.0009881679434329271,0.7530630230903625
320,45789_d5126eab_14,0.0013367412611842155,0.7269381880760193
321,37267_b2be4b50_3,9.770031465450302e-05,-8.830887794494629
322,34330_5eff1ee1_3,0.0018579094903543591,0.7831737995147705
323,137999_d934160e_1,0.0003481731400825083,-1.6933050155639648
324,134921_f5efde94_27,0.0005097730900160968,0.5313133001327515
325,53470_39f2e9dc_8,0.0004414221039041877,-3.952171802520752
326,23497_f292546d_25,0.008315930142998695,0.6543757915496826
327,22289_4b848f64_2,0.0008793514571152627,0.880904495716095
328,31392_84b62622_2,0.002056877361610532,0.8285776972770691
329,51347_1fc6f329_0,0.0016542264493182302,0.6283856630325317
330,50777_2934de55_6,0.0008066961308941245,0.9712197780609131
331,32841_954e8c1a_0,0.00034091249108314514,0.6482809782028198
332,31530_6744ae73_3,0.0020753974094986916,0.969537615776062
333,65827_d1469ad6_1,0.0005236140568740666,-2.918527126312256
334,145461_30637b22_8,0.0001566123974043876,-5.259934425354004
335,31973_093ea963_13,0.001663300907239318,0.3524925112724304
336,70355_e5f58cd5_14,0.0016692152712494135,0.8372100591659546
337,77687_cbb18594_40,0.000654260569717735,-1.8905935287475586
338,24392_fce351ea_0,0.0010592129547148943,0.43215686082839966
339,36853_7efccb8c_3,0.0015990858664736152,0.7817471027374268
340,41644_d15f8e2b_5,0.0001255679817404598,0.35291826725006104
341,131762_9b5e5ff5_2,0.003272291971370578,0.8023885488510132
342,82193_96ef9433_2,0.003742497181519866,0.9416781067848206
343,31347_386f6298_15,0.0023814477026462555,0.9440045356750488
344,34568_fbe47bf9_0,0.0005136399413459003,-0.47031843662261963
345,115624_fe3eb392_3,0.003364482196047902,0.9230039715766907
346,130446_e7b58dbe_0,0.014756988734006882,0.4046177864074707
347,104641_2cd02839_33,0.0004929805872961879,-0.07699084281921387
348,31460_39fdfc6a_7,0.0029516834765672684,0.33561527729034424
349,95541_ced8f936_0,0.0012919673463329673,0.9721550345420837
350,23126_725969ea_17,0.0015831786440685391,0.8327292203903198
351,23676_52069f98_5,0.00029742615879513323,-0.12005138397216797
352,137637_ed9c537d_0,0.00137047516182065,0.6611301898956299
353,22474_b10fea1a_2,0.0018193761352449656,0.9559312462806702
354,143017_21d96cc2_10,0.0011613090755417943,0.8325867652893066
355,105270_34f92afd_1,0.0012191160349175334,-0.7099034786224365
356,95622_0a0787e4_4,0.004028653725981712,0.9398291110992432
357,55854_13f0399b_0,0.004280074033886194,0.9078795909881592
358,22118_1e09e0eb_5,0.004274709150195122,0.8176876902580261
359,146717_3e6a84c1_7,0.004262920003384352,0.9361012578010559
360,63132_330141d7_3,0.001323443721048534,0.7315983772277832
361,115633_fd3c9b97_46,0.001497351680882275,-2.0841686725616455
362,21644_aa203dc5_29,0.000598351820372045,0.8531321287155151
363,79791_00f639ca_15,0.0014177177799865603,0.9761314392089844
364,60711_42b5a13e_1,0.0017799559282138944,0.8028823137283325
365,137483_cdb8989d_0,0.0031334266532212496,0.9345778226852417
366,21644_aa203dc5_26,0.0009326045401394367,0.8390412330627441
367,131876_b2384623_0,0.0025015720166265965,-0.6151809692382812
368,23706_ef15ef9c_10,0.0007641398697160184,0.8830990791320801
369,68948_0d2a01cd_9,0.006411794573068619,0.8201689720153809
370,145137_4e9eef42_1,0.0020715754944831133,0.5833556652069092
371,30426_2cde26de_20,0.009548272006213665,0.8913489580154419
372,31378_34c52a73_0,0.0007873078575357795,0.7814300656318665
373,92134_52f13f49_4,0.0018474709941074252,-0.24684464931488037
374,119634_fc722479_1,0.004477314651012421,0.938399076461792
375,24032_d6172503_24,0.0022950079292058945,0.03912085294723511
376,136401_69f29349_4,0.0004349152441136539,-5.7481513023376465
377,41871_f9a1ad02_26,0.0013709227787330747,0.8959044218063354
378,48220_87941c4e_116,0.0025472491979599,0.6230517625808716
379,115012_9ed88535_2,0.0012720946688205004,0.49191176891326904
380,69488_025cf0a2_1,0.04423023760318756,0.7001659870147705
381,147427_69f68da4_3,0.00040054507553577423,-0.11016261577606201
382,33766_14917a4a_32,0.0018310179002583027,0.934134304523468
383,51747_3d58eae0_0,0.0005205331253819168,0.9301065802574158
384,33785_a4c23f61_0,0.020435916259884834,0.9229038953781128
385,114935_797875fe_2,0.00448550283908844,0.8368161916732788
386,51775_49ef614a_26,0.0004655520315282047,0.17225617170333862
387,38196_ea48fa42_3,0.0002582675951998681,-2.021289825439453
388,140413_44177109_21,0.0003969790122937411,-6.265063285827637
389,27676_79237cc5_1,0.0008460049284622073,0.7232321500778198
390,52883_e518d3f4_33,0.0017459277296438813,0.9656068682670593
391,34347_841c5375_2,0.0003146507078781724,-5.397542953491211
392,55289_292737cb_0,0.002138226991519332,0.9589498043060303
393,50606_82cb18e2_0,0.0012457341654226184,0.9510404467582703
394,30407_efa567f2_4,0.0011927009327337146,0.9712412357330322
395,31647_ab9ad9dc_13,0.0014304431388154626,0.861420750617981
396,24896_58b4730f_17,0.0009715390624478459,0.8187932372093201
397,23602_5daaccf5_4,0.0027355507481843233,0.8089337348937988
398,27725_5cceaeb7_10,0.0011585419997572899,-1.4068961143493652
399,127734_395dcf7d_5,0.002053384203463793,0.6661056876182556
400,31957_d864f861_3,0.005075019784271717,-0.03420603275299072
401,49415_1671b60c_4,0.0014594418462365866,-0.36462831497192383
402,45110_fae73324_4,0.0008942937711253762,0.952275276184082
403,22343_34184fd5_18,0.00016406633949372917,0.3753902316093445
404,22848_cc91b848_38,0.0002594787802081555,-298.10906982421875
405,73652_23b21ef2_1,0.002826967043802142,0.9431536793708801
406,65569_bd890a32_1,0.0009353149216622114,-7.971379280090332
407,48220_87941c4e_111,0.005122742615640163,0.10281795263290405
408,30394_e30f932c_0,0.004140102304518223,0.7631138563156128
409,21941_1a683ec2_26,0.0015682261437177658,0.9345136284828186
410,25564_e646fcb3_1,0.0006083074258640409,-1.0543324947357178
411,134053_87a32e31_3,0.0004782495670951903,-0.30497634410858154
412,87950_af56e26e_2,0.0007106183911673725,0.9479895830154419
413,51458_54240b70_17,0.0005273023271001875,0.4175707697868347
414,40688_effe215a_1,0.0025208471342921257,0.9375758171081543
415,131494_c8a441d0_0,0.0014984963927417994,0.708198070526123
416,26768_c4df841f_21,0.0008987761684693396,-0.05281376838684082
417,136892_2d5f55a9_0,0.003435189835727215,0.24670225381851196
418,54652_d60ac3e0_10,0.00607980927452445,0.6701512336730957
419,51747_3d58eae0_1,0.0014942502602934837,0.38915663957595825
420,54650_df3655c1_0,0.00033509949571453035,-2.6702003479003906
421,41125_711db4bf_58,0.000942711194511503,0.8951394557952881
422,45418_f603706b_2,0.0006041357992216945,0.8471943140029907
423,21852_6cf9a734_18,0.023059923201799393,0.8029050827026367
424,122515_758d8b70_6,0.0004618524690158665,-380.3917236328125
425,104081_05ba54fa_2,0.0017489606980234385,0.26547032594680786
426,41672_cf87e0b6_0,0.001068625831976533,0.8350698947906494
427,22638_37f9fe91_1,0.00034805957693606615,-0.02828049659729004
428,24559_3c306e71_3,0.002259876811876893,0.5895305871963501
429,31589_ac31215d_8,0.001240840065293014,0.3433850407600403
430,49603_143b8bd2_35,0.0068959821946918964,0.4542127847671509
431,127965_c64a91da_0,0.0020553984213620424,0.4680507779121399
432,36062_f2fb6808_1,0.000425165198976174,-2.929378032684326
433,139280_8874b1ab_18,0.0007499082712456584,0.2794022560119629
434,30997_24dea167_4,0.00255139940418303,0.769862711429596
435,143471_eb185912_5,0.00038375137955881655,-2.9292337894439697
436,23176_1bf2a2d5_10,0.008055133745074272,0.66697096824646
437,98299_b8146029_5,0.0014378245687112212,0.8754792809486389
438,23466_1cf60d09_4,0.0045766206458210945,0.8720284700393677
439,41591_2d0bd0d5_3,0.003922224510461092,0.8621207475662231
440,134929_9049dcec_1,0.0010597123764455318,0.43176043033599854
441,41785_e8bf0528_0,0.0015832202043384314,0.9310114979743958
442,31460_39fdfc6a_6,0.0017004101537168026,0.9635850191116333
443,133710_00be7f31_1,0.008455153554677963,0.029827892780303955
444,24532_f82f8000_0,0.0008671781397424638,0.8092538118362427
445,21234_8b71bd47_3,0.000956029340159148,-0.447208046913147
446,35175_6edc4126_5,0.002115459181368351,0.9386996626853943
447,20495_e8e7e80c_1,0.0017506603617221117,-1.0412778854370117
448,76546_c17e95aa_2,0.00016876969311852008,0.0072667598724365234
449,41654_e75f89df_0,0.0010837347945198417,0.9411792159080505
450,109772_f1a0845e_6,0.0008961682906374335,0.4821774363517761
451,34913_d23e2a24_0,0.0018913841340690851,0.8949177861213684
452,25203_1cc0cb3c_12,0.004241198766976595,0.9292182326316833
453,37160_2a95674a_4,0.0023803869262337685,0.8446120023727417
454,69240_dc199112_4,0.0012762913247570395,0.7575721740722656
455,25176_d9130589_0,0.0011922703124582767,0.8433056473731995
456,69235_fe79a369_0,0.0012036552652716637,-1.7032253742218018
457,39468_15fb2e60_9,0.0026746164076030254,0.611981213092804
458,103284_e25015aa_6,0.0010242796270176768,-7.1633710861206055
459,30377_e18ea3de_0,0.0012241152580827475,0.008310139179229736
460,66080_f578d52b_4,0.00127778435125947,-5.567455768585205
461,37444_52b27e94_14,0.0012599920155480504,0.8081095218658447
462,38675_6e07d74b_31,0.0016805673949420452,0.9468233585357666
463,21680_360ba5c7_28,0.0008301266934722662,0.9395178556442261
464,142032_5c32b7db_2,0.0016869549872353673,0.9689362049102783
465,44210_a155c2d1_0,0.009046483784914017,0.798621416091919
466,38287_88ec74de_92,0.0009397878893651068,0.8612599968910217
467,29572_2f9283f2_4,0.0016709987539798021,0.8755269050598145
468,28300_b3a6ab79_10,0.0014906135620549321,0.948457658290863
469,136129_e6a20c7d_5,0.001000734861008823,-0.5354539155960083
470,119381_e4d13609_0,0.0014897754881531,0.9436349868774414
471,30729_b4d83b07_4,0.0003966927470173687,-7.146014213562012
472,140413_44177109_11,0.0014621858717873693,0.9312306046485901
473,26384_83eddf22_0,0.002747121499851346,0.7902587652206421
474,82285_e7a738e7_2,0.005788963288068771,0.5178144574165344
475,108599_347602af_0,0.003418705426156521,0.8936879634857178
476,119889_41a6f268_1,0.0013980517396703362,-1.06319260597229
477,55006_94230c00_1,0.0032050395384430885,0.8997987508773804
478,21517_bfe35b4c_10,0.0008821111987344921,0.594641923904419
479,20818_098cad7c_6,0.0006924045737832785,0.2585126757621765
480,41855_b82e6ae8_6,0.0006326754228211939,0.9268642663955688
481,137166_90691294_8,0.0005910790641792119,0.6074701547622681
482,69561_f274e705_26,0.00285043241456151,0.8625767230987549
483,51579_d0c3e154_0,0.0015875162789598107,0.9328241348266602
484,23676_52069f98_4,0.0022584961261600256,0.9288844466209412
485,31962_e5291336_1,0.0016234018839895725,0.9519687294960022
486,57222_33b428d7_1,0.000926600827369839,0.31209564208984375
487,51586_2ad96f8c_17,0.0003599479387048632,-3.3295035362243652
488,41473_c2137170_32,0.0014520465629175305,0.7736930847167969
489,31123_9a1bfc50_2,0.0028834252152591944,0.7822543382644653
490,23211_3aac9c7e_0,0.0009346466977149248,0.8248772621154785
491,45798_b573e9da_5,0.011148672550916672,0.42530250549316406
492,27847_d2436f7c_37,0.0007838234887458384,0.09404993057250977
493,54736_6ee1b513_1,0.0014711663825437427,-0.27101945877075195
494,132901_7d205bb4_9,0.0015168971149250865,-9.057302474975586
495,73762_8c704690_0,0.00309914187528193,0.5820805430412292
496,23209_1592b0a4_1,0.002398895099759102,0.8336362242698669
497,49024_b7f02205_2,0.0002889813913498074,0.26733875274658203
498,147630_7f858240_15,0.0011518294923007488,0.7970728278160095
499,69337_2c778611_11,0.0008696389268152416,0.4881068468093872
500,82498_92a00cd6_1,0.0007466765237040818,0.7686485052108765
501,78775_e2d8b091_1,0.0006667518755421042,0.9095653891563416
502,40067_95ae6c76_9,0.0007390248938463628,0.9208294153213501
503,80756_6f2e842f_0,0.0019430393585935235,0.6046531200408936
504,25284_1da7aa8a_0,0.0007678456022404134,0.8480581641197205
505,55605_2f8bc12e_62,0.0010023376671597362,0.9657197594642639
506,39792_60786b6c_15,0.0030911662615835667,0.9379437565803528
507,34063_0ca1585e_2,0.001217699027620256,0.21070104837417603
508,31664_1e85c690_13,0.0022750452626496553,0.9349495768547058
509,131193_98f3ac52_1,0.0010535140754655004,0.5287973880767822
510,120221_e2eaa34b_2,0.0018159581813961267,0.3768746852874756
511,130286_1f71bfed_3,0.0016826266655698419,0.4987282156944275
512,118342_e8142153_21,0.0008851282764226198,0.6728985905647278
513,128043_9f8cd69e_1,0.0008811457082629204,-0.2139188051223755
514,41504_85e300ee_1,0.00047790876124054193,-1.0578622817993164
515,78863_d59be42e_0,0.0048158555291593075,0.42106419801712036
516,31733_5118b376_3,0.012499160133302212,0.9108046293258667
517,22208_e177deb7_5,0.0019397215219214559,0.5366024971008301
518,24026_1dd4094b_43,0.0004295855469536036,0.6242964863777161
519,73388_10a40b49_1,0.0031908873934298754,0.8121581673622131
520,138219_cdff4f61_0,0.0028008101508021355,-0.8484231233596802
521,49399_dc56d180_1,0.001280405092984438,0.9760533571243286
522,41306_8f26e703_3,0.0013504700036719441,0.534542441368103
523,51590_034b8b08_14,0.006996206007897854,0.8816852569580078
524,48402_8c965495_4,0.00039715555612929165,0.42869436740875244
525,26388_a3367cba_0,0.005696292035281658,0.28996169567108154
526,28300_b3a6ab79_6,0.0020685342606157064,0.9307941198348999
527,43938_418421a7_0,0.000620812235865742,0.7185856103897095
528,41520_60018d18_0,0.0003563386562746018,-1.5656743049621582
529,137869_344b239b_0,0.0016856801230460405,-2.965182304382324
530,41648_577daf16_0,0.005535806063562632,0.763035237789154
531,31347_386f6298_10,0.0011756063904613256,0.9777520895004272
532,82190_24b1b0fe_12,0.0016257789684459567,0.7152783870697021
533,33741_4a973932_1,0.001978037878870964,0.6720594167709351
534,42005_3da46d94_0,0.0005786044639535248,-11.955974578857422
535,132982_ee1eed2f_0,0.001413749880157411,0.9396290183067322
536,23898_6e740393_29,0.002232755534350872,-3.3995285034179688
537,105831_88a0fb85_6,0.0008381627267226577,0.981719970703125
538,31278_749a6317_0,0.0006877706618979573,0.5868745446205139
539,51586_2ad96f8c_4,0.0008489438332617283,0.6124074459075928
540,57000_cd1ddece_14,0.0009095219429582357,0.6292767524719238
541,50692_e7ff2668_8,0.0027618277817964554,0.9017707705497742
542,65346_e89312e5_0,0.0006261926610022783,0.05365872383117676
543,38840_0e449caf_4,0.001984367612749338,0.48752129077911377
544,29573_ca59fbbf_5,0.005163867492228746,0.9479409456253052
545,30164_c5680724_12,0.008118920959532261,0.5715433955192566
546,138620_e21e10ee_0,0.0006137625314295292,0.4769377112388611
547,50305_caf9cef2_34,0.002688534324988723,-3.652012348175049
548,83396_fdb2987a_0,0.0035941090900450945,0.87042635679245
549,28379_7e292343_4,0.002370328875258565,0.9477735161781311
550,33529_756075a0_32,0.004568074364215136,0.6605560779571533
551,109857_1d24326e_42,0.0003914885164704174,-18.509258270263672
552,22772_2b5f6629_6,0.0015034439275041223,0.9753273725509644
553,34600_e2685d46_2,0.001937574241310358,0.9291973114013672
554,122344_ab1b06aa_2,0.013518259860575199,0.7556160092353821
555,123573_5f5c9584_1,0.0008532311185263097,0.3116194009780884
556,35166_562b126c_20,0.0027709880378097296,0.8927417993545532
557,51350_138f893a_1,0.000391350215068087,-2.7536325454711914
558,137785_67c3085b_16,0.002686793450266123,0.9338819980621338
559,50417_199cffee_12,0.003881376702338457,0.8124896287918091
560,22194_a5c323b9_3,0.000484772608615458,0.9209105968475342
561,42329_df7f540f_18,0.0009005350875668228,0.9060721397399902
562,41779_25e4203d_6,0.0010870249243453145,-0.6561001539230347
563,51094_40aa8332_20,0.005881641525775194,0.7792537808418274
564,109762_cb162371_38,0.003160864347591996,0.8336063623428345
565,45922_26941172_9,0.0011183653259649873,0.8074549436569214
566,34587_ed155e93_0,0.000822360860183835,0.9763725996017456
567,69589_a468c1b4_0,0.0038793704006820917,0.918089747428894
568,44921_00dfb467_0,0.0012396700913086534,0.6976176500320435
569,82672_4705a693_0,0.0014573214575648308,0.350749135017395
570,26778_a71e88a6_0,0.00038667634362354875,-0.04230785369873047
571,69488_7bfb2b67_0,0.0007644047727808356,0.978759229183197
572,22686_afe3a61e_0,0.00019995922048110515,-0.23539340496063232
573,109772_5faa88e8_5,0.00123677309602499,0.1540037989616394
574,43938_418421a7_147,0.001750634633935988,0.7595019340515137
575,141694_b5ac3112_3,0.003511587390676141,-0.3534649610519409
576,31973_093ea963_16,0.0005157497944310308,0.676186203956604
577,26858_e90dc419_25,0.0003312896005809307,-0.9171496629714966
578,131350_bbdad30d_0,0.0031090108677744865,-0.7726523876190186
579,35741_c43475b8_1,0.000978936324827373,0.6588428020477295
580,30690_3df2c9e2_1,0.0011669412488117814,0.9005070924758911
581,122758_5f4efbf0_2,0.002914021722972393,0.8082709312438965
582,37822_3be11c62_0,0.0006490691448561847,0.7240227460861206
583,91174_ee6ee92b_1,0.0014934943756088614,0.6500909924507141
584,23676_52069f98_31,0.008142534643411636,0.9179783463478088
585,27958_fee329eb_1,0.000668808352202177,0.8185795545578003
586,144534_3b4fdb09_18,0.004939528647810221,-0.38022053241729736
587,30292_0b5e0265_1,0.04025938734412193,0.45194804668426514
588,111062_e59e2d31_0,0.010311350226402283,0.8828175663948059
589,135790_a27f9deb_77,0.0012005104217678308,0.7661707997322083
590,65842_de75838b_10,0.0010397324804216623,0.7824933528900146
591,22475_9d9601a8_3,0.00027228513499721885,-0.5179722309112549
592,119884_192e3265_0,0.004279004875570536,0.36136311292648315
593,51463_3330e3aa_2,0.0026954852510243654,0.720293402671814
594,23231_efe613bb_4,0.003737467108294368,0.8085741996765137
595,22895_4533b542_2,0.0014717772137373686,0.7739386558532715
596,146219_5661130f_4,0.0013265176676213741,0.9712123274803162
597,38953_19054857_19,0.0005821969243697822,0.48261016607284546
598,21847_b2de7eb8_24,0.0015361066907644272,0.8959006667137146
599,51603_034939eb_12,0.00085294438758865,0.47425001859664917
600,24843_5231632c_4,0.0013192977057769895,0.17921113967895508
601,41982_f75ceb8f_4,0.000221494265133515,-0.6849422454833984
602,42937_c573c439_2,0.0002325774694327265,0.022355318069458008
603,61288_2d594195_0,0.0025802385061979294,-3.2416701316833496
604,55006_94230c00_0,0.0005500706611201167,0.45220714807510376
605,49898_f42a885e_5,0.0027634527068585157,0.9397686123847961
606,55709_af3825c8_4,0.002785456832498312,0.9093402624130249
607,144117_83c980ca_2,0.0007846907828934491,-1.731588363647461
608,40417_b8d98f73_7,0.0005351839936338365,0.6438724398612976
609,53200_d1e30b87_11,0.0009155793231911957,-0.003921985626220703
610,147009_977ee378_4,0.0003477364080026746,-2.0708842277526855
611,63056_a5dfd66b_4,0.0025566453114151955,-3.6193885803222656
612,22205_f48b96b3_10,0.0018493352690711617,0.5788564682006836
613,51585_b695905b_4,0.001551296329125762,0.9656510949134827
614,24084_71f37c00_1,0.0011381562799215317,0.7715798020362854
615,25815_0e853ad9_10,0.0012617569882422686,0.9210992455482483
616,55030_11a6e3e8_3,0.012366649694740772,0.8882526159286499
617,23042_1184de03_5,0.002410245593637228,0.9298630952835083
618,39719_e9629dbd_4,0.0003001799632329494,-2.301760673522949
619,51256_ed221095_2,0.0005027623265050352,0.4383575916290283
620,25810_93c8a71a_3,0.0018506285268813372,0.9292458295822144
621,22208_e177deb7_1,0.0016473076539114118,0.8847330212593079
622,115624_d0acb46b_22,0.003865088801831007,0.9391649961471558
623,30708_4282508b_0,0.0004231513012200594,-5.549505710601807
624,31117_cd5cdbdb_12,0.0009814791847020388,0.5762718319892883
625,41733_1ec9b00c_32,0.0002331047726329416,0.3118637204170227
626,111387_c4243097_2,0.0003422592126298696,0.5351439714431763
627,119869_e8f0dd81_19,0.0003711367317009717,0.7206908464431763
628,34569_590239d6_0,0.0028186398558318615,0.8706170916557312
629,136318_130d6a06_23,0.0007687078323215246,0.043118417263031006
630,145132_7aea3b66_4,0.004606918897479773,0.9397019147872925
631,41878_3aeaed3d_0,0.002002108609303832,0.6744225025177002
632,34583_a1cf326b_0,0.0015379880787804723,0.9718521237373352
633,116581_d405b783_0,0.0030794718768447638,0.9581602215766907
634,24044_9bbe7992_3,0.0020085861906409264,-1.506941795349121
635,22194_a5c323b9_2,0.0010502119548618793,0.9053518176078796
636,142076_08d80e12_21,0.0005522717256098986,-1.4434456825256348
637,55817_6ac2912d_7,0.0002507197787053883,-1.7036736011505127
638,21165_5cb2d287_2,0.0015628867549821734,-2.29323673248291
639,39796_45dcdc7d_0,0.02858445793390274,0.629285991191864
640,33044_7fdd9213_1,0.009839947335422039,0.7392454743385315
641,23731_3fe5b501_6,0.0009315243223682046,-0.431909441947937
642,32743_f4c47bbc_31,0.0027936503756791353,0.7403136491775513
643,108775_4908fba2_21,0.002166278660297394,0.8074879050254822
644,21941_1a683ec2_19,0.0014323341893032193,0.8942857980728149
645,27682_04277f62_18,0.001468155300244689,0.932576596736908
646,25815_0e853ad9_4,0.0006802536081522703,0.9561032056808472
647,30261_723e95cf_2,0.002925189444795251,0.8767085671424866
648,21385_601444ba_102,0.0016897059977054596,0.9205190539360046
649,30368_d7fd30ce_7,0.0009296947973780334,0.6493867039680481
650,55605_2f8bc12e_3,0.010565059259533882,-0.7246749401092529
651,24650_dad8c8ee_15,0.00039739845669828355,-11.398627281188965
652,34227_48203345_7,0.005098867695778608,0.8578474521636963
653,113348_ac85cba3_1,0.001896181725896895,0.7963683605194092
654,26552_25c5924a_1,0.0011755755404010415,0.5498411655426025
655,55381_cbaffe9b_0,0.0008918176172301173,0.7531207799911499
656,55817_6ac2912d_25,0.0011102487333118916,0.9704941511154175
657,138947_0778db40_4,0.000631141709163785,0.7531840801239014
658,52788_07f7da63_0,0.0025322269648313522,0.37140893936157227
659,70355_e5f58cd5_6,0.0009587671374902129,-0.6145930290222168
660,51744_cd355565_8,0.0037081236951053143,0.23975974321365356
661,41227_90e1c07c_16,0.0019759999122470617,0.9502390027046204
662,45359_1768ab3f_42,0.005575263872742653,0.4116032123565674
663,41783_d1c10326_3,0.0002176934212911874,0.2996845841407776
664,32960_0eaa1de8_13,0.00017579288396518677,-11.690852165222168
665,34674_32ee1595_3,0.0025898891035467386,0.9121575951576233
666,136885_23632908_1,0.0036284695379436016,-0.29489004611968994
667,136808_00592735_3,0.001364120515063405,0.7032309770584106
668,45589_49e3c7ea_5,0.0009489926160313189,0.9804635047912598
669,141665_0564e852_3,0.002360246842727065,0.4363866448402405
670,50897_3be92e2f_18,0.0005056591471657157,0.9881916046142578
671,84256_4164b724_3,0.0021248082630336285,-1.0387110710144043
672,22994_e6ad8f2b_10,0.003331728745251894,0.876347541809082
673,28295_0dc908b9_8,0.0006811100756749511,0.7866519093513489
674,23329_6939d5d9_5,0.0003595368470996618,0.601157546043396
675,123665_0a0da5c7_3,0.0003506536304485053,-1.7373032569885254
676,121172_0ac63503_7,0.0016231626505032182,0.6926251649856567
677,50941_2a8a8c76_0,0.0009053011308424175,0.9820469617843628
678,37846_cde34fcd_66,0.001481103477999568,0.751420259475708
679,56040_9b1307eb_21,0.003573060967028141,0.4434763789176941
680,146535_229c95bc_1,0.0004077751364093274,-0.8683637380599976
681,50947_49287c16_2,0.0037094317376613617,0.9393686652183533
682,95622_0a0787e4_5,0.0013529418502002954,0.26779836416244507
683,25432_f13e5110_0,0.0007880886550992727,0.975182294845581
684,32454_e959e3cf_0,0.0016106718685477972,0.9546711444854736
685,65858_61e9b51a_18,0.0018913712119683623,0.5685235261917114
686,70350_751de4b0_3,0.006199735216796398,0.1429147720336914
687,129239_0d49310c_15,0.0009967669611796737,0.620092511177063
688,31008_8fa25b35_8,0.0016083437949419022,0.6603858470916748
689,55306_795d845b_2,0.00048002152470871806,-2.050855875015259
690,29729_e8bb36f1_2,0.0006114066345617175,0.27951300144195557
691,67283_4097cbd6_5,0.0006318956147879362,-4.372720718383789
692,23904_811e466f_4,0.0006234495085664093,0.47694849967956543
693,116076_12d31fb7_1,0.001452361117117107,0.7814465761184692
694,45302_02d7e3bc_0,0.006303731352090836,-0.5855129957199097
695,60977_4bb093ec_1,0.0028390041552484035,0.8734937310218811
696,49017_76979790_8,0.0009512138203717768,0.8197075724601746
697,146321_0dbae658_10,0.00039567603380419314,-38.872867584228516
698,102194_150e3faf_3,0.0011735373409464955,0.964057207107544
699,34769_44655d03_5,0.0009228304261341691,-0.03188467025756836
700,38953_19054857_6,0.0006632436998188496,0.4555732011795044
701,55397_ad24603f_1,0.0005157364648766816,0.4646724462509155
702,21908_385686ec_15,0.0017205115873366594,0.9169518351554871
703,60721_57103153_4,0.0013671413762494922,-1.188814401626587
704,98701_7cd4ec8d_0,0.0040175761096179485,0.9270249605178833
705,91703_642cdf1a_1,0.0022330961655825377,0.9579952955245972
706,26661_ab88a525_5,0.002273162826895714,0.4265905022621155
707,51940_67bb0219_21,0.00025962525978684425,0.4467237591743469
708,22543_684108ff_22,0.0005200650775805116,0.48320937156677246
709,145250_cde4d039_8,0.0007111853919923306,0.19933831691741943
710,20232_e5b060d9_6,0.0004595064092427492,0.16585421562194824
711,128043_d4650350_0,0.0047196582891047,0.9366238713264465
712,140530_30edf2c4_0,0.0013465255033224821,-0.1363842487335205
713,131814_9af6d05a_0,0.0008330782875418663,0.8747310638427734
714,26245_4aac38e1_9,0.0011554885422810912,0.517311155796051
715,30282_88c6933c_14,0.002532270038500428,0.9028429985046387
716,32322_71d0035e_1,0.0011034157359972596,0.9433854222297668
717,131762_d10609a4_1,0.0020569951739162207,0.9070851802825928
718,54812_5f7b7aba_2,0.0005466894363053143,0.7599985003471375
719,135830_8fb36dac_4,0.0044913524761796,0.8011280298233032
720,139280_8874b1ab_4,0.0014605576870962977,-2.1372714042663574
721,49904_639055dd_1,0.0010985297849401832,0.8740895390510559
722,53601_59d3ecd2_0,0.006210441701114178,0.7453901767730713
723,50047_54241fe3_12,0.0008698535966686904,0.9326691627502441
724,136925_70fb0381_3,0.0009339744574390352,0.942845344543457
725,87488_95f678ce_0,0.007633320055902004,0.8314782381057739
726,137166_90691294_2,0.0006198885384947062,0.5877996683120728
727,44030_17bd5ec9_11,0.0004922468797303736,0.21999669075012207
728,137396_b5f6bec4_5,0.0008898918749764562,0.9732722043991089
729,21900_760d2078_10,0.004537760280072689,0.9342678189277649
730,21185_ac5324ba_5,0.002663735765963793,0.916923999786377
731,31132_2320d049_4,0.001324108219705522,0.9759149551391602
732,82281_80cdf67c_4,0.0004570736491587013,-0.1530771255493164
733,38287_88ec74de_15,0.0013131325831636786,0.9745698571205139
734,136128_831e37a6_0,0.0016218518139794469,0.8195726871490479
735,21330_f0cee934_18,0.0016292162472382188,-0.06937336921691895
736,34109_5a868eae_10,0.002648394787684083,0.7467919588088989
737,21174_861bd902_2,0.0017980310367420316,0.8432897329330444
738,49783_365bec9e_6,0.002804011106491089,0.9158831238746643
739,24429_ace910b3_8,0.00041786101064644754,-23.4548282623291
740,22772_2b5f6629_4,0.0007244076114147902,0.8147851228713989
741,53927_ef5208b9_14,0.009517784230411053,0.6034760475158691
742,56250_3b6024e3_54,0.0019328041234984994,0.9577617049217224
743,23522_5c2ec58e_8,0.006705469451844692,0.788709819316864
744,121177_93fb3127_10,0.00045931030763313174,0.16648805141448975
745,138840_b7f948ea_2,0.0014459771336987615,0.8528274297714233
746,41125_711db4bf_6,0.004660242237150669,0.8897753953933716
747,102606_28922dfc_0,0.0037479219026863575,-38.40745544433594
748,31530_6744ae73_50,0.02282014489173889,0.5928686261177063
749,50598_eae0df5a_1,0.0004893823061138391,0.10515624284744263
750,145726_19ccdbda_12,0.0007915794267319143,0.7461564540863037
751,41469_b94cf3e4_0,0.001965907635167241,0.5970468521118164
752,147009_977ee378_1,0.001887358259409666,0.8185879588127136
753,24267_8a216138_10,0.0006830779602751136,0.9445438981056213
754,63071_3d434a33_16,0.002016472164541483,0.8924132585525513
755,34436_ffc43a58_4,0.002174456138163805,-0.8758080005645752
756,50692_e7ff2668_4,0.0005568972555920482,0.7768561244010925
757,146642_883a71d2_9,0.02161051146686077,0.6587207913398743
758,109772_f1a0845e_7,0.002805187366902828,0.9345398545265198
759,136640_16741d62_1,0.0011635798728093505,0.7045713663101196
760,21680_360ba5c7_11,0.00120322045404464,0.5111491680145264
761,27729_09d75da1_2,0.0017505624564364552,0.9501357078552246
762,82148_5df06ed9_19,0.008510949090123177,0.408793568611145
763,55287_8a57a3db_1,0.0017433854518458247,0.8927488327026367
764,53221_74fa81cd_5,0.0014728278620168567,0.29367125034332275
765,30417_0010bc7c_39,0.001032116822898388,0.9194341897964478
766,23706_ef15ef9c_40,0.0010217641247436404,0.8541653156280518
767,140763_e14274f8_3,0.0015002931468188763,-0.13577163219451904
768,23602_5daaccf5_3,0.0010147434659302235,0.8355011343955994
769,30282_88c6933c_9,0.0031299483962357044,0.8031081557273865
770,56824_0fc773f6_0,0.002111786510795355,0.8796113133430481
771,42410_d3b5588e_1,0.0010614772327244282,0.8387230634689331
772,55055_dd27a8a4_0,0.001536202267743647,0.9718838334083557
773,115633_a2c63339_6,0.0024090022780001163,-1.6669001579284668
774,73651_a41647f8_5,0.0005621804157271981,-1.1792609691619873
775,33413_060ce192_32,0.0020698346197605133,0.8409949541091919
776,97331_a482fa9b_0,0.002256397157907486,0.5231773853302002
777,23476_705b76d1_0,0.002853555139154196,0.888386070728302
778,32566_7bfc936b_6,0.005796796642243862,0.9452136158943176
779,41717_eb1c1e6b_0,0.0023013369645923376,0.815579891204834
780,60720_ef9a0a95_8,0.0009518169099465013,-1.0343432426452637
781,138700_ab763a46_202,0.00029046539566479623,-159.29579162597656
782,38287_88ec74de_17,0.011661894619464874,-0.9179134368896484
783,135535_0bd0048d_0,0.006641207728534937,0.8999753594398499
784,21797_69df08d5_7,0.04653874784708023,0.6294727325439453
785,65350_b3fa8f4f_47,0.008100206032395363,0.9627187848091125
786,41714_1d49f4d1_3,0.002400193829089403,0.7318025827407837
787,66012_a13e1644_1,0.0006661140359938145,0.7175214886665344
788,22652_564979ff_11,0.0012426244793459773,0.07629901170730591
789,25127_ecba81df_23,0.0016344954492524266,-0.06669366359710693
790,47548_db93c988_4,0.0011167359771206975,-1.7319238185882568
791,55927_f8b31711_5,0.004877833649516106,0.7391119599342346
792,31647_ab9ad9dc_2,0.001213687937706709,0.8359473347663879
793,41128_ee74f244_8,0.0008092698408290744,0.7785138487815857
794,20959_d4905d19_4,0.0013723053270950913,0.6633186340332031
795,52009_a2b75078_3,0.03030427172780037,0.6947944760322571
796,22201_473a3a65_16,0.0019263912690803409,0.739031195640564
797,29442_365e23df_30,0.0019027636153623462,0.9461826086044312
798,51859_6b2fd0f1_8,0.000593936478253454,0.9797167778015137
799,140413_44177109_15,0.0006412389338947833,0.43122488260269165
800,21822_7d3db422_11,0.005372808780521154,0.8507030010223389
801,24168_a0ede173_100,0.0008137892582453787,0.4126940965652466
802,145532_c2304f89_1,0.0028483010828495026,0.6011451482772827
803,104641_2cd02839_13,0.0004996400675736368,-0.9365706443786621
804,23679_81ef9e37_2,0.0011160449357703328,0.7340847849845886
805,95271_de3df8d5_2,0.00031337447580881417,-0.5088798999786377
806,41401_e4117da2_0,0.00022308994084596634,-3.86102294921875
807,48006_babdf4af_9,0.0063266875222325325,0.9267351031303406
808,142246_0851be5e_32,0.014587665908038616,0.7579246759414673
809,33615_7bab1106_4,0.0012339451350271702,0.9183499813079834
810,31117_cd5cdbdb_18,0.004131695255637169,0.9374600648880005
811,34914_8911676d_0,0.0013078117044642568,0.8921839594841003
812,55501_a09e4ced_2,0.00013037545431870967,-3.8973207473754883
813,41128_ee74f244_9,0.0010045211529359221,0.6674777269363403
814,142246_0851be5e_22,0.001912414561957121,0.6531485319137573
815,22413_901f5867_0,0.0005064274300821126,-0.5327103137969971
816,56490_0a0fba77_0,0.0005958257243037224,0.8310009241104126
817,93676_4f934980_1,0.00039297412149608135,0.1288204789161682
818,146642_883a71d2_96,0.0030689197592437267,0.6650318503379822
819,24032_d6172503_3,0.0005991370999254286,0.8984308838844299
820,44221_25c62f03_1,0.00138353172224015,0.9743747711181641
821,50315_0f1419bf_33,0.006406712811440229,0.3781653642654419
822,133389_0938a905_2,0.0006250168080441654,0.8413750529289246
823,24824_cf51e5b6_4,0.00218164618127048,0.5907368659973145
824,33970_32f36442_3,0.0033718820195645094,0.8948501944541931
825,29359_bbfab271_2,0.001459884224459529,0.7429976463317871
826,23172_4ab01e83_0,0.001419311505742371,0.9655063152313232
827,98511_1b46a85e_45,0.0032471800222992897,0.9087382555007935
828,98511_1b46a85e_46,0.0030495894607156515,0.9103415608406067
829,34248_cc11976c_0,0.0032133706845343113,0.881272554397583
830,104003_46555fb2_0,0.0006992642884142697,-0.5549783706665039
831,34520_035b5e9a_8,0.0005284136277623475,0.818393349647522
832,38397_93d5d7de_12,0.006388775538653135,0.9114866852760315
833,130023_93b3ca95_1,0.000992672285065055,0.650602400302887
834,83213_47c49876_1,0.0010987714631482959,0.8740638494491577
835,43928_6ca53538_63,0.010245027020573616,0.7617535591125488
836,82779_b7b722e3_9,0.0013046491658315063,0.8441821336746216
837,134967_0f27ef51_1,0.0007823756313882768,0.41467738151550293
838,86024_714b24f4_1,0.002873118966817856,0.8874431252479553
839,40807_58058731_11,0.0009505695197731256,0.8566393852233887
840,26750_cd3cb3ff_0,0.004220270551741123,0.9267929792404175
841,126913_d253adb7_2,0.000892269192263484,0.8239479064941406
842,24268_2804c9ff_13,0.002383970422670245,0.9379913210868835
843,45542_320c16fd_3,0.00168070406652987,0.9665862321853638
844,22342_274ed8a6_1,0.0004558379005175084,0.9012774229049683
845,133385_e6aa64d8_17,0.0008277656161226332,-2.318249464035034
846,143509_1dd5212d_3,0.0016435093712061644,0.9515267610549927
847,47989_3ff0f41d_0,0.0062532988376915455,0.8221062421798706
848,21822_7d3db422_14,0.00906199961900711,0.869143009185791
849,21517_bfe35b4c_12,0.000608028203714639,-0.06138896942138672
850,52883_e518d3f4_10,0.0012627160176634789,0.7949930429458618
851,41871_f9a1ad02_14,0.0035187778994441032,0.6479812264442444
852,37016_455093c1_2,0.0010595140047371387,0.43200433254241943
853,31117_cd5cdbdb_78,0.030779344961047173,0.7613162398338318
854,129239_0d49310c_22,0.0006431224755942822,-0.8672614097595215
855,30400_8824ce97_6,0.007078167982399464,0.8520070314407349
856,53233_8dbca22c_8,0.0013777308631688356,0.903359591960907
857,40514_bb61631d_25,0.0013927925610914826,0.6918683052062988
858,24053_53349e4d_2,0.00030985052580945194,0.6012333631515503
859,41917_f0c40fa1_16,0.0012946397764608264,0.9693731665611267
860,22543_684108ff_5,0.004090894944965839,0.8378173112869263
861,138636_c1153075_0,0.0012544187484309077,-0.1197429895401001
862,24448_75004b6c_6,0.002089658984914422,0.9334688782691956
863,24831_bbd3e098_8,0.0005381488590501249,0.472665011882782
864,53221_74fa81cd_3,0.0014269936364144087,0.6142457723617554
865,76879_65a30a82_4,0.0007832043338567019,-0.2803260087966919
866,108773_f9384cff_10,0.0003788862086366862,-2.99863600730896
867,33671_0e9c6ca3_5,0.0016661689151078463,0.8676655292510986
868,93103_fdb9fcb7_15,0.003171396441757679,0.8288748264312744
869,137675_d2bd633e_0,0.0017173010855913162,-0.07553255558013916
870,21893_0500d043_32,0.0014572840882465243,0.04727816581726074
871,22110_0bc70e9f_1,0.003145357593894005,-0.9329961538314819
872,43152_b5472481_1,0.0011561542050912976,0.5658393502235413
873,115717_40314bc2_1,0.0035637570545077324,0.6886179447174072
874,102943_ca9e7968_0,0.0003377930843271315,0.5403618812561035
875,136401_69f29349_0,0.003759401850402355,-1.4936504364013672
876,28542_3c922564_0,0.0015476569533348083,0.4356428384780884
877,24267_8a216138_6,0.0019249836914241314,0.8944301605224609
878,84374_272a9731_7,0.0025305799208581448,0.6663546562194824
879,23531_1ecc8346_18,0.02180790714919567,0.7872794270515442
880,41871_f9a1ad02_30,0.00309660192579031,0.9061449766159058
881,132461_14abd2d0_0,0.00016021021292544901,-3.47261905670166
882,37617_3f415463_2,0.000446890335297212,0.2697468400001526
883,41696_de0790a1_1,0.0015739493537694216,0.9650490283966064
884,54657_2a66e0de_20,0.0006405137246474624,0.9411842823028564
885,24425_0dc4b306_0,0.0011266625951975584,0.8896615505218506
886,146667_fe438b5b_0,0.0023232281673699617,0.9116433262825012
887,23048_8a1a5553_8,0.00012503430480137467,-2.364220380783081
888,51871_86ebf5b2_17,0.0021211537532508373,0.6116877794265747
889,30664_a3084f71_6,0.002026244765147567,0.8756672739982605
890,139801_97e2ca6a_5,0.0012302858522161841,0.7481085062026978
891,22278_12f1fb79_13,0.0029630325734615326,0.8072345852851868
892,22776_facf9bcf_8,0.00283073796890676,0.903653085231781
893,40500_6055e3d7_15,0.044976986944675446,0.5514124631881714
894,35740_5322d674_13,0.00046821602154523134,0.7151533365249634
895,39792_60786b6c_12,0.002785335760563612,0.8988818526268005
896,115524_4a411f7e_0,0.0020225313492119312,0.5405542850494385
897,24131_3ea7d5a8_17,0.002047871472314,0.9012198448181152
898,100326_0602c712_2,0.007398678455501795,0.7649872303009033
899,34571_25c64838_2,0.0017776888562366366,0.8946391344070435
900,143534_4f65fd1a_0,0.0009446509648114443,0.6806213855743408
901,101446_95204330_1,0.0005951202474534512,0.6227320432662964
902,41749_14d0599c_10,0.00025502449716441333,0.2557160258293152
903,55715_525d1d3e_12,0.0003176573954988271,0.057769715785980225
904,45307_b9b4bca0_30,0.008031078614294529,0.9424816966056824
905,22654_4c426b0f_0,0.0019506895914673805,0.7557255625724792
906,22670_9353c710_4,0.0014347222167998552,0.5600264072418213
907,99445_94c22a37_11,0.0019381098682060838,0.9712041020393372
908,132811_57264a28_4,0.0013571841409429908,0.8891234397888184
909,23258_87a2ba81_3,0.0012138058664277196,-0.9186564683914185
910,50777_2934de55_22,0.001873539062216878,0.9334936738014221
911,98418_4185a7fb_0,0.0014924778370186687,0.9638427495956421
912,43441_e1ab0873_2,0.0002518031105864793,-2.0512099266052246
913,24271_dbc0fd2d_12,0.001250952365808189,0.7246476411819458
914,38944_0d0c3fce_0,0.017434438690543175,0.8870518803596497
915,40624_e1c5c424_11,0.0003530365356709808,-7.891583442687988
916,100028_0c3a8f1c_13,0.002671984490007162,0.9656310081481934
917,40491_ac67bf4c_13,0.004266673233360052,0.9199674129486084
918,25416_1deb9c75_0,0.0011525072623044252,0.8004986643791199
919,21657_2651585a_6,0.0010302140144631267,0.9453946948051453
920,21986_67c5509a_15,0.0006826369208283722,0.915302574634552
921,32288_34013274_2,0.003486156463623047,0.4099386930465698
922,55373_ddd74d2f_0,0.0024528345093131065,0.6832098960876465
923,26245_4aac38e1_0,0.0017747079255059361,0.8983123898506165
924,33044_7fdd9213_0,0.0014633493265137076,0.7387211322784424
925,31530_6744ae73_48,0.014913693070411682,0.8559324145317078
926,25555_fd3d9a3c_1,0.0007485588430427015,-0.05093419551849365
927,54175_7d864ace_6,0.0007495075115002692,0.8316841125488281
928,72950_5074f5a3_0,0.002210028702393174,-0.4609503746032715
929,129618_2962c248_0,0.005373400170356035,0.9102542996406555
930,52012_77070fda_10,0.0006145983934402466,0.03615760803222656
931,28295_0dc908b9_7,0.0007429167162626982,0.8004320859909058
932,144419_90e59d67_2,0.00032031277078203857,-2.5398128032684326
933,22734_f6bad9f7_24,0.006853596307337284,0.7878956198692322
934,22604_0b4ffb43_14,0.001536202267743647,0.9718838334083557
935,81996_b3752ed2_3,0.0011732320999726653,-0.05287981033325195
936,24504_493cee15_8,0.006006789393723011,0.7608218193054199
937,39124_28e99e62_1,0.00027432345086708665,0.6913291215896606
938,29725_0ad4937e_1,0.0014635922852903605,-1.6454675197601318
939,109232_04340d62_6,0.0001855608425103128,-2.375444173812866
940,129075_8fbf62e5_0,0.0006877354462631047,0.45573747158050537
941,102937_18c3cb6a_4,0.0017837700434029102,0.9374586939811707
942,52551_8098346a_5,0.0015946767525747418,-1.7739553451538086
943,128043_6947b64c_0,0.0030374880880117416,0.8246539831161499
944,119030_292009a7_41,0.0012793518835678697,0.812332272529602
945,48526_5aecac8a_0,0.0006299069500528276,0.8939313292503357
946,32541_86f7df73_4,0.0007122505339793861,0.3224143981933594
947,55114_7bf17f6a_0,0.005870603024959564,0.574415385723114
948,55285_6816da52_1,0.012320524081587791,0.7333543300628662
949,37683_e2cca100_17,0.0011209339136257768,-0.7647867202758789
950,78775_e2d8b091_15,0.002689424669370055,0.912065327167511
951,93199_2146e709_2,0.0010894116712734103,0.8713855147361755
952,135595_656de97a_14,0.001283703139051795,0.07963645458221436
953,24284_3710e946_16,0.001108974334783852,0.9748758673667908
954,135521_30553c91_2,0.0002582993474788964,-2.746229887008667
955,29732_fb15318c_5,0.0007971002487465739,0.2428058385848999
956,88060_389bdff4_0,0.0014386920956894755,0.9124495387077332
957,27839_4a077326_28,0.00654578348621726,0.8378106355667114
958,100435_87bf423d_8,0.0011977145913988352,0.9763994812965393
959,25365_bb0e4ede_44,0.0009919563308358192,-0.40685248374938965
960,146169_144d8264_0,0.04672028496861458,0.7476752996444702
961,23342_7193a931_3,0.0003751434851437807,-0.10522329807281494
962,57000_cd1ddece_12,0.0008007456199266016,0.9839907288551331
963,119790_1ed376f0_3,0.0010398899903520942,-0.13493382930755615
964,72522_e9e87960_4,0.004257705062627792,0.9200845956802368
965,65366_f618b577_2,0.0005206885398365557,0.5467578172683716
966,55707_c78416ed_35,0.004707885440438986,0.7539674639701843
967,70321_eccffc7e_0,0.0027256899047642946,0.2938913106918335
968,120143_b5756e6b_0,0.0056086755357682705,0.22111010551452637
969,27726_aca43af4_35,0.0001652958308113739,-6.679819107055664
970,31361_72aab333_20,0.001738411490805447,0.4475151300430298
971,121949_e10b5e85_12,0.0029779095202684402,0.9177491664886475
972,146399_0e4b73c4_13,0.004625835921615362,0.9050357937812805
973,41134_fc146947_6,0.003755183657631278,-0.7555572986602783
974,21237_7887a24b_35,0.00017091064364649355,0.2934247851371765
975,24885_55e20ddf_3,0.0008049100288189948,0.20477455854415894
976,34914_8911676d_23,0.0012694578617811203,0.7743867635726929
977,21803_8a36dcda_12,0.005467449314892292,0.8170510530471802
978,41306_8f26e703_5,0.00035879050847142935,-2.8732047080993652
979,25118_f50fdc69_10,0.0005338575574569404,0.22027695178985596
980,25473_0991d519_9,0.002052831696346402,0.9485947489738464
981,126585_86fa26cb_0,0.000802032183855772,0.009501993656158447
982,145691_69484976_9,0.0028762768488377333,0.7413880228996277
983,60729_c51868ec_0,0.0014098855899646878,0.22329181432724
984,123929_e7dbad2c_0,0.0021215190645307302,-0.007745862007141113
985,69649_70b07cac_0,0.0006662281230092049,0.9852834939956665
986,55135_f1186d58_9,0.0004235414380673319,0.4723305106163025
987,20838_86c931be_2,0.0008742751670069993,0.8913013339042664
988,45242_626509cb_11,0.0006402515573427081,0.7170702219009399
989,34983_439766af_13,0.006107578985393047,0.9364711046218872
990,53453_fb0f1640_1,0.0069679981097579,0.7884708642959595
991,23255_972fbfe6_25,0.0010309871286153793,0.9675024747848511
992,24168_a0ede173_203,0.018482157960534096,0.8972102999687195
993,55476_1473d91f_0,0.0012542138574644923,0.36059385538101196
994,55111_ef389075_1,0.0019882898777723312,0.9240058660507202
995,141710_17531562_1,0.0011964179575443268,0.8995455503463745
996,96601_b89e6252_1,0.0006953181000426412,-2.697659969329834
997,135790_a27f9deb_43,0.04618797078728676,0.40823447704315186
998,121363_746708db_0,0.0010129756992682815,0.6102460026741028
999,136886_3aa46890_0,0.0008452999754808843,0.6848204135894775
1000,50315_0f1419bf_19,0.01040586642920971,0.8568674325942993
1001,37846_cde34fcd_14,0.00030960646108724177,-2.500516414642334
1002,24816_ef81ad4c_1,0.0009544934728182852,0.6586916446685791
1003,75646_4baf69b2_7,0.018729932606220245,0.73772132396698
1004,140155_81f9ac63_0,0.0005327024264261127,0.8670968413352966
1005,51603_034939eb_10,0.0020340122282505035,0.8873165845870972
1006,30435_c97330d2_0,0.000209464953513816,0.645831823348999
1007,27839_4a077326_27,0.0009396335226483643,0.9489089846611023
1008,55627_971fde61_34,0.003622734686359763,0.7199273109436035
1009,134909_ef3d003c_0,0.0007171310717239976,0.2964748740196228
1010,33413_060ce192_51,0.0004026875249110162,-54.79331588745117
1011,22245_ca848576_12,0.00045290132402442396,0.4710826873779297
1012,52039_ba12c3ac_1,0.0007857041782699525,0.9842920303344727
1013,39707_358f88df_2,0.0029572106432169676,-2.1491260528564453
1014,50014_33f250c8_3,0.023090440779924393,0.7893792986869812
1015,52987_387431ac_1,0.0042550815269351006,0.7078326344490051
1016,33501_b1ee5058_15,0.0007825012435205281,0.9844397902488708
1017,82168_4844bddd_1,0.00195578346028924,0.7359330654144287
1018,30384_95e72fc2_4,0.0004557711072266102,-4.019628047943115
1019,23554_a0845d54_2,0.0019730087369680405,-0.6492900848388672
1020,23800_65e0a5d1_0,0.00031937469611875713,-0.006507158279418945
1021,41128_ee74f244_0,0.0026682456955313683,-1.6787669658660889
1022,143019_22dbd3e6_2,0.0025194361805915833,0.9200649261474609
1023,79993_6087acd5_8,0.00787387602031231,0.7509068250656128
1024,21422_b2a6bf27_0,0.003339743008837104,0.944936990737915
1025,25487_dd2c17e8_21,0.0006427838234230876,0.42925846576690674
1026,22654_4c426b0f_10,0.0005538804107345641,-2.719541549682617
1027,30368_d7fd30ce_6,0.00017711581313051283,-2.7880682945251465
1028,57249_6bd2af3c_2,0.0023848589044064283,0.9120229482650757
1029,57029_3ab80a22_0,0.002393568865954876,0.5251638293266296
1030,79906_052c7eb4_3,0.0006168215768411756,0.8662949800491333
1031,82996_b8dc67c9_10,0.0010285545140504837,-0.4194387197494507
1032,119884_192e3265_1,0.0007298291311599314,0.667143702507019
1033,21225_c081eae3_10,0.0030052107758820057,0.8277050256729126
1034,121949_e10b5e85_1,0.000776667264290154,0.8034713268280029
1035,81994_ba8916c9_5,0.0006957885925658047,0.3920280933380127
1036,22447_4062c6cb_29,0.0014107250608503819,0.9762024879455566
1037,55044_ee57bac8_1,0.001269437838345766,-3.8231186866760254
1038,41871_f9a1ad02_13,0.015898199751973152,0.9107094407081604
1039,74688_a5168a45_2,0.0004399283498059958,-93.52468872070312
1040,23218_02d26ab4_4,0.00031265002326108515,0.28089165687561035
1041,41205_dc60aa5d_0,0.0013558833161368966,0.6629217863082886
1042,41979_ca698776_0,0.000815591134596616,0.8327298164367676
1043,141453_50ec6f25_7,0.0016435751458629966,0.9534425139427185
1044,97143_5424c420_0,0.0016815129201859236,0.5684590339660645
1045,41986_26275a06_2,0.0004094876640010625,0.9613991379737854
1046,136800_c5e4d711_2,0.0016335761174559593,-1.2328591346740723
1047,101635_11b839a3_5,0.0002956388343591243,-1.4220561981201172
1048,55866_b041060d_0,0.0014666540082544088,0.9102320671081543
1049,53846_89405f98_0,0.0019218656234443188,0.6073416471481323
1050,27725_5cceaeb7_1,0.001686640316620469,0.8478166460990906
1051,146137_92faaea5_9,0.004939170554280281,0.6042516827583313
1052,41211_11f6b8a0_4,0.0007046186365187168,0.7098103165626526
1053,21330_f0cee934_46,0.0008133731316775084,0.983738124370575
1054,127188_5fecd146_4,0.0007084269891493022,0.02655315399169922
1055,135949_06517574_8,0.00036671000998467207,-2.8016669750213623
1056,68928_0d4e4a2e_24,0.003898122115060687,0.7548860311508179
1057,50410_f8f03667_38,0.00041657741530798376,-27.679244995117188
1058,142999_171240b6_21,0.0006001248257234693,0.5562773942947388
1059,144709_642fc665_0,0.004584685433655977,0.54944908618927
1060,53232_f8760054_10,0.0005462041590362787,-4.227633476257324
1061,22372_e91792a1_0,0.0002443566918373108,-2.1338815689086914
1062,21767_53eaa558_12,0.01314918976277113,0.8300806283950806
1063,32220_1fd19c5e_0,0.0007323926547542214,0.24755889177322388
1064,22886_a6331748_1,0.0017847145209088922,0.836143970489502
1065,130996_b842b511_12,0.0007935682660900056,0.9268555641174316
1066,55571_74a416b1_1,0.00012897954729851335,-0.09408903121948242
1067,70169_914780d4_1,0.0011096851667389274,0.5774328112602234
1068,23156_7788f78a_6,0.036162327975034714,0.7383358478546143
1069,124496_20e20439_10,0.0008964823209680617,-0.9703494310379028
1070,76300_7cb02add_1,0.001354159670881927,0.7994837760925293
1071,21647_6b6cca6f_10,0.003925743047147989,-1.1427001953125
1072,22734_f6bad9f7_23,0.008278125897049904,0.6551460027694702
1073,94176_0a6c42ab_2,8.79613435245119e-05,-15.142784118652344
1074,24048_d731886d_9,0.0025579396169632673,0.7180535197257996
1075,25487_dd2c17e8_30,0.003777738893404603,-0.707672119140625
1076,115717_40314bc2_4,0.00034630432492122054,-0.1264505386352539
1077,125592_875faf40_0,0.005433146376162767,0.7478115558624268
1078,41871_f9a1ad02_44,0.0029274362605065107,0.7931825518608093
1079,146642_883a71d2_8,0.0014507139567285776,0.646050214767456
1080,136883_076fbff9_31,0.0003300042590126395,-0.0915827751159668
1081,60766_fb8715eb_3,0.00311816087923944,0.7719699740409851
1082,30818_33617072_0,0.014940102584660053,0.24358254671096802
1083,130679_7a357a9c_18,0.006816195324063301,0.5990504026412964
1084,55306_795d845b_0,0.0004821435722988099,-0.03358340263366699
1085,135934_d2f6bb2e_33,0.0011260781902819872,-0.5012983083724976
1086,111054_e45a0d40_7,0.020891033113002777,0.7979145050048828
1087,36826_d9269c2e_10,0.0010307627962902188,0.9299860000610352
1088,37619_ae810a8d_7,0.0004127568390686065,-187.51319885253906
1089,22343_34184fd5_22,0.0002884728601202369,0.10716450214385986
1090,113020_de552f8d_0,0.0013919112971052527,0.12959110736846924
1091,20216_89b90993_0,0.005783752538263798,0.6146858930587769
1092,23325_292b3294_16,0.0031230009626597166,0.7028945088386536
1093,23522_5c2ec58e_9,0.003967507276684046,0.6987583041191101
1094,146624_359752bb_20,0.0004014217702206224,-201.36473083496094
1095,104990_11b4aeee_1,0.002537911757826805,0.9419881105422974
1096,90917_4670b560_0,0.006679309532046318,0.8701860904693604
1097,54818_59adf8c2_5,0.0012806665617972612,-0.10754525661468506
1098,34109_5a868eae_3,0.0005893433699384332,0.038493990898132324
1099,23161_e7f63a9f_2,0.00346182007342577,0.6867612600326538
1100,37160_2a95674a_27,0.0016778456047177315,0.4137975573539734
1101,61280_8bdbc90f_0,0.0028356779366731644,0.8981573581695557
1102,55083_dac1f9cc_2,0.00181140610948205,0.8492008447647095
1103,34341_d19b12fb_14,0.0003607260587159544,-2.5878071784973145
1104,54516_ac9e2ef4_61,0.002583259018138051,0.5710565447807312
1105,24559_3c306e71_2,0.00037295365473255515,0.2407970428466797
1106,105831_88a0fb85_1,0.0018433401128277183,0.9299646019935608
1107,32743_f4c47bbc_19,0.004632011987268925,0.1393072009086609
1108,40500_6055e3d7_18,0.0027931351214647293,0.8659224510192871
1109,22862_f5406bb0_0,0.0037680156528949738,0.9393843412399292
1110,141081_ae61ec46_0,0.0020453529432415962,0.9703907370567322
1111,135112_cf8007b8_4,0.01109959278255701,0.8316168785095215
1112,131442_1512d9ff_5,0.0007851868867874146,-0.6616326570510864
1113,145132_7aea3b66_1,0.03939523175358772,0.8508925437927246
1114,41871_f9a1ad02_45,0.0008933583158068359,0.8278091549873352
1115,51775_49ef614a_1,0.0022469949908554554,0.36332613229751587
1116,143293_fc5b0ff7_23,0.0009409813792444766,-0.7191299200057983
1117,51547_a7e01c38_6,0.0005728461546823382,0.1792488694190979
1118,114021_44c3c39c_2,0.0004723926249425858,-0.17769694328308105
1119,123766_c5a4cf5e_0,0.0006658955244347453,-3.2455906867980957
1120,23031_0d684603_8,0.0016442207852378488,0.29129838943481445
1121,132996_c742ef84_4,0.004360047169029713,0.3949655294418335
1122,137096_5d77f285_1,0.0014304091455414891,0.8292703032493591
1123,27072_b4756e8c_2,0.001384837320074439,0.6867930293083191
1124,51915_e704f5dd_2,0.0012454845709726214,0.8052313923835754
1125,132811_57264a28_13,0.0014177503762766719,0.976131796836853
1126,49396_98ab955d_13,0.005167958792299032,0.42385101318359375
1127,132081_761d26ad_0,0.0006534638814628124,0.9825078248977661
1128,82906_7b72e0e8_2,0.002683853032067418,0.9252284169197083
1129,92649_26fe8262_0,0.000692306668497622,0.6805933713912964
1130,21803_8a36dcda_11,0.004706447944045067,0.8734111189842224
1131,30637_f6324fc6_5,0.00023606263857800514,-0.5624111890792847
1132,105560_a6f91315_12,0.0003649550781119615,-50.11598205566406
1133,41737_d80c34b9_0,0.011403520591557026,0.3186942934989929
1134,34983_439766af_12,0.000537768704816699,0.9470990896224976
1135,122755_60c41889_10,0.00034456313005648553,-4.521792411804199
1136,76879_65a30a82_2,0.012068615294992924,0.8920469284057617
1137,89816_cef36e57_4,0.003342150244861841,0.944884717464447
1138,49406_100c707b_3,0.00038698731805197895,0.955378532409668
1139,105560_a6f91315_10,0.00039832270704209805,-7.600678443908691
1140,129421_483d2957_5,0.0003675728803500533,-0.548712968826294
1141,122740_fc5c94eb_33,0.0017191603546962142,0.9473625421524048
1142,135595_656de97a_5,0.0012863409938290715,0.5301916599273682
1143,35740_5322d674_5,0.00040602448279969394,-139.91778564453125
1144,23681_932e722e_18,0.0011990368366241455,0.9773043394088745
1145,108244_329b1876_17,0.00029848713893443346,-68.35353088378906
1146,125745_cf468448_6,0.0013990828301757574,0.6710271835327148
1147,138838_c9a9e790_6,0.0008031412144191563,0.8438818454742432
1148,102416_b74464a2_4,0.0003957900917157531,-155.9923095703125
1149,30426_2cde26de_21,0.0004784440097864717,-0.42212629318237305
1150,137837_9c9f163d_5,0.00036069535417482257,0.6201914548873901
1151,25487_dd2c17e8_15,0.005274348892271519,0.3125033974647522
1152,21549_18160a0a_4,0.00040151510620489717,-55.677371978759766
1153,21385_601444ba_0,0.003673451254144311,0.7714778184890747
1154,35233_add576ba_9,0.0019135605543851852,0.8750213384628296
1155,55345_c6423351_0,0.0006283852853812277,0.8982693552970886
1156,110697_4b2725f1_0,0.0010884145740419626,0.9746454954147339
1157,109946_242843a6_1,0.00031016062712296844,-6.311450004577637
1158,34341_d19b12fb_22,0.00023702754697296768,-25.9481143951416
1159,23247_bcd1e84f_21,0.0006452571251429617,0.8645148277282715
1160,131765_29b29f08_6,0.00039621206815354526,-7.580049514770508
1161,21395_7d6fda6f_12,0.0014214172260835767,-0.24403607845306396
1162,135460_6471e973_15,0.0012120759347453713,0.6018503904342651
1163,51741_49d61151_7,0.001712184282951057,0.9381331205368042
1164,28382_90b7cc0c_12,0.001294009038247168,0.530622124671936
1165,30850_05d88af9_2,0.003264273051172495,0.8653427362442017
1166,86278_1e55d036_12,0.00037579808849841356,-1.7971339225769043
1167,67240_525e92c1_1,0.0010395197896286845,0.16587495803833008
1168,82002_ef2b4feb_6,0.0021265193354338408,0.9591401815414429
1169,53364_ec8aad42_1,0.008015449158847332,0.6555924415588379
1170,135771_b030a25c_17,0.0019045515218749642,-1.2031455039978027
1171,135906_29d7b495_1,0.0004912095610052347,0.12179207801818848
1172,21822_7d3db422_38,0.0007535435142926872,0.23550128936767578
1173,81136_5b86c723_1,0.0005160312866792083,-2.78956937789917
1174,25473_0991d519_2,0.012251859530806541,0.7880343794822693
1175,73405_94381b7c_5,0.0027880489360541105,0.5313593149185181
1176,24009_c40b0d48_2,0.001188179710879922,0.9635113477706909
1177,22162_439af02a_1,0.001761559396982193,0.9653627276420593
1178,146159_f3f80701_0,0.008150330744683743,-1.173140287399292
1179,51895_5760b481_15,0.004751238506287336,0.9494311809539795
1180,33500_e58e287e_1,0.004254424478858709,0.8019627332687378
1181,31838_2e4bd173_0,0.004213654436171055,-1.8165991306304932
1182,146137_92faaea5_18,0.0003395171370357275,-1.9719104766845703
1183,124879_2257a334_2,0.00043161484063602984,-3.7371373176574707
1184,144145_510eedc2_7,0.0027925907634198666,0.9482465386390686
1185,21237_7887a24b_78,0.0017345071537420154,0.8491629958152771
1186,82297_93739ce0_6,0.0015212331200018525,0.4999317526817322
1187,51536_a18dc325_31,0.0003736650396604091,-0.8111852407455444
1188,93103_fdb9fcb7_7,0.0010190124157816172,0.8684660792350769
1189,24590_415f7013_9,0.0011989116901531816,0.7778639793395996
1190,130659_16f2db4c_0,0.0010764570906758308,0.6438884139060974
1191,23083_fdb942ac_2,0.0017144357552751899,0.9284663200378418
1192,23954_a8c09819_2,0.0019400259479880333,0.9623778462409973
1193,30417_0010bc7c_13,0.0007477058679796755,0.9335122108459473
1194,120535_e304dfca_1,0.0014595278771594167,0.8929437398910522
1195,93199_2146e709_9,0.0013552388409152627,0.6888027787208557
1196,23686_cba4f679_15,0.004652849398553371,0.8957124948501587
1197,40807_58058731_20,0.006720968522131443,0.9323535561561584
1198,94410_d32e7520_35,0.006176919676363468,0.8462042808532715
1199,79695_fd8bae0e_0,0.003060842165723443,0.2216804027557373
1200,129422_621d0a90_35,0.0013058246113359928,0.3867030143737793
1201,44932_16cb7f21_5,0.0037576796021312475,0.8935728073120117
1202,136550_8a8672e5_1,0.001376310596242547,0.6136314868927002
1203,20495_e8e7e80c_3,0.0018488180357962847,0.9669330716133118
1204,31962_e5291336_50,0.001690901699475944,-0.6130126714706421
1205,24888_5be1de05_1,0.0002509442565497011,-3.7727513313293457
1206,34114_7e58a97d_10,0.004112055990844965,0.8419114351272583
1207,108433_37a79370_0,0.005103927571326494,0.5490008592605591
1208,22844_9b75b8e0_1,0.0016339257126674056,0.9322219491004944
1209,115637_b4d41e8a_0,0.0021190536208450794,0.7948624491691589
1210,53474_f29e4438_15,0.015002013184130192,0.5732370018959045
1211,26766_1aaa348c_0,0.0012917357962578535,0.8166369199752808
1212,51940_67bb0219_7,0.002422923920676112,0.6040570735931396
1213,41714_1d49f4d1_13,0.0003461542946752161,-0.3650459051132202
1214,21815_7090778f_9,0.0028382937889546156,0.7670742869377136
1215,32843_8e5bdf24_0,0.004009534604847431,0.822348415851593
1216,23686_cba4f679_10,0.001469203270971775,0.816918134689331
1217,114425_891ab08d_0,0.0068406229838728905,0.14705628156661987
1218,41786_02d48cdd_5,0.002298529027029872,0.644319474697113
1219,22895_4533b542_1,0.0018091666279360652,0.8963104486465454
1220,49016_cd1b47bf_6,0.0054780952632427216,0.8264657258987427
1221,51674_a70c1c6c_3,0.0008174740360118449,-0.30725085735321045
1222,52972_6e5a5ada_11,0.0018682524096220732,0.9207003712654114
1223,120700_d818883a_8,0.0016074152663350105,-1.1763815879821777
1224,34530_9525ffcd_0,0.005498153157532215,0.8966056704521179
1225,24355_99bf3f8f_1,0.000522587972227484,-0.012024760246276855
1226,56250_3b6024e3_46,0.009089114144444466,0.8392953872680664
1227,56355_727ca47c_3,0.0023874728940427303,0.42350566387176514
1228,35057_9af89947_1,0.0012523890472948551,0.8033730387687683
1229,120881_a946667f_13,0.0008809620630927384,-0.2136669158935547
1230,143021_c6df0146_5,0.0004090328293386847,-1.2776751518249512
1231,69240_dc199112_3,0.001658805413171649,-0.5097464323043823
1232,41733_1ec9b00c_15,0.0024549714289605618,0.48875731229782104
1233,30298_24191733_2,0.00044644190347753465,-2.0874290466308594
1234,30400_8824ce97_18,0.0008589101489633322,0.8206539154052734
1235,37040_ecbcd25e_36,0.0012874187668785453,0.6527764201164246
1236,23035_6087bb57_4,0.00038369314279407263,0.4257979393005371
1237,38675_6e07d74b_26,0.012158067896962166,0.8317743539810181
1238,31751_e37382e1_9,0.0014476861106231809,0.845638632774353
1239,54601_e1da5b93_4,0.0008813791791908443,0.9824654459953308
1240,142999_171240b6_29,0.0026812010910362005,0.7967575788497925
1241,137646_14bca880_0,0.0012632041471078992,0.8833422064781189
1242,37519_442dc408_1,0.0004934999160468578,0.3969328999519348
1243,47195_a8cd8bad_6,0.0016918269684538245,0.8924160599708557
1244,22474_b10fea1a_6,0.0020859369542449713,0.7594205141067505
1245,53200_d1e30b87_10,0.00048471373156644404,0.9156553149223328
1246,41472_f9d73638_9,0.0005862678517587483,0.3974054455757141
1247,126397_cc08a23d_1,0.0005923158605583012,0.038707435131073
1248,31838_2e4bd173_4,0.002861444838345051,0.9489877820014954
1249,52006_d21e4570_7,0.001330600818619132,0.7362410426139832
1250,62109_08c31aa8_0,0.0011666070204228163,0.7921222448348999
1251,49403_458914df_0,0.0013660799013450742,0.1930726170539856
1252,122914_76ff1f5e_2,0.0002416265633655712,-20.505416870117188
1253,34913_d23e2a24_2,0.000604141503572464,0.7296660542488098
1254,104641_2cd02839_15,0.0006238672649487853,-0.8028335571289062
1255,131632_6144b102_1,0.0036561591550707817,0.95647132396698
1256,30850_05d88af9_0,0.0006956529105082154,0.9454163908958435
1257,86296_8a6ed4d3_7,0.001252074376679957,-2.8564252853393555
1258,34983_439766af_7,0.0024781397078186274,0.9646955728530884
1259,33374_7491cbf8_2,0.020520228892564774,0.8014604449272156
1260,50694_afd26bd5_10,0.005502710118889809,0.9409093260765076
1261,50292_e84db1fb_8,0.00013119875802658498,0.5522937774658203
1262,81367_622a9e51_2,0.0006274667684920132,0.8424400091171265
1263,78966_584c5305_0,0.0015430552884936333,0.19542157649993896
1264,79905_623eae86_1,0.03502683714032173,0.7131621837615967
1265,63055_6b907478_15,0.001029161736369133,0.9179038405418396
1266,135771_b030a25c_4,0.0016378758009523153,-1.0621309280395508
1267,41753_9b4f8d8a_0,0.0009832130745053291,0.9806957840919495
1268,80784_f7ec5f70_1,0.001097248517908156,0.8140776753425598
1269,33607_c6f31fa6_10,0.0037414098624140024,0.5418036580085754
1270,22225_a3ce4d29_42,0.0013058099430054426,0.8596733212471008
1271,51938_8b9cba89_5,0.007492884993553162,0.8429726362228394
1272,44741_f386a08f_4,0.0021203949581831694,0.9370664358139038
1273,70021_e673ae54_4,0.0015396819217130542,0.9750105738639832
1274,55135_f1186d58_7,0.002574376994743943,0.7692583799362183
1275,31856_2a5a4e32_12,0.0032368237152695656,0.8204452395439148
1276,75303_045fc848_4,0.0010594689520075917,0.8372118473052979
1277,129683_3ad38815_10,0.04045794531702995,0.5268898010253906
1278,21894_93f0d052_24,0.0014932017074897885,0.8792400360107422
1279,143823_1b04bf80_13,0.002111620269715786,0.8476251363754272
1280,143823_1b04bf80_18,0.0008692021365277469,0.1590430736541748
1281,111863_c925f4f3_2,0.00043907566578127444,0.5810347199440002
1282,104633_d0a15bd3_6,0.003061500145122409,0.7432823181152344
1283,48832_22363e53_33,0.0014597608242183924,0.9605703353881836
1284,127466_a18ae326_1,0.0013490035198628902,0.491766095161438
1285,22211_b1ee53f0_12,0.0016029998660087585,0.9330139756202698
1286,137837_9c9f163d_6,0.0006379357073456049,0.8262587189674377
1287,122755_b830e22d_17,0.00037018326111137867,-3.1459107398986816
1288,21299_e9cd80a6_12,0.0008579842979088426,-0.15056049823760986
1289,44920_70dd4b80_11,0.0010052717989310622,0.9545202851295471
1290,52987_387431ac_7,0.0013249381445348263,0.9596455693244934
1291,147926_b78316a8_10,0.0006016668630763888,0.4728696942329407
1292,144653_e3eccdf1_50,0.0005695672007277608,0.6205238103866577
1293,56458_c027ed41_0,0.001262228935956955,0.8433173894882202
1294,23495_6366269c_11,0.0016348453937098384,0.9674879312515259
1295,70883_e2d6a103_2,0.006177314557135105,0.908216118812561
1296,32743_f4c47bbc_34,0.0008712480193935335,0.492203950881958
1297,30910_38ea5a06_2,0.0013268522452563047,0.774966835975647
1298,56476_466fc284_17,0.012699552811682224,0.7373212575912476
1299,22604_0b4ffb43_62,0.0017134142108261585,0.9285096526145935
1300,21534_6367be99_0,0.0019088988192379475,0.39824676513671875
1301,133026_1085532d_1,0.0009193054283969104,0.7663659453392029
1302,137828_0b0786fb_1,0.004438281524926424,0.9146759510040283
1303,55627_971fde61_27,0.0007189459865912795,0.9092417359352112
1304,93869_8b1922a3_0,0.0010724664898589253,0.9135084748268127
1305,24393_9acd18c6_3,0.003720054402947426,0.9305835962295532
1306,44996_b3e9c266_14,0.0005204877816140652,-1.0369246006011963
1307,55300_b9675d43_1,0.0017821586225181818,0.9650081992149353
1308,113352_879844fe_0,0.0009477834100835025,0.9614053964614868
1309,135317_3c58b0d0_9,0.0007520285435020924,0.3051301836967468
1310,115624_fe3eb392_1,0.007161628920584917,0.6645961999893188
1311,63055_6b907478_21,0.001991101074963808,0.9273877143859863
1312,40421_032c052f_0,0.0010800769086927176,0.8358281850814819
1313,143029_70554264_3,0.000502491369843483,0.13917428255081177
1314,145117_78f63de3_0,0.0009928402723744512,0.744651734828949
1315,128996_35f2006e_0,0.00019764025637414306,0.011667072772979736
1316,54503_fc6c6963_1,0.0006648595444858074,0.9160282611846924
1317,24657_0168dc6b_1,0.0014028107980266213,0.965663731098175
1318,130524_13ad16a8_0,0.015258933417499065,0.9245472550392151
1319,142670_33c641dc_3,0.0007888426189310849,0.7003081440925598
1320,65375_674ff0b9_11,0.0014609170611947775,-0.33006298542022705
1321,23168_7fdf5427_3,0.00041752829565666616,-189.72689819335938
1322,41717_ab2075ac_0,0.001929156482219696,0.9291691780090332
1323,21739_57582b8f_4,0.0016013929853215814,0.9060482382774353
1324,143293_fc5b0ff7_30,0.0024559523444622755,0.9330247044563293
1325,135906_587b5c3d_0,0.0010588542791083455,0.36061644554138184
1326,138685_fd9b79cd_0,0.0021063799504190683,-0.6842972040176392
1327,119921_5621fcb4_0,0.001200160477310419,0.797380805015564
1328,49403_458914df_5,0.0006527742953039706,0.9256047010421753
1329,73525_7f6b2f67_2,0.0005110906204208732,0.18141388893127441
1330,136994_a3a2f50f_3,0.0011300435289740562,0.8727177977561951
1331,31838_2e4bd173_1,0.0046790060587227345,0.8987277150154114
1332,35866_d0233b36_6,0.0013781639281660318,0.9765051603317261
1333,53053_d6b4d71c_9,0.006850333418697119,0.8221462368965149
1334,90220_7baf1e18_1,0.001555367256514728,-1.0996222496032715
1335,23364_73dd9d4d_10,0.0007261334685608745,-0.04361295700073242
1336,52987_387431ac_3,0.0007142452523112297,0.9411752820014954
1337,51859_6b2fd0f1_4,0.0015832813223823905,0.11979490518569946
1338,51708_867d4509_12,0.0005565748433582485,-3.8211827278137207
