case_num,case_name,MSE,R-Square
0,50417_199cffee_13,0.004012005869299173,0.9687486290931702
1,48516_2b3135bf_11,0.0013976343907415867,0.9527462124824524
2,41733_1ec9b00c_31,0.0014315667795017362,0.8611375689506531
3,31664_1e85c690_0,0.00041855682502500713,0.9774966835975647
4,21893_0500d043_18,0.000589152448810637,0.9880218505859375
5,31607_9a2f8140_6,0.0007253129151649773,0.9756546020507812
6,41774_88a7a483_18,0.00031952932476997375,0.9220012426376343
7,42143_51b31600_4,3.333829590701498e-05,0.9326369762420654
8,23104_3b70eba4_13,0.0004866707604378462,0.19940227270126343
9,129075_8fbf62e5_2,3.558080061338842e-05,0.9061055779457092
10,41624_a15f83c1_13,5.221621904638596e-05,0.9743594527244568
11,36088_1ea9c8a9_12,0.0003613010048866272,0.9915711879730225
12,126477_6596d136_14,0.0003453250101301819,0.6869901418685913
13,130441_10c43121_0,0.004822968039661646,0.975430428981781
14,133385_e6aa64d8_21,0.00015474717656616122,0.8984759449958801
15,26398_b99946da_1,0.0016837235307320952,0.9778560996055603
16,61198_0c99f50a_4,4.9642207159195095e-05,-2.1272940635681152
17,26661_ab88a525_0,0.00010322041634935886,0.8807013034820557
18,129075_8fbf62e5_1,0.0015256511978805065,-0.44076621532440186
19,51891_9455ea02_1,0.0007143176626414061,0.9886651039123535
20,34770_6bba5bd4_13,0.0004017394676338881,0.9921122193336487
21,21646_a2dd0d00_53,0.0007498259074054658,0.9376728534698486
22,68909_4ae1bc2e_1,0.0001529566216049716,0.8562557697296143
23,27866_ece3076e_109,0.00010650097829056904,0.9832062125205994
24,92134_52f13f49_6,0.00023666098422836512,0.8636101484298706
25,23342_7193a931_1,0.00012357493687886745,0.828486442565918
26,126572_a2d6f794_14,2.343081359867938e-05,-1.3555080890655518
27,44344_3e0b0b0c_1,4.714391616289504e-05,-5.52930212020874
28,49331_3bf3bb84_4,0.0003794296062551439,0.9930545687675476
29,33971_46bb0373_0,0.0008181434241123497,0.8954928517341614
30,21517_bfe35b4c_1,9.228139242623001e-05,0.8661540150642395
31,23165_369d62aa_6,0.0007104019750840962,0.9914314150810242
32,81846_2907c980_0,0.0005451654433272779,0.9758003354072571
33,24168_a0ede173_111,0.0014745470834895968,0.8543590307235718
34,53461_a5942665_1,0.0006828608456999063,0.9746735095977783
35,24907_c72322ea_13,0.0002671947586350143,0.8991780877113342
36,133424_315bcaeb_7,7.552403258159757e-05,0.9022688269615173
37,40490_916e13fe_0,0.0005617454298771918,0.9825029373168945
38,38000_b5822e44_3,0.0007717172265984118,0.9883037805557251
39,138520_f4e0bc0b_63,0.0006949746748432517,0.3369618058204651
40,61294_9255796d_3,2.095177842420526e-05,0.9607962965965271
41,22176_272891b8_0,0.00025327084586024284,0.8715272545814514
42,24815_4f2a57e4_1,0.0011382878292351961,0.9665756225585938
43,113343_e692c488_1,2.6026003979495727e-05,0.9607247114181519
44,33995_18423507_1,0.00012757029617205262,0.8281511664390564
45,127897_029949fd_6,0.0003330597828608006,0.9933401346206665
46,123181_4e56fb4f_0,0.0010487011168152094,0.9848074913024902
47,22670_9353c710_1,0.00012380804400891066,0.24547380208969116
48,128642_4d72bf31_2,0.000575224868953228,0.6883987188339233
49,146667_fe438b5b_6,0.001113630598410964,0.9319921731948853
50,38260_2a31c6df_2,0.0005568310734815896,0.9215242862701416
51,24443_996411f9_3,0.0009052957757376134,0.9794561266899109
52,142074_34e02b6d_1,4.849979086429812e-05,0.9854750037193298
53,41501_b627682a_15,0.0005123894079588354,0.9552238583564758
54,24712_da77fe8f_0,0.00018122821347787976,0.9966092705726624
55,32960_0eaa1de8_26,0.0009595700539648533,0.9822267293930054
56,130757_b2c47f8d_2,5.493784919963218e-05,-0.6419104337692261
57,104817_6d73dc41_0,0.0013483342481777072,0.8489367961883545
58,79243_49539d9f_0,0.0010454534785822034,0.9774770140647888
59,82012_c533307b_1,0.00019494154548738152,0.818405032157898
60,107649_e651c5ca_1,8.541849092580378e-05,0.404336154460907
61,40997_e3c88650_12,0.0007031446439214051,0.9819640517234802
62,143029_70554264_4,0.00031195938936434686,0.9573559165000916
63,27054_342fcf5c_3,0.00010223845310974866,0.8932934999465942
64,41648_577daf16_17,0.000172481028130278,0.9347073435783386
65,89720_4e65191c_1,0.0006043174071237445,0.985360324382782
66,75382_1b589ea9_12,3.9873648347565904e-05,0.8860167860984802
67,120371_433ba1ca_2,0.00023741490440443158,0.9792945384979248
68,49024_b7f02205_13,0.0009526177309453487,0.9579241871833801
69,51022_47816098_7,0.0025803465396165848,0.9735037088394165
70,41634_4f5d0edb_0,3.2893345633056015e-05,0.9342260956764221
71,23170_6ea8ded5_3,0.0010553424945101142,0.9823387265205383
72,69589_cd2fa794_8,0.0008313970174640417,0.9456380009651184
73,41504_85e300ee_0,0.0013247053138911724,0.8191252946853638
74,128996_42176b10_0,0.0007548430585302413,0.9389044046401978
75,38920_e81879c2_7,3.4997221519006416e-05,-41.091888427734375
76,148051_c59af578_6,0.00015993326087482274,0.995644211769104
77,65494_16d62db5_0,0.00019541884830687195,0.73813796043396
78,25473_0991d519_0,0.0005886559374630451,0.9861703515052795
79,75270_25a261ef_5,0.0002763513766694814,0.9724257588386536
80,49613_1b97c07b_12,8.406826964346692e-05,0.10712313652038574
81,115633_a2c63339_1,0.00026863039238378406,0.920544445514679
82,52366_63042db4_1,0.0002765174431260675,0.9937065243721008
83,30282_88c6933c_5,0.0005688631208613515,0.931945264339447
84,53474_f29e4438_12,0.000868334318511188,0.9715719819068909
85,24026_1dd4094b_21,0.0008520875708200037,0.9028024673461914
86,21225_c081eae3_2,0.0005724733346141875,0.9243308901786804
87,35057_9af89947_8,0.00024404605210293084,0.8039612174034119
88,43529_4804941b_20,0.0006364076398313046,0.9806053638458252
89,22103_fd11c71b_3,0.00018357898807153106,0.9770765900611877
90,51536_a18dc325_0,0.0007056318572722375,0.9625507593154907
91,24230_636208ab_13,0.00039476228994317353,0.7575841546058655
92,41117_1b3271f2_56,0.0016622409457340837,0.9743323922157288
93,140499_419d5823_0,0.00024230378039646894,0.9790546298027039
94,115524_a949e82c_2,3.019801624759566e-05,0.8823662400245667
95,29833_0ed4880f_3,0.00023067528672982007,0.995849609375
96,127556_4823a42a_6,0.0003033707325812429,0.9490404725074768
97,23960_48cc0f21_19,4.225794691592455e-05,0.4074243903160095
98,132987_ba18d2eb_11,9.823758591664955e-05,0.8118880987167358
99,51337_f8636fd9_30,0.00019371058442629874,0.7811328172683716
100,40999_cad6be09_18,0.0013490854762494564,0.968104362487793
101,136886_99fbdef3_0,0.0002070234331768006,0.6447361707687378
102,30447_4ed3b778_7,0.0008826336124911904,0.996748149394989
103,55811_bc667b2d_13,0.0013869450194761157,0.4719929099082947
104,41716_d55164d4_1,0.0002188619546359405,0.9234046339988708
105,33610_aa697fc9_6,0.00030206734663806856,0.9777036309242249
106,55095_fa260d33_6,0.0017325892113149166,0.9543300867080688
107,115639_bc0cc622_0,0.00125784776173532,0.9079044461250305
108,20841_1620ae7d_0,0.0005468782037496567,0.924709141254425
109,50823_d1830e58_2,0.0007245297892950475,0.8565748929977417
110,109762_cb162371_48,0.0004176851361989975,0.8532243967056274
111,41387_5f752e39_23,0.0014248293591663241,0.947307288646698
112,121540_629c716f_0,0.0005640503368340433,0.9761226177215576
113,118539_1dff9cf9_12,5.1100058044539765e-05,-2.737217664718628
114,30714_dafa62f6_2,0.0018354780040681362,0.9759863615036011
115,79633_bbbde75f_0,0.0008851775783114135,0.9784116744995117
116,33059_531cfd5e_11,0.0007870897534303367,0.8711872696876526
117,20697_d3e106b4_4,4.0103237552102655e-05,0.6631917357444763
118,136062_0027ff97_6,0.00043255393393337727,0.9600929617881775
119,146291_6b0c8db3_1,0.002553689992055297,0.9405689835548401
120,45466_5f662bcb_0,3.414254751987755e-05,0.9297008514404297
121,144500_7f600ab6_0,0.0002541232970543206,0.9765005111694336
122,44996_b3e9c266_4,0.00011467978038126603,0.9757775664329529
123,40713_4c9264ef_0,0.0003918397123925388,0.947719395160675
124,132384_0fcab1fa_13,0.0002815469924826175,0.6971182823181152
125,33738_77d49563_2,0.00025497039314359426,0.7036306262016296
126,129422_621d0a90_33,0.00030920052086003125,0.8544766306877136
127,115633_fd3c9b97_32,3.754489080165513e-05,0.8461529016494751
128,69337_a122ffde_1,0.0002831146994139999,0.9710636734962463
129,37241_29f91452_0,0.0005182536551728845,0.9880110621452332
130,141199_9ae000ef_6,0.0005600997828878462,0.5265560150146484
131,147133_92c04b84_4,0.00046793310320936143,0.5884470343589783
132,77687_cbb18594_50,0.0003382471913937479,0.7665268182754517
133,144290_2a679085_11,0.00014097294479142874,0.584814190864563
134,130825_c59bbbfb_0,0.0006372345960699022,0.9836926460266113
135,82512_252da752_6,3.538466989994049e-05,-53.743873596191406
136,115624_d0acb46b_24,0.0007280068821273744,0.9921010136604309
137,92134_52f13f49_7,0.00019790910300798714,0.875831663608551
138,100326_0602c712_7,0.0001048035774147138,0.8347961902618408
139,134630_f9e85072_0,0.00035412784200161695,0.9184770584106445
140,108943_b07b2543_1,0.00043602538062259555,0.9280983209609985
141,125416_ab456bc3_5,0.0006715251947753131,0.9429864287376404
142,57222_33b428d7_69,0.00016929602134041488,0.8306783437728882
143,24650_dad8c8ee_13,0.0007089120917953551,0.9874385595321655
144,41749_14d0599c_1,0.00013849495735485107,0.9793980121612549
145,49396_98ab955d_27,0.00012138133752159774,0.9207538366317749
146,136892_e2a0b32c_4,2.724234582274221e-05,0.29949861764907837
147,31962_e5291336_28,0.0006804809672757983,0.9851489663124084
148,34231_e27353cb_0,6.801207200624049e-05,0.9284915328025818
149,112724_d334de09_0,0.0007719750865362585,0.9880015254020691
150,56486_82b3e23a_21,7.914055458968505e-05,0.07971757650375366
151,40500_6055e3d7_17,5.2310530008981004e-05,-0.7597640752792358
152,39468_15fb2e60_43,0.0002628540387377143,0.5710992813110352
153,141710_17531562_7,0.0007498458726331592,0.9788076281547546
154,33529_756075a0_12,0.0003258074866607785,0.9361741542816162
155,54169_3a875f10_8,0.0012969122035428882,0.9657926559448242
156,41023_5445cb61_9,0.0002874017518479377,0.7472377419471741
157,146380_5c569eeb_2,0.0005183761240914464,0.7213867902755737
158,24195_9791f5d3_38,7.119101064745337e-05,-0.4038534164428711
159,26573_7f7e176d_2,0.0017929079476743937,0.9840974807739258
160,22734_f6bad9f7_25,0.0017191532533615828,0.9723005294799805
161,48112_9538e204_0,0.0002992817317135632,0.9940592646598816
162,127545_6fa39158_10,0.0011808411218225956,0.9908174872398376
163,23788_5c0b60c6_0,0.0002033178461715579,0.893240213394165
164,23792_5b4c1ce0_21,0.001011072425171733,0.9680966138839722
165,146067_46e58ab3_1,0.003303784178569913,0.9790391325950623
166,101072_dec6f415_3,0.00016032482380978763,0.9265084266662598
167,22829_b6649a29_0,7.91009733802639e-05,-0.3115804195404053
168,55389_a736bd99_0,0.0006598936743102968,0.6494678258895874
169,30259_d709601c_9,0.001475597615353763,0.9579635262489319
170,35866_d0233b36_13,9.991191473091021e-05,-0.06091904640197754
171,34563_52848c45_5,0.00015198331675492227,0.9384811520576477
172,44519_90af0df6_7,0.0011141274590045214,0.6749955415725708
173,114111_59282658_8,0.00021435496455524117,0.9266515374183655
174,45922_26941172_15,0.004109367728233337,0.9312101006507874
175,41303_bd1def52_3,0.0002698490861803293,0.9317678809165955
176,22053_de30641b_1,9.410990605829284e-05,-0.44062817096710205
177,22298_51433023_4,0.0005791378207504749,0.9873818755149841
178,23479_81a49137_0,0.0008638830040581524,0.6861719489097595
179,22225_a3ce4d29_37,0.0017565680900588632,0.9756802320480347
180,135669_490cd2d7_14,0.0005793486488983035,0.9689255952835083
181,32173_8b075b1a_4,0.0005749058327637613,0.990687906742096
182,145119_24107428_5,0.0006905556656420231,0.9476191401481628
183,41774_88a7a483_36,6.894261605339125e-05,0.9645671248435974
184,133549_1b6c58d6_0,0.0006178765906952322,0.9868494868278503
185,40936_6de8f4f4_0,0.004996734671294689,0.9688293933868408
186,23008_3d1bb7b2_0,0.0012584134237840772,0.9819442629814148
187,38360_ad61c9b2_1,0.0001890612329589203,0.8771629333496094
188,136109_3d342d3c_2,0.0007146025309339166,0.9712712168693542
189,135790_a27f9deb_11,3.1402621971210465e-05,0.9610578417778015
190,140249_7c1c5bba_0,0.0002482052077539265,0.6978629231452942
191,128996_a3d026d6_0,0.0007458775653503835,0.8471503853797913
192,23235_f9ccb8b0_0,0.0006802246789447963,0.4635657072067261
193,93671_f7290ded_0,0.0003462450986262411,0.794826328754425
194,51109_97b211c3_7,0.0004999285447411239,0.9388999938964844
195,51916_fa226b15_13,0.00014996176469139755,0.6759735345840454
196,86268_094d3fab_1,0.0002686821680981666,0.9946274757385254
197,39637_ca6a9a60_1,0.001718592015095055,0.7874600887298584
198,47219_93cb3619_3,0.0033201579935848713,0.9415204524993896
199,47878_0edb6829_0,0.0003690140147227794,0.9934372901916504
200,26764_ab35159a_6,0.0008812519954517484,0.9648242592811584
201,34341_d19b12fb_12,8.393340976908803e-05,0.9075739979743958
202,118342_c702e084_6,0.00031407357892021537,0.9928255081176758
203,49886_dd68dccb_4,0.0005196846323087811,0.960651695728302
204,23493_57512264_5,0.00023351925483439118,0.2638034224510193
205,31751_e37382e1_5,0.0011124387383460999,0.971505343914032
206,24338_848cab42_6,0.001558138756081462,0.8769009709358215
207,24916_42eacca3_10,0.00023185140162240714,0.874737560749054
208,137485_a953e1be_2,0.0003264418337494135,0.9934727549552917
209,23706_ef15ef9c_18,0.000835507467854768,0.9445784091949463
210,143671_eaf4d13b_6,0.0019150286680087447,0.9707816243171692
211,53470_39f2e9dc_13,0.00026389441336505115,0.6655683517456055
212,145772_59253c6d_3,6.386328459484503e-05,0.9100106358528137
213,51893_d531e2bd_2,0.0008291463600471616,0.9819467067718506
214,39389_d641313f_8,0.002378348493948579,0.9092514514923096
215,51595_41f3d1a3_5,9.205778769683093e-05,0.9126039147377014
216,51674_a70c1c6c_15,0.00021371198818087578,0.1858196258544922
217,37617_3f415463_5,7.402587652904913e-05,0.9438539147377014
218,31862_a89f21f9_3,0.00039455853402614594,0.9882744550704956
219,40519_55a097c6_11,0.0009745414135977626,0.9431788921356201
220,111306_9108c940_0,0.0012225528480485082,0.7660396695137024
221,136640_16741d62_4,0.0001347020734101534,0.9083347320556641
222,23155_d7305c5f_2,0.002877801191061735,0.9417083263397217
223,43934_912ff891_41,0.00011808746057795361,0.4370805621147156
224,57017_6033d1e5_0,0.00032338351593352854,0.9837194085121155
225,126913_d253adb7_1,0.0005104615702293813,0.7958588004112244
226,130752_52d74f2f_48,0.0006752766203135252,0.9544792771339417
227,124177_71283cad_0,0.00046050851233303547,0.9644898772239685
228,24650_dad8c8ee_18,0.0011709141544997692,0.9700688123703003
229,55199_4d57661f_2,0.002450050786137581,0.8533241748809814
230,115010_eb737aaf_20,0.00033594711567275226,0.9935669302940369
231,27855_19c5895a_12,0.0005787852569483221,0.6964291334152222
232,52772_a6e6e320_0,5.723114372813143e-05,0.9231961965560913
233,90917_3d2d21a9_0,0.0034097558818757534,0.9220152497291565
234,40703_5f4e45d4_7,0.00022724347945768386,0.9954919815063477
235,132622_911efd2f_1,0.0022459090687334538,0.9663822054862976
236,43441_e1ab0873_6,0.0021973196417093277,0.9653117656707764
237,34917_61633e20_6,0.0006009977078065276,0.9869703650474548
238,67221_275ba7e6_4,0.000973417772911489,0.980474054813385
239,130719_e4764a36_10,9.088050137506798e-05,0.8018245100975037
240,136318_130d6a06_20,0.00042781943920999765,0.9609779119491577
241,99636_73c43ebd_10,0.0006440880824811757,0.9826207756996155
242,29377_3a04cb8d_6,0.00042168801883235574,0.9384803771972656
243,23018_63087a41_47,0.0006453864625655115,0.9823341965675354
244,26165_100fec74_4,0.00012533598055597395,0.6056312322616577
245,135934_d2f6bb2e_46,0.00020690388919319957,0.8995612263679504
246,24039_448afafa_5,0.0016417279839515686,0.9208775758743286
247,32775_a79b406b_14,0.0007574535557068884,0.903486967086792
248,23686_cba4f679_0,0.0007939602946862578,0.9247027039527893
249,35147_bc9f2c5d_0,0.0008433459443040192,0.8638577461242676
250,136337_1351909b_2,0.0017231021774932742,0.9590719938278198
251,139222_2c10ca9a_1,0.0009218760533258319,0.9206938147544861
252,139379_fe5c3f64_0,0.0004013478464912623,0.9852034449577332
253,33084_344fec27_2,0.00017926057626027614,0.9966256618499756
254,24775_d5c98d77_0,6.17657060502097e-05,-0.9040287733078003
255,56344_3a89f085_23,0.0002051537885563448,0.9809862971305847
256,135112_cf8007b8_5,0.0008171830559149384,0.9798786044120789
257,50706_20d07d57_2,0.0034656303469091654,0.9667898416519165
258,51744_cd355565_5,0.0020161340944468975,0.9396129846572876
259,51464_da501c24_0,0.0011723777279257774,0.7689234018325806
260,126572_a2d6f794_23,4.39418618043419e-05,-0.52081298828125
261,70021_e673ae54_2,0.0001260787685168907,0.8183411955833435
262,25144_31b089b6_5,0.00032127898884937167,0.8544763922691345
263,24715_55aac5f2_2,2.1756113710580394e-05,-0.8111941814422607
264,24532_f82f8000_2,0.0006584602524526417,0.4669511914253235
265,30664_a3084f71_1,0.000851269403938204,0.644094705581665
266,81145_5c13a8e9_1,0.0001998393126996234,0.7958840727806091
267,132037_2abb8c63_10,2.6941828764392994e-05,0.8761534690856934
268,50414_ac159b58_2,0.00020561181008815765,0.992527425289154
269,21601_360ce1c7_7,0.0007761031738482416,0.9858954548835754
270,22119_27e3ecbe_9,0.0004590453172568232,0.985765278339386
271,145120_74f7316f_0,0.0021664234809577465,0.9020528197288513
272,74574_c302ff1f_0,8.266946679214016e-05,0.8914196491241455
273,52443_085efc00_4,0.0003429688513278961,0.8879351019859314
274,147546_ede0f31c_3,0.002307124203070998,0.95010906457901
275,22492_047b125b_21,0.00180850550532341,0.9580256938934326
276,72313_5a86e234_0,0.0029776792507618666,0.9431188106536865
277,45589_49e3c7ea_2,0.00035514120827428997,0.9892910718917847
278,83432_a7f85698_0,0.0001720607979223132,0.9961352944374084
279,32775_a79b406b_0,5.277000309433788e-05,0.49181991815567017
280,121703_69c4a5ac_3,3.263852704549208e-05,0.8817405104637146
281,80901_e9080573_6,0.0008110127528198063,0.9683501124382019
282,21809_8bd6b10e_3,0.001728596049360931,0.9619535803794861
283,49396_98ab955d_15,0.0006329071475192904,0.9396528005599976
284,33766_14917a4a_19,0.0006538201705552638,0.9854526519775391
285,26661_ab88a525_8,0.00020963640417903662,0.9941231608390808
286,44030_17bd5ec9_0,0.00046024995390325785,0.4342116713523865
287,53221_74fa81cd_7,0.0002580873260740191,0.7769049406051636
288,21887_3306168f_7,0.001995149767026305,0.801203727722168
289,86185_85fde9e6_0,0.00033179332967847586,0.9492919445037842
290,87951_500b1dcd_2,4.7160156100289896e-05,0.9495148658752441
291,22276_69c5036b_11,0.0011956420494243503,0.9687175750732422
292,41721_44151488_5,0.0010253271320834756,0.9050606489181519
293,102293_5d04e48d_0,0.0015200648922473192,0.9278791546821594
294,77687_cbb18594_20,4.230627746437676e-05,0.9413153529167175
295,133248_1bab99ae_0,0.0011753131402656436,0.48189717531204224
296,24051_4852a192_2,0.0005057723028585315,0.9826402068138123
297,86806_2993395a_1,0.0001169018869404681,0.9007582068443298
298,38558_b0d6b3f8_1,0.0003265268460381776,0.9932981133460999
299,140549_7d01813c_0,0.001939090434461832,0.938488245010376
300,24559_3c306e71_1,0.000516399391926825,0.9205729961395264
301,70350_751de4b0_13,0.0009293616749346256,0.6214295625686646
302,39101_23fec10f_8,0.0009944771882146597,0.8941987752914429
303,24942_9d1b2ff2_8,0.0005928452010266483,0.9930899739265442
304,30850_05d88af9_3,0.001147264032624662,0.9809223413467407
305,113358_08641c94_4,0.0017296834848821163,0.9462514519691467
306,21234_8b71bd47_27,0.0026476411148905754,0.042143404483795166
307,26245_4aac38e1_21,0.00021557597210630774,0.4998345971107483
308,66072_d301cc88_0,0.0007012456771917641,0.6967434287071228
309,21894_93f0d052_23,0.0005885994760319591,0.9418623447418213
310,147816_7fb70c2b_2,0.0005916259833611548,0.9379451274871826
311,49120_4131d1e7_1,0.00011754229490179569,0.9764672517776489
312,52224_ca16c854_4,0.001199087011627853,0.8287703990936279
313,105762_19e04e0b_1,0.00029334783903323114,-1.3157238960266113
314,30400_8824ce97_36,0.00039530970389023423,0.9430606365203857
315,95199_ffcff41e_0,0.00022797915153205395,0.766417920589447
316,50417_199cffee_3,5.210797826293856e-05,0.9594444632530212
317,24544_d06c82dd_5,0.0009166627423837781,0.9848299622535706
318,22604_565b91f5_2,0.0006499613518826663,0.9728814959526062
319,22788_b6a9e30a_4,0.0001683377631707117,0.9579334259033203
320,45789_d5126eab_14,0.0007687727338634431,0.8429595232009888
321,37267_b2be4b50_3,2.344871245441027e-05,-1.3594772815704346
322,34330_5eff1ee1_3,0.0009715557098388672,0.8866152167320251
323,137999_d934160e_1,3.730965909198858e-05,0.7113898992538452
324,134921_f5efde94_27,4.184054341749288e-05,0.9615316987037659
325,53470_39f2e9dc_8,4.296534098102711e-05,0.5179857611656189
326,23497_f292546d_25,0.0012262287782505155,0.9490358233451843
327,22289_4b848f64_2,0.00038766302168369293,0.9474966526031494
328,31392_84b62622_2,0.00043319520773366094,0.9638970494270325
329,51347_1fc6f329_0,0.0007436912273988128,0.8329331874847412
330,50777_2934de55_6,0.00026063944096677005,0.9907012581825256
331,32841_954e8c1a_0,3.851505971397273e-05,0.9602640867233276
332,31530_6744ae73_3,0.0009741295361891389,0.985701858997345
333,65827_d1469ad6_1,0.00012354094360489398,0.07546687126159668
334,145461_30637b22_8,9.717068314785138e-05,-2.8839974403381348
335,31973_093ea963_13,0.00046627919073216617,0.8184818625450134
336,70355_e5f58cd5_14,0.0002628540969453752,0.9743651747703552
337,77687_cbb18594_40,7.986531272763386e-05,0.647146463394165
338,24392_fce351ea_0,0.00021785410353913903,0.8832086324691772
339,36853_7efccb8c_3,0.0006261085509322584,0.914544939994812
340,41644_d15f8e2b_5,0.00016433624841738492,0.15313613414764404
341,131762_9b5e5ff5_2,0.0005988269695080817,0.9638372659683228
342,82193_96ef9433_2,0.0012261713854968548,0.980891764163971
343,31347_386f6298_15,0.001082720817066729,0.9745417833328247
344,34568_fbe47bf9_0,0.00016491132555529475,0.5279335975646973
345,115624_fe3eb392_3,0.000842140696477145,0.9807276725769043
346,130446_e7b58dbe_0,0.0019933024886995554,0.9195786714553833
347,104641_2cd02839_33,3.207221016054973e-05,0.9299333691596985
348,31460_39fdfc6a_7,0.0008744812803342938,0.8031659126281738
349,95541_ced8f936_0,0.00026382546639069915,0.9943139553070068
350,23126_725969ea_17,0.0008187539060600102,0.9134945273399353
351,23676_52069f98_5,0.0001314113469561562,0.5051294565200806
352,137637_ed9c537d_0,0.0002752022410277277,0.9319522380828857
353,22474_b10fea1a_2,0.00045380808296613395,0.9890078902244568
354,143017_21d96cc2_10,0.0010152917820960283,0.8536365032196045
355,105270_34f92afd_1,0.00014574899978470057,0.7955758571624756
356,95622_0a0787e4_4,0.001419708481989801,0.97879558801651
357,55854_13f0399b_0,0.0020720036700367928,0.9554040431976318
358,22118_1e09e0eb_5,0.0011641845339909196,0.9503486156463623
359,146717_3e6a84c1_7,0.0011440691305324435,0.9828510284423828
360,63132_330141d7_3,0.00027309026336297393,0.9446157813072205
361,115633_fd3c9b97_46,0.00031237336224876344,0.35658925771713257
362,21644_aa203dc5_29,0.000635686912573874,0.8439680337905884
363,79791_00f639ca_15,0.0004128416476305574,0.9930494427680969
364,60711_42b5a13e_1,0.0004919058410450816,0.9455248713493347
365,137483_cdb8989d_0,0.0004476364119909704,0.9906538724899292
366,21644_aa203dc5_26,0.0014028857694938779,0.7578750848770142
367,131876_b2384623_0,0.0003755669167730957,0.7575090527534485
368,23706_ef15ef9c_10,0.0006857182597741485,0.8950963020324707
369,68948_0d2a01cd_9,0.0017786207608878613,0.9501152038574219
370,145137_4e9eef42_1,0.0002902215055655688,0.9416294097900391
371,30426_2cde26de_20,0.0015712002059444785,0.9821211099624634
372,31378_34c52a73_0,0.00016054726438596845,0.9554293751716614
373,92134_52f13f49_4,0.0003845926548819989,0.7404412031173706
374,119634_fc722479_1,0.0006551331025548279,0.9909864068031311
375,24032_d6172503_24,0.0007896177121438086,0.6694010496139526
376,136401_69f29349_4,6.697894423268735e-05,-0.039246320724487305
377,41871_f9a1ad02_26,0.0005033836932852864,0.9617775678634644
378,48220_87941c4e_116,0.0008912771008908749,0.8681066036224365
379,115012_9ed88535_2,0.0015188180841505527,0.39336782693862915
380,69488_025cf0a2_1,0.008117754943668842,0.9449702501296997
381,147427_69f68da4_3,0.00014880196249578148,0.5875760316848755
382,33766_14917a4a_32,0.0006415144889615476,0.9769233465194702
383,51747_3d58eae0_0,0.0004388457746244967,0.9410749673843384
384,33785_a4c23f61_0,0.0072679161094129086,0.9725812077522278
385,114935_797875fe_2,0.0015353317139670253,0.9441442489624023
386,51775_49ef614a_26,0.00013683164434041828,0.7567155957221985
387,38196_ea48fa42_3,7.331252709263936e-05,0.14236867427825928
388,140413_44177109_21,6.772943015675992e-05,-0.239507794380188
389,27676_79237cc5_1,0.0008110697963275015,0.7346611022949219
390,52883_e518d3f4_33,0.0002856253122445196,0.9943734407424927
391,34347_841c5375_2,7.059332710923627e-05,-0.4353179931640625
392,55289_292737cb_0,0.0005563345039263368,0.9893193244934082
393,50606_82cb18e2_0,0.00021986076899338514,0.9913591146469116
394,30407_efa567f2_4,0.000366617226973176,0.9911600351333618
395,31647_ab9ad9dc_13,0.0005507856258191168,0.9466407299041748
396,24896_58b4730f_17,0.00034454072010703385,0.9357379078865051
397,23602_5daaccf5_4,0.000869866693392396,0.9392436146736145
398,27725_5cceaeb7_10,0.00015988647646736354,0.6678323745727539
399,127734_395dcf7d_5,0.0014098492683842778,0.7707488536834717
400,31957_d864f861_3,0.0013226900482550263,0.7304574251174927
401,49415_1671b60c_4,0.00030954767134971917,0.7105622291564941
402,45110_fae73324_4,0.0002282516215927899,0.9878191351890564
403,22343_34184fd5_18,0.00016975602193269879,0.353729248046875
404,22848_cc91b848_38,2.4464794478262775e-05,-27.201311111450195
405,73652_23b21ef2_1,0.0005424427217803895,0.989092230796814
406,65569_bd890a32_1,7.705381722189486e-05,0.26091307401657104
407,48220_87941c4e_111,0.0014474850613623857,0.7464917302131653
408,30394_e30f932c_0,0.0008847249555401504,0.949378252029419
409,21941_1a683ec2_26,0.00036225939402356744,0.9848726987838745
410,25564_e646fcb3_1,8.036461804294959e-05,0.7285983562469482
411,134053_87a32e31_3,7.883157377364114e-05,0.7848961353302002
412,87950_af56e26e_2,0.0003041877062059939,0.9777364134788513
413,51458_54240b70_17,0.00012404592416714877,0.8629856705665588
414,40688_effe215a_1,0.0016371412202715874,0.9594591856002808
415,131494_c8a441d0_0,0.00040410287328995764,0.9213091135025024
416,26768_c4df841f_21,0.00040296968654729426,0.5279669761657715
417,136892_2d5f55a9_0,0.000421312841353938,0.9076108932495117
418,54652_d60ac3e0_10,0.0007802198524586856,0.9576706290245056
419,51747_3d58eae0_1,0.0004392717673908919,0.8204275369644165
420,54650_df3655c1_0,3.46081105817575e-05,0.6209522485733032
421,41125_711db4bf_58,0.0006430652574636042,0.9284699559211731
422,45418_f603706b_2,0.00046579126501455903,0.8821861743927002
423,21852_6cf9a734_18,0.002973448485136032,0.9745857119560242
424,122515_758d8b70_6,5.414870975073427e-05,-43.71529769897461
425,104081_05ba54fa_2,0.000590454088523984,0.7520207166671753
426,41672_cf87e0b6_0,0.0001457140315324068,0.9775106906890869
427,22638_37f9fe91_1,4.711862493422814e-05,0.860796332359314
428,24559_3c306e71_3,0.0004300695436540991,0.9218849539756775
429,31589_ac31215d_8,0.0002665072097443044,0.858972430229187
430,49603_143b8bd2_35,0.001270567998290062,0.8994400501251221
431,127965_c64a91da_0,0.0004383924533613026,0.886541485786438
432,36062_f2fb6808_1,8.168142812792212e-05,0.24510008096694946
433,139280_8874b1ab_18,7.858896424295381e-05,0.9244827032089233
434,30997_24dea167_4,0.0008214240078814328,0.9259071946144104
435,143471_eb185912_5,3.9727856346871704e-05,0.5932260751724243
436,23176_1bf2a2d5_10,0.0008805093821138144,0.9635964632034302
437,98299_b8146029_5,0.0002959206758532673,0.9743722081184387
438,23466_1cf60d09_4,0.0013041711645200849,0.9635327458381653
439,41591_2d0bd0d5_3,0.0005335441092029214,0.9812441468238831
440,134929_9049dcec_1,0.00021811747865285724,0.8830409049987793
441,41785_e8bf0528_0,0.0006214744644239545,0.9729194045066833
442,31460_39fdfc6a_6,0.0006934411940164864,0.9851496815681458
443,133710_00be7f31_1,0.0009128156234510243,0.8952605128288269
444,24532_f82f8000_0,0.00020393349404912442,0.9551423788070679
445,21234_8b71bd47_3,4.1943440010072663e-05,0.9365072846412659
446,35175_6edc4126_5,0.0004607632872648537,0.9866483211517334
447,20495_e8e7e80c_1,0.00034777363180182874,0.5944943428039551
448,76546_c17e95aa_2,0.00011043894483009353,0.3503785729408264
449,41654_e75f89df_0,0.0002998987038154155,0.9837226867675781
450,109772_f1a0845e_6,0.00021595116413664073,0.875219464302063
451,34913_d23e2a24_0,0.0010389818344265223,0.942275881767273
452,25203_1cc0cb3c_12,0.0012414661468937993,0.9792810678482056
453,37160_2a95674a_4,0.0007674174848943949,0.9499041438102722
454,69240_dc199112_4,0.0011339584598317742,0.7846078872680664
455,25176_d9130589_0,0.00014605926116928458,0.9808041453361511
456,69235_fe79a369_0,7.263067527674139e-05,0.8368826508522034
457,39468_15fb2e60_9,0.0012696662452071905,0.8158037066459656
458,103284_e25015aa_6,0.000142683697049506,-0.1371699571609497
459,30377_e18ea3de_0,0.00018291825836058706,0.8518128395080566
460,66080_f578d52b_4,0.0002545868046581745,-0.3085052967071533
461,37444_52b27e94_14,0.0005162820452824235,0.9213728308677673
462,38675_6e07d74b_31,0.0006393709918484092,0.9797689914703369
463,21680_360ba5c7_28,0.0005644061602652073,0.9588779807090759
464,142032_5c32b7db_2,0.0005379834328778088,0.990093469619751
465,44210_a155c2d1_0,0.002138356911018491,0.9523992538452148
466,38287_88ec74de_92,0.0002204078045906499,0.9674614071846008
467,29572_2f9283f2_4,0.0016834094421938062,0.8746024370193481
468,28300_b3a6ab79_10,0.0007197085651569068,0.9751139879226685
469,136129_e6a20c7d_5,9.079957089852542e-05,0.860683798789978
470,119381_e4d13609_0,0.0008709788671694696,0.9670469164848328
471,30729_b4d83b07_4,6.42313389107585e-05,-0.31897902488708496
472,140413_44177109_11,0.0004615525249391794,0.9782922863960266
473,26384_83eddf22_0,0.0005229551461525261,0.9600726366043091
474,82285_e7a738e7_2,0.000932053430005908,0.9223656058311462
475,108599_347602af_0,0.0008529560291208327,0.9734755158424377
476,119889_41a6f268_1,0.00018790113972499967,0.7227025032043457
477,55006_94230c00_1,0.00035587328602559865,0.988874077796936
478,21517_bfe35b4c_10,0.00010375761485192925,0.9523200988769531
479,20818_098cad7c_6,4.1243722080253065e-05,0.9558326005935669
480,41855_b82e6ae8_6,0.0002749513660091907,0.9682163000106812
481,137166_90691294_8,9.828114707488567e-05,0.9347324371337891
482,69561_f274e705_26,0.0004406495136208832,0.9787556529045105
483,51579_d0c3e154_0,0.0006418754928745329,0.9728389978408813
484,23676_52069f98_4,0.0008198674768209457,0.9741840362548828
485,31962_e5291336_1,0.0005262254853732884,0.9844306707382202
486,57222_33b428d7_1,7.447663665516302e-05,0.9447088837623596
487,51586_2ad96f8c_17,8.270091348094866e-05,0.005261898040771484
488,41473_c2137170_32,0.0002651247486937791,0.9586793184280396
489,31123_9a1bfc50_2,0.0002855149214155972,0.9784389734268188
490,23211_3aac9c7e_0,0.0003423522284720093,0.9358541965484619
491,45798_b573e9da_5,0.0036017654929310083,0.8143343329429626
492,27847_d2436f7c_37,5.1508101023500785e-05,0.9404664635658264
493,54736_6ee1b513_1,0.0005203381297178566,0.5504520535469055
494,132901_7d205bb4_9,0.0002158477291231975,-0.43110954761505127
495,73762_8c704690_0,0.0007982241222634912,0.8923594355583191
496,23209_1592b0a4_1,0.00041506055276840925,0.9712154865264893
497,49024_b7f02205_2,0.0001680659333942458,0.5738984942436218
498,147630_7f858240_15,0.00023186166072264314,0.959151029586792
499,69337_2c778611_11,0.00014562191790901124,0.9142829775810242
500,82498_92a00cd6_1,0.000698436051607132,0.7835954427719116
501,78775_e2d8b091_1,0.0007834924035705626,0.8937313556671143
502,40067_95ae6c76_9,0.000729207880795002,0.9218811392784119
503,80756_6f2e842f_0,0.00019890678231604397,0.9595288038253784
504,25284_1da7aa8a_0,0.0002573257952462882,0.9490801692008972
505,55605_2f8bc12e_62,0.00026406667893752456,0.9909688234329224
506,39792_60786b6c_15,0.0008525013690814376,0.9828857183456421
507,34063_0ca1585e_2,0.0003588753461372107,0.7673810124397278
508,31664_1e85c690_13,0.0003487499780021608,0.9900282025337219
509,131193_98f3ac52_1,0.00022409918892662972,0.8997676968574524
510,120221_e2eaa34b_2,0.0008491139160469174,0.7086362838745117
511,130286_1f71bfed_3,0.0005379196954891086,0.839748203754425
512,118342_e8142153_21,0.00015539958258159459,0.9425716996192932
513,128043_9f8cd69e_1,7.273078517755494e-05,0.8998017311096191
514,41504_85e300ee_1,2.746541031228844e-05,0.8817346692085266
515,78863_d59be42e_0,0.0007855169242247939,0.9055694341659546
516,31733_5118b376_3,0.001966651761904359,0.9859657883644104
517,22208_e177deb7_5,0.0004489780403673649,0.8927395939826965
518,24026_1dd4094b_43,0.0002874642377719283,0.7485917806625366
519,73388_10a40b49_1,0.0020339793991297483,0.8802632689476013
520,138219_cdff4f61_0,0.0003800312988460064,0.7491945028305054
521,49399_dc56d180_1,0.00018218043260276318,0.9965928196907043
522,41306_8f26e703_3,0.00025597334024496377,0.9117753505706787
523,51590_034b8b08_14,0.0015866721514612436,0.973167359828949
524,48402_8c965495_4,0.00012612485443241894,0.8185702562332153
525,26388_a3367cba_0,0.0022526837419718504,0.7192047834396362
526,28300_b3a6ab79_6,0.0010162813123315573,0.9659987688064575
527,43938_418421a7_0,0.00039749577990733087,0.8198150396347046
528,41520_60018d18_0,4.3725885916501284e-05,0.6851692199707031
529,137869_344b239b_0,5.097129178466275e-05,0.8801015615463257
530,41648_577daf16_0,0.001518421107903123,0.9350027441978455
531,31347_386f6298_10,0.0001952433231053874,0.9963051080703735
532,82190_24b1b0fe_12,0.0010332887759432197,0.819040834903717
533,33741_4a973932_1,0.0004644504515454173,0.9229983687400818
534,42005_3da46d94_0,0.00018207094399258494,-3.076889991760254
535,132982_ee1eed2f_0,0.0003275452181696892,0.9860129356384277
536,23898_6e740393_29,0.0003188633418176323,0.3716963529586792
537,105831_88a0fb85_6,0.00048177625285461545,0.9894925951957703
538,31278_749a6317_0,9.059220610652119e-05,0.945583701133728
539,51586_2ad96f8c_4,0.00012777575466316193,0.9416629076004028
540,57000_cd1ddece_14,0.00016570121806580573,0.9324597716331482
541,50692_e7ff2668_8,0.0005753117147833109,0.9795380234718323
542,65346_e89312e5_0,8.744316437514499e-05,0.8678504228591919
543,38840_0e449caf_4,0.0002795291075017303,0.9278093576431274
544,29573_ca59fbbf_5,0.001411530771292746,0.9857698082923889
545,30164_c5680724_12,0.0016986919799819589,0.9103555679321289
546,138620_e21e10ee_0,7.491558062611148e-05,0.9361552596092224
547,50305_caf9cef2_34,0.0006969139212742448,-0.20588088035583496
548,83396_fdb2987a_0,0.0009311818284913898,0.9664293527603149
549,28379_7e292343_4,0.00089207076234743,0.9803446531295776
550,33529_756075a0_32,0.0014371915021911263,0.8932053446769714
551,109857_1d24326e_42,4.67552054033149e-05,-1.32997727394104
552,22772_2b5f6629_6,0.00044699382851831615,0.9926645159721375
553,34600_e2685d46_2,0.0005142295849509537,0.9812090396881104
554,122344_ab1b06aa_2,0.002287545707076788,0.9586455821990967
555,123573_5f5c9584_1,0.00022535929747391492,0.8181817531585693
556,35166_562b126c_20,0.0007399450405500829,0.9713585376739502
557,51350_138f893a_1,3.848868072964251e-05,0.6308361291885376
558,137785_67c3085b_16,0.000700485659763217,0.9827620983123779
559,50417_199cffee_12,0.0007440589251928031,0.9640543460845947
560,22194_a5c323b9_3,0.0002777225454337895,0.9546902775764465
561,42329_df7f540f_18,0.0002921773411799222,0.9695252180099487
562,41779_25e4203d_6,0.0003040973097085953,0.5367027521133423
563,51094_40aa8332_20,0.0012882603332400322,0.9516497850418091
564,109762_cb162371_38,0.0008586733601987362,0.9547978639602661
565,45922_26941172_9,0.0002839457883965224,0.9511140584945679
566,34587_ed155e93_0,0.00024965786724351346,0.9928270578384399
567,69589_a468c1b4_0,0.002251507481560111,0.9524609446525574
568,44921_00dfb467_0,0.0002910036128014326,0.9290179014205933
569,82672_4705a693_0,0.00039290491258725524,0.824957013130188
570,26778_a71e88a6_0,0.00013950206630397588,0.6239643692970276
571,69488_7bfb2b67_0,0.0002574034151621163,0.9928474426269531
572,22686_afe3a61e_0,9.10108647076413e-05,0.43771421909332275
573,109772_5faa88e8_5,0.0002542807487770915,0.8260630369186401
574,43938_418421a7_147,0.0006706010899506509,0.9078744053840637
575,141694_b5ac3112_3,0.000494208128657192,0.8095182180404663
576,31973_093ea963_16,8.502456330461428e-05,0.9466173052787781
577,26858_e90dc419_25,0.0001252166402991861,0.27538013458251953
578,131350_bbdad30d_0,0.0010569216683506966,0.39737921953201294
579,35741_c43475b8_1,0.0005270875990390778,0.8163111209869385
580,30690_3df2c9e2_1,0.00047245409223251045,0.9597187638282776
581,122758_5f4efbf0_2,0.0008858427172526717,0.941715657711029
582,37822_3be11c62_0,0.00011218952568015084,0.9522982239723206
583,91174_ee6ee92b_1,0.00026643413002602756,0.937577486038208
584,23676_52069f98_31,0.0030285236425697803,0.9694929718971252
585,27958_fee329eb_1,0.00027130654780194163,0.9264056086540222
586,144534_3b4fdb09_18,0.0011024902341887355,0.6919382810592651
587,30292_0b5e0265_1,0.0018276619957759976,0.9751200079917908
588,111062_e59e2d31_0,0.0031500235199928284,0.964201807975769
589,135790_a27f9deb_77,0.0006889082142151892,0.8658180236816406
590,65842_de75838b_10,0.000282213935861364,0.9409623146057129
591,22475_9d9601a8_3,8.590523066231981e-05,0.5210838317871094
592,119884_192e3265_0,0.0009166137897409499,0.8631963729858398
593,51463_3330e3aa_2,0.0009586677188053727,0.9005204439163208
594,23231_efe613bb_4,0.0010729972273111343,0.94504314661026
595,22895_4533b542_2,0.0002948064648080617,0.9547184705734253
596,146219_5661130f_4,0.00024313596077263355,0.9947235584259033
597,38953_19054857_19,0.00033886413439176977,0.6988564729690552
598,21847_b2de7eb8_24,0.000655575655400753,0.955572783946991
599,51603_034939eb_12,0.0001733334647724405,0.8931582570075989
600,24843_5231632c_4,0.00018754076154436916,0.8833232522010803
601,41982_f75ceb8f_4,0.00030438447720371187,-1.3155012130737305
602,42937_c573c439_2,9.123090421780944e-05,0.6165088415145874
603,61288_2d594195_0,0.0006051857490092516,0.0051313042640686035
604,55006_94230c00_0,0.0003249960718676448,0.6763497591018677
605,49898_f42a885e_5,0.0009929140796884894,0.9783587455749512
606,55709_af3825c8_4,0.0010234027868136764,0.9666907787322998
607,144117_83c980ca_2,6.773061613785103e-05,0.7642228603363037
608,40417_b8d98f73_7,9.014239185489714e-05,0.940016508102417
609,53200_d1e30b87_11,0.00020675784617196769,0.7732924818992615
610,147009_977ee378_4,9.623484220355749e-05,0.15014350414276123
611,63056_a5dfd66b_4,0.00013317877892404795,0.7593704462051392
612,22205_f48b96b3_10,0.0002807669516187161,0.9360617995262146
613,51585_b695905b_4,0.0003505733038764447,0.9922375679016113
614,24084_71f37c00_1,0.00023907180002424866,0.9520199298858643
615,25815_0e853ad9_10,0.0006914312252774835,0.9567630887031555
616,55030_11a6e3e8_3,0.003374742576852441,0.9695051908493042
617,23042_1184de03_5,0.0009958733571693301,0.9710205793380737
618,39719_e9629dbd_4,0.00012145294749643654,-0.3358938694000244
619,51256_ed221095_2,0.00011513153003761545,0.8713850378990173
620,25810_93c8a71a_3,0.0004898120532743633,0.9812732338905334
621,22208_e177deb7_1,0.0006867312476970255,0.9519473910331726
622,115624_d0acb46b_22,0.0011337293544784188,0.9821555614471436
623,30708_4282508b_0,3.8504647818626836e-05,0.4040278196334839
624,31117_cd5cdbdb_12,0.0001962829992407933,0.9152598977088928
625,41733_1ec9b00c_32,4.7434281441383064e-05,0.8599717617034912
626,111387_c4243097_2,0.00010738517448771745,0.854149580001831
627,119869_e8f0dd81_19,4.945056571159512e-05,0.9627846479415894
628,34569_590239d6_0,0.0011183334281668067,0.9486656188964844
629,136318_130d6a06_23,5.080452683614567e-05,0.9367589354515076
630,145132_7aea3b66_4,0.0007935070316307247,0.9896141290664673
631,41878_3aeaed3d_0,0.001278231735341251,0.7921373844146729
632,34583_a1cf326b_0,0.00022074214939493686,0.9959600567817688
633,116581_d405b783_0,0.0012280117953196168,0.9833154082298279
634,24044_9bbe7992_3,0.00042900018161162734,0.46455949544906616
635,22194_a5c323b9_2,0.0005751305143348873,0.9481675624847412
636,142076_08d80e12_21,3.9360878872685134e-05,0.8258535265922546
637,55817_6ac2912d_7,0.00012652482837438583,-0.3643989562988281
638,21165_5cb2d287_2,8.57111590448767e-05,0.8193937540054321
639,39796_45dcdc7d_0,0.0032756009604781866,0.957518458366394
640,33044_7fdd9213_1,0.0012206702958792448,0.9676527380943298
641,23731_3fe5b501_6,4.2026571463793516e-05,0.9353981018066406
642,32743_f4c47bbc_31,0.0006323495181277394,0.9412193298339844
643,108775_4908fba2_21,0.00037216319469735026,0.9669267535209656
644,21941_1a683ec2_19,0.0004659925471059978,0.9656071662902832
645,27682_04277f62_18,0.0006850137142464519,0.9685415029525757
646,25815_0e853ad9_4,0.0003510087262839079,0.9773494005203247
647,30261_723e95cf_2,0.0006024733884260058,0.9746068120002747
648,21385_601444ba_102,0.0009410338825546205,0.9557353258132935
649,30368_d7fd30ce_7,0.0001980155211640522,0.925322949886322
650,55605_2f8bc12e_3,0.001192237832583487,0.8053752183914185
651,24650_dad8c8ee_15,5.441320899990387e-05,-0.6976641416549683
652,34227_48203345_7,0.0007000830955803394,0.9804822206497192
653,113348_ac85cba3_1,0.000822797417640686,0.9116395115852356
654,26552_25c5924a_1,9.187993418890983e-05,0.9648167490959167
655,55381_cbaffe9b_0,0.00023348390823230147,0.9353653192520142
656,55817_6ac2912d_25,0.0005201523890718818,0.9861764907836914
657,138947_0778db40_4,8.181010343832895e-05,0.9680071473121643
658,52788_07f7da63_0,0.0003765593864955008,0.9065242409706116
659,70355_e5f58cd5_6,8.940827683545649e-05,0.8494337797164917
660,51744_cd355565_8,0.0006747010629624128,0.8616726398468018
661,41227_90e1c07c_16,0.0006354677025228739,0.9839972257614136
662,45359_1768ab3f_42,0.0019694643560796976,0.7921485900878906
663,41783_d1c10326_3,0.00014639139408245683,0.5290617942810059
664,32960_0eaa1de8_13,4.491789877647534e-05,-2.2427163124084473
665,34674_32ee1595_3,0.0015484397299587727,0.9474809169769287
666,136885_23632908_1,0.0010051197605207562,0.6413034200668335
667,136808_00592735_3,0.0002223798364866525,0.9516205191612244
668,45589_49e3c7ea_5,0.0001688195625320077,0.9965245723724365
669,141665_0564e852_3,0.00045616019633598626,0.8910715579986572
670,50897_3be92e2f_18,0.0001337791618425399,0.9968759417533875
671,84256_4164b724_3,0.0004222972202114761,0.5948142409324646
672,22994_e6ad8f2b_10,0.001392920152284205,0.9483036994934082
673,28295_0dc908b9_8,0.00020594730449374765,0.9354898929595947
674,23329_6939d5d9_5,0.0003326447622384876,0.6309895515441895
675,123665_0a0da5c7_3,0.0001059521600836888,0.17290693521499634
676,121172_0ac63503_7,0.0007478929474018514,0.8583731055259705
677,50941_2a8a8c76_0,0.00031154832686297596,0.9938216805458069
678,37846_cde34fcd_66,0.0004674887750297785,0.9215394258499146
679,56040_9b1307eb_21,0.0008495872607454658,0.8676722049713135
680,146535_229c95bc_1,5.565270475926809e-05,0.7450077533721924
681,50947_49287c16_2,0.001669366960413754,0.9727138876914978
682,95622_0a0787e4_5,0.00027922200388275087,0.8488872051239014
683,25432_f13e5110_0,0.00018816915689967573,0.9940743446350098
684,32454_e959e3cf_0,0.0004497047048062086,0.9873440265655518
685,65858_61e9b51a_18,0.00065894506406039,0.8496755957603455
686,70350_751de4b0_3,0.001675229985266924,0.7684071063995361
687,129239_0d49310c_15,0.00017007872520480305,0.9351762533187866
688,31008_8fa25b35_8,0.00021545028721448034,0.9545060396194458
689,55306_795d845b_2,4.296902261557989e-05,0.7269033193588257
690,29729_e8bb36f1_2,0.00020434199541341513,0.7592015862464905
691,67283_4097cbd6_5,0.0002074854855891317,-0.7641546726226807
692,23904_811e466f_4,7.641741831321269e-05,0.9358885884284973
693,116076_12d31fb7_1,0.0002488184836693108,0.9625574350357056
694,45302_02d7e3bc_0,0.0006212444859556854,0.8437447547912598
695,60977_4bb093ec_1,0.00041497164056636393,0.9815088510513306
696,49017_76979790_8,0.0004316333506722003,0.9181885123252869
697,146321_0dbae658_10,4.483137672650628e-05,-3.5177249908447266
698,102194_150e3faf_3,0.0003761682310141623,0.9884788393974304
699,34769_44655d03_5,0.000138486924697645,0.8451476097106934
700,38953_19054857_6,0.00044375445577315986,0.6357420086860657
701,55397_ad24603f_1,7.917472248664126e-05,0.9178177118301392
702,21908_385686ec_15,0.0004312958917580545,0.9791815876960754
703,60721_57103153_4,0.00032873303280211985,0.4736933708190918
704,98701_7cd4ec8d_0,0.0014287689700722694,0.9740478992462158
705,91703_642cdf1a_1,0.00025990838184952736,0.9951111078262329
706,26661_ab88a525_5,0.00029349102987907827,0.9259663224220276
707,51940_67bb0219_21,9.719933586893603e-05,0.7928626537322998
708,22543_684108ff_22,8.169094508048147e-05,0.9188234210014343
709,145250_cde4d039_8,0.0001312668900936842,0.8522180318832397
710,20232_e5b060d9_6,0.00013765944459009916,0.7501056790351868
711,128043_d4650350_0,0.0024512342642992735,0.967084527015686
712,140530_30edf2c4_0,0.0004273120721336454,0.6393750309944153
713,131814_9af6d05a_0,0.0009813959477469325,0.852428674697876
714,26245_4aac38e1_9,0.000180398827069439,0.924640953540802
715,30282_88c6933c_14,0.0007133231265470386,0.9726315140724182
716,32322_71d0035e_1,0.0008912111516110599,0.9542733430862427
717,131762_d10609a4_1,0.002379719400778413,0.8925076723098755
718,54812_5f7b7aba_2,7.224368891911581e-05,0.9682843685150146
719,135830_8fb36dac_4,0.0011499063111841679,0.9490834474563599
720,139280_8874b1ab_4,6.069990558899008e-05,0.8696168661117554
721,49904_639055dd_1,0.0003625339886639267,0.9584473371505737
722,53601_59d3ecd2_0,0.001268402673304081,0.9479992389678955
723,50047_54241fe3_12,0.00044403239735402167,0.9656297564506531
724,136925_70fb0381_3,0.00027813203632831573,0.9829797148704529
725,87488_95f678ce_0,0.001180255669169128,0.9739433526992798
726,137166_90691294_2,0.00010537965135881677,0.929926872253418
727,44030_17bd5ec9_11,0.00013053935253992677,0.7931503057479858
728,137396_b5f6bec4_5,0.00027552118990570307,0.9917247891426086
729,21900_760d2078_10,0.0009902275633066893,0.9856559634208679
730,21185_ac5324ba_5,0.0010559736983850598,0.9670665264129639
731,31132_2320d049_4,0.0004529514699243009,0.9917609691619873
732,82281_80cdf67c_4,4.4749707740265876e-05,0.8871082067489624
733,38287_88ec74de_15,0.0002500633127056062,0.9951573014259338
734,136128_831e37a6_0,0.00040202721720561385,0.9552754163742065
735,21330_f0cee934_18,0.000263695401372388,0.8269174695014954
736,34109_5a868eae_10,0.0009109211387112737,0.9129085540771484
737,21174_861bd902_2,0.0005654285778291523,0.9507191777229309
738,49783_365bec9e_6,0.000640733225736767,0.9807788133621216
739,24429_ace910b3_8,5.1912931667175144e-05,-2.0381438732147217
740,22772_2b5f6629_4,0.00047989984159357846,0.8773003220558167
741,53927_ef5208b9_14,0.002371937967836857,0.9011818170547485
742,56250_3b6024e3_54,0.000602028623688966,0.9868436455726624
743,23522_5c2ec58e_8,0.0006683971732854843,0.9789386987686157
744,121177_93fb3127_10,0.0001377800654154271,0.7499700784683228
745,138840_b7f948ea_2,0.0006275867344811559,0.936123788356781
746,41125_711db4bf_6,0.0011378449853509665,0.9730875492095947
747,102606_28922dfc_0,0.00038155002403073013,-3.011800765991211
748,31530_6744ae73_50,0.0014135789824649692,0.9747804999351501
749,50598_eae0df5a_1,2.9518392693717033e-05,0.9460251331329346
750,145726_19ccdbda_12,0.0001535892952233553,0.950747013092041
751,41469_b94cf3e4_0,0.0008854543557390571,0.818507969379425
752,147009_977ee378_1,0.0005462773842737079,0.9474920630455017
753,24267_8a216138_10,0.0003922216419596225,0.9681572318077087
754,63071_3d434a33_16,0.00034323710133321583,0.9816869497299194
755,34436_ffc43a58_4,0.0004953110474161804,0.5727169513702393
756,50692_e7ff2668_4,0.00044769374653697014,0.8206130266189575
757,146642_883a71d2_9,0.0025999939534813166,0.9589401483535767
758,109772_f1a0845e_7,0.0005593818495981395,0.9869465827941895
759,136640_16741d62_1,0.0005087433964945376,0.8708319067955017
760,21680_360ba5c7_11,0.0006565322983078659,0.7332605719566345
761,27729_09d75da1_2,0.000675096467602998,0.9807700514793396
762,82148_5df06ed9_19,0.0023268864024430513,0.8383646607398987
763,55287_8a57a3db_1,0.0011700065806508064,0.9280225038528442
764,53221_74fa81cd_5,0.0003338041715323925,0.839916467666626
765,30417_0010bc7c_39,0.0004403521597851068,0.9656266570091248
766,23706_ef15ef9c_40,8.1741796748247e-05,0.9883331060409546
767,140763_e14274f8_3,0.0001830263645388186,0.8614429831504822
768,23602_5daaccf5_3,0.0001006674428936094,0.9836809039115906
769,30282_88c6933c_9,0.0004030910204164684,0.9746432304382324
770,56824_0fc773f6_0,0.0004986444837413728,0.9715732932090759
771,42410_d3b5588e_1,0.0003206542751286179,0.951280951499939
772,55055_dd27a8a4_0,0.0002203331096097827,0.9959673881530762
773,115633_a2c63339_6,0.0007263743318617344,0.19586294889450073
774,73651_a41647f8_5,2.9801965865772218e-05,0.8844743371009827
775,33413_060ce192_32,0.0006539980531670153,0.9497597217559814
776,97331_a482fa9b_0,0.0012269992148503661,0.7407101392745972
777,23476_705b76d1_0,0.0007419080357067287,0.9709810018539429
778,32566_7bfc936b_6,0.0025442270562052727,0.9759541153907776
779,41717_eb1c1e6b_0,0.0018625453813001513,0.8507429361343384
780,60720_ef9a0a95_8,0.00020256212155800313,0.5670586824417114
781,138700_ab763a46_202,2.680468423932325e-05,-13.79239273071289
782,38287_88ec74de_17,0.0006963866762816906,0.8854723572731018
783,135535_0bd0048d_0,0.0013702221913263202,0.9793627858161926
784,21797_69df08d5_7,0.004644021391868591,0.963025689125061
785,65350_b3fa8f4f_47,0.000840171764139086,0.9961330890655518
786,41714_1d49f4d1_3,0.00042676847078837454,0.9523129463195801
787,66012_a13e1644_1,0.00029380983323790133,0.8754042983055115
788,22652_564979ff_11,0.00032518740044906735,0.7582730054855347
789,25127_ecba81df_23,0.0007450401317328215,0.5137767791748047
790,47548_db93c988_4,7.454196020262316e-05,0.817644476890564
791,55927_f8b31711_5,0.0013417432783171535,0.9282376766204834
792,31647_ab9ad9dc_2,0.0004538164066616446,0.9386582374572754
793,41128_ee74f244_8,0.0006847643526270986,0.8125892877578735
794,20959_d4905d19_4,0.00019231790793128312,0.9528167247772217
795,52009_a2b75078_3,0.0033609087113291025,0.9661510586738586
796,22201_473a3a65_16,0.0005283214268274605,0.9284281134605408
797,29442_365e23df_30,0.002293368335813284,0.935134768486023
798,51859_6b2fd0f1_8,0.00020040804520249367,0.9931559562683105
799,140413_44177109_15,0.00010860393376788124,0.903668999671936
800,21822_7d3db422_11,0.0007358169532380998,0.9795534610748291
801,24168_a0ede173_100,8.29743075883016e-05,0.9401180148124695
802,145532_c2304f89_1,0.000791712140198797,0.8891345262527466
803,104641_2cd02839_13,3.7337282265070826e-05,0.855283260345459
804,23679_81ef9e37_2,0.00043690693564713,0.8959000706672668
805,95271_de3df8d5_2,0.00013480473717208952,0.3509230613708496
806,41401_e4117da2_0,6.3372339354828e-05,-0.38085293769836426
807,48006_babdf4af_9,0.0007722327136434615,0.9910573363304138
808,142246_0851be5e_32,0.002211904851719737,0.963294506072998
809,33615_7bab1106_4,0.00030015790252946317,0.9801385998725891
810,31117_cd5cdbdb_18,0.0007594760390929878,0.9885041117668152
811,34914_8911676d_0,0.00034708657767623663,0.971386194229126
812,55501_a09e4ced_2,3.536983422236517e-05,-0.3286045789718628
813,41128_ee74f244_9,0.00041337235597893596,0.8631631731987
814,142246_0851be5e_22,0.0008447022992186248,0.8467977643013
815,22413_901f5867_0,3.7470279494300485e-05,0.886595606803894
816,56490_0a0fba77_0,0.0002057949750451371,0.941628634929657
817,93676_4f934980_1,0.0004897502949461341,-0.08572149276733398
818,146642_883a71d2_96,0.00093941978411749,0.8974636793136597
819,24032_d6172503_3,0.00036583642940968275,0.9379813075065613
820,44221_25c62f03_1,0.00019330938812345266,0.9964196085929871
821,50315_0f1419bf_33,0.0017769436817616224,0.8275300860404968
822,133389_0938a905_2,0.00015923196042422205,0.9595880508422852
823,24824_cf51e5b6_4,0.0008132895454764366,0.847432017326355
824,33970_32f36442_3,0.0009984602220356464,0.9688637256622314
825,29359_bbfab271_2,0.0004526489065028727,0.9203143119812012
826,23172_4ab01e83_0,0.0007150386227294803,0.9826223254203796
827,98511_1b46a85e_45,0.0014035174390301108,0.9605542421340942
828,98511_1b46a85e_46,0.001162225496955216,0.965830385684967
829,34248_cc11976c_0,0.00042371798190288246,0.984344482421875
830,104003_46555fb2_0,0.00015855039237067103,0.6474259495735168
831,34520_035b5e9a_8,0.00011418970098020509,0.9607549905776978
832,38397_93d5d7de_12,0.0018363961717113853,0.974557638168335
833,130023_93b3ca95_1,0.00036456709494814277,0.8716808557510376
834,83213_47c49876_1,0.0003626638208515942,0.9584331512451172
835,43928_6ca53538_63,0.001556009752675891,0.9638152122497559
836,82779_b7b722e3_9,0.0008057074155658484,0.9037721157073975
837,134967_0f27ef51_1,0.00014089811884332448,0.8945891857147217
838,86024_714b24f4_1,0.0007434673025272787,0.970874011516571
839,40807_58058731_11,0.0004447034152690321,0.9329318404197693
840,26750_cd3cb3ff_0,0.0012919087894260883,0.9775898456573486
841,126913_d253adb7_2,0.00043614700553007424,0.9139446020126343
842,24268_2804c9ff_13,0.0006064820336177945,0.9842249751091003
843,45542_320c16fd_3,0.0003648216661531478,0.9927470684051514
844,22342_274ed8a6_1,0.0005835774354636669,0.8736124038696289
845,133385_e6aa64d8_17,4.2541931179584935e-05,0.8294628858566284
846,143509_1dd5212d_3,0.0004308713832870126,0.9872919917106628
847,47989_3ff0f41d_0,0.0012460038997232914,0.964553713798523
848,21822_7d3db422_14,0.0017291365657001734,0.9750309586524963
849,21517_bfe35b4c_12,0.00048348450218327343,0.15601754188537598
850,52883_e518d3f4_10,0.00021204653603490442,0.9655734300613403
851,41871_f9a1ad02_14,0.0008263242780230939,0.9173344373703003
852,37016_455093c1_2,0.00021805393043905497,0.8831033110618591
853,31117_cd5cdbdb_78,0.0025448466185480356,0.9802655577659607
854,129239_0d49310c_22,4.311245720600709e-05,0.8748259544372559
855,30400_8824ce97_6,0.0017769355326890945,0.9628471732139587
856,53233_8dbca22c_8,0.0005719090695492923,0.9598836302757263
857,40514_bb61631d_25,0.0015391403576359153,0.6594913005828857
858,24053_53349e4d_2,0.00022216278011910617,0.7140843868255615
859,41917_f0c40fa1_16,0.0003600550116971135,0.9914823174476624
860,22543_684108ff_5,0.0011376391630619764,0.9548985362052917
861,138636_c1153075_0,8.982120925793424e-05,0.919822096824646
862,24448_75004b6c_6,0.00043521399493329227,0.9861435294151306
863,24831_bbd3e098_8,8.096686360659078e-05,0.920660138130188
864,53221_74fa81cd_3,0.00013497240433935076,0.9635133743286133
865,76879_65a30a82_4,0.00013221055269241333,0.7838717103004456
866,108773_f9384cff_10,3.947942968807183e-05,0.5833475589752197
867,33671_0e9c6ca3_5,0.0003741210966836661,0.9702856540679932
868,93103_fdb9fcb7_15,0.0007605464197695255,0.9589617252349854
869,137675_d2bd633e_0,0.00029280930175445974,0.8166157603263855
870,21893_0500d043_32,0.0006167414830997586,0.5967957973480225
871,22110_0bc70e9f_1,0.0010470624547451735,0.35652220249176025
872,43152_b5472481_1,0.00012865652388427407,0.9516867399215698
873,115717_40314bc2_1,0.0012967032380402088,0.8867009878158569
874,102943_ca9e7968_0,0.000138560077175498,0.8114600777626038
875,136401_69f29349_0,0.0006067232461646199,0.597554087638855
876,28542_3c922564_0,0.0002989533240906894,0.890985906124115
877,24267_8a216138_6,0.0006135529256425798,0.9663515686988831
878,84374_272a9731_7,0.0006817860412411392,0.9101096391677856
879,23531_1ecc8346_18,0.0020203804597258568,0.9802926182746887
880,41871_f9a1ad02_30,0.0013099473435431719,0.9602967500686646
881,132461_14abd2d0_0,4.172881745034829e-05,-0.16495132446289062
882,37617_3f415463_2,0.00013987993588671088,0.7714254260063171
883,41696_de0790a1_1,0.00031779485289007425,0.9929430484771729
884,54657_2a66e0de_20,0.00022149138385429978,0.9796613454818726
885,24425_0dc4b306_0,0.00033615229767747223,0.9670792818069458
886,146667_fe438b5b_0,0.00040979849291034043,0.9844145774841309
887,23048_8a1a5553_8,4.922119478578679e-05,-0.32436418533325195
888,51871_86ebf5b2_17,0.0005881522083655,0.8923290371894836
889,30664_a3084f71_6,0.0006923837354406714,0.9575145244598389
890,139801_97e2ca6a_5,0.0002918025420513004,0.9402557015419006
891,22278_12f1fb79_13,0.0007981042726896703,0.948077917098999
892,22776_facf9bcf_8,0.0010876854648813605,0.9629795551300049
893,40500_6055e3d7_15,0.012840217910706997,0.8719353675842285
894,35740_5322d674_13,7.075171015458182e-05,0.9569571018218994
895,39792_60786b6c_12,0.0008791021537035704,0.9680852890014648
896,115524_4a411f7e_0,0.0001975684572244063,0.9551196098327637
897,24131_3ea7d5a8_17,0.0005294075235724449,0.9744637608528137
898,100326_0602c712_2,0.0017635326366871595,0.9439828991889954
899,34571_25c64838_2,0.0008480105316266418,0.9497397541999817
900,143534_4f65fd1a_0,0.00023056329519022256,0.9220484495162964
901,101446_95204330_1,0.0003603573713917285,0.7715566158294678
902,41749_14d0599c_10,8.506247104378417e-05,0.7517468333244324
903,55715_525d1d3e_12,0.0002622653264552355,0.2220727801322937
904,45307_b9b4bca0_30,0.0014221991878002882,0.989814281463623
905,22654_4c426b0f_0,0.0012347364099696279,0.8453805446624756
906,22670_9353c710_4,0.00040630329749546945,0.875402569770813
907,99445_94c22a37_11,0.000987162347882986,0.9853330254554749
908,132811_57264a28_4,0.000653728493489325,0.9465929865837097
909,23258_87a2ba81_3,8.601451554568484e-05,0.8640373349189758
910,50777_2934de55_22,0.000546671450138092,0.9805943965911865
911,98418_4185a7fb_0,0.00039640971226617694,0.9903964400291443
912,43441_e1ab0873_2,2.615818266349379e-05,0.6830297112464905
913,24271_dbc0fd2d_12,0.0003333860368002206,0.9266170263290405
914,38944_0d0c3fce_0,0.00414958456531167,0.9731171131134033
915,40624_e1c5c424_11,6.942936306586489e-05,-0.7486491203308105
916,100028_0c3a8f1c_13,0.0011450715828686953,0.9852712750434875
917,40491_ac67bf4c_13,0.00040067030931822956,0.9924843907356262
918,25416_1deb9c75_0,0.0060693686828017235,-0.050620079040527344
919,21657_2651585a_6,0.00041903607780113816,0.9777894616127014
920,21986_67c5509a_15,0.0001795112038962543,0.9777273535728455
921,32288_34013274_2,0.0016079487977549434,0.7278411388397217
922,55373_ddd74d2f_0,0.0006816048990003765,0.9119688868522644
923,26245_4aac38e1_0,0.0004741974116768688,0.9728293418884277
924,33044_7fdd9213_0,0.00045862901606597006,0.9181124567985535
925,31530_6744ae73_48,0.003752109594643116,0.9637542963027954
926,25555_fd3d9a3c_1,5.6010358093772084e-05,0.9213646054267883
927,54175_7d864ace_6,0.0003441066655796021,0.9227244257926941
928,72950_5074f5a3_0,0.0004551037272904068,0.6991514563560486
929,129618_2962c248_0,0.00212771981023252,0.9644631743431091
930,52012_77070fda_10,6.68230204610154e-05,0.8952049612998962
931,28295_0dc908b9_7,0.0003135085862595588,0.9157829284667969
932,144419_90e59d67_2,7.380443275906146e-05,0.18437880277633667
933,22734_f6bad9f7_24,0.0019227239536121488,0.9404957294464111
934,22604_0b4ffb43_14,0.0002203331096097827,0.9959673881530762
935,81996_b3752ed2_3,0.00026305700885131955,0.7639278769493103
936,24504_493cee15_8,0.0009029579232446849,0.964046061038971
937,39124_28e99e62_1,0.00015323114348575473,0.8275831341743469
938,29725_0ad4937e_1,0.00016105354006867856,0.7088930606842041
939,109232_04340d62_6,0.00010935302270809188,-0.9891859292984009
940,129075_8fbf62e5_0,0.0005131338257342577,0.593914270401001
941,102937_18c3cb6a_4,0.00047573691699653864,0.9833200573921204
942,52551_8098346a_5,0.00024742429377511144,0.5696030855178833
943,128043_6947b64c_0,0.0007653495413251221,0.9558184146881104
944,119030_292009a7_41,0.0009669994469732046,0.8581511974334717
945,48526_5aecac8a_0,0.0006086297216825187,0.8975141048431396
946,32541_86f7df73_4,0.00021616207959596068,0.7943584322929382
947,55114_7bf17f6a_0,0.0022659916430711746,0.8357287645339966
948,55285_6816da52_1,0.0017209411598742008,0.9627547264099121
949,37683_e2cca100_17,0.00015733281907159835,0.7522968053817749
950,78775_e2d8b091_15,0.0010448491666465998,0.9658371210098267
951,93199_2146e709_2,0.0004070005670655519,0.9519500732421875
952,135595_656de97a_14,0.00016150859300978482,0.8842048048973083
953,24284_3710e946_16,0.0003251977905165404,0.9926325678825378
954,135521_30553c91_2,9.893513924907893e-05,-0.43490004539489746
955,29732_fb15318c_5,0.0001938583591254428,0.8158469796180725
956,88060_389bdff4_0,0.0005635484703816473,0.9657056927680969
957,27839_4a077326_28,0.0012537697330117226,0.9689344763755798
958,100435_87bf423d_8,0.00022278619871940464,0.9956100583076477
959,25365_bb0e4ede_44,0.00024994899285957217,0.6455072164535522
960,146169_144d8264_0,0.002505089621990919,0.986470639705658
961,23342_7193a931_3,0.00014098983956500888,0.5846248865127563
962,57000_cd1ddece_12,0.0002717333263717592,0.9945672154426575
963,119790_1ed376f0_3,0.00018358063243795186,0.7996404767036438
964,72522_e9e87960_4,0.0003850666107609868,0.9927724599838257
965,65366_f618b577_2,0.0003811458882410079,0.6682250499725342
966,55707_c78416ed_35,0.0011205992195755243,0.941437840461731
967,70321_eccffc7e_0,0.0004178877570666373,0.8917433023452759
968,120143_b5756e6b_0,0.0017044291598722339,0.7633019089698792
969,27726_aca43af4_35,7.658374670427293e-05,-2.558161973953247
970,31361_72aab333_20,0.0008902837871573865,0.7170587778091431
971,121949_e10b5e85_12,0.0006786645972169936,0.981255054473877
972,146399_0e4b73c4_13,0.0018012881046161056,0.9630211591720581
973,41134_fc146947_6,0.00038929114816710353,0.8180054426193237
974,21237_7887a24b_35,0.0002672384725883603,-0.10481178760528564
975,24885_55e20ddf_3,7.079995702952147e-05,0.9300519227981567
976,34914_8911676d_23,0.00033062792499549687,0.9412394762039185
977,21803_8a36dcda_12,0.0009088508086279035,0.9695885181427002
978,41306_8f26e703_5,8.610089571448043e-05,0.070526123046875
979,25118_f50fdc69_10,2.6110101316589862e-05,0.9618650078773499
980,25473_0991d519_9,0.00045030374894849956,0.988723874092102
981,126585_86fa26cb_0,6.267032586038113e-05,0.9226030707359314
982,145691_69484976_9,0.0005027275765314698,0.954798698425293
983,60729_c51868ec_0,0.0004682833969127387,0.742021918296814
984,123929_e7dbad2c_0,0.00043408540659584105,0.793804407119751
985,69649_70b07cac_0,0.00013883065548725426,0.9969333410263062
986,55135_f1186d58_9,0.00010593519982649013,0.8680205345153809
987,20838_86c931be_2,0.00046731767361052334,0.9418984055519104
988,45242_626509cb_11,0.00016413249250035733,0.9274691939353943
989,34983_439766af_13,0.0012360409600660205,0.9871431589126587
990,53453_fb0f1640_1,0.0012750581372529268,0.9612927436828613
991,23255_972fbfe6_25,0.00021231715800240636,0.9933075904846191
992,24168_a0ede173_203,0.02331947721540928,0.8703072667121887
993,55476_1473d91f_0,0.00040988437831401825,0.7910383343696594
994,55111_ef389075_1,0.0005121958092786372,0.9804234504699707
995,141710_17531562_1,0.00025218992959707975,0.9788254499435425
996,96601_b89e6252_1,4.642089697881602e-05,0.7531364560127258
997,135790_a27f9deb_43,0.005619016010314226,0.9280085563659668
998,121363_746708db_0,0.00036690966226160526,0.8588272929191589
999,136886_3aa46890_0,0.00012239250645507127,0.9543645977973938
1000,50315_0f1419bf_19,0.001362237031571567,0.9812624454498291
1001,37846_cde34fcd_14,6.962605402804911e-05,0.2127840518951416
1002,24816_ef81ad4c_1,0.00011531752534210682,0.9587646722793579
1003,75646_4baf69b2_7,0.0018018726259469986,0.9747680425643921
1004,140155_81f9ac63_0,0.00040557270403951406,0.8988142609596252
1005,51603_034939eb_10,0.000997478375211358,0.9447401165962219
1006,30435_c97330d2_0,0.0001179792670882307,0.8005179166793823
1007,27839_4a077326_27,0.0003667874843813479,0.9800565242767334
1008,55627_971fde61_34,0.0012508907821029425,0.9032939672470093
1009,134909_ef3d003c_0,7.580579404020682e-05,0.9256324768066406
1010,33413_060ce192_51,4.71528728667181e-05,-5.533143043518066
1011,22245_ca848576_12,0.00023953168420121074,0.7202647924423218
1012,52039_ba12c3ac_1,0.0002591645752545446,0.9948186874389648
1013,39707_358f88df_2,0.00020586044411174953,0.7807797193527222
1014,50014_33f250c8_3,0.002719012787565589,0.9751983880996704
1015,52987_387431ac_1,0.0009681605151854455,0.9335230588912964
1016,33501_b1ee5058_15,0.0002312589786015451,0.9954013824462891
1017,82168_4844bddd_1,0.00029430323047563434,0.9602636098861694
1018,30384_95e72fc2_4,6.113218842074275e-05,0.3267216086387634
1019,23554_a0845d54_2,0.00028211704920977354,0.7641708850860596
1020,23800_65e0a5d1_0,0.00024469380150549114,0.22884923219680786
1021,41128_ee74f244_0,0.0006217592745088041,0.37578898668289185
1022,143019_22dbd3e6_2,0.0007215030491352081,0.9771085977554321
1023,79993_6087acd5_8,0.0015889977803453803,0.9497314095497131
1024,21422_b2a6bf27_0,0.0011679517338052392,0.9807437658309937
1025,25487_dd2c17e8_21,0.0004029834526591003,0.6421823501586914
1026,22654_4c426b0f_10,3.930969614884816e-05,0.7360187768936157
1027,30368_d7fd30ce_6,4.0083850763039663e-05,0.1427057385444641
1028,57249_6bd2af3c_2,0.0006772912456654012,0.975014865398407
1029,57029_3ab80a22_0,0.0005321513745002449,0.8944318294525146
1030,79906_052c7eb4_3,0.00090612011263147,0.8035853505134583
1031,82996_b8dc67c9_10,6.510346429422498e-05,0.9101551175117493
1032,119884_192e3265_1,0.0007486933609470725,0.6585402488708496
1033,21225_c081eae3_10,0.001587774371728301,0.9089695811271667
1034,121949_e10b5e85_1,0.00027503439923748374,0.9304050207138062
1035,81994_ba8916c9_5,5.1882358093280345e-05,0.9546657800674438
1036,22447_4062c6cb_29,0.00041096899076364934,0.9930673837661743
1037,55044_ee57bac8_1,5.874893395230174e-05,0.7767885327339172
1038,41871_f9a1ad02_13,0.0026718946173787117,0.984993577003479
1039,74688_a5168a45_2,5.173783210921101e-05,-10.116588592529297
1040,23218_02d26ab4_4,0.00014404740068130195,0.6686848402023315
1041,41205_dc60aa5d_0,0.00029228717903606594,0.9273362159729004
1042,41979_ca698776_0,0.0002643632178660482,0.9457815289497375
1043,141453_50ec6f25_7,0.0005896455841138959,0.9832971096038818
1044,97143_5424c420_0,0.0003037437563762069,0.9220476746559143
1045,41986_26275a06_2,0.0009423430310562253,0.9111688137054443
1046,136800_c5e4d711_2,0.00020816238247789443,0.7154725193977356
1047,101635_11b839a3_5,0.00014386550174094737,-0.17863523960113525
1048,55866_b041060d_0,0.000860468193423003,0.9473342299461365
1049,53846_89405f98_0,0.0007737388368695974,0.8419166207313538
1050,27725_5cceaeb7_1,0.0011608994100242853,0.895253598690033
1051,146137_92faaea5_9,0.0009405987220816314,0.9246350526809692
1052,41211_11f6b8a0_4,0.00012174499715911224,0.9498606324195862
1053,21330_f0cee934_46,0.00027595373103395104,0.9944828152656555
1054,127188_5fecd146_4,8.533550862921402e-05,0.8827407956123352
1055,135949_06517574_8,8.913640340324491e-05,0.07592672109603882
1056,68928_0d4e4a2e_24,0.0012118301820009947,0.9238001108169556
1057,50410_f8f03667_38,5.149812568561174e-05,-2.5453851222991943
1058,142999_171240b6_21,7.046973041724414e-05,0.9478958249092102
1059,144709_642fc665_0,0.0007233100477606058,0.9289181232452393
1060,53232_f8760054_10,0.0002668779925443232,-1.5542469024658203
1061,22372_e91792a1_0,5.621129093924537e-05,0.2790886163711548
1062,21767_53eaa558_12,0.0028541218489408493,0.9631178379058838
1063,32220_1fd19c5e_0,0.0001621088886167854,0.8334535360336304
1064,22886_a6331748_1,0.0012480486184358597,0.8854156732559204
1065,130996_b842b511_12,0.00017652778478804976,0.9837291836738586
1066,55571_74a416b1_1,0.00021772868058178574,-0.8469173908233643
1067,70169_914780d4_1,0.00023152913490775973,0.9118338823318481
1068,23156_7788f78a_6,0.004899629391729832,0.9645471572875977
1069,124496_20e20439_10,7.365964847849682e-05,0.8381058573722839
1070,76300_7cb02add_1,0.0002657703007571399,0.9606462717056274
1071,21647_6b6cca6f_10,0.0001551757159177214,0.9153039455413818
1072,22734_f6bad9f7_23,0.0017364175291731954,0.9276635050773621
1073,94176_0a6c42ab_2,1.5015773897175677e-05,-1.7557148933410645
1074,24048_d731886d_9,0.0005820198566652834,0.9358474016189575
1075,25487_dd2c17e8_30,0.0010794161353260279,0.512065589427948
1076,115717_40314bc2_4,3.895589543390088e-05,0.873285174369812
1077,125592_875faf40_0,0.0011987917823716998,0.9443560838699341
1078,41871_f9a1ad02_44,0.0007374728447757661,0.9478990435600281
1079,146642_883a71d2_8,0.000131755048641935,0.9678540229797363
1080,136883_076fbff9_31,6.789692270103842e-05,0.7754116058349609
1081,60766_fb8715eb_3,0.0004100963706150651,0.9700098037719727
1082,30818_33617072_0,0.002417061710730195,0.8776241540908813
1083,130679_7a357a9c_18,0.0013414971763268113,0.9210889935493469
1084,55306_795d845b_0,3.1556457543047145e-05,0.9323515892028809
1085,135934_d2f6bb2e_33,6.34362586424686e-05,0.9154261946678162
1086,111054_e45a0d40_7,0.006990352179855108,0.9323801398277283
1087,36826_d9269c2e_10,0.00026615694514475763,0.9819214344024658
1088,37619_ae810a8d_7,4.7506156988674775e-05,-20.696884155273438
1089,22343_34184fd5_22,0.00013044747174717486,0.596259593963623
1090,113020_de552f8d_0,0.00025911242119036615,0.8379682898521423
1091,20216_89b90993_0,0.002314958954229951,0.8457772135734558
1092,23325_292b3294_16,0.0005497046513482928,0.9477040767669678
1093,23522_5c2ec58e_9,0.00027192040579393506,0.9793538451194763
1094,146624_359752bb_20,5.1809995056828484e-05,-25.118453979492188
1095,104990_11b4aeee_1,0.0008923891582526267,0.9796016812324524
1096,90917_4670b560_0,0.0039015936199575663,0.9241716265678406
1097,54818_59adf8c2_5,0.00030960034928284585,0.7322516441345215
1098,34109_5a868eae_3,0.0001711896766209975,0.7207062244415283
1099,23161_e7f63a9f_2,0.00043129120604135096,0.9609751105308533
1100,37160_2a95674a_27,0.0007290734793059528,0.7452777028083801
1101,61280_8bdbc90f_0,0.0021081408485770226,0.9242866635322571
1102,55083_dac1f9cc_2,0.0005393431638367474,0.9550998210906982
1103,34341_d19b12fb_14,8.751706627663225e-05,0.12954896688461304
1104,54516_ac9e2ef4_61,0.0010127756977453828,0.8318312168121338
1105,24559_3c306e71_2,0.00011723159695975482,0.7613575458526611
1106,105831_88a0fb85_1,0.0006088832160457969,0.9768662452697754
1107,32743_f4c47bbc_19,0.0008208631770685315,0.8474721312522888
1108,40500_6055e3d7_18,0.0006679127109237015,0.9679384827613831
1109,22862_f5406bb0_0,0.002043660031631589,0.9671238660812378
1110,141081_ae61ec46_0,0.0010502927470952272,0.9847955703735352
1111,135112_cf8007b8_4,0.0010780191514641047,0.9836462140083313
1112,131442_1512d9ff_5,5.635813431581482e-05,0.8807334899902344
1113,145132_7aea3b66_1,0.007830354385077953,0.9703627824783325
1114,41871_f9a1ad02_45,0.0003961424808949232,0.9236453175544739
1115,51775_49ef614a_1,0.00047117494978010654,0.8664951324462891
1116,143293_fc5b0ff7_23,0.0002434734778944403,0.555185079574585
1117,51547_a7e01c38_6,4.10790198657196e-05,0.9411436319351196
1118,114021_44c3c39c_2,4.630636976798996e-05,0.8845560550689697
1119,123766_c5a4cf5e_0,0.00017039498197846115,-0.08639776706695557
1120,23031_0d684603_8,0.00028186338022351265,0.8785096406936646
1121,132996_c742ef84_4,0.0010193579364567995,0.8585458397865295
1122,137096_5d77f285_1,0.00048184164916165173,0.9424887299537659
1123,27072_b4756e8c_2,0.0004435192095115781,0.899689793586731
1124,51915_e704f5dd_2,0.0004086430708412081,0.9360964894294739
1125,132811_57264a28_13,0.00041324534686282277,0.9930428862571716
1126,49396_98ab955d_13,0.0008388619753532112,0.9064795970916748
1127,132081_761d26ad_0,0.00021898836712352931,0.9941380620002747
1128,82906_7b72e0e8_2,0.0007236784440465271,0.979838490486145
1129,92649_26fe8262_0,0.00015981054457370192,0.9262688755989075
1130,21803_8a36dcda_11,0.0012845611199736595,0.9654492735862732
1131,30637_f6324fc6_5,0.0001375220308545977,0.08979260921478271
1132,105560_a6f91315_12,4.451238055480644e-05,-5.234449863433838
1133,41737_d80c34b9_0,0.0006492886459454894,0.9612081050872803
1134,34983_439766af_12,0.0003117216983810067,0.9693356156349182
1135,122755_60c41889_10,0.00010761291196104139,-0.724549412727356
1136,76879_65a30a82_2,0.0030676464084535837,0.9725600481033325
1137,89816_cef36e57_4,0.0009345851722173393,0.9845877885818481
1138,49406_100c707b_3,0.0003342958225402981,0.9614540934562683
1139,105560_a6f91315_10,6.350600597215816e-05,-0.3712366819381714
1140,129421_483d2957_5,0.0001287606282858178,0.45748645067214966
1141,122740_fc5c94eb_33,0.0005227954243309796,0.9839929938316345
1142,135595_656de97a_5,0.00022850604727864265,0.9165430665016174
1143,35740_5322d674_5,4.812618135474622e-05,-15.703020095825195
1144,23681_932e722e_18,0.00040846827323548496,0.9922683835029602
1145,108244_329b1876_17,2.4545970518374816e-05,-4.703259468078613
1146,125745_cf468448_6,0.00024855375522747636,0.9415563941001892
1147,138838_c9a9e790_6,0.0005076087545603514,0.9013287425041199
1148,102416_b74464a2_4,4.959054058417678e-05,-18.670358657836914
1149,30426_2cde26de_21,3.728553565451875e-05,0.8891725540161133
1150,137837_9c9f163d_5,0.00026880187215283513,0.7169544100761414
1151,25487_dd2c17e8_15,0.0014701599720865488,0.8083688020706177
1152,21549_18160a0a_4,4.709740460384637e-05,-5.648211479187012
1153,21385_601444ba_0,0.0009919616859406233,0.9382909536361694
1154,35233_add576ba_9,0.0008386929403059185,0.9452232122421265
1155,55345_c6423351_0,0.0009567090310156345,0.8451162576675415
1156,110697_4b2725f1_0,0.00035049940925091505,0.9918351173400879
1157,109946_242843a6_1,0.00012864978634752333,-2.0326757431030273
1158,34341_d19b12fb_22,4.391011316329241e-05,-3.99222469329834
1159,23247_bcd1e84f_21,0.0007297751144506037,0.8467684984207153
1160,131765_29b29f08_6,6.41408478259109e-05,-0.38898253440856934
1161,21395_7d6fda6f_12,0.00019447073282208294,0.829797625541687
1162,135460_6471e973_15,0.00013969250721856952,0.9541130065917969
1163,51741_49d61151_7,0.000391234178096056,0.985863447189331
1164,28382_90b7cc0c_12,0.0001019232950056903,0.9630292057991028
1165,30850_05d88af9_2,0.0006650437135249376,0.9725657105445862
1166,86278_1e55d036_12,0.00024642568314448,-0.8341914415359497
1167,67240_525e92c1_1,0.0007168682641349733,0.42477500438690186
1168,82002_ef2b4feb_6,0.000553653750102967,0.9893618822097778
1169,53364_ec8aad42_1,0.004868625663220882,0.7908050417900085
1170,135771_b030a25c_17,0.0004990877932868898,0.4226655960083008
1171,135906_29d7b495_1,2.8775230020983145e-05,0.948554277420044
1172,21822_7d3db422_38,0.00022842027829028666,0.7682589292526245
1173,81136_5b86c723_1,9.608001710148528e-05,0.29441899061203003
1174,25473_0991d519_2,0.001691127778030932,0.9707423448562622
1175,73405_94381b7c_5,0.00133734371047467,0.7752070426940918
1176,24009_c40b0d48_2,0.00037960876943543553,0.9883423447608948
1177,22162_439af02a_1,0.00028275937074795365,0.9944401383399963
1178,146159_f3f80701_0,0.0011494527570903301,0.6935189366340637
1179,51895_5760b481_15,0.0017209368525072932,0.9816835522651672
1180,33500_e58e287e_1,0.0010261592688038945,0.9522337913513184
1181,31838_2e4bd173_0,0.0006869343342259526,0.5408217310905457
1182,146137_92faaea5_18,6.622426735702902e-05,0.4203161597251892
1183,124879_2257a334_2,5.7141707657137886e-05,0.3728479743003845
1184,144145_510eedc2_7,0.00021817856759298593,0.9959565997123718
1185,21237_7887a24b_78,0.000602441665250808,0.9476101994514465
1186,82297_93739ce0_6,0.0008598834974691272,0.7173342704772949
1187,51536_a18dc325_31,0.00015157557209022343,0.2653007507324219
1188,93103_fdb9fcb7_7,0.0006144316284917295,0.9206892848014832
1189,24590_415f7013_9,0.0001586874423082918,0.9705981612205505
1190,130659_16f2db4c_0,0.0002599188301246613,0.9140141010284424
1191,23083_fdb942ac_2,0.0006492561660706997,0.9729102253913879
1192,23954_a8c09819_2,0.00026642356533557177,0.9948333501815796
1193,30417_0010bc7c_13,0.0006462009623646736,0.9425382614135742
1194,120535_e304dfca_1,0.00038645105087198317,0.9716538190841675
1195,93199_2146e709_9,0.0008676861762069166,0.8007572293281555
1196,23686_cba4f679_15,0.0011811156291514635,0.9735268354415894
1197,40807_58058731_20,0.001084169140085578,0.9890878796577454
1198,94410_d32e7520_35,0.0012102307518944144,0.9698671102523804
1199,79695_fd8bae0e_0,0.0007199031533673406,0.8169410228729248
1200,129422_621d0a90_35,0.0009193561272695661,0.5682128071784973
1201,44932_16cb7f21_5,0.0011152621591463685,0.9684128761291504
1202,136550_8a8672e5_1,0.00015317519137170166,0.9569994807243347
1203,20495_e8e7e80c_3,0.00032664870377629995,0.9941577315330505
1204,31962_e5291336_50,0.00028881567413918674,0.7244882583618164
1205,24888_5be1de05_1,7.969302532728761e-05,-0.5156950950622559
1206,34114_7e58a97d_10,0.002844040747731924,0.8906604647636414
1207,108433_37a79370_0,0.002444350626319647,0.7840094566345215
1208,22844_9b75b8e0_1,0.00014498950622510165,0.9939855933189392
1209,115637_b4d41e8a_0,0.0007362913456745446,0.9287224411964417
1210,53474_f29e4438_15,0.0022745979949831963,0.9352943897247314
1211,26766_1aaa348c_0,0.0002752405416686088,0.9609293341636658
1212,51940_67bb0219_7,0.0005841769161634147,0.9045365452766418
1213,41714_1d49f4d1_13,0.00013148148718755692,0.48150789737701416
1214,21815_7090778f_9,0.0010525173274800181,0.9136247634887695
1215,32843_8e5bdf24_0,0.0016118319472298026,0.928584098815918
1216,23686_cba4f679_10,0.00031418303842656314,0.9608486890792847
1217,114425_891ab08d_0,0.0015815412625670433,0.8028007745742798
1218,41786_02d48cdd_5,0.0008051748154684901,0.8754050731658936
1219,22895_4533b542_1,0.0003472362004686147,0.9800987243652344
1220,49016_cd1b47bf_6,0.002015434904024005,0.936155378818512
1221,51674_a70c1c6c_3,9.525885980110615e-05,0.8476682901382446
1222,52972_6e5a5ada_11,0.0004204474971629679,0.9821537137031555
1223,120700_d818883a_8,0.00010544821270741522,0.8572269678115845
1224,34530_9525ffcd_0,0.001127820461988449,0.9787909984588623
1225,24355_99bf3f8f_1,0.00028758615371771157,0.443071186542511
1226,56250_3b6024e3_46,0.0015762191032990813,0.9721308946609497
1227,56355_727ca47c_3,0.0005064603756181896,0.8777068853378296
1228,35057_9af89947_1,0.0004287487827241421,0.9326857924461365
1229,120881_a946667f_13,7.281442958628759e-05,0.8996863961219788
1230,143021_c6df0146_5,8.63744062371552e-05,0.5190292000770569
1231,69240_dc199112_3,0.0004045561945531517,0.6317969560623169
1232,41733_1ec9b00c_15,0.0003901667078025639,0.9187486171722412
1233,30298_24191733_2,3.662415474536829e-05,0.7467207312583923
1234,30400_8824ce97_18,0.0002320923376828432,0.9515376091003418
1235,37040_ecbcd25e_36,0.0002345751563552767,0.9367338418960571
1236,23035_6087bb57_4,0.0001293540553888306,0.806419849395752
1237,38675_6e07d74b_26,0.002481232164427638,0.9656683206558228
1238,31751_e37382e1_9,0.0004318535793572664,0.9539530873298645
1239,54601_e1da5b93_4,0.00030753962346352637,0.9938816428184509
1240,142999_171240b6_29,0.0005744610680267215,0.9564542770385742
1241,137646_14bca880_0,0.0007477552280761302,0.9309442639350891
1242,37519_442dc408_1,0.00011480109969852492,0.859710693359375
1243,47195_a8cd8bad_6,0.00031374054378829896,0.9800491333007812
1244,22474_b10fea1a_6,0.0007323921308852732,0.915530264377594
1245,53200_d1e30b87_10,0.00026658785645850003,0.9536112546920776
1246,41472_f9d73638_9,0.00014604217722080648,0.8498907685279846
1247,126397_cc08a23d_1,4.160362368565984e-05,0.9324798583984375
1248,31838_2e4bd173_4,0.000891305273398757,0.9841102957725525
1249,52006_d21e4570_7,0.0004672375216614455,0.9073816537857056
1250,62109_08c31aa8_0,0.00046145127271302044,0.917773962020874
1251,49403_458914df_0,0.00020845945982728153,0.8768654465675354
1252,122914_76ff1f5e_2,3.2018990168580785e-05,-1.8497767448425293
1253,34913_d23e2a24_2,0.00012370508920866996,0.9446459412574768
1254,104641_2cd02839_15,3.8416710594901815e-05,0.8889845013618469
1255,131632_6144b102_1,0.0007433877908624709,0.9911495447158813
1256,30850_05d88af9_0,0.00033787221764214337,0.9734892249107361
1257,86296_8a6ed4d3_7,5.561251236940734e-05,0.8287118673324585
1258,34983_439766af_7,0.000628514913842082,0.9910459518432617
1259,33374_7491cbf8_2,0.00367695651948452,0.9644243121147156
1260,50694_afd26bd5_10,0.0007301019504666328,0.9921598434448242
1261,50292_e84db1fb_8,0.00017383355589117855,0.4068056344985962
1262,81367_622a9e51_2,0.00028540747007355094,0.9283327460289001
1263,78966_584c5305_0,0.00034845038317143917,0.818311333656311
1264,79905_623eae86_1,0.00291979918256402,0.9760895371437073
1265,63055_6b907478_15,0.00031881092581897974,0.9745684862136841
1266,135771_b030a25c_4,0.0003782068088185042,0.5238271951675415
1267,41753_9b4f8d8a_0,0.0003360951377544552,0.9934011697769165
1268,80784_f7ec5f70_1,0.0005962210125289857,0.8989738821983337
1269,33607_c6f31fa6_10,0.0002888680901378393,0.9646233916282654
1270,22225_a3ce4d29_42,0.0002771126164589077,0.9702205657958984
1271,51938_8b9cba89_5,0.0020619414281100035,0.956788182258606
1272,44741_f386a08f_4,0.0009418652043677866,0.972045361995697
1273,70021_e673ae54_4,0.0004637033271137625,0.9924739599227905
1274,55135_f1186d58_7,0.0005735336453653872,0.9485941529273987
1275,31856_2a5a4e32_12,0.0008294596336781979,0.9539877772331238
1276,75303_045fc848_4,0.0009256266639567912,0.8577767610549927
1277,129683_3ad38815_10,0.0030087055638432503,0.9648165702819824
1278,21894_93f0d052_24,0.0008060837863013148,0.9348094463348389
1279,143823_1b04bf80_13,0.0002981911529786885,0.9784824848175049
1280,143823_1b04bf80_18,0.0001898185146274045,0.8163497447967529
1281,111863_c925f4f3_2,0.0001662943250266835,0.8413222432136536
1282,104633_d0a15bd3_6,0.001031188410706818,0.9135311841964722
1283,48832_22363e53_33,0.00036958701093681157,0.9900170564651489
1284,127466_a18ae326_1,0.0006706217536702752,0.7473448514938354
1285,22211_b1ee53f0_12,0.0011513589415699244,0.9518871307373047
1286,137837_9c9f163d_6,0.0002030675095738843,0.9446946978569031
1287,122755_b830e22d_17,3.9888109313324094e-05,0.5532684326171875
1288,21299_e9cd80a6_12,0.00023644312750548124,0.6829288005828857
1289,44920_70dd4b80_11,0.00024094937543850392,0.9890991449356079
1290,52987_387431ac_7,0.000837538274936378,0.9744905829429626
1291,147926_b78316a8_10,0.00016977045743260533,0.8512612581253052
1292,144653_e3eccdf1_50,9.038412827067077e-05,0.9397812485694885
1293,56458_c027ed41_0,0.00048789000720717013,0.9394373893737793
1294,23495_6366269c_11,0.00030234354198910296,0.9939873218536377
1295,70883_e2d6a103_2,0.001471195719204843,0.978140652179718
1296,32743_f4c47bbc_34,0.00028313935035839677,0.8349757790565491
1297,30910_38ea5a06_2,0.00025251973420381546,0.9571728110313416
1298,56476_466fc284_17,0.0009952934924513102,0.9794132709503174
1299,22604_0b4ffb43_62,0.0006488246144726872,0.972928524017334
1300,21534_6367be99_0,0.0005318254698067904,0.8323495984077454
1301,133026_1085532d_1,0.0002687180240172893,0.931707501411438
1302,137828_0b0786fb_1,0.0005894252681173384,0.9886685609817505
1303,55627_971fde61_27,0.00024410421610809863,0.9691847562789917
1304,93869_8b1922a3_0,0.00041091215098276734,0.9668610095977783
1305,24393_9acd18c6_3,0.0008312244317494333,0.9844893217086792
1306,44996_b3e9c266_14,3.059344453504309e-05,0.8802728056907654
1307,55300_b9675d43_1,0.00028002785984426737,0.9945017695426941
1308,113352_879844fe_0,0.00036284964880906045,0.9852244257926941
1309,135317_3c58b0d0_9,0.00013229972682893276,0.877755880355835
1310,115624_fe3eb392_1,0.0013275506207719445,0.9378262162208557
1311,63055_6b907478_21,0.00030397294904105365,0.9889146089553833
1312,40421_032c052f_0,0.00028699435642920434,0.956376850605011
1313,143029_70554264_3,8.586354670114815e-05,0.8529058694839478
1314,145117_78f63de3_0,0.00022553856251761317,0.9419938325881958
1315,128996_35f2006e_0,0.00010798138100653887,0.4600211977958679
1316,54503_fc6c6963_1,0.00021781021496281028,0.9724905490875244
1317,24657_0168dc6b_1,0.0004239687405060977,0.9896226525306702
1318,130524_13ad16a8_0,0.002640391467139125,0.9869437217712402
1319,142670_33c641dc_3,0.0001131506942328997,0.9570125341415405
1320,65375_674ff0b9_11,0.000696265313308686,0.3660989999771118
1321,23168_7fdf5427_3,5.2927847718819976e-05,-23.17743682861328
1322,41717_ab2075ac_0,0.0005290966364555061,0.9805737137794495
1323,21739_57582b8f_4,0.00021708857093472034,0.9872636795043945
1324,143293_fc5b0ff7_30,0.0006280487286858261,0.982872724533081
1325,135906_587b5c3d_0,0.00014029548037797213,0.9152833223342896
1326,138685_fd9b79cd_0,0.00037286884617060423,0.7018477916717529
1327,119921_5621fcb4_0,0.00030533107928931713,0.9484519362449646
1328,49403_458914df_5,0.00056636513909325,0.9354525804519653
1329,73525_7f6b2f67_2,2.640501770656556e-05,0.9577085375785828
1330,136994_a3a2f50f_3,0.0002564819296821952,0.9711112380027771
1331,31838_2e4bd173_1,0.0020668606739491224,0.9552649259567261
1332,35866_d0233b36_6,0.00039982711314223707,0.9931837916374207
1333,53053_d6b4d71c_9,0.0009696933557279408,0.974824070930481
1334,90220_7baf1e18_1,0.00023393353330902755,0.6842082738876343
1335,23364_73dd9d4d_10,5.794797107228078e-05,0.9167160987854004
1336,52987_387431ac_3,0.00023369975679088384,0.9807526469230652
1337,51859_6b2fd0f1_4,0.00031592079903930426,0.824367880821228
1338,51708_867d4509_12,4.496193287195638e-05,0.6105291843414307
