case_num,case_name,MSE,R-Square
0,50417_199cffee_13,0.0018940343288704753,0.985246479511261
1,48516_2b3135bf_11,0.0010668737813830376,0.9639291763305664
2,41733_1ec9b00c_31,0.0016407673247158527,0.8408450484275818
3,31664_1e85c690_0,0.000532103527802974,0.9713919758796692
4,21893_0500d043_18,0.0007445546216331422,0.9848623871803284
5,31607_9a2f8140_6,0.000721989490557462,0.9757661819458008
6,41774_88a7a483_18,0.0003775483346544206,0.9078385233879089
7,42143_51b31600_4,5.9860904002562165e-05,0.8790456056594849
8,23104_3b70eba4_13,0.0007928822888061404,-0.3043309450149536
9,129075_8fbf62e5_2,5.392296225181781e-05,0.8577023148536682
10,41624_a15f83c1_13,0.00031898441375233233,0.8433640599250793
11,36088_1ea9c8a9_12,0.0005079185939393938,0.9881507754325867
12,126477_6596d136_14,0.00015415003872476518,0.860275149345398
13,130441_10c43121_0,0.003983496222645044,0.9797069430351257
14,133385_e6aa64d8_21,0.00018429128977004439,0.8790931701660156
15,26398_b99946da_1,0.0020252817776054144,0.973363995552063
16,61198_0c99f50a_4,8.63642999320291e-05,-4.440664291381836
17,26661_ab88a525_0,6.345308793243021e-05,0.9266630411148071
18,129075_8fbf62e5_1,0.0005825321422889829,0.4498790502548218
19,51891_9455ea02_1,0.001716118073090911,0.9727683067321777
20,34770_6bba5bd4_13,0.0002854054910130799,0.9943963289260864
21,21646_a2dd0d00_53,0.0008928856696002185,0.9257814288139343
22,68909_4ae1bc2e_1,0.00022915969020687044,0.7846422791481018
23,27866_ece3076e_109,0.0003095680149272084,0.9511852264404297
24,92134_52f13f49_6,0.0001773017575033009,0.8978193998336792
25,23342_7193a931_1,0.00011358706979081035,0.8423488736152649
26,126572_a2d6f794_14,2.401407436991576e-05,-1.4141433238983154
27,44344_3e0b0b0c_1,2.9846794859622605e-05,-3.1336989402770996
28,49331_3bf3bb84_4,0.00069018843350932,0.9873661398887634
29,33971_46bb0373_0,0.0009259999496862292,0.8817155957221985
30,21517_bfe35b4c_1,0.0003762807755265385,0.45423805713653564
31,23165_369d62aa_6,0.0006965080974623561,0.9915989637374878
32,81846_2907c980_0,0.0008284000214189291,0.9632276296615601
33,24168_a0ede173_111,0.0005600774893537164,0.9446811676025391
34,53461_a5942665_1,0.0018788570305332541,0.9303154945373535
35,24907_c72322ea_13,0.00014367111725732684,0.9457878470420837
36,133424_315bcaeb_7,8.6567088146694e-05,0.8879786729812622
37,40490_916e13fe_0,0.0006556472508236766,0.9795781373977661
38,38000_b5822e44_3,0.0005207554204389453,0.9921073913574219
39,138520_f4e0bc0b_63,0.0001613628992345184,0.8460522890090942
40,61294_9255796d_3,0.00011722387716872618,0.7806577682495117
41,22176_272891b8_0,0.00041397183667868376,0.790010929107666
42,24815_4f2a57e4_1,0.0010872300481423736,0.9680748581886292
43,113343_e692c488_1,8.369237184524536e-05,0.8737015724182129
44,33995_18423507_1,0.00014129193732514977,0.8096668720245361
45,127897_029949fd_6,0.00021835483494214714,0.9956337809562683
46,123181_4e56fb4f_0,0.0005852236645296216,0.9915218353271484
47,22670_9353c710_1,9.211879660142586e-05,0.4385983347892761
48,128642_4d72bf31_2,0.0005623033503070474,0.6953983306884766
49,146667_fe438b5b_6,0.0008687627851031721,0.9469459056854248
50,38260_2a31c6df_2,0.0010253987275063992,0.8554878234863281
51,24443_996411f9_3,0.0012653027661144733,0.9712864756584167
52,142074_34e02b6d_1,9.845622116699815e-05,0.9705137610435486
53,41501_b627682a_15,0.0006439101416617632,0.9437306523323059
54,24712_da77fe8f_0,0.0005492835189215839,0.9897230267524719
55,32960_0eaa1de8_26,0.0010342479217797518,0.9808435440063477
56,130757_b2c47f8d_2,4.4377891754265875e-05,-0.32630836963653564
57,104817_6d73dc41_0,0.0007506388355977833,0.9159007668495178
58,79243_49539d9f_0,0.0009630576823838055,0.9792520999908447
59,82012_c533307b_1,0.0001553018082631752,0.8553308844566345
60,107649_e651c5ca_1,6.303067493718117e-05,0.5604571104049683
61,40997_e3c88650_12,0.0004964493564330041,0.9872658848762512
62,143029_70554264_4,0.0005941980634815991,0.9187746047973633
63,27054_342fcf5c_3,8.768848783802241e-05,0.9084793329238892
64,41648_577daf16_17,0.0002751209249254316,0.8958530426025391
65,89720_4e65191c_1,0.0004995246999897063,0.9878989458084106
66,75382_1b589ea9_12,4.845238436246291e-05,0.8614934682846069
67,120371_433ba1ca_2,0.0003501572646200657,0.9694620966911316
68,49024_b7f02205_13,0.001520410180091858,0.9328455328941345
69,51022_47816098_7,0.0017331725684925914,0.9822028875350952
70,41634_4f5d0edb_0,6.032668534317054e-05,0.8793700933456421
71,23170_6ea8ded5_3,0.0006181204807944596,0.9896556735038757
72,69589_cd2fa794_8,0.001026629121042788,0.9328725337982178
73,41504_85e300ee_0,0.0009062489843927324,0.8762611150741577
74,128996_42176b10_0,0.0008424897096119821,0.9318104982376099
75,38920_e81879c2_7,0.00011068120511481538,-132.1186065673828
76,148051_c59af578_6,0.0009609181433916092,0.973829448223114
77,65494_16d62db5_0,0.0001764718908816576,0.763526976108551
78,25473_0991d519_0,0.0007571107125841081,0.9822127223014832
79,75270_25a261ef_5,0.00038993387715891004,0.9610925912857056
80,49613_1b97c07b_12,5.859124576090835e-05,0.3777109384536743
81,115633_a2c63339_1,0.00027451699133962393,0.918803334236145
82,52366_63042db4_1,0.0007287153275683522,0.9834146499633789
83,30282_88c6933c_5,0.0006019904976710677,0.9279821515083313
84,53474_f29e4438_12,0.0009438240085728467,0.9691005349159241
85,24026_1dd4094b_21,0.0009250394650734961,0.8944808840751648
86,21225_c081eae3_2,0.0008300775662064552,0.8902809619903564
87,35057_9af89947_8,0.0002874267811421305,0.769114077091217
88,43529_4804941b_20,0.0005495563964359462,0.9832521677017212
89,22103_fd11c71b_3,0.00031855865381658077,0.9602217078208923
90,51536_a18dc325_0,0.0007544553373008966,0.9599595665931702
91,24230_636208ab_13,0.0005342995282262564,0.6718970537185669
92,41117_1b3271f2_56,0.0018234029412269592,0.9718437790870667
93,140499_419d5823_0,0.0003244979598093778,0.9719495177268982
94,115524_a949e82c_2,5.216885983827524e-05,0.7967807650566101
95,29833_0ed4880f_3,0.00039001929690130055,0.9929826259613037
96,127556_4823a42a_6,0.0005148760392330587,0.9135122895240784
97,23960_48cc0f21_19,3.323788769193925e-05,0.5339110493659973
98,132987_ba18d2eb_11,0.00010261109127895907,0.8035134077072144
99,51337_f8636fd9_30,2.5735405870364048e-05,0.9709224104881287
100,40999_cad6be09_18,0.0010188340675085783,0.9759122729301453
101,136886_99fbdef3_0,8.937480015447363e-05,0.8466278314590454
102,30447_4ed3b778_7,0.0010496275499463081,0.9961329102516174
103,55811_bc667b2d_13,0.0008038775995373726,0.6939654350280762
104,41716_d55164d4_1,0.0002471875341143459,0.9134914875030518
105,33610_aa697fc9_6,0.00032737120636738837,0.9758358597755432
106,55095_fa260d33_6,0.0009363382705487311,0.9753187298774719
107,115639_bc0cc622_0,0.001067803124897182,0.9218189120292664
108,20841_1620ae7d_0,0.000991458655335009,0.863502025604248
109,50823_d1830e58_2,0.0009115621796809137,0.8195506930351257
110,109762_cb162371_48,0.0002916680241469294,0.8975071310997009
111,41387_5f752e39_23,0.0006025602342560887,0.9777162671089172
112,121540_629c716f_0,0.0006615134188905358,0.9719968438148499
113,118539_1dff9cf9_12,3.879147698171437e-05,-1.8370258808135986
114,30714_dafa62f6_2,0.002674487652257085,0.9650095701217651
115,79633_bbbde75f_0,0.001083122449927032,0.9735840559005737
116,33059_531cfd5e_11,0.0006704475963488221,0.8902766108512878
117,20697_d3e106b4_4,4.4146298023406416e-05,0.6292359828948975
118,136062_0027ff97_6,0.0008714613504707813,0.9195997714996338
119,146291_6b0c8db3_1,0.0018903214950114489,0.9560073018074036
120,45466_5f662bcb_0,5.893172783544287e-05,0.8786602020263672
121,144500_7f600ab6_0,0.0002652933762874454,0.9754675626754761
122,44996_b3e9c266_4,0.00013041222700849175,0.9724546074867249
123,40713_4c9264ef_0,0.0004046511894557625,0.9460100531578064
124,132384_0fcab1fa_13,0.00017958380340132862,0.8068079352378845
125,33738_77d49563_2,0.00042254189611412585,0.5088509321212769
126,129422_621d0a90_33,0.0001233589428011328,0.9419418573379517
127,115633_fd3c9b97_32,6.844987365184352e-05,0.7195140719413757
128,69337_a122ffde_1,0.00034442360629327595,0.9647974371910095
129,37241_29f91452_0,0.0004251793725416064,0.9901641607284546
130,141199_9ae000ef_6,0.0007057805778458714,0.40341418981552124
131,147133_92c04b84_4,0.0007385110366158187,0.3504703640937805
132,77687_cbb18594_50,0.0005688378005288541,0.6073628664016724
133,144290_2a679085_11,0.00011356612958479673,0.6655312776565552
134,130825_c59bbbfb_0,0.0007592111942358315,0.9805712103843689
135,82512_252da752_6,0.00011579689453355968,-178.15020751953125
136,115624_d0acb46b_24,0.0011897836811840534,0.9870906472206116
137,92134_52f13f49_7,0.0001612874330021441,0.8988081216812134
138,100326_0602c712_7,5.766793037764728e-05,0.9090969562530518
139,134630_f9e85072_0,0.0005207481444813311,0.880119800567627
140,108943_b07b2543_1,0.000398371514165774,0.9343075156211853
141,125416_ab456bc3_5,0.0012672845041379333,0.8924055695533752
142,57222_33b428d7_69,0.0002898168168030679,0.710139274597168
143,24650_dad8c8ee_13,0.000966828316450119,0.9828684329986572
144,41749_14d0599c_1,0.0002517021493986249,0.9625577926635742
145,49396_98ab955d_27,6.528358062496409e-05,0.9573783278465271
146,136892_e2a0b32c_4,3.7964935472700745e-05,0.023781239986419678
147,31962_e5291336_28,0.0006685527041554451,0.9854093194007874
148,34231_e27353cb_0,9.393963409820572e-05,0.9012311100959778
149,112724_d334de09_0,0.0011877319775521755,0.9815396070480347
150,56486_82b3e23a_21,5.270003748591989e-05,0.387179970741272
151,40500_6055e3d7_17,3.284970807726495e-05,-0.10508787631988525
152,39468_15fb2e60_43,0.0004192898632027209,0.3158419132232666
153,141710_17531562_7,0.0005911048501729965,0.9832940101623535
154,33529_756075a0_12,0.0002822314854711294,0.9447107315063477
155,54169_3a875f10_8,0.0017505091382190585,0.9538285732269287
156,41023_5445cb61_9,0.00011850251030409709,0.8957801461219788
157,146380_5c569eeb_2,0.001100308494642377,0.4086138606071472
158,24195_9791f5d3_38,4.800042734132148e-05,0.05345398187637329
159,26573_7f7e176d_2,0.0015333689516410232,0.9863995313644409
160,22734_f6bad9f7_25,0.0008739334880374372,0.9859189391136169
161,48112_9538e204_0,0.00020499217498581856,0.9959309101104736
162,127545_6fa39158_10,0.0019727644976228476,0.9846592545509338
163,23788_5c0b60c6_0,0.00038844282971695065,0.7960333228111267
164,23792_5b4c1ce0_21,0.0010130476439371705,0.9680342674255371
165,146067_46e58ab3_1,0.0029109155293554068,0.9815316796302795
166,101072_dec6f415_3,0.00017467481666244566,0.9199305176734924
167,22829_b6649a29_0,9.552781557431445e-05,-0.5839552879333496
168,55389_a736bd99_0,0.00081123091513291,0.5690783262252808
169,30259_d709601c_9,0.001749987481161952,0.9501467943191528
170,35866_d0233b36_13,8.216442074626684e-05,0.12753349542617798
171,34563_52848c45_5,0.00011503743735374883,0.9534358978271484
172,44519_90af0df6_7,0.0010137101635336876,0.7042884826660156
173,114111_59282658_8,0.00027788704028353095,0.904911994934082
174,45922_26941172_15,0.0024443611036986113,0.9590819478034973
175,41303_bd1def52_3,8.511226042173803e-05,0.9784791469573975
176,22053_de30641b_1,4.8032397899078205e-05,0.2647232413291931
177,22298_51433023_4,0.000961492711212486,0.9790512323379517
178,23479_81a49137_0,0.0008644693298265338,0.685958981513977
179,22225_a3ce4d29_37,0.0013948319246992469,0.9806885123252869
180,135669_490cd2d7_14,0.0006114590796642005,0.9672032594680786
181,32173_8b075b1a_4,0.0011046987492591143,0.9821065068244934
182,145119_24107428_5,0.0010211358312517405,0.9225435853004456
183,41774_88a7a483_36,0.00038983768899925053,0.7996440529823303
184,133549_1b6c58d6_0,0.0015489949146285653,0.9670320749282837
185,40936_6de8f4f4_0,0.00578352389857173,0.9639212489128113
186,23008_3d1bb7b2_0,0.0015521722380071878,0.9777293801307678
187,38360_ad61c9b2_1,0.0002090997586492449,0.8641434907913208
188,136109_3d342d3c_2,0.0004365176719147712,0.9824509024620056
189,135790_a27f9deb_11,0.00010623674461385235,0.8682566285133362
190,140249_7c1c5bba_0,0.00020586496975738555,0.7494031190872192
191,128996_a3d026d6_0,0.0005518562975339592,0.8869103789329529
192,23235_f9ccb8b0_0,0.0006986159714870155,0.4490620493888855
193,93671_f7290ded_0,0.00021560859750024974,0.8722373247146606
194,51109_97b211c3_7,0.0006234653992578387,0.923801600933075
195,51916_fa226b15_13,0.0001251114154001698,0.729668378829956
196,86268_094d3fab_1,0.00040320740663446486,0.991937518119812
197,39637_ca6a9a60_1,0.0017388496780768037,0.7849547863006592
198,47219_93cb3619_3,0.003478090511634946,0.9387387037277222
199,47878_0edb6829_0,0.000811205361969769,0.9855731129646301
200,26764_ab35159a_6,0.0011238344013690948,0.9551414251327515
201,34341_d19b12fb_12,0.00012823852011933923,0.8587859869003296
202,118342_c702e084_6,0.0005198894068598747,0.9881240129470825
203,49886_dd68dccb_4,0.0008634488331153989,0.9346233606338501
204,23493_57512264_5,0.00015250149590428919,0.519221305847168
205,31751_e37382e1_5,0.0015310882590711117,0.9607817530632019
206,24338_848cab42_6,0.0020773422438651323,0.8358818292617798
207,24916_42eacca3_10,0.00037930981488898396,0.7950701117515564
208,137485_a953e1be_2,0.00020986054732929915,0.9958038330078125
209,23706_ef15ef9c_18,0.001384351751767099,0.9081720113754272
210,143671_eaf4d13b_6,0.0015797513769939542,0.9758970737457275
211,53470_39f2e9dc_13,0.00037189648719504476,0.5286980271339417
212,145772_59253c6d_3,7.153926708269864e-05,0.8991944193840027
213,51893_d531e2bd_2,0.001600863877683878,0.9651437997817993
214,39389_d641313f_8,0.002043847693130374,0.9220147132873535
215,51595_41f3d1a3_5,0.00012200559285702184,0.8841726183891296
216,51674_a70c1c6c_15,0.00022283053840510547,0.1510806679725647
217,37617_3f415463_5,9.953737026080489e-05,0.9245043396949768
218,31862_a89f21f9_3,0.0004434414440765977,0.9868217706680298
219,40519_55a097c6_11,0.0010566776618361473,0.9383898973464966
220,111306_9108c940_0,0.001312798005528748,0.7487694025039673
221,136640_16741d62_4,0.0002308574185008183,0.8429006338119507
222,23155_d7305c5f_2,0.0028018413577228785,0.9432469606399536
223,43934_912ff891_41,0.0001166470829048194,0.4439467787742615
224,57017_6033d1e5_0,0.00127114646602422,0.936004638671875
225,126913_d253adb7_1,0.0004079937352798879,0.8368371725082397
226,130752_52d74f2f_48,0.0008895049104467034,0.9400380253791809
227,124177_71283cad_0,0.0010383506305515766,0.9199320673942566
228,24650_dad8c8ee_18,0.0009435590473003685,0.97588050365448
229,55199_4d57661f_2,0.003160835010930896,0.8107720613479614
230,115010_eb737aaf_20,0.0006372695206664503,0.9877969026565552
231,27855_19c5895a_12,0.0003145987866446376,0.8349940180778503
232,52772_a6e6e320_0,5.4495816584676504e-05,0.9268670082092285
233,90917_3d2d21a9_0,0.0023979712277650833,0.9451558589935303
234,40703_5f4e45d4_7,0.0004005738883279264,0.9920535087585449
235,132622_911efd2f_1,0.0016056097811087966,0.9759665131568909
236,43441_e1ab0873_6,0.004311041906476021,0.9319431781768799
237,34917_61633e20_6,0.0006702427053824067,0.9854691624641418
238,67221_275ba7e6_4,0.0006673577590845525,0.986613392829895
239,130719_e4764a36_10,4.099926809431054e-05,0.9105963110923767
240,136318_130d6a06_20,0.0005630577798001468,0.9486426115036011
241,99636_73c43ebd_10,0.00040803337469697,0.9889901876449585
242,29377_3a04cb8d_6,0.0006736823124811053,0.9017171859741211
243,23018_63087a41_47,0.0005399254150688648,0.9852209687232971
244,26165_100fec74_4,0.00016091691213659942,0.4936761260032654
245,135934_d2f6bb2e_46,0.0002646090288180858,0.8715490102767944
246,24039_448afafa_5,0.0006213326123543084,0.970055103302002
247,32775_a79b406b_14,0.0013515371829271317,0.8277901411056519
248,23686_cba4f679_0,0.0006472492823377252,0.9386163949966431
249,35147_bc9f2c5d_0,0.001237225253134966,0.8002734184265137
250,136337_1351909b_2,0.0031386087648570538,0.9254501461982727
251,139222_2c10ca9a_1,0.0002517963293939829,0.9783387184143066
252,139379_fe5c3f64_0,0.001040208269841969,0.9616504311561584
253,33084_344fec27_2,0.0005278538446873426,0.9900639057159424
254,24775_d5c98d77_0,3.7045549106551334e-05,-0.1419895887374878
255,56344_3a89f085_23,0.0003112841222900897,0.9711501002311707
256,135112_cf8007b8_5,0.00125079695135355,0.9692018032073975
257,50706_20d07d57_2,0.00318756140768528,0.9694545269012451
258,51744_cd355565_5,0.0013212369522079825,0.9604264497756958
259,51464_da501c24_0,0.0013229205505922437,0.7392513155937195
260,126572_a2d6f794_23,4.0699531382415444e-05,-0.4085969924926758
261,70021_e673ae54_2,0.00011542633728822693,0.8336896300315857
262,25144_31b089b6_5,0.00027895899256691337,0.8736452460289001
263,24715_55aac5f2_2,2.7311167286825366e-05,-1.2736520767211914
264,24532_f82f8000_2,0.0007609969470649958,0.3839437961578369
265,30664_a3084f71_1,0.001143587869592011,0.5218799114227295
266,81145_5c13a8e9_1,0.0004584772977977991,0.531711220741272
267,132037_2abb8c63_10,3.9159145671874285e-05,0.8199927806854248
268,50414_ac159b58_2,0.00043182531953789294,0.9843061566352844
269,21601_360ce1c7_7,0.0012303255498409271,0.9776406288146973
270,22119_27e3ecbe_9,0.0005706566735170782,0.9823042750358582
271,145120_74f7316f_0,0.0022564888931810856,0.897980809211731
272,74574_c302ff1f_0,6.335122452583164e-05,0.9167927503585815
273,52443_085efc00_4,0.0004409118555486202,0.8559322953224182
274,147546_ede0f31c_3,0.0025527095422148705,0.9447983503341675
275,22492_047b125b_21,0.0012650019489228725,0.9706400632858276
276,72313_5a86e234_0,0.003739491803571582,0.9285662770271301
277,45589_49e3c7ea_2,0.0016803909093141556,0.9493294358253479
278,83432_a7f85698_0,0.00043545555672608316,0.9902191758155823
279,32775_a79b406b_0,0.00010157587530557066,0.021814823150634766
280,121703_69c4a5ac_3,5.795553806819953e-05,0.7900091409683228
281,80901_e9080573_6,0.0007131699239835143,0.9721684455871582
282,21809_8bd6b10e_3,0.0016519392374902964,0.9636408090591431
283,49396_98ab955d_15,0.0004849747638218105,0.9537580609321594
284,33766_14917a4a_19,0.0012795489747077227,0.9715302586555481
285,26661_ab88a525_8,0.0011615256080403924,0.967438280582428
286,44030_17bd5ec9_0,0.0008338279440067708,-0.02503025531768799
287,53221_74fa81cd_7,0.00017900248349178582,0.8452672362327576
288,21887_3306168f_7,0.0023125328589230776,0.7695797085762024
289,86185_85fde9e6_0,0.0005402304232120514,0.917436420917511
290,87951_500b1dcd_2,0.00010684488370316103,0.8856221437454224
291,22276_69c5036b_11,0.0015429869526997209,0.9596297144889832
292,41721_44151488_5,0.0009996999287977815,0.9074336290359497
293,102293_5d04e48d_0,0.001281297067180276,0.9392076730728149
294,77687_cbb18594_20,9.578552999300882e-05,0.867132306098938
295,133248_1bab99ae_0,0.0016974520403891802,0.25172728300094604
296,24051_4852a192_2,0.000790863239672035,0.9728549122810364
297,86806_2993395a_1,0.00014744258078280836,0.8748312592506409
298,38558_b0d6b3f8_1,0.0005344808450900018,0.9890299439430237
299,140549_7d01813c_0,0.001463174819946289,0.9535852074623108
300,24559_3c306e71_1,0.0005321332137100399,0.9181530475616455
301,70350_751de4b0_13,0.0015513940015807748,0.36804813146591187
302,39101_23fec10f_8,0.0016458870377391577,0.8248960375785828
303,24942_9d1b2ff2_8,0.0008868173463270068,0.9896635413169861
304,30850_05d88af9_3,0.0019390566740185022,0.9677557945251465
305,113358_08641c94_4,0.0009054121910594404,0.9718649983406067
306,21234_8b71bd47_27,0.00027610716642811894,0.90011066198349
307,26245_4aac38e1_21,0.0003943248884752393,0.08511292934417725
308,66072_d301cc88_0,0.0008066369919106364,0.651166558265686
309,21894_93f0d052_23,0.0005601741722784936,0.9446700215339661
310,147816_7fb70c2b_2,0.0005906766164116561,0.9380447268486023
311,49120_4131d1e7_1,0.00023455548216588795,0.953040361404419
312,52224_ca16c854_4,0.0011531865457072854,0.8353250026702881
313,105762_19e04e0b_1,0.000552700599655509,-3.363086700439453
314,30400_8824ce97_36,0.0005463405977934599,0.9213065505027771
315,95199_ffcff41e_0,0.00031716981902718544,0.6750352382659912
316,50417_199cffee_3,6.584620859939605e-05,0.9487519860267639
317,24544_d06c82dd_5,0.0006829550839029253,0.9886976480484009
318,22604_565b91f5_2,0.0005578789860010147,0.9767234921455383
319,22788_b6a9e30a_4,0.0001804121129680425,0.9549161195755005
320,45789_d5126eab_14,0.000658191682305187,0.8655483722686768
321,37267_b2be4b50_3,2.402685822744388e-05,-1.417651891708374
322,34330_5eff1ee1_3,0.001194323063828051,0.8606172800064087
323,137999_d934160e_1,5.859851808054373e-05,0.5467091798782349
324,134921_f5efde94_27,0.0001933874300448224,0.8221991062164307
325,53470_39f2e9dc_8,0.00021460918651428074,-1.4076309204101562
326,23497_f292546d_25,0.0013070348650217056,0.9456773996353149
327,22289_4b848f64_2,0.0007319088326767087,0.9008734822273254
328,31392_84b62622_2,0.0003742292756214738,0.9688113331794739
329,51347_1fc6f329_0,0.0007151779718697071,0.8393385410308838
330,50777_2934de55_6,0.0015127970837056637,0.9460285305976868
331,32841_954e8c1a_0,9.32495022425428e-05,0.9037945866584778
332,31530_6744ae73_3,0.0005352797452360392,0.9921432137489319
333,65827_d1469ad6_1,7.652842759853229e-05,0.42729049921035767
334,145461_30637b22_8,8.987249748315662e-05,-2.59228253364563
335,31973_093ea963_13,0.00013108787243254483,0.9489687085151672
336,70355_e5f58cd5_14,0.0004469365521799773,0.9564125537872314
337,77687_cbb18594_40,5.640882591251284e-05,0.7507797479629517
338,24392_fce351ea_0,0.00021087138156872243,0.8869520425796509
339,36853_7efccb8c_3,0.0007486550020985305,0.8978190422058105
340,41644_d15f8e2b_5,6.711760215694085e-05,0.6541270017623901
341,131762_9b5e5ff5_2,0.0008922690176405013,0.9461165070533752
342,82193_96ef9433_2,0.0007479791529476643,0.9883437156677246
343,31347_386f6298_15,0.001090843346901238,0.9743507504463196
344,34568_fbe47bf9_0,0.00022429015371017158,0.35795891284942627
345,115624_fe3eb392_3,0.0006083998596295714,0.9860767722129822
346,130446_e7b58dbe_0,0.0013292625080794096,0.9463698863983154
347,104641_2cd02839_33,6.375495286192745e-05,0.8607176542282104
348,31460_39fdfc6a_7,0.001312273321673274,0.7046247124671936
349,95541_ced8f936_0,0.0005071579362265766,0.9890695214271545
350,23126_725969ea_17,0.0005551908980123699,0.9413412809371948
351,23676_52069f98_5,9.446142212254927e-05,0.6442759037017822
352,137637_ed9c537d_0,0.0003014649555552751,0.9254584312438965
353,22474_b10fea1a_2,0.0005759374471381307,0.9860497117042542
354,143017_21d96cc2_10,0.0011033773189410567,0.840938150882721
355,105270_34f92afd_1,6.172239227453247e-05,0.9134296178817749
356,95622_0a0787e4_4,0.0007473297882825136,0.9888380765914917
357,55854_13f0399b_0,0.001519857789389789,0.9672879576683044
358,22118_1e09e0eb_5,0.0014633014798164368,0.937591552734375
359,146717_3e6a84c1_7,0.0014624637551605701,0.9780784845352173
360,63132_330141d7_3,0.0002485004661139101,0.9496027231216431
361,115633_fd3c9b97_46,0.00013585956185124815,0.7201634049415588
362,21644_aa203dc5_29,0.0002553595695644617,0.9373209476470947
363,79791_00f639ca_15,0.0006280926754698157,0.9894254803657532
364,60711_42b5a13e_1,0.0006861053989268839,0.9240186214447021
365,137483_cdb8989d_0,0.00036931128124706447,0.9922892451286316
366,21644_aa203dc5_26,0.0007972899475134909,0.8623952865600586
367,131876_b2384623_0,0.0005709035322070122,0.6313867568969727
368,23706_ef15ef9c_10,0.0005530397174879909,0.9153939485549927
369,68948_0d2a01cd_9,0.0014114186633378267,0.9604140520095825
370,145137_4e9eef42_1,0.0004898637416772544,0.9014764428138733
371,30426_2cde26de_20,0.0017512530321255326,0.9800722599029541
372,31378_34c52a73_0,0.0003269499575253576,0.9092331528663635
373,92134_52f13f49_4,0.000183784868568182,0.8759649395942688
374,119634_fc722479_1,0.0007944375392980874,0.9890697598457336
375,24032_d6172503_24,0.0006182275828905404,0.7411590814590454
376,136401_69f29349_4,4.731662920676172e-05,0.2658344507217407
377,41871_f9a1ad02_26,0.0006642469088546932,0.9495630264282227
378,48220_87941c4e_116,0.00127600587438792,0.8111734986305237
379,115012_9ed88535_2,0.00081477320054546,0.6745709180831909
380,69488_025cf0a2_1,0.004795331973582506,0.9674927592277527
381,147427_69f68da4_3,0.00010812553227879107,0.7003160715103149
382,33766_14917a4a_32,0.0010842126794159412,0.96099853515625
383,51747_3d58eae0_0,0.0003782748826779425,0.9492079615592957
384,33785_a4c23f61_0,0.00823031272739172,0.9689505100250244
385,114935_797875fe_2,0.0014463980915024877,0.9473796486854553
386,51775_49ef614a_26,0.0001192291165352799,0.7880126237869263
387,38196_ea48fa42_3,5.910496838623658e-05,0.30857282876968384
388,140413_44177109_21,4.4113287003710866e-05,0.1926882266998291
389,27676_79237cc5_1,0.00037499438622035086,0.8773217797279358
390,52883_e518d3f4_33,0.00020944644347764552,0.9958741068840027
391,34347_841c5375_2,0.00017949353787116706,-2.6494996547698975
392,55289_292737cb_0,0.00043820758583024144,0.9915871620178223
393,50606_82cb18e2_0,0.0006487785722129047,0.9745018482208252
394,30407_efa567f2_4,0.00035750455572269857,0.9913797378540039
395,31647_ab9ad9dc_13,0.0006349392351694405,0.9384880065917969
396,24896_58b4730f_17,0.0004910253337584436,0.9084163308143616
397,23602_5daaccf5_4,0.0010602648835629225,0.9259451627731323
398,27725_5cceaeb7_10,0.0002877657243516296,0.4021604657173157
399,127734_395dcf7d_5,0.0019042377825826406,0.6903579235076904
400,31957_d864f861_3,0.0023138655815273523,0.5284720063209534
401,49415_1671b60c_4,0.0005678824963979423,0.46901029348373413
402,45110_fae73324_4,0.0004808777302969247,0.9743375778198242
403,22343_34184fd5_18,0.00014993017248343676,0.429207444190979
404,22848_cc91b848_38,3.601899879868142e-05,-40.52019500732422
405,73652_23b21ef2_1,0.0009167183889076114,0.9815660715103149
406,65569_bd890a32_1,0.00018291630840394646,-0.7545017004013062
407,48220_87941c4e_111,0.0014258858282119036,0.7502745389938354
408,30394_e30f932c_0,0.000919800833798945,0.9473713040351868
409,21941_1a683ec2_26,0.0006060792948119342,0.9746912121772766
410,25564_e646fcb3_1,7.028230174910277e-05,0.7626476287841797
411,134053_87a32e31_3,0.00010779700096463785,0.7058595418930054
412,87950_af56e26e_2,0.00046034317347221076,0.9663073420524597
413,51458_54240b70_17,0.00016658824461046606,0.8159957528114319
414,40688_effe215a_1,0.001514703268185258,0.9624911546707153
415,131494_c8a441d0_0,0.0002779864880722016,0.9458677172660828
416,26768_c4df841f_21,0.0004167945880908519,0.5117726922035217
417,136892_2d5f55a9_0,0.000672553782351315,0.8525166511535645
418,54652_d60ac3e0_10,0.0009789398172870278,0.9468894600868225
419,51747_3d58eae0_1,0.000657489406876266,0.731221079826355
420,54650_df3655c1_0,3.4394837712170556e-05,0.6232881546020508
421,41125_711db4bf_58,0.0005919711547903717,0.9341533184051514
422,45418_f603706b_2,0.0004034368903376162,0.8979576230049133
423,21852_6cf9a734_18,0.0027196595910936594,0.9767548441886902
424,122515_758d8b70_6,4.2978783312719315e-05,-34.49131774902344
425,104081_05ba54fa_2,0.0003856047987937927,0.8380534648895264
426,41672_cf87e0b6_0,0.00024803896667435765,0.9617180228233337
427,22638_37f9fe91_1,0.0001231712376466021,0.6361123323440552
428,24559_3c306e71_3,0.0006174645386636257,0.8878477215766907
429,31589_ac31215d_8,0.0001880075578810647,0.9005120992660522
430,49603_143b8bd2_35,0.0014407467097043991,0.8859711289405823
431,127965_c64a91da_0,0.0007305418257601559,0.8109314441680908
432,36062_f2fb6808_1,0.00015462265582755208,-0.42902302742004395
433,139280_8874b1ab_18,0.0002043408458121121,0.80364590883255
434,30997_24dea167_4,0.0007386607467196882,0.9333724975585938
435,143471_eb185912_5,7.873830327298492e-05,0.193797767162323
436,23176_1bf2a2d5_10,0.0010605920106172562,0.9561511874198914
437,98299_b8146029_5,0.00041167918243445456,0.9643471240997314
438,23466_1cf60d09_4,0.0012783319689333439,0.9642552733421326
439,41591_2d0bd0d5_3,0.0006143830250948668,0.9784023761749268
440,134929_9049dcec_1,0.00021060460130684078,0.8870694637298584
441,41785_e8bf0528_0,0.0009584369254298508,0.9582363367080688
442,31460_39fdfc6a_6,0.0006187164690345526,0.9867499470710754
443,133710_00be7f31_1,0.0009214375168085098,0.8942712545394897
444,24532_f82f8000_0,0.0004657868412323296,0.8975446224212646
445,21234_8b71bd47_3,9.182224312098697e-05,0.8610023260116577
446,35175_6edc4126_5,0.0006486736238002777,0.9812031984329224
447,20495_e8e7e80c_1,0.00013794575352221727,0.8391546010971069
448,76546_c17e95aa_2,0.00017886415298562497,-0.05211055278778076
449,41654_e75f89df_0,0.0005318690673448145,0.9711322784423828
450,109772_f1a0845e_6,0.0004324014007579535,0.7501504421234131
451,34913_d23e2a24_0,0.0007979997899383307,0.9556644558906555
452,25203_1cc0cb3c_12,0.0010268817422911525,0.9828622937202454
453,37160_2a95674a_4,0.000800649228040129,0.9477348327636719
454,69240_dc199112_4,0.0010342823807150126,0.8035410642623901
455,25176_d9130589_0,0.00032890948932617903,0.9567729830741882
456,69235_fe79a369_0,0.00017985492013394833,0.5960733890533447
457,39468_15fb2e60_9,0.0014296815497800708,0.792589545249939
458,103284_e25015aa_6,0.00011130460916319862,0.11291718482971191
459,30377_e18ea3de_0,0.0004544102994259447,0.6318695545196533
460,66080_f578d52b_4,0.0006937006255611777,-2.5654280185699463
461,37444_52b27e94_14,0.00053341721650213,0.9187632203102112
462,38675_6e07d74b_31,0.0010446091182529926,0.9669463634490967
463,21680_360ba5c7_28,0.0002993890375364572,0.978186845779419
464,142032_5c32b7db_2,0.0008519203984178603,0.9843125939369202
465,44210_a155c2d1_0,0.0024741890374571085,0.9449235200881958
466,38287_88ec74de_92,0.00029115285724401474,0.9570173621177673
467,29572_2f9283f2_4,0.0007965059485286474,0.9406681060791016
468,28300_b3a6ab79_10,0.001717092003673315,0.9406265020370483
469,136129_e6a20c7d_5,5.531872739084065e-05,0.9151229858398438
470,119381_e4d13609_0,0.0010719206184148788,0.9594443440437317
471,30729_b4d83b07_4,4.1694984247442335e-05,0.14380097389221191
472,140413_44177109_11,0.0008555793319828808,0.9597604870796204
473,26384_83eddf22_0,0.0006927713402546942,0.9471073150634766
474,82285_e7a738e7_2,0.001362611772492528,0.8865026831626892
475,108599_347602af_0,0.0008122138679027557,0.9747424721717834
476,119889_41a6f268_1,6.676211341982707e-05,0.9014749526977539
477,55006_94230c00_1,0.0005229032831266522,0.9836521148681641
478,21517_bfe35b4c_10,0.0001035743989632465,0.952404260635376
479,20818_098cad7c_6,0.00012498631258495152,0.8661537170410156
480,41855_b82e6ae8_6,0.00034533365396782756,0.9600802659988403
481,137166_90691294_8,0.0001263127342099324,0.9161169528961182
482,69561_f274e705_26,0.0004696918767876923,0.9773554801940918
483,51579_d0c3e154_0,0.0006080968887545168,0.97426837682724
484,23676_52069f98_4,0.0011753655271604657,0.9629901051521301
485,31962_e5291336_1,0.0005799809005111456,0.9828402400016785
486,57222_33b428d7_1,0.00011276779696345329,0.9162817001342773
487,51586_2ad96f8c_17,5.363177842809819e-05,0.3549095392227173
488,41473_c2137170_32,0.00026749272365123034,0.9583102464675903
489,31123_9a1bfc50_2,0.00030204476206563413,0.9771906733512878
490,23211_3aac9c7e_0,0.0003916017012670636,0.926626443862915
491,45798_b573e9da_5,0.0016641918336972594,0.9142134189605713
492,27847_d2436f7c_37,0.00018643596558831632,0.7845156788825989
493,54736_6ee1b513_1,0.0008239379967562854,0.28815585374832153
494,132901_7d205bb4_9,0.00013225668226368725,0.12311416864395142
495,73762_8c704690_0,0.0005957683897577226,0.9196605682373047
496,23209_1592b0a4_1,0.0006387394387274981,0.9557033181190491
497,49024_b7f02205_2,0.000207542470889166,0.47381269931793213
498,147630_7f858240_15,0.0005894334171898663,0.8961547613143921
499,69337_2c778611_11,0.00034248948213644326,0.7984013557434082
500,82498_92a00cd6_1,0.0008842525421641767,0.7260217666625977
501,78775_e2d8b091_1,0.0006091532995924354,0.917377769947052
502,40067_95ae6c76_9,0.0004008796240668744,0.9570543766021729
503,80756_6f2e842f_0,0.0002521698479540646,0.9486914277076721
504,25284_1da7aa8a_0,0.00037911138497292995,0.9249811768531799
505,55605_2f8bc12e_62,0.0005601129378192127,0.9808439612388611
506,39792_60786b6c_15,0.0008917564409784973,0.9820976853370667
507,34063_0ca1585e_2,0.0005240218015387654,0.6603348851203918
508,31664_1e85c690_13,0.0005636633140966296,0.9838831424713135
509,131193_98f3ac52_1,0.0002495288790669292,0.8883938193321228
510,120221_e2eaa34b_2,0.0011662611505016685,0.5998108386993408
511,130286_1f71bfed_3,0.0006951551767997444,0.7929061055183411
512,118342_e8142153_21,0.00031911450787447393,0.8820704221725464
513,128043_9f8cd69e_1,7.137100328691304e-05,0.9016750454902649
514,41504_85e300ee_1,4.686116153607145e-05,0.7982170581817627
515,78863_d59be42e_0,0.0008680878672748804,0.8956432342529297
516,31733_5118b376_3,0.001896182424388826,0.9864686131477356
517,22208_e177deb7_5,0.0005472306511364877,0.8692671656608582
518,24026_1dd4094b_43,0.00026573677314445376,0.767594039440155
519,73388_10a40b49_1,0.000894205819349736,0.9473596811294556
520,138219_cdff4f61_0,0.0006008509662933648,0.6034623384475708
521,49399_dc56d180_1,0.0005485070287249982,0.9897416234016418
522,41306_8f26e703_3,9.967621008399874e-05,0.9656452536582947
523,51590_034b8b08_14,0.0024309412110596895,0.9588897228240967
524,48402_8c965495_4,0.00016408077499363571,0.7639708518981934
525,26388_a3367cba_0,0.0008360720239579678,0.8957842588424683
526,28300_b3a6ab79_6,0.0007772946264594793,0.9739944338798523
527,43938_418421a7_0,0.0010231517953798175,0.536204993724823
528,41520_60018d18_0,6.757540541002527e-05,0.5134502649307251
529,137869_344b239b_0,6.377521640388295e-05,0.8499832153320312
530,41648_577daf16_0,0.0017499857349321246,0.9250904321670532
531,31347_386f6298_10,0.0005160037544555962,0.9902348518371582
532,82190_24b1b0fe_12,0.0011230113450437784,0.803327739238739
533,33741_4a973932_1,0.0007036824245005846,0.8833358883857727
534,42005_3da46d94_0,0.00035152045893482864,-6.871163845062256
535,132982_ee1eed2f_0,0.0006561503396369517,0.9719805717468262
536,23898_6e740393_29,0.000350260321283713,0.3098302483558655
537,105831_88a0fb85_6,0.00044515691115520895,0.9902912974357605
538,31278_749a6317_0,9.709701407700777e-05,0.9416764378547668
539,51586_2ad96f8c_4,0.0003145384253002703,0.8563947677612305
540,57000_cd1ddece_14,0.00027653478900901973,0.8872838020324707
541,50692_e7ff2668_8,0.0011136088287457824,0.9603925943374634
542,65346_e89312e5_0,7.537997589679435e-05,0.8860810995101929
543,38840_0e449caf_4,0.0007616836810484529,0.8032891154289246
544,29573_ca59fbbf_5,0.001328652841039002,0.9866052865982056
545,30164_c5680724_12,0.0009333732887171209,0.9507434368133545
546,138620_e21e10ee_0,0.00010392109106760472,0.9114360809326172
547,50305_caf9cef2_34,0.0011372130829840899,-0.9677373170852661
548,83396_fdb2987a_0,0.0012388038448989391,0.9553390741348267
549,28379_7e292343_4,0.0009957297006621957,0.9780606627464294
550,33529_756075a0_32,0.0010794970439746976,0.9197849035263062
551,109857_1d24326e_42,3.105360519839451e-05,-0.5475109815597534
552,22772_2b5f6629_6,0.0006170402048155665,0.9898739457130432
553,34600_e2685d46_2,0.0007132551399990916,0.9739363193511963
554,122344_ab1b06aa_2,0.002440962940454483,0.955872118473053
555,123573_5f5c9584_1,0.00019172731845173985,0.8453158140182495
556,35166_562b126c_20,0.0015958092408254743,0.9382300972938538
557,51350_138f893a_1,7.677163375774398e-05,0.2636454701423645
558,137785_67c3085b_16,0.0007202760316431522,0.9822750687599182
559,50417_199cffee_12,0.0014443002874031663,0.9302254915237427
560,22194_a5c323b9_3,0.0002828316646628082,0.9538567662239075
561,42329_df7f540f_18,0.0004142842662986368,0.9567891955375671
562,41779_25e4203d_6,0.00028713542269542813,0.5625444650650024
563,51094_40aa8332_20,0.0012438077246770263,0.953318178653717
564,109762_cb162371_38,0.0007893231813795865,0.958448588848114
565,45922_26941172_9,0.0006296884967014194,0.8915887475013733
566,34587_ed155e93_0,0.0013396453578025103,0.961510419845581
567,69589_a468c1b4_0,0.0014760149642825127,0.9688349366188049
568,44921_00dfb467_0,0.0001516881020506844,0.9629999995231628
569,82672_4705a693_0,0.0004903038498014212,0.7815648913383484
570,26778_a71e88a6_0,0.00011531783820828423,0.6891542673110962
571,69488_7bfb2b67_0,0.0013344744220376015,0.9629185199737549
572,22686_afe3a61e_0,0.00016167045396286994,0.001163184642791748
573,109772_5faa88e8_5,0.00038926428533159196,0.7337296009063721
574,43938_418421a7_147,0.0008184878970496356,0.887558102607727
575,141694_b5ac3112_3,0.0008117610705085099,0.6871243715286255
576,31973_093ea963_16,0.00013193463382776827,0.9171647429466248
577,26858_e90dc419_25,9.365635924041271e-05,0.4580172300338745
578,131350_bbdad30d_0,0.0003009498759638518,0.8284085988998413
579,35741_c43475b8_1,0.0004103686078451574,0.856987476348877
580,30690_3df2c9e2_1,0.0005988893681205809,0.9489389657974243
581,122758_5f4efbf0_2,0.002088679000735283,0.8625746369361877
582,37822_3be11c62_0,0.0002308000111952424,0.9018663167953491
583,91174_ee6ee92b_1,0.00033888337202370167,0.9206033945083618
584,23676_52069f98_31,0.0019178970251232386,0.9806805849075317
585,27958_fee329eb_1,0.0003185395908076316,0.9135931730270386
586,144534_3b4fdb09_18,0.0020273777190595865,0.4335029721260071
587,30292_0b5e0265_1,0.0025935296434909105,0.9646942019462585
588,111062_e59e2d31_0,0.006303241476416588,0.9283673763275146
589,135790_a27f9deb_77,0.0003988224489148706,0.9223194122314453
590,65842_de75838b_10,0.0005136792897246778,0.8925409317016602
591,22475_9d9601a8_3,0.00015588126552756876,0.13097190856933594
592,119884_192e3265_0,0.001781993079930544,0.7340394258499146
593,51463_3330e3aa_2,0.0015921680023893714,0.8347830772399902
594,23231_efe613bb_4,0.0011342059588059783,0.9419081807136536
595,22895_4533b542_2,0.002571556018665433,0.6050152778625488
596,146219_5661130f_4,0.00042507293983362615,0.9907751679420471
597,38953_19054857_19,0.00030058270203880966,0.7328765392303467
598,21847_b2de7eb8_24,0.0006935937562957406,0.9529963135719299
599,51603_034939eb_12,0.0001792565017240122,0.8895073533058167
600,24843_5231632c_4,0.00016585804405622184,0.8968129754066467
601,41982_f75ceb8f_4,0.00029440593789331615,-1.2395930290222168
602,42937_c573c439_2,0.00012876545952167362,0.458731472492218
603,61288_2d594195_0,0.001038418966345489,-0.7070634365081787
604,55006_94230c00_0,0.0003675670304801315,0.6339550018310547
605,49898_f42a885e_5,0.0018261263612657785,0.9601982831954956
606,55709_af3825c8_4,0.0004462010401766747,0.9854772686958313
607,144117_83c980ca_2,0.00018719924264587462,0.34834039211273193
608,40417_b8d98f73_7,0.00013224949361756444,0.9119971990585327
609,53200_d1e30b87_11,0.00022551894653588533,0.7527211308479309
610,147009_977ee378_4,6.852889055153355e-05,0.39481663703918457
611,63056_a5dfd66b_4,0.00011985551100224257,0.7834430932998657
612,22205_f48b96b3_10,0.00036585243651643395,0.9166855216026306
613,51585_b695905b_4,0.0005645187338814139,0.9875003695487976
614,24084_71f37c00_1,0.00029028538847342134,0.9417417049407959
615,25815_0e853ad9_10,0.000562726694624871,0.9648113250732422
616,55030_11a6e3e8_3,0.0027594673447310925,0.9750649333000183
617,23042_1184de03_5,0.0005387691198848188,0.9843220710754395
618,39719_e9629dbd_4,9.291034803027287e-05,-0.021946072578430176
619,51256_ed221095_2,0.00014112146163824946,0.8423513770103455
620,25810_93c8a71a_3,0.00042711832793429494,0.983670175075531
621,22208_e177deb7_1,0.0009250327711924911,0.935272753238678
622,115624_d0acb46b_22,0.0012658892665058374,0.9800754189491272
623,30708_4282508b_0,8.918716048356146e-05,-0.38043248653411865
624,31117_cd5cdbdb_12,0.00032038622885011137,0.8616815805435181
625,41733_1ec9b00c_32,7.528083369834349e-05,0.7777674198150635
626,111387_c4243097_2,0.0001619167160242796,0.7800849080085754
627,119869_e8f0dd81_19,0.00027418494573794305,0.7936545610427856
628,34569_590239d6_0,0.0013454698491841555,0.9382394552230835
629,136318_130d6a06_23,0.00020254655100870878,0.7478716373443604
630,145132_7aea3b66_4,0.0014110737247392535,0.981531023979187
631,41878_3aeaed3d_0,0.0009151517297141254,0.8511804938316345
632,34583_a1cf326b_0,0.000643464969471097,0.9882234334945679
633,116581_d405b783_0,0.0018370574107393622,0.9750404953956604
634,24044_9bbe7992_3,0.0001979240623768419,0.7529684901237488
635,22194_a5c323b9_2,0.0006271459860727191,0.9434797763824463
636,142076_08d80e12_21,6.426880281651393e-05,0.7156521081924438
637,55817_6ac2912d_7,0.0001041929644998163,-0.12358009815216064
638,21165_5cb2d287_2,1.2566051736939698e-05,0.9735214710235596
639,39796_45dcdc7d_0,0.00265171704813838,0.9656096696853638
640,33044_7fdd9213_1,0.001143399509601295,0.9697003960609436
641,23731_3fe5b501_6,9.60082106757909e-05,0.8524192571640015
642,32743_f4c47bbc_31,0.0013245581649243832,0.8768744468688965
643,108775_4908fba2_21,0.0008195238769985735,0.9271708130836487
644,21941_1a683ec2_19,0.000724165583960712,0.946552574634552
645,27682_04277f62_18,0.0007043469813652337,0.9676536321640015
646,25815_0e853ad9_4,0.0013930011773481965,0.9101095795631409
647,30261_723e95cf_2,0.0010271164355799556,0.9567089080810547
648,21385_601444ba_102,0.0009899555006995797,0.95343416929245
649,30368_d7fd30ce_7,0.00030999191221781075,0.8830935955047607
650,55605_2f8bc12e_3,0.0010345657356083393,0.8311140537261963
651,24650_dad8c8ee_15,3.420165739953518e-05,-0.06707417964935303
652,34227_48203345_7,0.0007488637929782271,0.9791222214698792
653,113348_ac85cba3_1,0.0008094718214124441,0.913070559501648
654,26552_25c5924a_1,0.0001316247507929802,0.9495974183082581
655,55381_cbaffe9b_0,0.00019307197362650186,0.9465524554252625
656,55817_6ac2912d_25,0.0008665496716275811,0.9769706726074219
657,138947_0778db40_4,0.0004050672287121415,0.841593325138092
658,52788_07f7da63_0,0.0004234070365782827,0.8948949575424194
659,70355_e5f58cd5_6,0.00010149905574508011,0.8290724754333496
660,51744_cd355565_8,0.0011245380155742168,0.7694469690322876
661,41227_90e1c07c_16,0.001023438642732799,0.9742270708084106
662,45359_1768ab3f_42,0.0024635058362036943,0.7400088906288147
663,41783_d1c10326_3,0.00012605667870957404,0.5944781303405762
664,32960_0eaa1de8_13,5.235235585132614e-05,-2.7794249057769775
665,34674_32ee1595_3,0.001260590273886919,0.9572440385818481
666,136885_23632908_1,0.001013208064250648,0.6384170055389404
667,136808_00592735_3,0.0001986495772143826,0.9567831158638
668,45589_49e3c7ea_5,0.0003927820362150669,0.9919139742851257
669,141665_0564e852_3,0.0007655064691789448,0.8172014951705933
670,50897_3be92e2f_18,0.0006448067724704742,0.9849421381950378
671,84256_4164b724_3,0.00018420575361233205,0.8232582807540894
672,22994_e6ad8f2b_10,0.0012753914343193173,0.9526656270027161
673,28295_0dc908b9_8,0.0002743369259405881,0.9140678644180298
674,23329_6939d5d9_5,0.0002173040120396763,0.7589396834373474
675,123665_0a0da5c7_3,7.507603731937706e-05,0.4139348864555359
676,121172_0ac63503_7,0.00041793283890001476,0.9208569526672363
677,50941_2a8a8c76_0,0.00044325078488327563,0.9912099242210388
678,37846_cde34fcd_66,0.000602844578679651,0.8988220691680908
679,56040_9b1307eb_21,0.001245147199369967,0.8060615658760071
680,146535_229c95bc_1,0.00015636418538633734,0.2835630774497986
681,50947_49287c16_2,0.0007094727479852736,0.9884035587310791
682,95622_0a0787e4_5,0.00018497083510737866,0.899895191192627
683,25432_f13e5110_0,0.000857568986248225,0.972994327545166
684,32454_e959e3cf_0,0.0007288630586117506,0.9794877171516418
685,65858_61e9b51a_18,0.0007850118563510478,0.8209161162376404
686,70350_751de4b0_3,0.0014302980853244662,0.8022677898406982
687,129239_0d49310c_15,0.0003114518185611814,0.8812933564186096
688,31008_8fa25b35_8,0.0002782706287689507,0.9412410259246826
689,55306_795d845b_2,7.761878805467859e-05,0.506680965423584
690,29729_e8bb36f1_2,0.00019877240993082523,0.7657648324966431
691,67283_4097cbd6_5,0.000270064570941031,-1.2962360382080078
692,23904_811e466f_4,0.00010637883679009974,0.91075199842453
693,116076_12d31fb7_1,0.00033950977376662195,0.9489100575447083
694,45302_02d7e3bc_0,0.0007115706684999168,0.8210259079933167
695,60977_4bb093ec_1,0.0005769207491539419,0.9742923378944397
696,49017_76979790_8,0.0006496019195765257,0.8768749237060547
697,146321_0dbae658_10,2.7739020879380405e-05,-1.7953026294708252
698,102194_150e3faf_3,0.001740301144309342,0.9466984868049622
699,34769_44655d03_5,0.00014230668602976948,0.8408764004707336
700,38953_19054857_6,0.0005199674633331597,0.573182225227356
701,55397_ad24603f_1,0.00012159220204921439,0.8737889528274536
702,21908_385686ec_15,0.0006598077015951276,0.9681514501571655
703,60721_57103153_4,0.0002801041700877249,0.551548957824707
704,98701_7cd4ec8d_0,0.002295976271852851,0.958296000957489
705,91703_642cdf1a_1,0.0004620955151040107,0.9913079738616943
706,26661_ab88a525_5,0.00033561314921826124,0.9153409600257874
707,51940_67bb0219_21,9.26732100197114e-05,0.8025081157684326
708,22543_684108ff_22,0.00012125766807002947,0.8795058131217957
709,145250_cde4d039_8,0.0006311237812042236,0.28947269916534424
710,20232_e5b060d9_6,0.00012088080984540284,0.7805640697479248
711,128043_d4650350_0,0.0014904430136084557,0.9799861311912537
712,140530_30edf2c4_0,0.0006233264575712383,0.47395098209381104
713,131814_9af6d05a_0,0.0010371241951361299,0.8440489172935486
714,26245_4aac38e1_9,0.0002104586164932698,0.9120839238166809
715,30282_88c6933c_14,0.0008201039745472372,0.9685346484184265
716,32322_71d0035e_1,0.00037649302976205945,0.9806827306747437
717,131762_d10609a4_1,0.0005138282431289554,0.9767903089523315
718,54812_5f7b7aba_2,0.00024024581944104284,0.8945299386978149
719,135830_8fb36dac_4,0.0013920271303504705,0.9383625984191895
720,139280_8874b1ab_4,1.4844092220300809e-05,0.968114972114563
721,49904_639055dd_1,0.0005652482504956424,0.9352127909660339
722,53601_59d3ecd2_0,0.0022914402652531862,0.9060577154159546
723,50047_54241fe3_12,0.0023969989269971848,0.814460813999176
724,136925_70fb0381_3,0.00044156552758067846,0.9729783535003662
725,87488_95f678ce_0,0.0012845053570345044,0.9716418385505676
726,137166_90691294_2,0.0001223589788423851,0.9186363220214844
727,44030_17bd5ec9_11,0.00011736371379811317,0.8140281438827515
728,137396_b5f6bec4_5,0.0007483713561668992,0.9775227904319763
729,21900_760d2078_10,0.0010706479661166668,0.9844909906387329
730,21185_ac5324ba_5,0.001197687815874815,0.9626467823982239
731,31132_2320d049_4,0.0005825713160447776,0.989403247833252
732,82281_80cdf67c_4,5.430020610219799e-05,0.863014817237854
733,38287_88ec74de_15,0.0004776433343067765,0.9907499551773071
734,136128_831e37a6_0,0.00045809237053617835,0.9490382671356201
735,21330_f0cee934_18,0.00014820517390035093,0.9027221202850342
736,34109_5a868eae_10,0.0006967001827433705,0.9333897829055786
737,21174_861bd902_2,0.0008984539890661836,0.9216938018798828
738,49783_365bec9e_6,0.0007156344945542514,0.9785318374633789
739,24429_ace910b3_8,3.389862467884086e-05,-0.983877420425415
740,22772_2b5f6629_4,0.00046391790965572,0.8813865184783936
741,53927_ef5208b9_14,0.0016251852503046393,0.9322925806045532
742,56250_3b6024e3_54,0.0008153236121870577,0.9821824431419373
743,23522_5c2ec58e_8,0.0009697755449451506,0.9694422483444214
744,121177_93fb3127_10,0.00012104239431209862,0.7803440093994141
745,138840_b7f948ea_2,0.0008422193932347,0.9142783284187317
746,41125_711db4bf_6,0.0015370278852060437,0.9636460542678833
747,102606_28922dfc_0,0.0004145982093177736,-3.359285354614258
748,31530_6744ae73_50,0.0029890357982367277,0.9466729760169983
749,50598_eae0df5a_1,6.639064667979255e-05,0.8786035776138306
750,145726_19ccdbda_12,0.00015113240806385875,0.9515348672866821
751,41469_b94cf3e4_0,0.0009898273274302483,0.7971145510673523
752,147009_977ee378_1,0.0005564484745264053,0.9465144276618958
753,24267_8a216138_10,0.000608188915066421,0.9506238102912903
754,63071_3d434a33_16,0.0003720082459039986,0.980151891708374
755,34436_ffc43a58_4,0.0002306349342688918,0.8010413646697998
756,50692_e7ff2668_4,0.0005014337366446853,0.7990798950195312
757,146642_883a71d2_9,0.002231632824987173,0.9647574424743652
758,109772_f1a0845e_7,0.0012405319139361382,0.9710516929626465
759,136640_16741d62_1,0.0004940201761201024,0.8745701313018799
760,21680_360ba5c7_11,0.0005261439946480095,0.7862354516983032
761,27729_09d75da1_2,0.0005084784934297204,0.9855161309242249
762,82148_5df06ed9_19,0.003541388548910618,0.754000186920166
763,55287_8a57a3db_1,0.0010359968291595578,0.9362666010856628
764,53221_74fa81cd_5,0.00029439645004458725,0.8588153719902039
765,30417_0010bc7c_39,0.0005701365298591554,0.9554958343505859
766,23706_ef15ef9c_40,0.0003777134115807712,0.9460895657539368
767,140763_e14274f8_3,0.00012874366075266153,0.9025367498397827
768,23602_5daaccf5_3,0.00030976301059126854,0.9497846961021423
769,30282_88c6933c_9,0.0007767818751744926,0.9511359333992004
770,56824_0fc773f6_0,0.0006761383847333491,0.9614547491073608
771,42410_d3b5588e_1,0.0005384368123486638,0.9181919097900391
772,55055_dd27a8a4_0,0.0006388638284988701,0.9883072376251221
773,115633_a2c63339_6,0.00024030034546740353,0.7339740991592407
774,73651_a41647f8_5,3.412620208109729e-05,0.8677116632461548
775,33413_060ce192_32,0.001202318468131125,0.9076377153396606
776,97331_a482fa9b_0,0.001290484913624823,0.7272943258285522
777,23476_705b76d1_0,0.001465882291086018,0.9426634907722473
778,32566_7bfc936b_6,0.0019741288851946592,0.9813421964645386
779,41717_eb1c1e6b_0,0.001261411583982408,0.8989154100418091
780,60720_ef9a0a95_8,0.00045846315333619714,0.020114600658416748
781,138700_ab763a46_202,2.9781445846310817e-05,-15.435144424438477
782,38287_88ec74de_17,0.000854892423376441,0.8594045042991638
783,135535_0bd0048d_0,0.0017178414855152369,0.9741272330284119
784,21797_69df08d5_7,0.005720692221075296,0.9544535875320435
785,65350_b3fa8f4f_47,0.0017849475843831897,0.9917847514152527
786,41714_1d49f4d1_3,0.000720344833098352,0.9195087552070618
787,66012_a13e1644_1,0.00039446039590984583,0.832721471786499
788,22652_564979ff_11,0.00037425782647915184,0.7217966318130493
789,25127_ecba81df_23,0.0004002642526756972,0.7387821674346924
790,47548_db93c988_4,0.00012124355271225795,0.703396201133728
791,55927_f8b31711_5,0.0016689167823642492,0.910739004611969
792,31647_ab9ad9dc_2,0.0004891916760243475,0.9338765740394592
793,41128_ee74f244_8,0.0006261089583858848,0.8286424875259399
794,20959_d4905d19_4,0.00018605035438667983,0.9543544054031372
795,52009_a2b75078_3,0.0035091363824903965,0.9646582007408142
796,22201_473a3a65_16,0.0004792659601662308,0.9350736737251282
797,29442_365e23df_30,0.0036306101828813553,0.8973125219345093
798,51859_6b2fd0f1_8,0.0004141016979701817,0.9858582019805908
799,140413_44177109_15,0.0002505340671632439,0.7777777910232544
800,21822_7d3db422_11,0.0009258260251954198,0.9742736220359802
801,24168_a0ede173_100,0.0002667807275429368,0.8074662685394287
802,145532_c2304f89_1,0.0009297469514422119,0.8698051571846008
803,104641_2cd02839_13,6.816029781475663e-05,0.7358154058456421
804,23679_81ef9e37_2,0.0005615489790216088,0.8662021160125732
805,95271_de3df8d5_2,0.00010523996024858207,0.4932757616043091
806,41401_e4117da2_0,3.875507536577061e-05,0.1555454134941101
807,48006_babdf4af_9,0.0018632085993885994,0.9784234762191772
808,142246_0851be5e_32,0.003000214695930481,0.9502128958702087
809,33615_7bab1106_4,0.0004820888570975512,0.9681002497673035
810,31117_cd5cdbdb_18,0.0005290445405989885,0.9919920563697815
811,34914_8911676d_0,0.001268909778445959,0.8953909873962402
812,55501_a09e4ced_2,3.1049781682668254e-05,-0.1663295030593872
813,41128_ee74f244_9,0.0003763280692510307,0.8754257559776306
814,142246_0851be5e_22,0.0008851183811202645,0.8394675254821777
815,22413_901f5867_0,6.360679981298745e-05,0.8074930906295776
816,56490_0a0fba77_0,0.00026361425989307463,0.9252288341522217
817,93676_4f934980_1,0.0005190729862079024,-0.15072667598724365
818,146642_883a71d2_96,0.0010507898405194283,0.885307788848877
819,24032_d6172503_3,0.00047766283387318254,0.919023871421814
820,44221_25c62f03_1,0.0005905308062210679,0.9890624284744263
821,50315_0f1419bf_33,0.0015108424704521894,0.8533578515052795
822,133389_0938a905_2,0.00020654666877817363,0.9475798606872559
823,24824_cf51e5b6_4,0.0007181667606346309,0.8652764558792114
824,33970_32f36442_3,0.0006219479837454855,0.9806050062179565
825,29359_bbfab271_2,0.0004245740710757673,0.9252567291259766
826,23172_4ab01e83_0,0.00033241763594560325,0.9919212460517883
827,98511_1b46a85e_45,0.000819410546682775,0.9769705533981323
828,98511_1b46a85e_46,0.0007120383670553565,0.9790659546852112
829,34248_cc11976c_0,0.0005641235620714724,0.9791567921638489
830,104003_46555fb2_0,0.00023580799461342394,0.47562557458877563
831,34520_035b5e9a_8,0.00016542545927222818,0.9431461095809937
832,38397_93d5d7de_12,0.0015135278226807714,0.9790308475494385
833,130023_93b3ca95_1,0.0003499193408060819,0.8768365383148193
834,83213_47c49876_1,0.0005649336380884051,0.935249924659729
835,43928_6ca53538_63,0.001779105979949236,0.9586271643638611
836,82779_b7b722e3_9,0.0011312254937365651,0.8648945689201355
837,134967_0f27ef51_1,0.00030884871375747025,0.7689394354820251
838,86024_714b24f4_1,0.001445616246201098,0.9433667659759521
839,40807_58058731_11,0.0003976953448727727,0.9400213956832886
840,26750_cd3cb3ff_0,0.001075631007552147,0.981341540813446
841,126913_d253adb7_2,0.0005152497324161232,0.8983369469642639
842,24268_2804c9ff_13,0.0007744927424937487,0.979854941368103
843,45542_320c16fd_3,0.00025664648273959756,0.9948976635932922
844,22342_274ed8a6_1,0.0005820323131047189,0.873947024345398
845,133385_e6aa64d8_17,5.252573828329332e-05,0.7894409894943237
846,143509_1dd5212d_3,0.0006456153932958841,0.9809584021568298
847,47989_3ff0f41d_0,0.0015887018525972962,0.9548046588897705
848,21822_7d3db422_14,0.0029874953906983137,0.9568600058555603
849,21517_bfe35b4c_12,0.000512138067279011,0.1059991717338562
850,52883_e518d3f4_10,0.0003675627813208848,0.9403247237205505
851,41871_f9a1ad02_14,0.0009599923505447805,0.9039623141288757
852,37016_455093c1_2,0.0002107327018165961,0.887028157711029
853,31117_cd5cdbdb_78,0.0022720389533787966,0.9823811054229736
854,129239_0d49310c_22,3.45515800290741e-05,0.8996819257736206
855,30400_8824ce97_6,0.002314001088961959,0.9516180157661438
856,53233_8dbca22c_8,0.0007177151273936033,0.9496561288833618
857,40514_bb61631d_25,0.000398926466004923,0.9117442965507507
858,24053_53349e4d_2,0.0002544067974667996,0.672587513923645
859,41917_f0c40fa1_16,0.00032203804585151374,0.9923816919326782
860,22543_684108ff_5,0.0016467005480080843,0.9347168803215027
861,138636_c1153075_0,0.0001073772000381723,0.9041509628295898
862,24448_75004b6c_6,0.0009741571266204119,0.9689845442771912
863,24831_bbd3e098_8,0.00011597020784392953,0.8863601684570312
864,53221_74fa81cd_3,0.0002147671184502542,0.9419427514076233
865,76879_65a30a82_4,0.00019733277440536767,0.67741459608078
866,108773_f9384cff_10,7.790215749992058e-05,0.17784714698791504
867,33671_0e9c6ca3_5,0.0003339165123179555,0.9734789133071899
868,93103_fdb9fcb7_15,0.001084684394299984,0.9414715766906738
869,137675_d2bd633e_0,0.0003738925443030894,0.7658339738845825
870,21893_0500d043_32,0.0005784621462225914,0.6218215227127075
871,22110_0bc70e9f_1,0.0008888900629244745,0.4537279009819031
872,43152_b5472481_1,0.0011956575326621532,0.5510050058364868
873,115717_40314bc2_1,0.0010965389665216208,0.9041903018951416
874,102943_ca9e7968_0,0.0002690685505513102,0.6338759660720825
875,136401_69f29349_0,0.0011304992949590087,0.25012803077697754
876,28542_3c922564_0,0.00039631430990993977,0.8554829359054565
877,24267_8a216138_6,0.0008335761376656592,0.9542850852012634
878,84374_272a9731_7,0.0006333080818876624,0.9165012240409851
879,23531_1ecc8346_18,0.0020131461787968874,0.9803631901741028
880,41871_f9a1ad02_30,0.0009997180895879865,0.969699501991272
881,132461_14abd2d0_0,4.17082519561518e-05,-0.16437721252441406
882,37617_3f415463_2,0.00012134457210777327,0.8017136454582214
883,41696_de0790a1_1,0.0008701406768523157,0.9806777238845825
884,54657_2a66e0de_20,0.00030702041112817824,0.971807599067688
885,24425_0dc4b306_0,0.00027431236230768263,0.9731355309486389
886,146667_fe438b5b_0,0.0008249200764112175,0.9686267375946045
887,23048_8a1a5553_8,8.256294677266851e-05,-1.2214701175689697
888,51871_86ebf5b2_17,0.0008930935291573405,0.8365044593811035
889,30664_a3084f71_6,0.0006804327131249011,0.9582478404045105
890,139801_97e2ca6a_5,0.0027627404779195786,0.43435031175613403
891,22278_12f1fb79_13,0.000766411772929132,0.9501397013664246
892,22776_facf9bcf_8,0.0014659728622063994,0.9501041769981384
893,40500_6055e3d7_15,0.008208462037146091,0.9181311726570129
894,35740_5322d674_13,0.0001185593064292334,0.9278725385665894
895,39792_60786b6c_12,0.0008833117899484932,0.9679324626922607
896,115524_4a411f7e_0,0.00030482301372103393,0.9307552576065063
897,24131_3ea7d5a8_17,0.0006094906129874289,0.9706009030342102
898,100326_0602c712_2,0.0019886563532054424,0.9368320107460022
899,34571_25c64838_2,0.0010318482527509332,0.9388439655303955
900,143534_4f65fd1a_0,0.0003552943526301533,0.8798779249191284
901,101446_95204330_1,0.00020411040168255568,0.8706071376800537
902,41749_14d0599c_10,0.0001781917380867526,0.4799509048461914
903,55715_525d1d3e_12,0.00021114097035024315,0.3737170696258545
904,45307_b9b4bca0_30,0.002546148607507348,0.981764554977417
905,22654_4c426b0f_0,0.0007186413859017193,0.9100083708763123
906,22670_9353c710_4,0.0004229899204801768,0.8702853918075562
907,99445_94c22a37_11,0.0005780793726444244,0.9914110898971558
908,132811_57264a28_4,0.0005759354098699987,0.9529483318328857
909,23258_87a2ba81_3,7.278160774149e-05,0.8849545121192932
910,50777_2934de55_22,0.0006595216691493988,0.9765884876251221
911,98418_4185a7fb_0,0.00042640496394596994,0.9896697402000427
912,43441_e1ab0873_2,5.225536733632907e-05,0.3667985796928406
913,24271_dbc0fd2d_12,0.00016272971697617322,0.9641808867454529
914,38944_0d0c3fce_0,0.003037543734535575,0.9803214073181152
915,40624_e1c5c424_11,3.9894861401990056e-05,-0.004792571067810059
916,100028_0c3a8f1c_13,0.000591629883274436,0.9923900365829468
917,40491_ac67bf4c_13,0.0006216337787918746,0.9883396625518799
918,25416_1deb9c75_0,0.0006921165622770786,0.8801932334899902
919,21657_2651585a_6,0.0003834702365566045,0.9796745777130127
920,21986_67c5509a_15,0.000351314025465399,0.9564111232757568
921,32288_34013274_2,0.0013996848138049245,0.7630915641784668
922,55373_ddd74d2f_0,0.0009259080397896469,0.8804165124893188
923,26245_4aac38e1_0,0.00042908359318971634,0.9754142761230469
924,33044_7fdd9213_0,0.00037590169813483953,0.9328833222389221
925,31530_6744ae73_48,0.0021528112702071667,0.9792036414146423
926,25555_fd3d9a3c_1,9.055557893589139e-05,0.8728650808334351
927,54175_7d864ace_6,0.0004248319019097835,0.9045960903167725
928,72950_5074f5a3_0,0.0005689245299436152,0.6239096522331238
929,129618_2962c248_0,0.002482325304299593,0.9585405588150024
930,52012_77070fda_10,5.2516654250212014e-05,0.9176408648490906
931,28295_0dc908b9_7,0.00032983021810650826,0.9113985300064087
932,144419_90e59d67_2,0.00020485700224526227,-1.2638981342315674
933,22734_f6bad9f7_24,0.002468427876010537,0.923607349395752
934,22604_0b4ffb43_14,0.0006388638284988701,0.9883072376251221
935,81996_b3752ed2_3,6.544331699842587e-05,0.9412699937820435
936,24504_493cee15_8,0.0009993399726226926,0.9602082967758179
937,39124_28e99e62_1,0.00014523323625326157,0.8365824222564697
938,29725_0ad4937e_1,5.726972813135944e-05,0.8964840173721313
939,109232_04340d62_6,0.000146151811350137,-1.6585743427276611
940,129075_8fbf62e5_0,0.0004586288414429873,0.6370486617088318
941,102937_18c3cb6a_4,0.0007932452135719359,0.9721877574920654
942,52551_8098346a_5,0.0002555407409090549,0.555484414100647
943,128043_6947b64c_0,0.0009012881200760603,0.9479710459709167
944,119030_292009a7_41,0.0008081152918748558,0.8814578056335449
945,48526_5aecac8a_0,0.0004984436091035604,0.9160681366920471
946,32541_86f7df73_4,0.0001980821689357981,0.8115584254264832
947,55114_7bf17f6a_0,0.0009825412416830659,0.9287714958190918
948,55285_6816da52_1,0.002438361058011651,0.9472280144691467
949,37683_e2cca100_17,9.207487892126665e-05,0.8550382852554321
950,78775_e2d8b091_15,0.0012160158948972821,0.9602406024932861
951,93199_2146e709_2,0.0006251641898415983,0.9261939525604248
952,135595_656de97a_14,0.0001520214427728206,0.8910067081451416
953,24284_3710e946_16,0.0005775358877144754,0.9869157671928406
954,135521_30553c91_2,8.245022036135197e-05,-0.19581198692321777
955,29732_fb15318c_5,0.0004059676721226424,0.6143567562103271
956,88060_389bdff4_0,0.0005416967323981225,0.9670354723930359
957,27839_4a077326_28,0.0012763678096234798,0.9683745503425598
958,100435_87bf423d_8,0.00044090929441154003,0.9913120269775391
959,25365_bb0e4ede_44,0.0002032788033830002,0.7116976976394653
960,146169_144d8264_0,0.003512120805680752,0.9810318946838379
961,23342_7193a931_3,0.00011357082257745788,0.6654050350189209
962,57000_cd1ddece_12,0.0004044833476655185,0.9919131994247437
963,119790_1ed376f0_3,0.00014078708773013204,0.8463452458381653
964,72522_e9e87960_4,0.0006309691816568375,0.9881569743156433
965,65366_f618b577_2,0.00027859979309141636,0.7574880719184875
966,55707_c78416ed_35,0.001700409920886159,0.9111371040344238
967,70321_eccffc7e_0,0.0005522497231140733,0.8569359183311462
968,120143_b5756e6b_0,0.0022855375427752733,0.682602047920227
969,27726_aca43af4_35,0.00010188387386733666,-3.7336325645446777
970,31361_72aab333_20,0.0006938359583728015,0.7794918417930603
971,121949_e10b5e85_12,0.0006401916034519672,0.9823176860809326
972,146399_0e4b73c4_13,0.0006680138176307082,0.9862862825393677
973,41134_fc146947_6,0.0004296385741326958,0.7991429567337036
974,21237_7887a24b_35,0.00023587248870171607,0.024860799312591553
975,24885_55e20ddf_3,0.000118440089863725,0.88298499584198
976,34914_8911676d_23,0.00029841932700946927,0.9469636678695679
977,21803_8a36dcda_12,0.0012474256800487638,0.9582592844963074
978,41306_8f26e703_5,5.867425716132857e-05,0.3666014075279236
979,25118_f50fdc69_10,8.700975740794092e-05,0.8729183077812195
980,25473_0991d519_9,0.0007630158215761185,0.9808931946754456
981,126585_86fa26cb_0,0.00010241713607683778,0.873516321182251
982,145691_69484976_9,0.0005149735952727497,0.953697681427002
983,60729_c51868ec_0,0.0005277071031741798,0.7092853784561157
984,123929_e7dbad2c_0,0.000799636822193861,0.6201633214950562
985,69649_70b07cac_0,0.0004700197314377874,0.9896175861358643
986,55135_f1186d58_9,0.00015799498942214996,0.8031617999076843
987,20838_86c931be_2,0.0004854213912039995,0.9396475553512573
988,45242_626509cb_11,0.0003007740597240627,0.8670867085456848
989,34983_439766af_13,0.0019004332134500146,0.9802323579788208
990,53453_fb0f1640_1,0.0024279102217406034,0.9262953400611877
991,23255_972fbfe6_25,0.00042155064875259995,0.9867123961448669
992,24168_a0ede173_203,0.005229789298027754,0.9709141850471497
993,55476_1473d91f_0,0.0005238376324996352,0.7329442501068115
994,55111_ef389075_1,0.0009466540068387985,0.9638180732727051
995,141710_17531562_1,0.0004915763856843114,0.9587259292602539
996,96601_b89e6252_1,5.9121059166500345e-05,0.6855977773666382
997,135790_a27f9deb_43,0.005964711308479309,0.9235794544219971
998,121363_746708db_0,0.00029649867792613804,0.8859187364578247
999,136886_3aa46890_0,0.00027829446480609477,0.8962347507476807
1000,50315_0f1419bf_19,0.0036836094222962856,0.9493319988250732
1001,37846_cde34fcd_14,0.0002061760751530528,-1.3310973644256592
1002,24816_ef81ad4c_1,0.0003481554158497602,0.8755063414573669
1003,75646_4baf69b2_7,0.0016507902182638645,0.9768837094306946
1004,140155_81f9ac63_0,0.00035144147113896906,0.9123193621635437
1005,51603_034939eb_10,0.0011395181063562632,0.9368711709976196
1006,30435_c97330d2_0,7.784583431202918e-05,0.8683764934539795
1007,27839_4a077326_27,0.0003658091009128839,0.9801097512245178
1008,55627_971fde61_34,0.0013020597398281097,0.8993381261825562
1009,134909_ef3d003c_0,0.0001998334628297016,0.8039579391479492
1010,33413_060ce192_51,2.9783226636936888e-05,-3.1265368461608887
1011,22245_ca848576_12,0.00020540290279313922,0.7601218223571777
1012,52039_ba12c3ac_1,0.0003989166871178895,0.9920247793197632
1013,39707_358f88df_2,0.00027781465905718505,0.7041559219360352
1014,50014_33f250c8_3,0.002468107035383582,0.9774870276451111
1015,52987_387431ac_1,0.0008892645710147917,0.9389402866363525
1016,33501_b1ee5058_15,0.00039709836710244417,0.992103636264801
1017,82168_4844bddd_1,0.000487036828417331,0.934240996837616
1018,30384_95e72fc2_4,7.36581496312283e-05,0.18876707553863525
1019,23554_a0845d54_2,0.0005159348365850747,0.5687164068222046
1020,23800_65e0a5d1_0,0.00017214483523275703,0.45748674869537354
1021,41128_ee74f244_0,0.00031423772452399135,0.6845231652259827
1022,143019_22dbd3e6_2,0.0008411171147599816,0.973313570022583
1023,79993_6087acd5_8,0.0017535571241751313,0.9445255398750305
1024,21422_b2a6bf27_0,0.0010917156469076872,0.9820006489753723
1025,25487_dd2c17e8_21,0.00025225727586075664,0.7760154008865356
1026,22654_4c426b0f_10,4.788228397956118e-05,0.6784502267837524
1027,30368_d7fd30ce_6,3.422184818191454e-05,0.2680794596672058
1028,57249_6bd2af3c_2,0.001907504047267139,0.9296325445175171
1029,57029_3ab80a22_0,0.000608781585469842,0.8792299032211304
1030,79906_052c7eb4_3,0.0006721524987369776,0.8543012142181396
1031,82996_b8dc67c9_10,6.7160050093662e-05,0.9073169231414795
1032,119884_192e3265_1,0.0009579507750459015,0.5631033182144165
1033,21225_c081eae3_10,0.0015904830070212483,0.9088143110275269
1034,121949_e10b5e85_1,0.0005371621809899807,0.8640758991241455
1035,81994_ba8916c9_5,8.380842336919159e-05,0.9267691969871521
1036,22447_4062c6cb_29,0.0006293546175584197,0.9893834590911865
1037,55044_ee57bac8_1,5.491428964887746e-05,0.7913579344749451
1038,41871_f9a1ad02_13,0.003210342489182949,0.9819694757461548
1039,74688_a5168a45_2,1.9639188394648954e-05,-3.2197513580322266
1040,23218_02d26ab4_4,0.00011112247739220038,0.7444135546684265
1041,41205_dc60aa5d_0,0.00028556419420056045,0.9290075302124023
1042,41979_ca698776_0,0.0003593188594095409,0.9263070225715637
1043,141453_50ec6f25_7,0.00035380228655412793,0.9899778366088867
1044,97143_5424c420_0,0.0002465416328050196,0.9367279410362244
1045,41986_26275a06_2,0.0005743240471929312,0.9458606243133545
1046,136800_c5e4d711_2,8.431541209574789e-05,0.8847531676292419
1047,101635_11b839a3_5,6.968522939132527e-05,0.42909544706344604
1048,55866_b041060d_0,0.0003435396356508136,0.9789733290672302
1049,53846_89405f98_0,0.0006857592961750925,0.8598917722702026
1050,27725_5cceaeb7_1,0.0011991708306595683,0.8918004035949707
1051,146137_92faaea5_9,0.0012219338677823544,0.902093231678009
1052,41211_11f6b8a0_4,0.00023196775873657316,0.9044665694236755
1053,21330_f0cee934_46,0.00040843564784154296,0.9918341040611267
1054,127188_5fecd146_4,3.4096938179573044e-05,0.9531475305557251
1055,135949_06517574_8,6.022296292940155e-05,0.3756710886955261
1056,68928_0d4e4a2e_24,0.0013400744646787643,0.9157360792160034
1057,50410_f8f03667_38,3.38139507221058e-05,-1.3279192447662354
1058,142999_171240b6_21,0.00018807206652127206,0.860942542552948
1059,144709_642fc665_0,0.000972862122580409,0.9043939113616943
1060,53232_f8760054_10,0.00032775808358564973,-2.136920690536499
1061,22372_e91792a1_0,4.876948150922544e-05,0.37453001737594604
1062,21767_53eaa558_12,0.0034578328486531973,0.955316424369812
1063,32220_1fd19c5e_0,0.00010148616274818778,0.8957357406616211
1064,22886_a6331748_1,0.0006325542344711721,0.9419246912002563
1065,130996_b842b511_12,0.0003876667469739914,0.964268147945404
1066,55571_74a416b1_1,9.845507156569511e-05,0.16483956575393677
1067,70169_914780d4_1,0.0003280607925262302,0.8750747442245483
1068,23156_7788f78a_6,0.002915266901254654,0.9789056777954102
1069,124496_20e20439_10,0.00015576233272440732,0.6576550006866455
1070,76300_7cb02add_1,0.0003787300956901163,0.943919837474823
1071,21647_6b6cca6f_10,0.00026604655431583524,0.8547897934913635
1072,22734_f6bad9f7_23,0.0022811386734247208,0.9049712419509888
1073,94176_0a6c42ab_2,1.6472624338348396e-05,-2.023078203201294
1074,24048_d731886d_9,0.0008648599032312632,0.9046716094017029
1075,25487_dd2c17e8_30,0.0011845952831208706,0.4645208716392517
1076,115717_40314bc2_4,9.146040247287601e-05,0.7024997472763062
1077,125592_875faf40_0,0.0012172204442322254,0.9435006976127625
1078,41871_f9a1ad02_44,0.0006135148578323424,0.9566563963890076
1079,146642_883a71d2_8,0.00016706596943549812,0.9592387080192566
1080,136883_076fbff9_31,0.00012241301010362804,0.5950841903686523
1081,60766_fb8715eb_3,0.0006589058320969343,0.9518144726753235
1082,30818_33617072_0,0.0016477899625897408,0.9165723919868469
1083,130679_7a357a9c_18,0.0017781162168830633,0.8954057097434998
1084,55306_795d845b_0,7.407269004033878e-05,0.8412084579467773
1085,135934_d2f6bb2e_33,7.434395229211077e-05,0.9008839130401611
1086,111054_e45a0d40_7,0.007390330079942942,0.9285110235214233
1087,36826_d9269c2e_10,0.0004445427912287414,0.9698046445846558
1088,37619_ae810a8d_7,3.2098374504130334e-05,-13.659883499145508
1089,22343_34184fd5_22,0.0001195545046357438,0.629973828792572
1090,113020_de552f8d_0,0.00013655255315825343,0.9146090745925903
1091,20216_89b90993_0,0.0029864455573260784,0.8010427355766296
1092,23325_292b3294_16,0.0006178494659252465,0.9412211179733276
1093,23522_5c2ec58e_9,0.0003043670440092683,0.9768902659416199
1094,146624_359752bb_20,3.043101605726406e-05,-14.340883255004883
1095,104990_11b4aeee_1,0.0010257294634357095,0.976553738117218
1096,90917_4670b560_0,0.0036706733517348766,0.9286596179008484
1097,54818_59adf8c2_5,0.0005048928433097899,0.5633589029312134
1098,34109_5a868eae_3,0.00016148363647516817,0.7365415096282959
1099,23161_e7f63a9f_2,0.000507177144754678,0.9541086554527283
1100,37160_2a95674a_27,0.0009362243581563234,0.6729037761688232
1101,61280_8bdbc90f_0,0.0010284570744261146,0.9630632400512695
1102,55083_dac1f9cc_2,0.0002750733110588044,0.9771001935005188
1103,34341_d19b12fb_14,6.157378811622038e-05,0.3875827193260193
1104,54516_ac9e2ef4_61,0.0008395230397582054,0.8605993986129761
1105,24559_3c306e71_2,0.0001472173462389037,0.7003170251846313
1106,105831_88a0fb85_1,0.0009385718149133027,0.9643401503562927
1107,32743_f4c47bbc_19,0.0012342341942712665,0.7706620097160339
1108,40500_6055e3d7_18,0.0006662703235633671,0.9680173397064209
1109,22862_f5406bb0_0,0.0005884857964701951,0.9905331134796143
1110,141081_ae61ec46_0,0.0005855891504324973,0.9915227890014648
1111,135112_cf8007b8_4,0.002075483789667487,0.9685145020484924
1112,131442_1512d9ff_5,6.050817319191992e-05,0.8719510436058044
1113,145132_7aea3b66_1,0.005489769391715527,0.9792217016220093
1114,41871_f9a1ad02_45,0.0005908461171202362,0.8861170411109924
1115,51775_49ef614a_1,0.00040192881715483963,0.8861156702041626
1116,143293_fc5b0ff7_23,0.00021673801529686898,0.6040295362472534
1117,51547_a7e01c38_6,7.694654050283134e-05,0.889754056930542
1118,114021_44c3c39c_2,5.0398914027027786e-05,0.8743531703948975
1119,123766_c5a4cf5e_0,0.00031037547159940004,-0.9788799285888672
1120,23031_0d684603_8,0.0003254350449424237,0.8597291111946106
1121,132996_c742ef84_4,0.0013897609896957874,0.8071458339691162
1122,137096_5d77f285_1,0.0017533362843096256,0.7907266020774841
1123,27072_b4756e8c_2,0.0009179008775390685,0.7923994660377502
1124,51915_e704f5dd_2,0.0004758883733302355,0.9255806803703308
1125,132811_57264a28_13,0.000629825924988836,0.9893967509269714
1126,49396_98ab955d_13,0.0011876627104356885,0.8675936460494995
1127,132081_761d26ad_0,0.0011612761300057173,0.9689145088195801
1128,82906_7b72e0e8_2,0.0007427873788401484,0.9793061017990112
1129,92649_26fe8262_0,0.0004955658223479986,0.771362841129303
1130,21803_8a36dcda_11,0.0011856666533276439,0.9681092500686646
1131,30637_f6324fc6_5,0.00016638018132653087,-0.10120880603790283
1132,105560_a6f91315_12,2.8721966373268515e-05,-3.0228281021118164
1133,41737_d80c34b9_0,0.0007488008704967797,0.9552627205848694
1134,34983_439766af_12,0.0006307637668214738,0.9379510879516602
1135,122755_60c41889_10,9.765588765731081e-05,-0.5649832487106323
1136,76879_65a30a82_2,0.004784516058862209,0.9572027921676636
1137,89816_cef36e57_4,0.0006878463318571448,0.988656759262085
1138,49406_100c707b_3,0.00028386019403114915,0.9672695994377136
1139,105560_a6f91315_10,4.060091669089161e-05,0.12333530187606812
1140,129421_483d2957_5,9.899511496769264e-05,0.5828989744186401
1141,122740_fc5c94eb_33,0.0004072289157193154,0.9875314235687256
1142,135595_656de97a_5,9.29397574509494e-05,0.9660557508468628
1143,35740_5322d674_5,3.131206176476553e-05,-9.867390632629395
1144,23681_932e722e_18,0.0005678738234564662,0.9892511367797852
1145,108244_329b1876_17,2.7563328330870718e-05,-5.404343128204346
1146,125745_cf468448_6,0.00043487464427016675,0.8977459073066711
1147,138838_c9a9e790_6,0.0005519244004972279,0.8927145004272461
1148,102416_b74464a2_4,3.575306254788302e-05,-13.181648254394531
1149,30426_2cde26de_21,6.818987458245829e-05,0.7973124980926514
1150,137837_9c9f163d_5,0.0002507185854483396,0.735995888710022
1151,25487_dd2c17e8_15,0.0017087061423808336,0.7772749662399292
1152,21549_18160a0a_4,2.982815021823626e-05,-3.2105045318603516
1153,21385_601444ba_0,0.0015402509598061442,0.9041823148727417
1154,35233_add576ba_9,0.0017331975977867842,0.8868012428283691
1155,55345_c6423351_0,0.00038663335726596415,0.9374070763587952
1156,110697_4b2725f1_0,0.0003270114248152822,0.992382287979126
1157,109946_242843a6_1,6.072126416256651e-05,-0.43138909339904785
1158,34341_d19b12fb_22,3.5072389437118545e-05,-2.9874467849731445
1159,23247_bcd1e84f_21,0.0006256510387174785,0.8686315417289734
1160,131765_29b29f08_6,4.0565410017734393e-05,0.1215481162071228
1161,21395_7d6fda6f_12,0.0005706623778678477,0.5005515813827515
1162,135460_6471e973_15,0.00022997986525297165,0.924454927444458
1163,51741_49d61151_7,0.0006924996268935502,0.9749777317047119
1164,28382_90b7cc0c_12,0.00014703621855005622,0.946665346622467
1165,30850_05d88af9_2,0.0007174464990384877,0.9704040288925171
1166,86278_1e55d036_12,0.0001740104053169489,-0.29519128799438477
1167,67240_525e92c1_1,0.000696601695381105,0.4410371780395508
1168,82002_ef2b4feb_6,0.0004356060817372054,0.9916300773620605
1169,53364_ec8aad42_1,0.004992032889276743,0.7855024933815002
1170,135771_b030a25c_17,0.0004213956417515874,0.5125383138656616
1171,135906_29d7b495_1,6.840219430159777e-05,0.877707302570343
1172,21822_7d3db422_38,0.00022883880592416972,0.7678343057632446
1173,81136_5b86c723_1,5.916472218814306e-05,0.5655131340026855
1174,25473_0991d519_2,0.0017035219352692366,0.9705278873443604
1175,73405_94381b7c_5,0.0008917273371480405,0.8501103520393372
1176,24009_c40b0d48_2,0.0017503242706879973,0.9462479948997498
1177,22162_439af02a_1,0.00020850969303864986,0.9959000945091248
1178,146159_f3f80701_0,0.00160239078104496,0.5727511048316956
1179,51895_5760b481_15,0.002061753999441862,0.9780561327934265
1180,33500_e58e287e_1,0.0009802145650610328,0.9543724656105042
1181,31838_2e4bd173_0,0.0008414978510700166,0.4375044107437134
1182,146137_92faaea5_18,6.04474735155236e-05,0.47088247537612915
1183,124879_2257a334_2,5.327204053173773e-05,0.41531902551651
1184,144145_510eedc2_7,0.00030450650956481695,0.9943567514419556
1185,21237_7887a24b_78,0.000440671545220539,0.9616780877113342
1186,82297_93739ce0_6,0.0006030601216480136,0.8017587065696716
1187,51536_a18dc325_31,0.00025139417266473174,-0.21852827072143555
1188,93103_fdb9fcb7_7,0.0009832947980612516,0.8730764985084534
1189,24590_415f7013_9,0.0003049396618735045,0.9435003399848938
1190,130659_16f2db4c_0,0.0002550140779931098,0.9156367182731628
1191,23083_fdb942ac_2,0.0005582849844358861,0.9767059087753296
1192,23954_a8c09819_2,0.00022023168276064098,0.9957291483879089
1193,30417_0010bc7c_13,0.0003978536988142878,0.964621901512146
1194,120535_e304dfca_1,0.0012476955307647586,0.9084816575050354
1195,93199_2146e709_9,0.0009775382932275534,0.7755324244499207
1196,23686_cba4f679_15,0.002080498496070504,0.9533683657646179
1197,40807_58058731_20,0.00158912711776793,0.9840054512023926
1198,94410_d32e7520_35,0.001622691168449819,0.9595975279808044
1199,79695_fd8bae0e_0,0.0009021608857437968,0.7705960273742676
1200,129422_621d0a90_35,0.0008740433841012418,0.5894944667816162
1201,44932_16cb7f21_5,0.0023458804935216904,0.9335585832595825
1202,136550_8a8672e5_1,0.00016686756862327456,0.9531556367874146
1203,20495_e8e7e80c_3,0.0007705808384343982,0.9862177968025208
1204,31962_e5291336_50,0.00048506990424357355,0.5372741222381592
1205,24888_5be1de05_1,4.276774052414112e-05,0.1865931749343872
1206,34114_7e58a97d_10,0.003152905497699976,0.8787861466407776
1207,108433_37a79370_0,0.001947158481925726,0.827942967414856
1208,22844_9b75b8e0_1,0.0003656095650512725,0.9848338961601257
1209,115637_b4d41e8a_0,0.0008864313713274896,0.9141879081726074
1210,53474_f29e4438_15,0.004071855917572975,0.8841677308082581
1211,26766_1aaa348c_0,0.0002474488574080169,0.9648743867874146
1212,51940_67bb0219_7,0.0007421213085763156,0.8787260055541992
1213,41714_1d49f4d1_13,0.00010350287629989907,0.5918404459953308
1214,21815_7090778f_9,0.00206901878118515,0.8302051424980164
1215,32843_8e5bdf24_0,0.0019276832463219762,0.9145895838737488
1216,23686_cba4f679_10,0.0006518499576486647,0.9187710285186768
1217,114425_891ab08d_0,0.002081779995933175,0.7404270172119141
1218,41786_02d48cdd_5,0.0006561822374351323,0.8984606266021729
1219,22895_4533b542_1,0.0004151106404606253,0.9762085676193237
1220,49016_cd1b47bf_6,0.002533972030505538,0.9197292327880859
1221,51674_a70c1c6c_3,2.3519472961197607e-05,0.9623892307281494
1222,52972_6e5a5ada_11,0.0008125159074552357,0.9655120372772217
1223,120700_d818883a_8,1.4213642316462938e-05,0.9807552695274353
1224,34530_9525ffcd_0,0.0009248218266293406,0.982608437538147
1225,24355_99bf3f8f_1,0.00025211944011971354,0.5117547512054443
1226,56250_3b6024e3_46,0.0024257719051092863,0.9571099281311035
1227,56355_727ca47c_3,0.0005761603242717683,0.8608766794204712
1228,35057_9af89947_1,0.0006012666271999478,0.9056002497673035
1229,120881_a946667f_13,7.157467189244926e-05,0.9013943672180176
1230,143021_c6df0146_5,6.478642899310216e-05,0.639240562915802
1231,69240_dc199112_3,0.00042984262108802795,0.6087827086448669
1232,41733_1ec9b00c_15,0.0005050376639701426,0.8948269486427307
1233,30298_24191733_2,7.20357711543329e-05,0.5018268823623657
1234,30400_8824ce97_18,0.00045886452426202595,0.9041860699653625
1235,37040_ecbcd25e_36,0.00024108339857775718,0.9349785447120667
1236,23035_6087bb57_4,0.00016491692804265767,0.7531995177268982
1237,38675_6e07d74b_26,0.0015231592115014791,0.9789247512817383
1238,31751_e37382e1_9,0.0003875454713124782,0.9586774706840515
1239,54601_e1da5b93_4,0.0004358496516942978,0.9913290143013
1240,142999_171240b6_29,0.0006292347679845989,0.9523022770881653
1241,137646_14bca880_0,0.0005693816929124296,0.9474171996116638
1242,37519_442dc408_1,0.00018262477533426136,0.7768287658691406
1243,47195_a8cd8bad_6,0.00035088579170405865,0.9776870608329773
1244,22474_b10fea1a_6,0.000706820806954056,0.9184795022010803
1245,53200_d1e30b87_10,0.0004050622519571334,0.9295154213905334
1246,41472_f9d73638_9,0.00011933204223169014,0.8773447275161743
1247,126397_cc08a23d_1,0.00013303471496328712,0.7840927839279175
1248,31838_2e4bd173_4,0.0006994173745624721,0.9875311851501465
1249,52006_d21e4570_7,0.0005822692764922976,0.8845794200897217
1250,62109_08c31aa8_0,0.0004530898295342922,0.9192638993263245
1251,49403_458914df_0,0.0002505121810827404,0.8520253896713257
1252,122914_76ff1f5e_2,1.5228572920022998e-05,-0.35538411140441895
1253,34913_d23e2a24_2,0.00028213675250299275,0.8737528324127197
1254,104641_2cd02839_15,7.295657997019589e-05,0.7891721725463867
1255,131632_6144b102_1,0.0007322668679989874,0.9912819266319275
1256,30850_05d88af9_0,0.0004929788992740214,0.9613189697265625
1257,86296_8a6ed4d3_7,6.968464003875852e-05,0.7853692770004272
1258,34983_439766af_7,0.0005438150838017464,0.9922526478767395
1259,33374_7491cbf8_2,0.0017484419513493776,0.9830833077430725
1260,50694_afd26bd5_10,0.0012828439939767122,0.9862242341041565
1261,50292_e84db1fb_8,0.00016040251648519188,0.45263808965682983
1262,81367_622a9e51_2,0.00035904243122786283,0.9098426699638367
1263,78966_584c5305_0,0.0003508861700538546,0.817041277885437
1264,79905_623eae86_1,0.003424949711188674,0.9719527959823608
1265,63055_6b907478_15,0.000926676148083061,0.9260791540145874
1266,135771_b030a25c_4,9.828965994529426e-05,0.8762506246566772
1267,41753_9b4f8d8a_0,0.0004643319989554584,0.9908834099769592
1268,80784_f7ec5f70_1,0.0006160368793644011,0.8956161737442017
1269,33607_c6f31fa6_10,0.0003793423529714346,0.9535433650016785
1270,22225_a3ce4d29_42,0.0003398711560294032,0.963476300239563
1271,51938_8b9cba89_5,0.002091492060571909,0.9561688899993896
1272,44741_f386a08f_4,0.0008995505049824715,0.9733012318611145
1273,70021_e673ae54_4,0.0006140480400063097,0.9900338649749756
1274,55135_f1186d58_7,0.0007708403281867504,0.9309095144271851
1275,31856_2a5a4e32_12,0.0014777956530451775,0.9180229306221008
1276,75303_045fc848_4,0.000547928037121892,0.9158104658126831
1277,129683_3ad38815_10,0.002185352612286806,0.9744447469711304
1278,21894_93f0d052_24,0.0006990754045546055,0.9434635639190674
1279,143823_1b04bf80_13,0.0005563190206885338,0.9598559141159058
1280,143823_1b04bf80_18,0.00016207627777475864,0.8431904911994934
1281,111863_c925f4f3_2,0.0001519774814369157,0.8549833297729492
1282,104633_d0a15bd3_6,0.0009138145833276212,0.9233734011650085
1283,48832_22363e53_33,0.00044349816744215786,0.988020658493042
1284,127466_a18ae326_1,0.0008470241446048021,0.6808856725692749
1285,22211_b1ee53f0_12,0.0011159077985212207,0.9533685445785522
1286,137837_9c9f163d_6,0.0004732168454211205,0.8711197376251221
1287,122755_b830e22d_17,7.815807475708425e-05,0.1246594786643982
1288,21299_e9cd80a6_12,0.00018429012561682612,0.7528661489486694
1289,44920_70dd4b80_11,0.0006926864152774215,0.9686620235443115
1290,52987_387431ac_7,0.0011201072484254837,0.9658842086791992
1291,147926_b78316a8_10,7.948058191686869e-05,0.9303657412528992
1292,144653_e3eccdf1_50,0.00011421944509493187,0.9239009022712708
1293,56458_c027ed41_0,0.00035766197834163904,0.9556028246879578
1294,23495_6366269c_11,0.00020394350576680154,0.9959442019462585
1295,70883_e2d6a103_2,0.0027817159425467253,0.9586686491966248
1296,32743_f4c47bbc_34,0.0003601442731451243,0.7900943756103516
1297,30910_38ea5a06_2,0.0004973914474248886,0.9156427979469299
1298,56476_466fc284_17,0.0014172582887113094,0.9706853032112122
1299,22604_0b4ffb43_62,0.0005580478464253247,0.9767160415649414
1300,21534_6367be99_0,0.001127269584685564,0.6446442604064941
1301,133026_1085532d_1,0.0004390331741888076,0.8884232640266418
1302,137828_0b0786fb_1,0.0006257655913941562,0.9879699349403381
1303,55627_971fde61_27,0.000494982348755002,0.9375144243240356
1304,93869_8b1922a3_0,0.0007647484308108687,0.9383251070976257
1305,24393_9acd18c6_3,0.0011548539623618126,0.978450357913971
1306,44996_b3e9c266_14,3.5367840609978884e-05,0.8615882396697998
1307,55300_b9675d43_1,0.0002102517755702138,0.9958717823028564
1308,113352_879844fe_0,0.0011951299384236336,0.951333224773407
1309,135317_3c58b0d0_9,0.00010616647341521457,0.9019027948379517
1310,115624_fe3eb392_1,0.002539635170251131,0.8810601234436035
1311,63055_6b907478_21,0.0005452752229757607,0.9801146984100342
1312,40421_032c052f_0,0.0005200066370889544,0.920958936214447
1313,143029_70554264_3,0.00017202574235852808,0.7053000926971436
1314,145117_78f63de3_0,0.00031916669104248285,0.9179136157035828
1315,128996_35f2006e_0,0.00011009415902663022,0.4494559168815613
1316,54503_fc6c6963_1,0.0004380247264634818,0.944677472114563
1317,24657_0168dc6b_1,0.00039731187280267477,0.9902750849723816
1318,130524_13ad16a8_0,0.016852518543601036,0.9166672825813293
1319,142670_33c641dc_3,0.00027041236171498895,0.8972667455673218
1320,65375_674ff0b9_11,0.0007933590095490217,0.2777019739151001
1321,23168_7fdf5427_3,3.402646689210087e-05,-14.54328727722168
1322,41717_ab2075ac_0,0.0016146255657076836,0.9407174587249756
1323,21739_57582b8f_4,0.00043978754547424614,0.9741982221603394
1324,143293_fc5b0ff7_30,0.0009801314445212483,0.9732712507247925
1325,135906_587b5c3d_0,0.00020397941989358515,0.8768280744552612
1326,138685_fd9b79cd_0,0.00015819695545360446,0.8735030293464661
1327,119921_5621fcb4_0,0.00031062919879332185,0.9475574493408203
1328,49403_458914df_5,0.0005464503774419427,0.9377222061157227
1329,73525_7f6b2f67_2,7.767510396661237e-05,0.8755919933319092
1330,136994_a3a2f50f_3,0.0006503400509245694,0.9267491102218628
1331,31838_2e4bd173_1,0.00280987867154181,0.9391830563545227
1332,35866_d0233b36_6,0.000635635107755661,0.9891637563705444
1333,53053_d6b4d71c_9,0.000998248695395887,0.9740827083587646
1334,90220_7baf1e18_1,0.00015423825243487954,0.7917906045913696
1335,23364_73dd9d4d_10,6.420337740564719e-05,0.9077256917953491
1336,52987_387431ac_3,0.0003260035300627351,0.9731506109237671
1337,51859_6b2fd0f1_4,0.00018643989460542798,0.8963510990142822
1338,51708_867d4509_12,4.456274473341182e-05,0.6139869689941406
