case_num,case_name,MSE,R-Square
0,50417_199cffee_13,0.06009801849722862,0.5318688154220581
1,48516_2b3135bf_11,0.005101046524941921,0.827534556388855
2,41733_1ec9b00c_31,0.008918683044612408,0.13488495349884033
3,31664_1e85c690_0,0.005420534405857325,0.7085700035095215
4,21893_0500d043_18,0.00220859469845891,0.9550968408584595
5,31607_9a2f8140_6,0.008456187322735786,0.7161651253700256
6,41774_88a7a483_18,0.00548701174557209,-0.33940744400024414
7,42143_51b31600_4,0.00024372158804908395,0.5075384974479675
8,23104_3b70eba4_13,0.0010905839735642076,-0.7940652370452881
9,129075_8fbf62e5_2,0.00033951905788853765,0.10404080152511597
10,41624_a15f83c1_13,0.0005608362844213843,0.7246037125587463
11,36088_1ea9c8a9_12,0.0013243892462924123,0.9691033363342285
12,126477_6596d136_14,0.0008222712785936892,0.2546759843826294
13,130441_10c43121_0,0.13090316951274872,0.3331417441368103
14,133385_e6aa64d8_21,0.0006420506397262216,0.5787737369537354
15,26398_b99946da_1,0.03313421830534935,0.5642274618148804
16,61198_0c99f50a_4,0.0002593329409137368,-15.337112426757812
17,26661_ab88a525_0,0.000671934976708144,0.2234002947807312
18,129075_8fbf62e5_1,0.0029126082081347704,-1.7505552768707275
19,51891_9455ea02_1,0.006670386530458927,0.8941530585289001
20,34770_6bba5bd4_13,0.001679386361502111,0.9670268297195435
21,21646_a2dd0d00_53,0.009521638974547386,0.2085409164428711
22,68909_4ae1bc2e_1,0.00035067417775280774,0.6704464554786682
23,27866_ece3076e_109,0.00227804621681571,0.6407824754714966
24,92134_52f13f49_6,0.0007292735390365124,0.579712986946106
25,23342_7193a931_1,0.0003163686487823725,0.5609018802642822
26,126572_a2d6f794_14,4.3636846385197714e-05,-3.3868279457092285
27,44344_3e0b0b0c_1,0.00016903954383451492,-22.411510467529297
28,49331_3bf3bb84_4,0.00129433604888618,0.976307213306427
29,33971_46bb0373_0,0.004791781771928072,0.3879123330116272
30,21517_bfe35b4c_1,0.002440191339701414,-2.5392816066741943
31,23165_369d62aa_6,0.005376629531383514,0.9351491928100586
32,81846_2907c980_0,0.011099245399236679,0.507308840751648
33,24168_a0ede173_111,0.006704512983560562,0.3377954363822937
34,53461_a5942665_1,0.003911845851689577,0.8549144864082336
35,24907_c72322ea_13,0.002503626514226198,0.05529427528381348
36,133424_315bcaeb_7,0.00041913113091140985,0.45762723684310913
37,40490_916e13fe_0,0.0038203406147658825,0.8810054063796997
38,38000_b5822e44_3,0.0058563146740198135,0.9112412333488464
39,138520_f4e0bc0b_63,0.0017372891306877136,-0.6574546098709106
40,61294_9255796d_3,0.0002705702790990472,0.4937252998352051
41,22176_272891b8_0,0.001992993988096714,-0.010955095291137695
42,24815_4f2a57e4_1,0.004508452024310827,0.8676149845123291
43,113343_e692c488_1,0.00024777904036454856,0.6260818243026733
44,33995_18423507_1,0.0010610857279971242,-0.42937934398651123
45,127897_029949fd_6,0.0013918753247708082,0.9721681475639343
46,123181_4e56fb4f_0,0.0030543471220880747,0.9557516574859619
47,22670_9353c710_1,0.0001504905812907964,0.08286184072494507
48,128642_4d72bf31_2,0.0016713591758161783,0.09461891651153564
49,146667_fe438b5b_6,0.022437816485762596,-0.37024593353271484
50,38260_2a31c6df_2,0.0060918317176401615,0.14146167039871216
51,24443_996411f9_3,0.0021092507522553205,0.9521347284317017
52,142074_34e02b6d_1,0.0014417005004361272,0.5682311058044434
53,41501_b627682a_15,0.008813362568616867,0.22982746362686157
54,24712_da77fe8f_0,0.0010626991279423237,0.98011714220047
55,32960_0eaa1de8_26,0.0037482629995793104,0.9305742979049683
56,130757_b2c47f8d_2,0.0002970833738800138,-7.878838539123535
57,104817_6d73dc41_0,0.006846308242529631,0.23296087980270386
58,79243_49539d9f_0,0.002862687921151519,0.9383269548416138
59,82012_c533307b_1,0.0005096360109746456,0.5252560377120972
60,107649_e651c5ca_1,0.00042760669020935893,-1.981905221939087
61,40997_e3c88650_12,0.007039838004857302,0.8194255232810974
62,143029_70554264_4,0.0018189758993685246,0.7513506412506104
63,27054_342fcf5c_3,0.0005226792418397963,0.45447832345962524
64,41648_577daf16_17,0.001140935579314828,0.5680990815162659
65,89720_4e65191c_1,0.003005790989845991,0.9271841645240784
66,75382_1b589ea9_12,0.0001300103758694604,0.6283509731292725
67,120371_433ba1ca_2,0.0012713910546153784,0.8891194462776184
68,49024_b7f02205_13,0.004724089987576008,0.7913433313369751
69,51022_47816098_7,0.01769232749938965,0.8183262944221497
70,41634_4f5d0edb_0,0.00024330745509359986,0.5134795904159546
71,23170_6ea8ded5_3,0.003989973105490208,0.9332274794578552
72,69589_cd2fa794_8,0.004267635755240917,0.7209550738334656
73,41504_85e300ee_0,0.006278291344642639,0.14276456832885742
74,128996_42176b10_0,0.002471625804901123,0.7999512553215027
75,38920_e81879c2_7,8.573145896662027e-05,-102.11102294921875
76,148051_c59af578_6,0.0014538720715790987,0.9604038596153259
77,65494_16d62db5_0,0.0005208793445490301,0.3020196557044983
78,25473_0991d519_0,0.0024390793405473232,0.9426972270011902
79,75270_25a261ef_5,0.001362969633191824,0.8640034794807434
80,49613_1b97c07b_12,0.00041485208203084767,-3.406083583831787
81,115633_a2c63339_1,0.0010458631440997124,0.690654456615448
82,52366_63042db4_1,0.001613290631212294,0.96328204870224
83,30282_88c6933c_5,0.002015121513977647,0.7589252591133118
84,53474_f29e4438_12,0.0038955763448029757,0.8724644184112549
85,24026_1dd4094b_21,0.002058269688859582,0.7652134299278259
86,21225_c081eae3_2,0.003526950255036354,0.5338101387023926
87,35057_9af89947_8,0.00146226747892797,-0.17461895942687988
88,43529_4804941b_20,0.0010996002238243818,0.9664894938468933
89,22103_fd11c71b_3,0.0013272875221446157,0.8342621922492981
90,51536_a18dc325_0,0.004573415964841843,0.7572798728942871
91,24230_636208ab_13,0.003996931482106447,-1.4544377326965332
92,41117_1b3271f2_56,0.015067593194544315,0.7673324942588806
93,140499_419d5823_0,0.0006729645538143814,0.941827118396759
94,115524_a949e82c_2,0.00015604468353558332,0.39214152097702026
95,29833_0ed4880f_3,0.002158441348001361,0.9611644744873047
96,127556_4823a42a_6,0.002212570048868656,0.6283375024795532
97,23960_48cc0f21_19,0.00015692082524765283,-1.2004725933074951
98,132987_ba18d2eb_11,0.0006166005623526871,-0.1807079315185547
99,51337_f8636fd9_30,0.0009385682642459869,-0.06045734882354736
100,40999_cad6be09_18,0.00366978975944221,0.9132372736930847
101,136886_99fbdef3_0,0.0009503578767180443,-0.6308677196502686
102,30447_4ed3b778_7,0.13486382365226746,0.5031284093856812
103,55811_bc667b2d_13,0.004207408055663109,-0.6017515659332275
104,41716_d55164d4_1,0.0032983976416289806,-0.1543443202972412
105,33610_aa697fc9_6,0.0022175346966832876,0.8363180160522461
106,55095_fa260d33_6,0.014785383827984333,0.6102668046951294
107,115639_bc0cc622_0,0.010227443650364876,0.25117969512939453
108,20841_1620ae7d_0,0.0020203429739922285,0.7218515276908875
109,50823_d1830e58_2,0.006299843546003103,-0.24709272384643555
110,109762_cb162371_48,0.004957349039614201,-0.7420245409011841
111,41387_5f752e39_23,0.007997892796993256,0.7042238712310791
112,121540_629c716f_0,0.0018491669325158,0.9217211008071899
113,118539_1dff9cf9_12,0.00018041397561319172,-12.194628715515137
114,30714_dafa62f6_2,0.015976399183273315,0.7909800410270691
115,79633_bbbde75f_0,0.0030733556486666203,0.9250449538230896
116,33059_531cfd5e_11,0.0014788253465667367,0.7579799890518188
117,20697_d3e106b4_4,0.0003541909100022167,-1.9746832847595215
118,136062_0027ff97_6,0.005947063211351633,0.45132923126220703
119,146291_6b0c8db3_1,0.03905217722058296,0.09115433692932129
120,45466_5f662bcb_0,0.00024442674475722015,0.49672794342041016
121,144500_7f600ab6_0,0.002649035071954131,0.7550362348556519
122,44996_b3e9c266_4,0.0022460734471678734,0.5255891680717468
123,40713_4c9264ef_0,0.005331406369805336,0.28866565227508545
124,132384_0fcab1fa_13,0.0008442327962256968,0.09179407358169556
125,33738_77d49563_2,0.0008566661272197962,0.004238903522491455
126,129422_621d0a90_33,0.0009556574514135718,0.5502256155014038
127,115633_fd3c9b97_32,0.000165438701515086,0.32208460569381714
128,69337_a122ffde_1,0.0026423076633363962,0.7299374341964722
129,37241_29f91452_0,0.0024513439275324345,0.9432922005653381
130,141199_9ae000ef_6,0.0027229220140725374,-1.3016455173492432
131,147133_92c04b84_4,0.002913740696385503,-1.562671184539795
132,77687_cbb18594_50,0.002492286963388324,-0.7202870845794678
133,144290_2a679085_11,0.00020354954176582396,0.4005170464515686
134,130825_c59bbbfb_0,0.0029007643461227417,0.925767183303833
135,82512_252da752_6,8.43035159050487e-05,-129.42657470703125
136,115624_d0acb46b_24,0.007905267179012299,0.9142265915870667
137,92134_52f13f49_7,0.0006708112778142095,0.5791324377059937
138,100326_0602c712_7,0.0006106127984821796,0.0374796986579895
139,134630_f9e85072_0,0.002183082979172468,0.49743765592575073
140,108943_b07b2543_1,0.0028114006854593754,0.5363928079605103
141,125416_ab456bc3_5,0.029544273391366005,-1.5083553791046143
142,57222_33b428d7_69,0.002004823414608836,-1.005126714706421
143,24650_dad8c8ee_13,0.00410407455638051,0.9272785186767578
144,41749_14d0599c_1,0.004983885679394007,0.25861674547195435
145,49396_98ab955d_27,0.0013717912370339036,0.10439908504486084
146,136892_e2a0b32c_4,0.00011796991748269647,-2.033442497253418
147,31962_e5291336_28,0.0031639367807656527,0.9309492111206055
148,34231_e27353cb_0,0.0003874901740346104,0.5925896167755127
149,112724_d334de09_0,0.015575469471514225,0.7579175233840942
150,56486_82b3e23a_21,0.00014769055997021496,-0.7174131870269775
151,40500_6055e3d7_17,0.00016025445074774325,-4.391075611114502
152,39468_15fb2e60_43,0.0006750028114765882,-0.10140657424926758
153,141710_17531562_7,0.0065850429236888885,0.8138914108276367
154,33529_756075a0_12,0.0011014592600986362,0.7842235565185547
155,54169_3a875f10_8,0.0039749667048454285,0.8951563239097595
156,41023_5445cb61_9,0.001039056689478457,0.0861770510673523
157,146380_5c569eeb_2,0.0050490922294557095,-1.7137508392333984
158,24195_9791f5d3_38,0.00013964354002382606,-1.7537052631378174
159,26573_7f7e176d_2,0.05724501982331276,0.49225515127182007
160,22734_f6bad9f7_25,0.008224804885685444,0.8674798011779785
161,48112_9538e204_0,0.0013133413158357143,0.9739300608634949
162,127545_6fa39158_10,0.037893347442150116,0.7053314447402954
163,23788_5c0b60c6_0,0.0009724387782625854,0.4893840551376343
164,23792_5b4c1ce0_21,0.0043664672411978245,0.8622204065322876
165,146067_46e58ab3_1,0.05829937756061554,0.630119800567627
166,101072_dec6f415_3,0.0008346484391950071,0.6174039840698242
167,22829_b6649a29_0,0.00018010068743024021,-1.9862656593322754
168,55389_a736bd99_0,0.011013815179467201,-4.85048246383667
169,30259_d709601c_9,0.020846020430326462,0.4061439037322998
170,35866_d0233b36_13,0.00031595074688084424,-2.3549368381500244
171,34563_52848c45_5,0.001099736662581563,0.5548557043075562
172,44519_90af0df6_7,0.0060320827178657055,-0.7596316337585449
173,114111_59282658_8,0.008560005575418472,-1.929081678390503
174,45922_26941172_15,0.019863659515976906,0.6674867868423462
175,41303_bd1def52_3,0.0020759243052452803,0.47509652376174927
176,22053_de30641b_1,0.00020383352239150554,-2.120270013809204
177,22298_51433023_4,0.004284059163182974,0.9066599607467651
178,23479_81a49137_0,0.01388312503695488,-4.043407440185547
179,22225_a3ce4d29_37,0.009849628433585167,0.863631546497345
180,135669_490cd2d7_14,0.023968636989593506,-0.2856011390686035
181,32173_8b075b1a_4,0.006808565463870764,0.8897175788879395
182,145119_24107428_5,0.0036888066679239273,0.7201921939849854
183,41774_88a7a483_36,0.0006762690609320998,0.652433454990387
184,133549_1b6c58d6_0,0.004548789467662573,0.9031862020492554
185,40936_6de8f4f4_0,0.09091410785913467,0.4328598976135254
186,23008_3d1bb7b2_0,0.016749151051044464,0.7596826553344727
187,38360_ad61c9b2_1,0.002115990500897169,-0.37480318546295166
188,136109_3d342d3c_2,0.004360385239124298,0.8247016668319702
189,135790_a27f9deb_11,0.0002761226787697524,0.6575824618339539
190,140249_7c1c5bba_0,0.0012918658321723342,-0.5725721120834351
191,128996_a3d026d6_0,0.003893765853717923,0.2020665407180786
192,23235_f9ccb8b0_0,0.0015113555127754807,-0.19187521934509277
193,93671_f7290ded_0,0.003186306217685342,-0.8881020545959473
194,51109_97b211c3_7,0.0023486721329391003,0.712951123714447
195,51916_fa226b15_13,0.00020434294128790498,0.558470606803894
196,86268_094d3fab_1,0.0008280429756268859,0.9834426045417786
197,39637_ca6a9a60_1,0.006937557365745306,0.14202576875686646
198,47219_93cb3619_3,0.05204053968191147,0.08338427543640137
199,47878_0edb6829_0,0.001488885609433055,0.9735209345817566
200,26764_ab35159a_6,0.00557991536334157,0.7772741913795471
201,34341_d19b12fb_12,0.0004625330911949277,0.4906667470932007
202,118342_c702e084_6,0.0032713166438043118,0.9252722263336182
203,49886_dd68dccb_4,0.005689770448952913,0.5691947937011719
204,23493_57512264_5,0.00033318804344162345,-0.050414085388183594
205,31751_e37382e1_5,0.002439725212752819,0.9375073909759521
206,24338_848cab42_6,0.007888458669185638,0.37678104639053345
207,24916_42eacca3_10,0.0006163149955682456,0.6670231819152832
208,137485_a953e1be_2,0.0013540732907131314,0.9729252457618713
209,23706_ef15ef9c_18,0.004282975569367409,0.7158980369567871
210,143671_eaf4d13b_6,0.013377359136939049,0.7958962917327881
211,53470_39f2e9dc_13,0.0013187360018491745,-0.6712253093719482
212,145772_59253c6d_3,0.0004561700625345111,0.35721343755722046
213,51893_d531e2bd_2,0.004139397758990526,0.9098712801933289
214,39389_d641313f_8,0.01587383821606636,0.39431583881378174
215,51595_41f3d1a3_5,0.0004828270466532558,0.5416227579116821
216,51674_a70c1c6c_15,0.0003996236773673445,-0.5224496126174927
217,37617_3f415463_5,0.0005096885142847896,0.6134189367294312
218,31862_a89f21f9_3,0.002778239082545042,0.9174359440803528
219,40519_55a097c6_11,0.007658630609512329,0.553459882736206
220,111306_9108c940_0,0.0029649529606103897,0.43259602785110474
221,136640_16741d62_4,0.0007364611956290901,0.49883538484573364
222,23155_d7305c5f_2,0.01920374482870102,0.6110162734985352
223,43934_912ff891_41,0.00017423041572328657,0.16944867372512817
224,57017_6033d1e5_0,0.0012079356238245964,0.9391869902610779
225,126913_d253adb7_1,0.0011694825952872634,0.532306432723999
226,130752_52d74f2f_48,0.005506086628884077,0.6288319826126099
227,124177_71283cad_0,0.004598985426127911,0.6453691720962524
228,24650_dad8c8ee_18,0.00890269037336111,0.7724271416664124
229,55199_4d57661f_2,0.00899935606867075,0.46124064922332764
230,115010_eb737aaf_20,0.0013714847154915333,0.9737374186515808
231,27855_19c5895a_12,0.006869282573461533,-2.602914810180664
232,52772_a6e6e320_0,0.0009113185806199908,-0.2229832410812378
233,90917_3d2d21a9_0,0.01366608776152134,0.6874420642852783
234,40703_5f4e45d4_7,0.000794053659774363,0.9842477440834045
235,132622_911efd2f_1,0.012826682068407536,0.8080042600631714
236,43441_e1ab0873_6,0.04610350728034973,0.27218127250671387
237,34917_61633e20_6,0.003496168414130807,0.9242032170295715
238,67221_275ba7e6_4,0.005900443531572819,0.8816421627998352
239,130719_e4764a36_10,0.0005751617718487978,-0.2542070150375366
240,136318_130d6a06_20,0.0019140514777973294,0.8254164457321167
241,99636_73c43ebd_10,0.003247329266741872,0.9123783707618713
242,29377_3a04cb8d_6,0.0008698523161001503,0.8730981349945068
243,23018_63087a41_47,0.0031806137412786484,0.9129389524459839
244,26165_100fec74_4,0.0003257679345551878,-0.025026321411132812
245,135934_d2f6bb2e_46,0.0007515519973821938,0.6351689100265503
246,24039_448afafa_5,0.004932270385324955,0.7622911334037781
247,32775_a79b406b_14,0.007240263279527426,0.077461838722229
248,23686_cba4f679_0,0.002927348017692566,0.7223773002624512
249,35147_bc9f2c5d_0,0.003404957242310047,0.4503341317176819
250,136337_1351909b_2,0.017458632588386536,0.5853136777877808
251,139222_2c10ca9a_1,0.011484852991998196,0.01199328899383545
252,139379_fe5c3f64_0,0.004062967374920845,0.8502097725868225
253,33084_344fec27_2,0.0010241317795589566,0.980722188949585
254,24775_d5c98d77_0,0.00014307988749351352,-3.4106712341308594
255,56344_3a89f085_23,0.0012014403473585844,0.8886501789093018
256,135112_cf8007b8_5,0.005844957195222378,0.8560805320739746
257,50706_20d07d57_2,0.03564170375466347,0.6584558486938477
258,51744_cd355565_5,0.0071588680148124695,0.7855783700942993
259,51464_da501c24_0,0.00518551841378212,-0.022069811820983887
260,126572_a2d6f794_23,8.942722342908382e-05,-2.095046043395996
261,70021_e673ae54_2,0.0003069026570301503,0.5578036904335022
262,25144_31b089b6_5,0.002239745808765292,-0.014495015144348145
263,24715_55aac5f2_2,2.166881677112542e-05,-0.8039268255233765
264,24532_f82f8000_2,0.004956423304975033,-3.0124144554138184
265,30664_a3084f71_1,0.006497535388916731,-1.7165400981903076
266,81145_5c13a8e9_1,0.001849599415436387,-0.8891812562942505
267,132037_2abb8c63_10,0.00010909167758654803,0.49852603673934937
268,50414_ac159b58_2,0.0014849707949906588,0.9460316300392151
269,21601_360ce1c7_7,0.003993806429207325,0.9274184703826904
270,22119_27e3ecbe_9,0.0024533013347536325,0.923924446105957
271,145120_74f7316f_0,0.009644102305173874,0.5639759302139282
272,74574_c302ff1f_0,0.001256168237887323,-0.6498861312866211
273,52443_085efc00_4,0.0020585316233336926,0.3273758888244629
274,147546_ede0f31c_3,0.015012147836387157,0.6753663420677185
275,22492_047b125b_21,0.0077554634772241116,0.8200005292892456
276,72313_5a86e234_0,0.038358163088560104,0.2672622799873352
277,45589_49e3c7ea_2,0.0018923153402283788,0.942939043045044
278,83432_a7f85698_0,0.0030887459870427847,0.9306232333183289
279,32775_a79b406b_0,0.0007651554769836366,-6.368518829345703
280,121703_69c4a5ac_3,0.00017478155496064574,0.36671239137649536
281,80901_e9080573_6,0.002174660097807646,0.915133535861969
282,21809_8bd6b10e_3,0.05097786337137222,-0.12202370166778564
283,49396_98ab955d_15,0.0024211793206632137,0.7691425085067749
284,33766_14917a4a_19,0.0018628316465765238,0.958552360534668
285,26661_ab88a525_8,0.0014464621199294925,0.9594504833221436
286,44030_17bd5ec9_0,0.004085023887455463,-4.02174711227417
287,53221_74fa81cd_7,0.001489005982875824,-0.28712189197540283
288,21887_3306168f_7,0.005047699902206659,0.4970482587814331
289,86185_85fde9e6_0,0.004321242216974497,0.33958327770233154
290,87951_500b1dcd_2,0.0003409482887946069,0.6350136399269104
291,22276_69c5036b_11,0.004556621890515089,0.8807818293571472
292,41721_44151488_5,0.005605991929769516,0.4809178113937378
293,102293_5d04e48d_0,0.028050683438777924,-0.33089005947113037
294,77687_cbb18594_20,0.00032656933763064444,0.5470032691955566
295,133248_1bab99ae_0,0.01593947410583496,-6.026456356048584
296,24051_4852a192_2,0.0031180279329419136,0.8929787874221802
297,86806_2993395a_1,0.0003802643914241344,0.6771813035011292
298,38558_b0d6b3f8_1,0.0026540993712842464,0.9455253481864929
299,140549_7d01813c_0,0.02060469053685665,0.3463786840438843
300,24559_3c306e71_1,0.00542865227907896,0.1650233268737793
301,70350_751de4b0_13,0.012522807344794273,-4.101097106933594
302,39101_23fec10f_8,0.003674508072435856,0.6090734601020813
303,24942_9d1b2ff2_8,0.009148645214736462,0.893366277217865
304,30850_05d88af9_3,0.014864767901599407,0.7528164982795715
305,113358_08641c94_4,0.005084421951323748,0.8420055508613586
306,21234_8b71bd47_27,0.001412349403835833,0.4890439510345459
307,26245_4aac38e1_21,0.0003207129775546491,0.2559025287628174
308,66072_d301cc88_0,0.0030909280758351088,-0.3366844654083252
309,21894_93f0d052_23,0.0025127402041107416,0.7518095970153809
310,147816_7fb70c2b_2,0.0015100464224815369,0.841613233089447
311,49120_4131d1e7_1,0.0007026784005574882,0.8593189716339111
312,52224_ca16c854_4,0.006553371902555227,0.06417864561080933
313,105762_19e04e0b_1,0.00045017615775577724,-2.553745746612549
314,30400_8824ce97_36,0.006583329755812883,0.05175459384918213
315,95199_ffcff41e_0,0.001366812619380653,-0.4004042148590088
316,50417_199cffee_3,0.0015380950644612312,-0.1970968246459961
317,24544_d06c82dd_5,0.002911970717832446,0.951809287071228
318,22604_565b91f5_2,0.003668063087388873,0.8469566106796265
319,22788_b6a9e30a_4,0.0016168751753866673,0.5959530472755432
320,45789_d5126eab_14,0.012340305373072624,-1.5208065509796143
321,37267_b2be4b50_3,4.3612228182610124e-05,-3.3883886337280273
322,34330_5eff1ee1_3,0.002283323323354125,0.7335261702537537
323,137999_d934160e_1,8.296815212816e-05,0.35819709300994873
324,134921_f5efde94_27,0.00030036427779123187,0.7238442897796631
325,53470_39f2e9dc_8,0.00032852074946276844,-2.68556809425354
326,23497_f292546d_25,0.013868102803826332,0.42361801862716675
327,22289_4b848f64_2,0.0021828326862305403,0.7043667435646057
328,31392_84b62622_2,0.0029730587266385555,0.7522222399711609
329,51347_1fc6f329_0,0.006169636268168688,-0.38598036766052246
330,50777_2934de55_6,0.0024168554227799177,0.9137747287750244
331,32841_954e8c1a_0,0.0008120404090732336,0.16221898794174194
332,31530_6744ae73_3,0.0026873652823269367,0.9605551958084106
333,65827_d1469ad6_1,0.0008879151428118348,-5.644816875457764
334,145461_30637b22_8,0.00019378133583813906,-6.745609760284424
335,31973_093ea963_13,0.0013496156316250563,0.47460728883743286
336,70355_e5f58cd5_14,0.0028447124641388655,0.7225698232650757
337,77687_cbb18594_40,0.0003276930656284094,-0.4477832317352295
338,24392_fce351ea_0,0.0006699422374367714,0.6408445835113525
339,36853_7efccb8c_3,0.0014144052984192967,0.8069534301757812
340,41644_d15f8e2b_5,0.00047623805585317314,-1.4541683197021484
341,131762_9b5e5ff5_2,0.0023328049574047327,0.8591235280036926
342,82193_96ef9433_2,0.0033305652905255556,0.9480975270271301
343,31347_386f6298_15,0.0036396777722984552,0.9144195318222046
344,34568_fbe47bf9_0,0.0006732313777320087,-0.9271564483642578
345,115624_fe3eb392_3,0.0023228381760418415,0.9468419551849365
346,130446_e7b58dbe_0,0.014323938637971878,0.4220895767211914
347,104641_2cd02839_33,0.00014659618318546563,0.6797384023666382
348,31460_39fdfc6a_7,0.00534206023439765,-0.20242679119110107
349,95541_ced8f936_0,0.0026822201907634735,0.9421918392181396
350,23126_725969ea_17,0.0025462734047323465,0.7309734225273132
351,23676_52069f98_5,0.00014363817172124982,0.45908546447753906
352,137637_ed9c537d_0,0.0007908953703008592,0.8044396638870239
353,22474_b10fea1a_2,0.005649781320244074,0.863151490688324
354,143017_21d96cc2_10,0.0014608666533604264,0.7894028425216675
355,105270_34f92afd_1,0.000578401843085885,0.18874722719192505
356,95622_0a0787e4_4,0.0036373899783939123,0.9456729292869568
357,55854_13f0399b_0,0.00627936003729701,0.8648487329483032
358,22118_1e09e0eb_5,0.009064571000635624,0.6134045720100403
359,146717_3e6a84c1_7,0.011751923710107803,0.823845386505127
360,63132_330141d7_3,0.004259068984538317,0.1362375020980835
361,115633_fd3c9b97_46,0.0005899047828279436,-0.2150559425354004
362,21644_aa203dc5_29,0.002089542569592595,0.48711323738098145
363,79791_00f639ca_15,0.0018203937215730548,0.9693520069122314
364,60711_42b5a13e_1,0.0034933693241328,0.6131337285041809
365,137483_cdb8989d_0,0.0020037125796079636,0.9581648707389832
366,21644_aa203dc5_26,0.002789672464132309,0.5185288190841675
367,131876_b2384623_0,0.005299597978591919,-2.4217724800109863
368,23706_ef15ef9c_10,0.0029348290991038084,0.5510191917419434
369,68948_0d2a01cd_9,0.006641089916229248,0.8137379288673401
370,145137_4e9eef42_1,0.002880098996683955,0.42074185609817505
371,30426_2cde26de_20,0.0451488234102726,0.48624569177627563
372,31378_34c52a73_0,0.0007253304938785732,0.7986360192298889
373,92134_52f13f49_4,0.0010342644527554512,0.30198246240615845
374,119634_fc722479_1,0.007060583680868149,0.9028573036193848
375,24032_d6172503_24,0.004899895749986172,-1.051499605178833
376,136401_69f29349_4,0.0003507655637804419,-4.442483901977539
377,41871_f9a1ad02_26,0.007122536655515432,0.4591783881187439
378,48220_87941c4e_116,0.00364709016866982,0.46029460430145264
379,115012_9ed88535_2,0.0072667524218559265,-1.9024183750152588
380,69488_025cf0a2_1,0.10986741632223129,0.2552156448364258
381,147427_69f68da4_3,0.0002255471918033436,0.37486666440963745
382,33766_14917a4a_32,0.0029040216468274593,0.8955360054969788
383,51747_3d58eae0_0,0.0012616582680493593,0.8305936455726624
384,33785_a4c23f61_0,0.12416525185108185,0.5315767526626587
385,114935_797875fe_2,0.005868189502507448,0.7865136861801147
386,51775_49ef614a_26,0.00026259166770614684,0.533116340637207
387,38196_ea48fa42_3,0.0002701935009099543,-2.1608023643493652
388,140413_44177109_21,0.00015086130588315427,-1.7608938217163086
389,27676_79237cc5_1,0.0019572533201426268,0.3596908450126648
390,52883_e518d3f4_33,0.0013370213564485312,0.9736618995666504
391,34347_841c5375_2,0.0004749275976791978,-8.656326293945312
392,55289_292737cb_0,0.00211148033849895,0.9594632983207703
393,50606_82cb18e2_0,0.001058806199580431,0.9583870768547058
394,30407_efa567f2_4,0.0027148344088345766,0.9345390200614929
395,31647_ab9ad9dc_13,0.0038344913627952337,0.628520131111145
396,24896_58b4730f_17,0.0012407742906361818,0.7685768008232117
397,23602_5daaccf5_4,0.0033534078393131495,0.7657791376113892
398,27725_5cceaeb7_10,0.0006233021849766374,-0.2949237823486328
399,127734_395dcf7d_5,0.003676827298477292,0.40212273597717285
400,31957_d864f861_3,0.010634202510118484,-1.167076587677002
401,49415_1671b60c_4,0.002448256826028228,-1.2892043590545654
402,45110_fae73324_4,0.0026088529266417027,0.8607763051986694
403,22343_34184fd5_18,0.0007760627777315676,-1.954514741897583
404,22848_cc91b848_38,2.599617118903552e-06,-1.9966578483581543
405,73652_23b21ef2_1,0.0034384888131171465,0.9308568239212036
406,65569_bd890a32_1,0.00046235613990575075,-3.434840202331543
407,48220_87941c4e_111,0.009078866802155972,-0.5900460481643677
408,30394_e30f932c_0,0.003745789173990488,0.7856754660606384
409,21941_1a683ec2_26,0.0025786524638533592,0.8923200368881226
410,25564_e646fcb3_1,0.0003924028424080461,-0.32519495487213135
411,134053_87a32e31_3,0.00016228047024924308,0.5571931600570679
412,87950_af56e26e_2,0.0013584578409790993,0.9005739688873291
413,51458_54240b70_17,0.00043764905421994627,0.5165968537330627
414,40688_effe215a_1,0.0032462794333696365,0.9196118116378784
415,131494_c8a441d0_0,0.005265067331492901,-0.02526569366455078
416,26768_c4df841f_21,0.00034836895065382123,0.5919255018234253
417,136892_2d5f55a9_0,0.005718112923204899,-0.25391674041748047
418,54652_d60ac3e0_10,0.010658889077603817,0.4217216968536377
419,51747_3d58eae0_1,0.001264030928723514,0.4832693338394165
420,54650_df3655c1_0,0.0003078549634665251,-2.371802806854248
421,41125_711db4bf_58,0.0019911753479391336,0.7785156965255737
422,45418_f603706b_2,0.002257224638015032,0.4290742874145508
423,21852_6cf9a734_18,0.046450041234493256,0.6029880046844482
424,122515_758d8b70_6,0.00020782319188583642,-170.61767578125
425,104081_05ba54fa_2,0.009893085807561874,-3.154904842376709
426,41672_cf87e0b6_0,0.0024421708658337593,0.6230789422988892
427,22638_37f9fe91_1,0.00010062645742436871,0.7027169466018677
428,24559_3c306e71_3,0.004214908927679062,0.23443126678466797
429,31589_ac31215d_8,0.0018585639772936702,0.016504287719726562
430,49603_143b8bd2_35,0.006590552628040314,0.4783862233161926
431,127965_c64a91da_0,0.0033909440971910954,0.12240374088287354
432,36062_f2fb6808_1,0.00039663814823143184,-2.6657307147979736
433,139280_8874b1ab_18,0.0003356718516442925,0.677448034286499
434,30997_24dea167_4,0.0035858163610100746,0.6765578985214233
435,143471_eb185912_5,6.171446875669062e-05,0.3681049346923828
436,23176_1bf2a2d5_10,0.015199693851172924,0.37158846855163574
437,98299_b8146029_5,0.002242225455120206,0.8058153390884399
438,23466_1cf60d09_4,0.004180022049695253,0.8831181526184082
439,41591_2d0bd0d5_3,0.0027921588625758886,0.9018463492393494
440,134929_9049dcec_1,0.0006700719241052866,0.6406936645507812
441,41785_e8bf0528_0,0.002196840476244688,0.9042731523513794
442,31460_39fdfc6a_6,0.002719951095059514,0.9417511820793152
443,133710_00be7f31_1,0.009957713074982166,-0.14258074760437012
444,24532_f82f8000_0,0.0008915249491110444,0.8038984537124634
445,21234_8b71bd47_3,0.0004651679191738367,0.2958430051803589
446,35175_6edc4126_5,0.005362567026168108,0.8446072340011597
447,20495_e8e7e80c_1,0.0009194413432851434,-0.07207274436950684
448,76546_c17e95aa_2,0.0002235415013274178,-0.31491076946258545
449,41654_e75f89df_0,0.002066844841465354,0.8878200054168701
450,109772_f1a0845e_6,0.000667242391500622,0.6144550442695618
451,34913_d23e2a24_0,0.0028516866732388735,0.8415650129318237
452,25203_1cc0cb3c_12,0.01491329912096262,0.7511104941368103
453,37160_2a95674a_4,0.005947322119027376,0.6117680072784424
454,69240_dc199112_4,0.0015997262671589851,0.6961365938186646
455,25176_d9130589_0,0.0007403661147691309,0.9026972651481628
456,69235_fe79a369_0,0.0010071072028949857,-1.2618083953857422
457,39468_15fb2e60_9,0.003312264569103718,0.5194746255874634
458,103284_e25015aa_6,0.00036657979944720864,-1.9215919971466064
459,30377_e18ea3de_0,0.0009910936933010817,0.1970873475074768
460,66080_f578d52b_4,0.00061500706942752,-2.1609649658203125
461,37444_52b27e94_14,0.004444976337254047,0.32305216789245605
462,38675_6e07d74b_31,0.004787627141922712,0.8485094308853149
463,21680_360ba5c7_28,0.002810034202411771,0.795263946056366
464,142032_5c32b7db_2,0.002228324767202139,0.9589673280715942
465,44210_a155c2d1_0,0.02390766702592373,0.4678052067756653
466,38287_88ec74de_92,0.0011844057589769363,0.825147271156311
467,29572_2f9283f2_4,0.0030962296295911074,0.769361138343811
468,28300_b3a6ab79_10,0.0037868423387408257,0.8690588474273682
469,136129_e6a20c7d_5,0.00044514561886899173,0.3170012831687927
470,119381_e4d13609_0,0.0025875831488519907,0.9020999073982239
471,30729_b4d83b07_4,0.00015414936933666468,-2.1654295921325684
472,140413_44177109_11,0.0033334598410874605,0.8432210683822632
473,26384_83eddf22_0,0.0037070969119668007,0.7169651985168457
474,82285_e7a738e7_2,0.006495100446045399,0.45899754762649536
475,108599_347602af_0,0.004414004739373922,0.8627369999885559
476,119889_41a6f268_1,0.000617012323345989,0.08943617343902588
477,55006_94230c00_1,0.0027809636667370796,0.9130569100379944
478,21517_bfe35b4c_10,0.0011964583536610007,0.45018941164016724
479,20818_098cad7c_6,0.00031515248701907694,0.662507176399231
480,41855_b82e6ae8_6,0.0013977335765957832,0.8384253978729248
481,137166_90691294_8,0.0008346367394551635,0.4457259178161621
482,69561_f274e705_26,0.004658488556742668,0.7754077911376953
483,51579_d0c3e154_0,0.0065498873591423035,0.7228411436080933
484,23676_52069f98_4,0.003375748638063669,0.8937044143676758
485,31962_e5291336_1,0.002214990556240082,0.9344655275344849
486,57222_33b428d7_1,0.001183671411126852,0.12124764919281006
487,51586_2ad96f8c_17,0.00015435148088727146,-0.8565609455108643
488,41473_c2137170_32,0.0017932425253093243,0.7205163836479187
489,31123_9a1bfc50_2,0.0027202630881220102,0.7945757508277893
490,23211_3aac9c7e_0,0.005002167541533709,0.06275451183319092
491,45798_b573e9da_5,0.01185700949281454,0.38878875970840454
492,27847_d2436f7c_37,0.0003446653136052191,0.601632833480835
493,54736_6ee1b513_1,0.0013429609825834632,-0.16025590896606445
494,132901_7d205bb4_9,0.0010227249003946781,-5.780851364135742
495,73762_8c704690_0,0.004473182838410139,0.3967910408973694
496,23209_1592b0a4_1,0.0032309447415173054,0.7759334444999695
497,49024_b7f02205_2,0.00018574886780697852,0.5290665626525879
498,147630_7f858240_15,0.003044649725779891,0.4635993242263794
499,69337_2c778611_11,0.0005267679807730019,0.6899299621582031
500,82498_92a00cd6_1,0.0007738709100522101,0.7602225542068481
501,78775_e2d8b091_1,0.0026934142224490643,0.634679913520813
502,40067_95ae6c76_9,0.0022899839095771313,0.7546776533126831
503,80756_6f2e842f_0,0.0053520952351391315,-0.0889817476272583
504,25284_1da7aa8a_0,0.0010038126492872834,0.8013648390769958
505,55605_2f8bc12e_62,0.0020332769490778446,0.9304613471031189
506,39792_60786b6c_15,0.004933909047394991,0.9009500741958618
507,34063_0ca1585e_2,0.0043068029917776585,-1.7916219234466553
508,31664_1e85c690_13,0.003721524029970169,0.8935903906822205
509,131193_98f3ac52_1,0.0015786592848598957,0.2939169406890869
510,120221_e2eaa34b_2,0.0013883279170840979,0.5236111283302307
511,130286_1f71bfed_3,0.001585750957019627,0.5275884866714478
512,118342_e8142153_21,0.0009660792420618236,0.6429829597473145
513,128043_9f8cd69e_1,0.00039802610990591347,0.4516555070877075
514,41504_85e300ee_1,0.000130372034618631,0.43862152099609375
515,78863_d59be42e_0,0.004634104669094086,0.442913293838501
516,31733_5118b376_3,0.0383453406393528,0.7263635396957397
517,22208_e177deb7_5,0.004894678480923176,-0.169333815574646
518,24026_1dd4094b_43,0.00042050788761116564,0.6322355270385742
519,73388_10a40b49_1,0.003924789372831583,0.7689546346664429
520,138219_cdff4f61_0,0.003979458939284086,-1.6262843608856201
521,49399_dc56d180_1,0.001070912927389145,0.9799714088439941
522,41306_8f26e703_3,0.0014244013000279665,0.5090610384941101
523,51590_034b8b08_14,0.02414734661579132,0.5916377305984497
524,48402_8c965495_4,0.00039751967415213585,0.4281705617904663
525,26388_a3367cba_0,0.005563181359320879,0.30655384063720703
526,28300_b3a6ab79_6,0.0035519388038665056,0.8811646103858948
527,43938_418421a7_0,0.0022577594500035048,-0.023442983627319336
528,41520_60018d18_0,9.714505722513422e-05,0.3005458116531372
529,137869_344b239b_0,0.0017591635696589947,-3.138035297393799
530,41648_577daf16_0,0.005181231535971165,0.7782130837440491
531,31347_386f6298_10,0.0010136377532035112,0.9808173179626465
532,82190_24b1b0fe_12,0.004143491853028536,0.27435290813446045
533,33741_4a973932_1,0.0016567566199228168,0.7253248691558838
534,42005_3da46d94_0,0.0014873911859467626,-32.30531311035156
535,132982_ee1eed2f_0,0.002403835766017437,0.8973496556282043
536,23898_6e740393_29,0.0027105198241770267,-4.340938091278076
537,105831_88a0fb85_6,0.0009013748494908214,0.9803413152694702
538,31278_749a6317_0,0.0008630140800960362,0.4816105365753174
539,51586_2ad96f8c_4,0.0008320676861330867,0.6201123595237732
540,57000_cd1ddece_14,0.0007087761186994612,0.7111011743545532
541,50692_e7ff2668_8,0.003888186067342758,0.8617098927497864
542,65346_e89312e5_0,0.0008702575578354299,-0.31518733501434326
543,38840_0e449caf_4,0.0018389523029327393,0.5250759720802307
544,29573_ca59fbbf_5,0.009476391598582268,0.9044646620750427
545,30164_c5680724_12,0.01810534857213497,0.04453355073928833
546,138620_e21e10ee_0,0.0005986049654893577,0.4898553490638733
547,50305_caf9cef2_34,0.0015597081510350108,-1.698786973953247
548,83396_fdb2987a_0,0.0030614440329372883,0.8896298408508301
549,28379_7e292343_4,0.008392534218728542,0.8150837421417236
550,33529_756075a0_32,0.004155960865318775,0.6911793947219849
551,109857_1d24326e_42,0.00016127695562317967,-7.037001609802246
552,22772_2b5f6629_6,0.0019799182191491127,0.96750807762146
553,34600_e2685d46_2,0.00537719065323472,0.8035072088241577
554,122344_ab1b06aa_2,0.012461402453482151,0.7747219204902649
555,123573_5f5c9584_1,0.00041938229696825147,0.6616454720497131
556,35166_562b126c_20,0.004453943111002445,0.8275986909866333
557,51350_138f893a_1,6.647919508395717e-05,0.36236536502838135
558,137785_67c3085b_16,0.0042216903530061245,0.896110475063324
559,50417_199cffee_12,0.008537852205336094,0.5875341296195984
560,22194_a5c323b9_3,0.0011264093918725848,0.8162292242050171
561,42329_df7f540f_18,0.0018118968000635505,0.8110150694847107
562,41779_25e4203d_6,0.0018225196981802583,-1.7766382694244385
563,51094_40aa8332_20,0.005052520427852869,0.8103718161582947
564,109762_cb162371_38,0.004093079827725887,0.7845328450202942
565,45922_26941172_9,0.001111297169700265,0.8086718320846558
566,34587_ed155e93_0,0.0015661021461710334,0.9550040364265442
567,69589_a468c1b4_0,0.008903062902390957,0.8120179176330566
568,44921_00dfb467_0,0.0011480257380753756,0.7199716567993164
569,82672_4705a693_0,0.0014986795140430331,0.33232372999191284
570,26778_a71e88a6_0,0.00020869550644420087,0.43744957447052
571,69488_7bfb2b67_0,0.0013369476655498147,0.9628497958183289
572,22686_afe3a61e_0,0.0002682088525034487,-0.6570552587509155
573,109772_5faa88e8_5,0.0010975641198456287,0.2492276430130005
574,43938_418421a7_147,0.002061200561001897,0.7168371677398682
575,141694_b5ac3112_3,0.0036650490947067738,-0.4126133918762207
576,31973_093ea963_16,0.0007156544597819448,0.5506759285926819
577,26858_e90dc419_25,0.00014679621381219476,0.15050065517425537
578,131350_bbdad30d_0,0.0025849982630461454,-0.4738781452178955
579,35741_c43475b8_1,0.005696938838809729,-0.9853705167770386
580,30690_3df2c9e2_1,0.0013923892984166741,0.881285548210144
581,122758_5f4efbf0_2,0.00879345741122961,0.4214314818382263
582,37822_3be11c62_0,0.0009096711874008179,0.6132175922393799
583,91174_ee6ee92b_1,0.0010031871497631073,0.7649644613265991
584,23676_52069f98_31,0.026969794183969498,0.7283269166946411
585,27958_fee329eb_1,0.0009216988692060113,0.7499806880950928
586,144534_3b4fdb09_18,0.004039613530039787,-0.12876296043395996
587,30292_0b5e0265_1,0.028895307332277298,0.6066474914550781
588,111062_e59e2d31_0,0.03579392656683922,0.593222975730896
589,135790_a27f9deb_77,0.001899173716083169,0.6300888061523438
590,65842_de75838b_10,0.0024573791306465864,0.4859289526939392
591,22475_9d9601a8_3,0.00019338449055794626,-0.07810616493225098
592,119884_192e3265_0,0.013102780096232891,-0.955575704574585
593,51463_3330e3aa_2,0.007106787525117397,0.2625390887260437
594,23231_efe613bb_4,0.00470745237544179,0.7588934302330017
595,22895_4533b542_2,0.011991403996944427,-0.8418501615524292
596,146219_5661130f_4,0.0019964068196713924,0.9566745758056641
597,38953_19054857_19,0.001859360607340932,-0.6523864269256592
598,21847_b2de7eb8_24,0.0017109717009589076,0.8840503692626953
599,51603_034939eb_12,0.002432179870083928,-0.49918150901794434
600,24843_5231632c_4,0.0006483823526650667,0.5966148972511292
601,41982_f75ceb8f_4,0.00017916393699124455,-0.3629286289215088
602,42937_c573c439_2,0.00013410377141553909,0.43629175424575806
603,61288_2d594195_0,0.005876386072486639,-8.66022777557373
604,55006_94230c00_0,0.00032591313356533647,0.6754364371299744
605,49898_f42a885e_5,0.00393627630546689,0.9142061471939087
606,55709_af3825c8_4,0.004914513789117336,0.8400446772575378
607,144117_83c980ca_2,0.00011253655247855932,0.6082488298416138
608,40417_b8d98f73_7,0.0004667456087190658,0.6894134283065796
609,53200_d1e30b87_11,0.0035836976021528244,-2.9294819831848145
610,147009_977ee378_4,0.0001439727348042652,-0.27143311500549316
611,63056_a5dfd66b_4,0.00266818143427372,-3.820913791656494
612,22205_f48b96b3_10,0.0037079122848808765,0.15560835599899292
613,51585_b695905b_4,0.00226429826579988,0.9498637914657593
614,24084_71f37c00_1,0.0020540396217256784,0.5877681970596313
615,25815_0e853ad9_10,0.0008635655394755304,0.9459991455078125
616,55030_11a6e3e8_3,0.03759177774190903,0.6603137254714966
617,23042_1184de03_5,0.0031469762325286865,0.9084246158599854
618,39719_e9629dbd_4,0.000312207528622821,-2.4340553283691406
619,51256_ed221095_2,0.0005068726022727787,0.4337660074234009
620,25810_93c8a71a_3,0.003007519757375121,0.8850149512290955
621,22208_e177deb7_1,0.0025570341385900974,0.8210768103599548
622,115624_d0acb46b_22,0.004751795902848244,0.925208568572998
623,30708_4282508b_0,0.00010185888095293194,-0.5765645503997803
624,31117_cd5cdbdb_12,0.0007400553440675139,0.680500328540802
625,41733_1ec9b00c_32,0.0004890142590738833,-0.44359326362609863
626,111387_c4243097_2,0.0020289404783397913,-1.755704641342163
627,119869_e8f0dd81_19,0.0005194354453124106,0.6090846061706543
628,34569_590239d6_0,0.003526571672409773,0.8381211757659912
629,136318_130d6a06_23,0.00035026087425649166,0.5639979839324951
630,145132_7aea3b66_4,0.010994873940944672,0.8560925722122192
631,41878_3aeaed3d_0,0.010823789052665234,-0.760135293006897
632,34583_a1cf326b_0,0.001235238742083311,0.9773929715156555
633,116581_d405b783_0,0.02834543213248253,0.6148799657821655
634,24044_9bbe7992_3,0.0010823975317180157,-0.3509540557861328
635,22194_a5c323b9_2,0.002358970232307911,0.7874026298522949
636,142076_08d80e12_21,0.00014574301894754171,0.3551812767982483
637,55817_6ac2912d_7,0.0002494843502063304,-1.6903510093688965
638,21165_5cb2d287_2,0.0015853437362238765,-2.340557098388672
639,39796_45dcdc7d_0,0.03359638527035713,0.564285933971405
640,33044_7fdd9213_1,0.011688980273902416,0.6902468800544739
641,23731_3fe5b501_6,0.0004468864935915917,0.3130604028701782
642,32743_f4c47bbc_31,0.0048175412230193615,0.5521808862686157
643,108775_4908fba2_21,0.008121888153254986,0.2782268524169922
644,21941_1a683ec2_19,0.002181630115956068,0.8389836549758911
645,27682_04277f62_18,0.003925960045307875,0.8197045922279358
646,25815_0e853ad9_4,0.0016781049780547619,0.8917118310928345
647,30261_723e95cf_2,0.0015922621823847294,0.9328890442848206
648,21385_601444ba_102,0.0035909083671867847,0.8310896754264832
649,30368_d7fd30ce_7,0.0015813391655683517,0.40363383293151855
650,55605_2f8bc12e_3,0.011372985318303108,-0.8565634489059448
651,24650_dad8c8ee_15,0.0001572397304698825,-3.90579891204834
652,34227_48203345_7,0.01045958511531353,0.7083947062492371
653,113348_ac85cba3_1,0.005003513302654028,0.4626709818840027
654,26552_25c5924a_1,0.002275256672874093,0.12874430418014526
655,55381_cbaffe9b_0,0.00209869840182364,0.4190235137939453
656,55817_6ac2912d_25,0.0028589104767888784,0.92402184009552
657,138947_0778db40_4,0.000706294144038111,0.7237947583198547
658,52788_07f7da63_0,0.010497535578906536,-1.6058709621429443
659,70355_e5f58cd5_6,0.0008175179827958345,-0.3767251968383789
660,51744_cd355565_8,0.006940474733710289,-0.4229375123977661
661,41227_90e1c07c_16,0.002282034605741501,0.9425321817398071
662,45359_1768ab3f_42,0.005505997687578201,0.4189133644104004
663,41783_d1c10326_3,0.0002617237332742661,0.15803998708724976
664,32960_0eaa1de8_13,0.00017710498650558293,-11.785575866699219
665,34674_32ee1595_3,0.003410368924960494,0.8843290209770203
666,136885_23632908_1,0.004522327333688736,-0.6138806343078613
667,136808_00592735_3,0.0036660879850387573,0.2024301290512085
668,45589_49e3c7ea_5,0.0007349933148361742,0.9848690032958984
669,141665_0564e852_3,0.007174846716225147,-0.7133119106292725
670,50897_3be92e2f_18,0.0006845718598924577,0.984013557434082
671,84256_4164b724_3,0.0010704215383157134,-0.027048110961914062
672,22994_e6ad8f2b_10,0.002722113626077771,0.8989725112915039
673,28295_0dc908b9_8,0.0007987861754372716,0.7497915625572205
674,23329_6939d5d9_5,0.0003017889684997499,0.6652185916900635
675,123665_0a0da5c7_3,0.00013806633069179952,-0.07778549194335938
676,121172_0ac63503_7,0.004747014958411455,0.10106801986694336
677,50941_2a8a8c76_0,0.000931951857637614,0.9815184473991394
678,37846_cde34fcd_66,0.002315499819815159,0.6113799810409546
679,56040_9b1307eb_21,0.004906623624265194,0.23576682806015015
680,146535_229c95bc_1,9.138433961197734e-05,0.5812908411026001
681,50947_49287c16_2,0.006638729944825172,0.8914887309074402
682,95622_0a0787e4_5,0.0007618287345394492,0.5877041816711426
683,25432_f13e5110_0,0.0018880218267440796,0.9405443668365479
684,32454_e959e3cf_0,0.002491164719685912,0.9298915863037109
685,65858_61e9b51a_18,0.003975129686295986,0.09315800666809082
686,70350_751de4b0_3,0.0064630224369466305,0.10651654005050659
687,129239_0d49310c_15,0.0014461666578426957,0.4488084316253662
688,31008_8fa25b35_8,0.0032415050081908703,0.31553131341934204
689,55306_795d845b_2,9.182238136418164e-05,0.4164077043533325
690,29729_e8bb36f1_2,0.0005456116632558405,0.3570464253425598
691,67283_4097cbd6_5,0.0007341199088841677,-5.241888046264648
692,23904_811e466f_4,0.0006479874136857688,0.45636212825775146
693,116076_12d31fb7_1,0.0034488763194531202,0.48100799322128296
694,45302_02d7e3bc_0,0.007632342167198658,-0.919684886932373
695,60977_4bb093ec_1,0.0027429950423538685,0.8777719140052795
696,49017_76979790_8,0.011110476218163967,-1.1058721542358398
697,146321_0dbae658_10,0.00019115881877951324,-18.26336097717285
698,102194_150e3faf_3,0.002011435804888606,0.9383942484855652
699,34769_44655d03_5,0.0007396127912215889,0.17298448085784912
700,38953_19054857_6,0.0016953054582700133,-0.3915996551513672
701,55397_ad24603f_1,0.0004925246466882527,0.48876601457595825
702,21908_385686ec_15,0.00269136275164783,0.8700893521308899
703,60721_57103153_4,0.0038103742990642786,-5.100467681884766
704,98701_7cd4ec8d_0,0.012328075245022774,0.7760735750198364
705,91703_642cdf1a_1,0.0023241552989929914,0.9562824964523315
706,26661_ab88a525_5,0.0023885173723101616,0.39749205112457275
707,51940_67bb0219_21,0.0005190119845792651,-0.10604417324066162
708,22543_684108ff_22,0.0004853950522374362,0.5176610946655273
709,145250_cde4d039_8,0.0029149588663131,-2.281698226928711
710,20232_e5b060d9_6,0.00026302714832127094,0.5225245952606201
711,128043_d4650350_0,0.022104935720562935,0.7031722664833069
712,140530_30edf2c4_0,0.0023555702064186335,-0.9879555702209473
713,131814_9af6d05a_0,0.0035733028780668974,0.4626868963241577
714,26245_4aac38e1_9,0.0015083508333191276,0.3699079751968384
715,30282_88c6933c_14,0.0039029354229569435,0.8502539396286011
716,32322_71d0035e_1,0.0020405526738613844,0.8953023552894592
717,131762_d10609a4_1,0.004319490399211645,0.8048879504203796
718,54812_5f7b7aba_2,0.0007429442484863102,0.6738408803939819
719,135830_8fb36dac_4,0.00747564435005188,0.6689869165420532
720,139280_8874b1ab_4,0.0014545326121151447,-2.1243298053741455
721,49904_639055dd_1,0.004326137248426676,0.5041500329971313
722,53601_59d3ecd2_0,0.014207293279469013,0.4175427556037903
723,50047_54241fe3_12,0.010520949959754944,0.1856282353401184
724,136925_70fb0381_3,0.001547971973195672,0.9052717685699463
725,87488_95f678ce_0,0.012306862510740757,0.7282998561859131
726,137166_90691294_2,0.0008543875301256776,0.4318675398826599
727,44030_17bd5ec9_11,0.00028536602621898055,0.5478154420852661
728,137396_b5f6bec4_5,0.0032593163195997477,0.9021068811416626
729,21900_760d2078_10,0.006363694556057453,0.9078180193901062
730,21185_ac5324ba_5,0.004286688286811113,0.8663077354431152
731,31132_2320d049_4,0.0016013140557333827,0.9708726406097412
732,82281_80cdf67c_4,0.0002480327384546399,0.3742784261703491
733,38287_88ec74de_15,0.0009667887352406979,0.9812771677970886
734,136128_831e37a6_0,0.003213551128283143,0.6424998044967651
735,21330_f0cee934_18,0.0008127582841552794,0.46652752161026
736,34109_5a868eae_10,0.0033503843005746603,0.6796761155128479
737,21174_861bd902_2,0.00859952811151743,0.25049448013305664
738,49783_365bec9e_6,0.005286648869514465,0.8414070010185242
739,24429_ace910b3_8,0.00015884860476944596,-8.296429634094238
740,22772_2b5f6629_4,0.0010684955632314086,0.7268095016479492
741,53927_ef5208b9_14,0.010393648408353329,0.5669863224029541
742,56250_3b6024e3_54,0.002228921977803111,0.951290488243103
743,23522_5c2ec58e_8,0.007355724461376667,0.7682201862335205
744,121177_93fb3127_10,0.00026296760188415647,0.5227918028831482
745,138840_b7f948ea_2,0.002451943466439843,0.7504394054412842
746,41125_711db4bf_6,0.014502262696623802,0.6569907665252686
747,102606_28922dfc_0,0.04585033282637596,-481.0924987792969
748,31530_6744ae73_50,0.03380323201417923,0.39692068099975586
749,50598_eae0df5a_1,0.00024132747785188258,0.5587286353111267
750,145726_19ccdbda_12,0.0011248294031247497,0.6392899751663208
751,41469_b94cf3e4_0,0.002100828103721142,0.5693921446800232
752,147009_977ee378_1,0.002313780365511775,0.7776004076004028
753,24267_8a216138_10,0.001467264723032713,0.8808792233467102
754,63071_3d434a33_16,0.007514972239732742,0.5990467071533203
755,34436_ffc43a58_4,0.0010563511168584228,0.08873224258422852
756,50692_e7ff2668_4,0.002451950218528509,0.017524898052215576
757,146642_883a71d2_9,0.02393552102148533,0.6220035552978516
758,109772_f1a0845e_7,0.009597347117960453,0.7760421633720398
759,136640_16741d62_1,0.0032433646265417337,0.1765216588973999
760,21680_360ba5c7_11,0.0022843079641461372,0.0719192624092102
761,27729_09d75da1_2,0.00605681212618947,0.8274734616279602
762,82148_5df06ed9_19,0.00894172489643097,0.37887001037597656
763,55287_8a57a3db_1,0.006411639042198658,0.6055630445480347
764,53221_74fa81cd_5,0.0023146953899413347,-0.11006581783294678
765,30417_0010bc7c_39,0.0029159097466617823,0.7723876237869263
766,23706_ef15ef9c_40,0.01379270851612091,-0.968610405921936
767,140763_e14274f8_3,0.0007152200560085475,0.458554744720459
768,23602_5daaccf5_3,0.0007069383864291012,0.8853990435600281
769,30282_88c6933c_9,0.0032282001338899136,0.7969275712966919
770,56824_0fc773f6_0,0.003280515084043145,0.8129844665527344
771,42410_d3b5588e_1,0.0032950439490377903,0.4993632435798645
772,55055_dd27a8a4_0,0.001233745482750237,0.9774194955825806
773,115633_a2c63339_6,0.0013152926694601774,-0.45610249042510986
774,73651_a41647f8_5,0.00015605075168423355,0.39507800340652466
775,33413_060ce192_32,0.004081792198121548,0.6864359974861145
776,97331_a482fa9b_0,0.003433109261095524,0.27451425790786743
777,23476_705b76d1_0,0.004587766248732805,0.8205541372299194
778,32566_7bfc936b_6,0.02613440342247486,0.7529999613761902
779,41717_eb1c1e6b_0,0.0036914371885359287,0.7041827440261841
780,60720_ef9a0a95_8,0.0018849538173526525,-3.028761386871338
781,138700_ab763a46_202,6.264323474169942e-06,-2.4570200443267822
782,38287_88ec74de_17,0.009166928939521313,-0.5075918436050415
783,135535_0bd0048d_0,0.010274739935994148,0.8452499508857727
784,21797_69df08d5_7,0.06799433380365372,0.4586498737335205
785,65350_b3fa8f4f_47,0.11693426966667175,0.46180951595306396
786,41714_1d49f4d1_3,0.0037287732120603323,0.5833472609519958
787,66012_a13e1644_1,0.0021223363000899553,0.09998232126235962
788,22652_564979ff_11,0.0014048939337953925,-0.04432344436645508
789,25127_ecba81df_23,0.0030998161528259516,-1.0229816436767578
790,47548_db93c988_4,0.0012573583517223597,-2.075934886932373
791,55927_f8b31711_5,0.0076237889006733894,0.5922461748123169
792,31647_ab9ad9dc_2,0.0029400489293038845,0.6025972962379456
793,41128_ee74f244_8,0.0016788373468443751,0.5405250191688538
794,20959_d4905d19_4,0.0036136771086603403,0.11342048645019531
795,52009_a2b75078_3,0.07515966892242432,0.24303919076919556
796,22201_473a3a65_16,0.0038058182690292597,0.4844245910644531
797,29442_365e23df_30,0.009195290505886078,0.7399221062660217
798,51859_6b2fd0f1_8,0.0006168478867039084,0.9789343476295471
799,140413_44177109_15,0.0005290003027766943,0.5307799577713013
800,21822_7d3db422_11,0.006327623035758734,0.8241710662841797
801,24168_a0ede173_100,0.0003812813083641231,0.7248319387435913
802,145532_c2304f89_1,0.009543532505631447,-0.3364051580429077
803,104641_2cd02839_13,0.0001753378164721653,0.32040268182754517
804,23679_81ef9e37_2,0.0013472010614350438,0.6790082454681396
805,95271_de3df8d5_2,0.0001692945952527225,0.18485641479492188
806,41401_e4117da2_0,0.00016175424389075488,-2.524547815322876
807,48006_babdf4af_9,0.00882614403963089,0.8977906703948975
808,142246_0851be5e_32,0.02226867713034153,0.6304619312286377
809,33615_7bab1106_4,0.0019106789259240031,0.8735705614089966
810,31117_cd5cdbdb_18,0.005900546442717314,0.9106855988502502
811,34914_8911676d_0,0.015211613848805428,-0.2540462017059326
812,55501_a09e4ced_2,8.443734986940399e-05,-2.1717381477355957
813,41128_ee74f244_9,0.0013143506366759539,0.5649162530899048
814,142246_0851be5e_22,0.006567082833498716,-0.1910609006881714
815,22413_901f5867_0,0.0004199242393951863,-0.27090704441070557
816,56490_0a0fba77_0,0.000844369875267148,0.7605042457580566
817,93676_4f934980_1,0.0005621901364065707,-0.24631237983703613
818,146642_883a71d2_96,0.01087897177785635,-0.1874239444732666
819,24032_d6172503_3,0.005110039375722408,0.13371706008911133
820,44221_25c62f03_1,0.0011396679328754544,0.9788915514945984
821,50315_0f1419bf_33,0.004254164174199104,0.5870914459228516
822,133389_0938a905_2,0.0006740762037225068,0.8289241194725037
823,24824_cf51e5b6_4,0.0023211801890283823,0.5645611882209778
824,33970_32f36442_3,0.006237789522856474,0.8054788708686829
825,29359_bbfab271_2,0.0018046490149572492,0.6823041439056396
826,23172_4ab01e83_0,0.0026143398135900497,0.9364634156227112
827,98511_1b46a85e_45,0.014871664345264435,0.5820330381393433
828,98511_1b46a85e_46,0.015222963877022266,0.5524424314498901
829,34248_cc11976c_0,0.00339532271027565,0.8745497465133667
830,104003_46555fb2_0,0.0007407031371258199,-0.6471273899078369
831,34520_035b5e9a_8,0.0030555822886526585,-0.05015075206756592
832,38397_93d5d7de_12,0.019311005249619484,0.7324555516242981
833,130023_93b3ca95_1,0.002628240967169404,0.07492023706436157
834,83213_47c49876_1,0.004326044116169214,0.5041686296463013
835,43928_6ca53538_63,0.01223610620945692,0.7154513597488403
836,82779_b7b722e3_9,0.0023188693448901176,0.7230509519577026
837,134967_0f27ef51_1,0.0004664331499952823,0.6510449647903442
838,86024_714b24f4_1,0.004616476595401764,0.8191456198692322
839,40807_58058731_11,0.003202559892088175,0.5170042514801025
840,26750_cd3cb3ff_0,0.009984572418034077,0.8268023133277893
841,126913_d253adb7_2,0.003477242775261402,0.3139110803604126
842,24268_2804c9ff_13,0.0051699476316571236,0.8655261993408203
843,45542_320c16fd_3,0.001321951742284,0.973718523979187
844,22342_274ed8a6_1,0.0012355295475572348,0.732416570186615
845,133385_e6aa64d8_17,0.0008725190418772399,-2.4976518154144287
846,143509_1dd5212d_3,0.003312431275844574,0.9023040533065796
847,47989_3ff0f41d_0,0.01311901118606329,0.6267905831336975
848,21822_7d3db422_14,0.022047391161322594,0.6816315054893494
849,21517_bfe35b4c_12,0.0008576509426347911,-0.49713659286499023
850,52883_e518d3f4_10,0.0035057037603110075,0.43083512783050537
851,41871_f9a1ad02_14,0.005157653242349625,0.48402804136276245
852,37016_455093c1_2,0.0006701559759676456,0.6407355666160583
853,31117_cd5cdbdb_78,0.08071376383304596,0.37409114837646484
854,129239_0d49310c_22,0.00019182212417945266,0.4430578351020813
855,30400_8824ce97_6,0.01396513357758522,0.7080118656158447
856,53233_8dbca22c_8,0.00256591709330678,0.8200147151947021
857,40514_bb61631d_25,0.0017146490281447768,0.6206629872322083
858,24053_53349e4d_2,0.00048177532153204083,0.37997227907180786
859,41917_f0c40fa1_16,0.0017505764262750745,0.9585872292518616
860,22543_684108ff_5,0.006395112723112106,0.7464670538902283
861,138636_c1153075_0,0.0005965788150206208,0.46747052669525146
862,24448_75004b6c_6,0.0032841921783983707,0.8954370021820068
863,24831_bbd3e098_8,0.0004956729244440794,0.5142873525619507
864,53221_74fa81cd_3,0.0026013189926743507,0.29679447412490845
865,76879_65a30a82_4,0.0005985967582091689,0.021457195281982422
866,108773_f9384cff_10,6.090787792345509e-05,0.35719895362854004
867,33671_0e9c6ca3_5,0.002983133075758815,0.7630664706230164
868,93103_fdb9fcb7_15,0.01648811437189579,0.11031901836395264
869,137675_d2bd633e_0,0.013827148824930191,-7.65983772277832
870,21893_0500d043_32,0.002663528546690941,-0.7413226366043091
871,22110_0bc70e9f_1,0.0020458106882870197,-0.2572638988494873
872,43152_b5472481_1,0.014595167711377144,-4.48079776763916
873,115717_40314bc2_1,0.002619895152747631,0.7710875868797302
874,102943_ca9e7968_0,0.00024725132971070707,0.6635628938674927
875,136401_69f29349_0,0.007123926188796759,-3.725374698638916
876,28542_3c922564_0,0.00418885936960578,-0.5274785757064819
877,24267_8a216138_6,0.002948269946500659,0.8383111953735352
878,84374_272a9731_7,0.005877274554222822,0.22510826587677002
879,23531_1ecc8346_18,0.03547007590532303,0.6540147066116333
880,41871_f9a1ad02_30,0.011293036863207817,0.6577187776565552
881,132461_14abd2d0_0,0.00010415350698167458,-1.9076733589172363
882,37617_3f415463_2,0.000268937845248729,0.5605348348617554
883,41696_de0790a1_1,0.0009714236366562545,0.9784286618232727
884,54657_2a66e0de_20,0.0011928413296118379,0.8904662728309631
885,24425_0dc4b306_0,0.0022366868797689676,0.7809525728225708
886,146667_fe438b5b_0,0.004036757163703442,0.8464746475219727
887,23048_8a1a5553_8,0.0002451937471050769,-5.597275733947754
888,51871_86ebf5b2_17,0.00603640777990222,-0.1050640344619751
889,30664_a3084f71_6,0.004149425309151411,0.7453864812850952
890,139801_97e2ca6a_5,0.005767971742898226,-0.1809474229812622
891,22278_12f1fb79_13,0.004156149923801422,0.7296141982078552
892,22776_facf9bcf_8,0.0039271404966712,0.866335928440094
893,40500_6055e3d7_15,0.0719892755150795,0.2819996476173401
894,35740_5322d674_13,0.0015947502106428146,0.029808461666107178
895,39792_60786b6c_12,0.005139762070029974,0.8134073615074158
896,115524_4a411f7e_0,0.006311996839940548,-0.4338566064834595
897,24131_3ea7d5a8_17,0.0034163433592766523,0.835210919380188
898,100326_0602c712_2,0.008610201068222523,0.7265042662620544
899,34571_25c64838_2,0.005270174238830805,0.687644898891449
900,143534_4f65fd1a_0,0.006150725297629833,-1.0795087814331055
901,101446_95204330_1,0.0027165496721863747,-0.7221177816390991
902,41749_14d0599c_10,0.00025986466789618134,0.24159002304077148
903,55715_525d1d3e_12,0.0007920869393274188,-1.349475622177124
904,45307_b9b4bca0_30,0.06308314204216003,0.5482007265090942
905,22654_4c426b0f_0,0.0010819743620231748,0.8645101189613342
906,22670_9353c710_4,0.002366873202845454,0.2741718292236328
907,99445_94c22a37_11,0.0028411904349923134,0.9577864408493042
908,132811_57264a28_4,0.018630821257829666,-0.5220644474029541
909,23258_87a2ba81_3,0.001110849087126553,-0.7559131383895874
910,50777_2934de55_22,0.004399311728775501,0.8438345789909363
911,98418_4185a7fb_0,0.0031964932568371296,0.9225606918334961
912,43441_e1ab0873_2,0.00017856415070127696,-1.163741111755371
913,24271_dbc0fd2d_12,0.0011014373740181327,0.7575579881668091
914,38944_0d0c3fce_0,0.05896787717938423,0.6179796457290649
915,40624_e1c5c424_11,0.0001667141477810219,-3.1988654136657715
916,100028_0c3a8f1c_13,0.004471514839679003,0.9424841403961182
917,40491_ac67bf4c_13,0.004237994085997343,0.9205054044723511
918,25416_1deb9c75_0,0.0025791467633098364,0.5535445213317871
919,21657_2651585a_6,0.002291292417794466,0.8785526752471924
920,21986_67c5509a_15,0.0013398629380390048,0.8337579965591431
921,32288_34013274_2,0.0028149127028882504,0.5235523581504822
922,55373_ddd74d2f_0,0.005698396824300289,0.2640368342399597
923,26245_4aac38e1_0,0.003896857611835003,0.776716947555542
924,33044_7fdd9213_0,0.0010267888428643346,0.8166683912277222
925,31530_6744ae73_48,0.07151476293802261,0.30916112661361694
926,25555_fd3d9a3c_1,0.0004103965766262263,0.4238264560699463
927,54175_7d864ace_6,0.003044665325433016,0.3162635564804077
928,72950_5074f5a3_0,0.0010796897113323212,0.28626585006713867
929,129618_2962c248_0,0.011144431307911873,0.813867449760437
930,52012_77070fda_10,0.0005480326944962144,0.14054912328720093
931,28295_0dc908b9_7,0.0009524992783553898,0.744132399559021
932,144419_90e59d67_2,0.00013497279724106193,-0.49159979820251465
933,22734_f6bad9f7_24,0.01092193927615881,0.6619889736175537
934,22604_0b4ffb43_14,0.001233745482750237,0.9774194955825806
935,81996_b3752ed2_3,0.0008989060879684985,0.19330531358718872
936,24504_493cee15_8,0.009267812594771385,0.630974531173706
937,39124_28e99e62_1,0.001306766178458929,-0.47038328647613525
938,29725_0ad4937e_1,0.0007607290172018111,-0.37503039836883545
939,109232_04340d62_6,0.0007877504103817046,-13.329572677612305
940,129075_8fbf62e5_0,0.000561320804990828,0.5557799339294434
941,102937_18c3cb6a_4,0.002323400229215622,0.9185385704040527
942,52551_8098346a_5,0.003162920940667391,-4.501931190490723
943,128043_6947b64c_0,0.0033788748551160097,0.8049466013908386
944,119030_292009a7_41,0.0025440892204642296,0.6268084049224854
945,48526_5aecac8a_0,0.0012790365144610405,0.784625768661499
946,32541_86f7df73_4,0.0008066092268563807,0.23264813423156738
947,55114_7bf17f6a_0,0.010822153650224209,0.21545672416687012
948,55285_6816da52_1,0.01951025240123272,0.5777513384819031
949,37683_e2cca100_17,0.00035634395317174494,0.43897581100463867
950,78775_e2d8b091_15,0.006702336482703686,0.7808573246002197
951,93199_2146e709_2,0.004441157449036837,0.47568279504776
952,135595_656de97a_14,0.0005769465351477265,0.586352527141571
953,24284_3710e946_16,0.0026504341512918472,0.939953625202179
954,135521_30553c91_2,0.00046589801786467433,-5.757124900817871
955,29732_fb15318c_5,0.006648623384535313,-5.315766334533691
956,88060_389bdff4_0,0.0015393812209367752,0.906322181224823
957,27839_4a077326_28,0.006153005640953779,0.8475427627563477
958,100435_87bf423d_8,0.0008888140437193215,0.9824862480163574
959,25365_bb0e4ede_44,0.00190370948985219,-1.6999561786651611
960,146169_144d8264_0,0.08791480213403702,0.5251939296722412
961,23342_7193a931_3,0.00020338158356025815,0.4008104205131531
962,57000_cd1ddece_12,0.0008313292637467384,0.9833792448043823
963,119790_1ed376f0_3,0.0009813342476263642,-0.07102632522583008
964,72522_e9e87960_4,0.004214758984744549,0.9208906888961792
965,65366_f618b577_2,0.001778714475221932,-0.5483123064041138
966,55707_c78416ed_35,0.006451993249356747,0.6628209352493286
967,70321_eccffc7e_0,0.0068942406214773655,-0.7860004901885986
968,120143_b5756e6b_0,0.005174824967980385,0.2813599705696106
969,27726_aca43af4_35,0.00028350879438221455,-12.172118186950684
970,31361_72aab333_20,0.0023747433442622423,0.24528229236602783
971,121949_e10b5e85_12,0.006163948215544224,0.8297497034072876
972,146399_0e4b73c4_13,0.027049344033002853,0.44470155239105225
973,41134_fc146947_6,0.0040204282850027084,-0.8795597553253174
974,21237_7887a24b_35,0.000602519023232162,-1.4909217357635498
975,24885_55e20ddf_3,0.00039832264883443713,0.6064698696136475
976,34914_8911676d_23,0.004535919055342674,0.19385796785354614
977,21803_8a36dcda_12,0.008260924369096756,0.7235772609710693
978,41306_8f26e703_5,0.00014956659288145602,-0.6145968437194824
979,25118_f50fdc69_10,0.000250871991738677,0.6335901021957397
980,25473_0991d519_9,0.0037062165793031454,0.9071921110153198
981,126585_86fa26cb_0,0.00033245381200686097,0.5894243717193604
982,145691_69484976_9,0.004828822333365679,0.565830647945404
983,60729_c51868ec_0,0.0012762858532369137,0.2968921661376953
984,123929_e7dbad2c_0,0.0020502605475485325,0.026102721691131592
985,69649_70b07cac_0,0.0006471891538240016,0.9857040643692017
986,55135_f1186d58_9,0.0004819468595087528,0.39956605434417725
987,20838_86c931be_2,0.006570922210812569,0.18303704261779785
988,45242_626509cb_11,0.0025163220707327127,-0.11197292804718018
989,34983_439766af_13,0.00800448376685381,0.9167401194572449
990,53453_fb0f1640_1,0.016510499641299248,0.49878692626953125
991,23255_972fbfe6_25,0.002654292155057192,0.9163345694541931
992,24168_a0ede173_203,0.13432933390140533,0.25291895866394043
993,55476_1473d91f_0,0.002554303500801325,-0.3022000789642334
994,55111_ef389075_1,0.003685982432216406,0.859118640422821
995,141710_17531562_1,0.0015910028014332056,0.8664151430130005
996,96601_b89e6252_1,0.0007192548946477473,-2.824954032897949
997,135790_a27f9deb_43,0.05300023406744003,0.32095497846603394
998,121363_746708db_0,0.001471058581955731,0.433993399143219
999,136886_3aa46890_0,0.0009159711771644652,0.6584698557853699
1000,50315_0f1419bf_19,0.0358121283352375,0.5074045658111572
1001,37846_cde34fcd_14,0.0005333884619176388,-5.030672550201416
1002,24816_ef81ad4c_1,0.0018017224501818419,0.35573893785476685
1003,75646_4baf69b2_7,0.023718610405921936,0.6678639650344849
1004,140155_81f9ac63_0,0.0009203063673339784,0.7703940868377686
1005,51603_034939eb_10,0.00831295270472765,0.5394660234451294
1006,30435_c97330d2_0,0.00013338973803911358,0.774461567401886
1007,27839_4a077326_27,0.00218299706466496,0.8813031911849976
1008,55627_971fde61_34,0.00747787207365036,0.4218876361846924
1009,134909_ef3d003c_0,0.00032817263854667544,0.6780537366867065
1010,33413_060ce192_51,0.00016847133520059288,-22.342105865478516
1011,22245_ca848576_12,0.0010310809593647718,-0.20413994789123535
1012,52039_ba12c3ac_1,0.0008123106672428548,0.9837600588798523
1013,39707_358f88df_2,0.003349251812323928,-2.5666096210479736
1014,50014_33f250c8_3,0.09533578902482986,0.13038939237594604
1015,52987_387431ac_1,0.004574975464493036,0.6858677268028259
1016,33501_b1ee5058_15,0.0007895338931120932,0.9842999577522278
1017,82168_4844bddd_1,0.001466482295654714,0.801997721195221
1018,30384_95e72fc2_4,0.0004686967877205461,-4.161984920501709
1019,23554_a0845d54_2,0.00116901530418545,0.02278923988342285
1020,23800_65e0a5d1_0,0.0009020501165650785,-1.8428046703338623
1021,41128_ee74f244_0,0.0014831922017037868,-0.4890406131744385
1022,143019_22dbd3e6_2,0.002794397296383977,0.91134113073349
1023,79993_6087acd5_8,0.008282341994345188,0.737984836101532
1024,21422_b2a6bf27_0,0.004348468501120806,0.9283059239387512
1025,25487_dd2c17e8_21,0.0011071653570979834,0.01692408323287964
1026,22654_4c426b0f_10,0.0005581254372373223,-2.7480485439300537
1027,30368_d7fd30ce_6,0.0001366508804494515,-1.922623634338379
1028,57249_6bd2af3c_2,0.0038550524041056633,0.8577877879142761
1029,57029_3ab80a22_0,0.009567693807184696,-0.8980389833450317
1030,79906_052c7eb4_3,0.0018023962620645761,0.6093045473098755
1031,82996_b8dc67c9_10,0.0004630994808394462,0.3609076738357544
1032,119884_192e3265_1,0.001359825488179922,0.3798186182975769
1033,21225_c081eae3_10,0.002915843389928341,0.8328286409378052
1034,121949_e10b5e85_1,0.001892419415526092,0.5211402177810669
1035,81994_ba8916c9_5,0.0004759648581966758,0.584107518196106
1036,22447_4062c6cb_29,0.00180913507938385,0.9694817662239075
1037,55044_ee57bac8_1,0.0010881384368985891,-3.1342873573303223
1038,41871_f9a1ad02_13,0.05021030455827713,0.7179991006851196
1039,74688_a5168a45_2,0.0001977775536943227,-41.495243072509766
1040,23218_02d26ab4_4,0.00018833357898984104,0.5668247938156128
1041,41205_dc60aa5d_0,0.0019730189815163612,0.5094993114471436
1042,41979_ca698776_0,0.016868971288204193,-2.459669589996338
1043,141453_50ec6f25_7,0.004546100273728371,0.8712227940559387
1044,97143_5424c420_0,0.0014504604041576385,0.6277559995651245
1045,41986_26275a06_2,0.008600444532930851,0.18926799297332764
1046,136800_c5e4d711_2,0.0008635152480565012,-0.1802988052368164
1047,101635_11b839a3_5,0.00011535223165992647,0.054963111877441406
1048,55866_b041060d_0,0.0014163326704874635,0.9133120179176331
1049,53846_89405f98_0,0.001401742803864181,0.71360844373703
1050,27725_5cceaeb7_1,0.0024239500053226948,0.7812901735305786
1051,146137_92faaea5_9,0.003918312955647707,0.6860473155975342
1052,41211_11f6b8a0_4,0.0009243009844794869,0.6193364858627319
1053,21330_f0cee934_46,0.0008439803496003151,0.983126163482666
1054,127188_5fecd146_4,0.0006867288611829281,0.056368470191955566
1055,135949_06517574_8,0.00014340416237246245,-0.48666489124298096
1056,68928_0d4e4a2e_24,0.004067732021212578,0.7442209720611572
1057,50410_f8f03667_38,0.00015942293975967914,-9.97546100616455
1058,142999_171240b6_21,0.0007254310767166317,0.46362799406051636
1059,144709_642fc665_0,0.0016998500796034932,0.8329505920410156
1060,53232_f8760054_10,0.0008173554670065641,-6.822779178619385
1061,22372_e91792a1_0,0.00021496052795555443,-1.7568747997283936
1062,21767_53eaa558_12,0.053096771240234375,0.3138609528541565
1063,32220_1fd19c5e_0,0.0002761029463727027,0.7163389921188354
1064,22886_a6331748_1,0.010739854536950588,0.01396554708480835
1065,130996_b842b511_12,0.007356471847742796,0.32194268703460693
1066,55571_74a416b1_1,0.0003365272132214159,-1.854644536972046
1067,70169_914780d4_1,0.0019168800208717585,0.2700536847114563
1068,23156_7788f78a_6,0.06805717200040817,0.5075504779815674
1069,124496_20e20439_10,0.00037769926711916924,0.16986697912216187
1070,76300_7cb02add_1,0.007812771946191788,-0.15687036514282227
1071,21647_6b6cca6f_10,0.006400980055332184,-2.4937031269073486
1072,22734_f6bad9f7_23,0.012198708020150661,0.4918205738067627
1073,94176_0a6c42ab_2,3.265644409111701e-05,-4.993154525756836
1074,24048_d731886d_9,0.011771227233111858,-0.2974724769592285
1075,25487_dd2c17e8_30,0.004000227898359299,-0.808245062828064
1076,115717_40314bc2_4,8.229112427216023e-05,0.7323253750801086
1077,125592_875faf40_0,0.004725565668195486,0.780655026435852
1078,41871_f9a1ad02_44,0.006336734630167484,0.552322506904602
1079,146642_883a71d2_8,0.0026883522514253855,0.3440873622894287
1080,136883_076fbff9_31,0.0002656932920217514,0.12114399671554565
1081,60766_fb8715eb_3,0.007095708511769772,0.4810933470726013
1082,30818_33617072_0,0.019341083243489265,0.020760834217071533
1083,130679_7a357a9c_18,0.008469837717711926,0.5017780661582947
1084,55306_795d845b_0,0.0001451436837669462,0.6888518333435059
1085,135934_d2f6bb2e_33,0.0005519035621546209,0.26419687271118164
1086,111054_e45a0d40_7,0.05948588624596596,0.42457449436187744
1087,36826_d9269c2e_10,0.0016131142619997263,0.8904300928115845
1088,37619_ae810a8d_7,0.00019108895503450185,-86.27363586425781
1089,22343_34184fd5_22,0.0004354263946879655,-0.3476628065109253
1090,113020_de552f8d_0,0.0010750384535640478,0.327742338180542
1091,20216_89b90993_0,0.005256578326225281,0.6498062610626221
1092,23325_292b3294_16,0.006655860226601362,0.3667972683906555
1093,23522_5c2ec58e_9,0.004133652430027723,0.6861433982849121
1094,146624_359752bb_20,0.0001783840561984107,-88.92696380615234
1095,104990_11b4aeee_1,0.0033556942362338305,0.9232951402664185
1096,90917_4670b560_0,0.022272177040576935,0.5671350359916687
1097,54818_59adf8c2_5,0.0021114018745720387,-0.8259810209274292
1098,34109_5a868eae_3,0.0012889186618849635,-1.1028540134429932
1099,23161_e7f63a9f_2,0.003111551981419325,0.7184548377990723
1100,37160_2a95674a_27,0.00125215039588511,0.5625261068344116
1101,61280_8bdbc90f_0,0.0072608767077326775,0.7392275333404541
1102,55083_dac1f9cc_2,0.0010379684390500188,0.913589358329773
1103,34341_d19b12fb_14,0.0001459309132769704,-0.4514392614364624
1104,54516_ac9e2ef4_61,0.003076189896091819,0.48920661211013794
1105,24559_3c306e71_2,0.0005106670432724059,-0.039539217948913574
1106,105831_88a0fb85_1,0.0027479392010718584,0.8955954909324646
1107,32743_f4c47bbc_19,0.011660047806799412,-1.1666004657745361
1108,40500_6055e3d7_18,0.004224080592393875,0.7972334623336792
1109,22862_f5406bb0_0,0.004503344185650349,0.9275551438331604
1110,141081_ae61ec46_0,0.0030610000248998404,0.9556878209114075
1111,135112_cf8007b8_4,0.011650598607957363,0.8232580423355103
1112,131442_1512d9ff_5,0.0003222381346859038,0.3180713653564453
1113,145132_7aea3b66_1,0.14042340219020844,0.4685099720954895
1114,41871_f9a1ad02_45,0.0023474700283259153,0.5475355982780457
1115,51775_49ef614a_1,0.00415498111397028,-0.1772913932800293
1116,143293_fc5b0ff7_23,0.0011134522501379251,-1.034226417541504
1117,51547_a7e01c38_6,0.0003984787908848375,0.4290754795074463
1118,114021_44c3c39c_2,0.0002632259565871209,0.34376537799835205
1119,123766_c5a4cf5e_0,0.00044610051554627717,-1.8442301750183105
1120,23031_0d684603_8,0.005266869906336069,-1.2701568603515625
1121,132996_c742ef84_4,0.004828494042158127,0.3299601674079895
1122,137096_5d77f285_1,0.0022802462335675955,0.7278361320495605
1123,27072_b4756e8c_2,0.016650458797812462,-2.7658140659332275
1124,51915_e704f5dd_2,0.0013751571532338858,0.784953236579895
1125,132811_57264a28_13,0.0018204159568995237,0.9693528413772583
1126,49396_98ab955d_13,0.0051221782341599464,0.4289548397064209
1127,132081_761d26ad_0,0.0011323984945192933,0.9696875214576721
1128,82906_7b72e0e8_2,0.0072990115731954575,0.7966510653495789
1129,92649_26fe8262_0,0.003451930359005928,-0.5926028490066528
1130,21803_8a36dcda_11,0.004176621325314045,0.8876618146896362
1131,30637_f6324fc6_5,0.0005164680769667029,-2.4183108806610107
1132,105560_a6f91315_12,0.00018954630650114268,-25.548051834106445
1133,41737_d80c34b9_0,0.016462409868836403,0.01644986867904663
1134,34983_439766af_12,0.003304488956928253,0.6749337911605835
1135,122755_60c41889_10,8.861594687914476e-05,-0.42011380195617676
1136,76879_65a30a82_2,0.05789061263203621,0.4821717143058777
1137,89816_cef36e57_4,0.0029375904705375433,0.9515562653541565
1138,49406_100c707b_3,0.009880458004772663,-0.13926374912261963
1139,105560_a6f91315_10,0.00014313844440039247,-2.090679407119751
1140,129421_483d2957_5,0.0001645446609472856,0.3067159056663513
1141,122740_fc5c94eb_33,0.005517881829291582,0.8310527801513672
1142,135595_656de97a_5,0.0014002127572894096,0.4886024594306946
1143,35740_5322d674_5,0.00017265818314626813,-58.92399597167969
1144,23681_932e722e_18,0.0013858386082574725,0.9737685322761536
1145,108244_329b1876_17,1.0062766705232207e-05,-1.3380851745605469
1146,125745_cf468448_6,0.00393836060538888,0.0739549994468689
1147,138838_c9a9e790_6,0.0030154676642268896,0.41384005546569824
1148,102416_b74464a2_4,0.00017308539827354252,-67.65526580810547
1149,30426_2cde26de_21,0.00039094549720175564,-0.16204583644866943
1150,137837_9c9f163d_5,0.0004708197375293821,0.5042316913604736
1151,25487_dd2c17e8_15,0.00841917097568512,-0.09741532802581787
1152,21549_18160a0a_4,0.0001691223296802491,-22.873098373413086
1153,21385_601444ba_0,0.0055986433289945126,0.6517133116722107
1154,35233_add576ba_9,0.0033843331038951874,0.7789621353149414
1155,55345_c6423351_0,0.002079255413264036,0.6633847951889038
1156,110697_4b2725f1_0,0.002122523495927453,0.9505559802055359
1157,109946_242843a6_1,9.131899423664436e-05,-1.152672529220581
1158,34341_d19b12fb_22,0.000159007657202892,-17.077884674072266
1159,23247_bcd1e84f_21,0.0025773763190954924,0.4588261842727661
1160,131765_29b29f08_6,0.00015501899179071188,-2.356966495513916
1161,21395_7d6fda6f_12,0.001094022300094366,0.042502641677856445
1162,135460_6471e973_15,0.0013005767250433564,0.5727791786193848
1163,51741_49d61151_7,0.002634740201756358,0.904798150062561
1164,28382_90b7cc0c_12,0.0024644359946250916,0.10607141256332397
1165,30850_05d88af9_2,0.006489663850516081,0.7322894334793091
1166,86278_1e55d036_12,0.0007729777134954929,-4.753414630889893
1167,67240_525e92c1_1,0.0036310094874352217,-1.913572072982788
1168,82002_ef2b4feb_6,0.0021046409383416176,0.9595605134963989
1169,53364_ec8aad42_1,0.012777331285178661,0.45098400115966797
1170,135771_b030a25c_17,0.0009410461061634123,-0.08858251571655273
1171,135906_29d7b495_1,0.00024121349269989878,0.5687470436096191
1172,21822_7d3db422_38,0.0031225576531141996,-2.167954206466675
1173,81136_5b86c723_1,8.932005584938452e-05,0.3440619707107544
1174,25473_0991d519_2,0.026837622746825218,0.5356906652450562
1175,73405_94381b7c_5,0.004747739527374506,0.2019566297531128
1176,24009_c40b0d48_2,0.002034145873039961,0.9375319480895996
1177,22162_439af02a_1,0.0013434255961328745,0.9735844731330872
1178,146159_f3f80701_0,0.005327132530510426,-0.4203847646713257
1179,51895_5760b481_15,0.03339327499270439,0.6445856094360352
1180,33500_e58e287e_1,0.010836757719516754,0.4955647587776184
1181,31838_2e4bd173_0,0.0040433816611766815,-1.7027809619903564
1182,146137_92faaea5_18,0.00031548674451187253,-1.7615642547607422
1183,124879_2257a334_2,0.0002035770594375208,-1.2343358993530273
1184,144145_510eedc2_7,0.002028160262852907,0.9624133110046387
1185,21237_7887a24b_78,0.003182055661454797,0.7232806086540222
1186,82297_93739ce0_6,0.004313140641897917,-0.41783976554870605
1187,51536_a18dc325_31,0.000718077877536416,-2.4805827140808105
1188,93103_fdb9fcb7_7,0.007913026958703995,-0.021412014961242676
1189,24590_415f7013_9,0.0030343453399837017,0.4377923011779785
1190,130659_16f2db4c_0,0.0010932208970189095,0.6383426785469055
1191,23083_fdb942ac_2,0.0036682053469121456,0.8469465374946594
1192,23954_a8c09819_2,0.0014243376208469272,0.9723783731460571
1193,30417_0010bc7c_13,0.0026221335865557194,0.7668336033821106
1194,120535_e304dfca_1,0.006500745192170143,0.5231709480285645
1195,93199_2146e709_9,0.001708661438897252,0.6076479554176331
1196,23686_cba4f679_15,0.0069042532704770565,0.8452501893043518
1197,40807_58058731_20,0.033699892461299896,0.6608109474182129
1198,94410_d32e7520_35,0.009414984844624996,0.7655815482139587
1199,79695_fd8bae0e_0,0.004465427715331316,-0.135481595993042
1200,129422_621d0a90_35,0.001984819769859314,0.06780439615249634
1201,44932_16cb7f21_5,0.0038442013319581747,0.8911222815513611
1202,136550_8a8672e5_1,0.0031963333021849394,0.10270071029663086
1203,20495_e8e7e80c_3,0.0014361519133672118,0.9743137955665588
1204,31962_e5291336_50,0.0028477006126195192,-1.7165253162384033
1205,24888_5be1de05_1,0.00016648342716507614,-2.1663763523101807
1206,34114_7e58a97d_10,0.0073325010016560555,0.7181010246276855
1207,108433_37a79370_0,0.006296422332525253,0.4436282515525818
1208,22844_9b75b8e0_1,0.002941017970442772,0.8780014514923096
1209,115637_b4d41e8a_0,0.0019386277999728918,0.8123288154602051
1210,53474_f29e4438_15,0.023209456354379654,0.3397594690322876
1211,26766_1aaa348c_0,0.005788820795714855,0.17827153205871582
1212,51940_67bb0219_7,0.0018519581062719226,0.6973615884780884
1213,41714_1d49f4d1_13,0.000186514385859482,0.2644878625869751
1214,21815_7090778f_9,0.015019265003502369,-0.23256194591522217
1215,32843_8e5bdf24_0,0.004242988768965006,0.8120046854019165
1216,23686_cba4f679_10,0.0017557491082698107,0.7812108397483826
1217,114425_891ab08d_0,0.009536618366837502,-0.18910205364227295
1218,41786_02d48cdd_5,0.003814824391156435,0.40968388319015503
1219,22895_4533b542_1,0.006670957896858454,0.6176644563674927
1220,49016_cd1b47bf_6,0.010293716564774513,0.6739171743392944
1221,51674_a70c1c6c_3,0.0006096393335610628,0.025104820728302002
1222,52972_6e5a5ada_11,0.0033703066874295473,0.8569443225860596
1223,120700_d818883a_8,0.0016104483511298895,-1.1804883480072021
1224,34530_9525ffcd_0,0.0042562102898955345,0.9199607372283936
1225,24355_99bf3f8f_1,0.0006787196034565568,-0.3143836259841919
1226,56250_3b6024e3_46,0.01619536615908146,0.7136497497558594
1227,56355_727ca47c_3,0.002126205712556839,0.4865928888320923
1228,35057_9af89947_1,0.003948339726775885,0.3801047205924988
1229,120881_a946667f_13,0.00039788876892998815,0.4518442153930664
1230,143021_c6df0146_5,0.00028392364038154483,-0.5810121297836304
1231,69240_dc199112_3,0.0011312388814985752,-0.02958667278289795
1232,41733_1ec9b00c_15,0.005784706212580204,-0.20465290546417236
1233,30298_24191733_2,9.134244464803487e-05,0.36830902099609375
1234,30400_8824ce97_18,0.000974479946307838,0.7965222001075745
1235,37040_ecbcd25e_36,0.004763634875416756,-0.2847771644592285
1236,23035_6087bb57_4,0.0003580378252081573,0.4641914367675781
1237,38675_6e07d74b_26,0.03196205943822861,0.5577554702758789
1238,31751_e37382e1_9,0.0036589782685041428,0.6098568439483643
1239,54601_e1da5b93_4,0.0009106724755838513,0.981882631778717
1240,142999_171240b6_29,0.005053318105638027,0.6169446110725403
1241,137646_14bca880_0,0.0011039229575544596,0.898051917552948
1242,37519_442dc408_1,0.00041204391163773835,0.49647384881973267
1243,47195_a8cd8bad_6,0.0029970784671604633,0.8094146251678467
1244,22474_b10fea1a_6,0.0025474699214100838,0.7061900496482849
1245,53200_d1e30b87_10,0.007869428023695946,-0.36935341358184814
1246,41472_f9d73638_9,0.0003238059871364385,0.6671764850616455
1247,126397_cc08a23d_1,0.000255033141002059,0.5860967636108398
1248,31838_2e4bd173_4,0.0026687404606491327,0.9524232149124146
1249,52006_d21e4570_7,0.004417347256094217,0.12436926364898682
1250,62109_08c31aa8_0,0.0024397093802690506,0.5652680397033691
1251,49403_458914df_0,0.0018609422259032726,-0.09923672676086426
1252,122914_76ff1f5e_2,0.0001733534736558795,-14.42892837524414
1253,34913_d23e2a24_2,0.002992514055222273,-0.3390539884567261
1254,104641_2cd02839_15,0.00026703730691224337,0.22832328081130981
1255,131632_6144b102_1,0.005650582257658243,0.9327265024185181
1256,30850_05d88af9_0,0.0013468756806105375,0.8943189382553101
1257,86296_8a6ed4d3_7,0.0013498755870386958,-3.157655715942383
1258,34983_439766af_7,0.0064018601551651955,0.9087969064712524
1259,33374_7491cbf8_2,0.040207184851169586,0.6109830737113953
1260,50694_afd26bd5_10,0.008208544924855232,0.9118528366088867
1261,50292_e84db1fb_8,0.0002952071954496205,-0.00737309455871582
1262,81367_622a9e51_2,0.0009253592579625547,0.7676377296447754
1263,78966_584c5305_0,0.002739143092185259,-0.428241491317749
1264,79905_623eae86_1,0.05678902566432953,0.5349496603012085
1265,63055_6b907478_15,0.00660661980509758,0.4729905128479004
1266,135771_b030a25c_4,0.0009332686313427985,-0.1750110387802124
1267,41753_9b4f8d8a_0,0.0010124393738806248,0.980121910572052
1268,80784_f7ec5f70_1,0.0028974455781280994,0.509044885635376
1269,33607_c6f31fa6_10,0.005160834174603224,0.36797213554382324
1270,22225_a3ce4d29_42,0.002695628209039569,0.7103188037872314
1271,51938_8b9cba89_5,0.010031226091086864,0.7897769212722778
1272,44741_f386a08f_4,0.0025408663786947727,0.9245867729187012
1273,70021_e673ae54_4,0.0020525732543319464,0.9666861891746521
1274,55135_f1186d58_7,0.004404528997838497,0.6052217483520508
1275,31856_2a5a4e32_12,0.008329272270202637,0.5379542708396912
1276,75303_045fc848_4,0.003113642567768693,0.521586537361145
1277,129683_3ad38815_10,0.049289025366306305,0.42362016439437866
1278,21894_93f0d052_24,0.0014523727586492896,0.8825420141220093
1279,143823_1b04bf80_13,0.0023374082520604134,0.831332266330719
1280,143823_1b04bf80_18,0.0006738929660059512,0.34800559282302856
1281,111863_c925f4f3_2,0.0004601570835802704,0.5609188675880432
1282,104633_d0a15bd3_6,0.003904868382960558,0.672562837600708
1283,48832_22363e53_33,0.0019309093477204442,0.9478441476821899
1284,127466_a18ae326_1,0.002257727086544037,0.14940661191940308
1285,22211_b1ee53f0_12,0.004937640391290188,0.7936663627624512
1286,137837_9c9f163d_6,0.011272292584180832,-2.069999933242798
1287,122755_b830e22d_17,5.815177792101167e-05,0.34872233867645264
1288,21299_e9cd80a6_12,0.0016400236636400223,-1.1992785930633545
1289,44920_70dd4b80_11,0.0019636291544884443,0.9111630320549011
1290,52987_387431ac_7,0.0018971213139593601,0.9422182440757751
1291,147926_b78316a8_10,0.0009054293041117489,0.2067384123802185
1292,144653_e3eccdf1_50,0.00043581167119555175,0.7096389532089233
1293,56458_c027ed41_0,0.001900006434880197,0.764149010181427
1294,23495_6366269c_11,0.001314147375524044,0.9738656282424927
1295,70883_e2d6a103_2,0.03959731012582779,0.41165435314178467
1296,32743_f4c47bbc_34,0.00144501484464854,0.1577911376953125
1297,30910_38ea5a06_2,0.002663819584995508,0.5482181310653687
1298,56476_466fc284_17,0.012837769463658333,0.7344623804092407
1299,22604_0b4ffb43_62,0.003666164819151163,0.8470332622528076
1300,21534_6367be99_0,0.001763000967912376,0.4442390203475952
1301,133026_1085532d_1,0.005336250178515911,-0.35616493225097656
1302,137828_0b0786fb_1,0.006842433009296656,0.8684571981430054
1303,55627_971fde61_27,0.001066648866981268,0.8653483986854553
1304,93869_8b1922a3_0,0.002464279532432556,0.8012624979019165
1305,24393_9acd18c6_3,0.003824134124442935,0.9286414384841919
1306,44996_b3e9c266_14,0.00013067408872302622,0.4886080026626587
1307,55300_b9675d43_1,0.0013510094722732902,0.9734736084938049
1308,113352_879844fe_0,0.0016956041799858212,0.9309535026550293
1309,135317_3c58b0d0_9,0.0006591816782020032,0.39092010259628296
1310,115624_fe3eb392_1,0.010222179815173149,0.5212599635124207
1311,63055_6b907478_21,0.0013972605811432004,0.9490441083908081
1312,40421_032c052f_0,0.0067910924553871155,-0.03224670886993408
1313,143029_70554264_3,0.00019850165699608624,0.6599437594413757
1314,145117_78f63de3_0,0.0036300397478044033,0.06639128923416138
1315,128996_35f2006e_0,0.0003227905835956335,-0.6141679286956787
1316,54503_fc6c6963_1,0.0012488755164667964,0.8422670364379883
1317,24657_0168dc6b_1,0.0015946804778650403,0.9609674215316772
1318,130524_13ad16a8_0,0.09641512483358383,0.5232442021369934
1319,142670_33c641dc_3,0.0007614073692820966,0.7107311487197876
1320,65375_674ff0b9_11,0.0022536939941346645,-1.0518312454223633
1321,23168_7fdf5427_3,0.00017766009841579944,-80.15512084960938
1322,41717_ab2075ac_0,0.0036153399851173162,0.8672593235969543
1323,21739_57582b8f_4,0.00367891532368958,0.7841625213623047
1324,143293_fc5b0ff7_30,0.0034790767822414637,0.9051234722137451
1325,135906_587b5c3d_0,0.0005209922674112022,0.6854015588760376
1326,138685_fd9b79cd_0,0.001159932347945869,0.07249844074249268
1327,119921_5621fcb4_0,0.004399570170789957,0.2572348117828369
1328,49403_458914df_5,0.003024536417797208,0.6553000211715698
1329,73525_7f6b2f67_2,0.0002440808602841571,0.6090689301490784
1330,136994_a3a2f50f_3,0.012812144123017788,-0.44309282302856445
1331,31838_2e4bd173_1,0.004631820600479841,0.8997489809989929
1332,35866_d0233b36_6,0.0017437228234484792,0.9702731370925903
1333,53053_d6b4d71c_9,0.01038301456719637,0.7304279804229736
1334,90220_7baf1e18_1,0.0009778370149433613,-0.32000231742858887
1335,23364_73dd9d4d_10,0.0002634275588206947,0.6213968396186829
1336,52987_387431ac_3,0.0013348364736884832,0.8900638818740845
1337,51859_6b2fd0f1_4,0.0008289613761007786,0.5391495227813721
1338,51708_867d4509_12,0.0004201781703159213,-2.6396822929382324
