case_num,case_name,MSE,R-Square
0,50417_199cffee_13,0.0019757861737161875,0.9846096634864807
1,48516_2b3135bf_11,0.0011671904940158129,0.9605374932289124
2,41733_1ec9b00c_31,0.003551207948476076,0.6555317044258118
3,31664_1e85c690_0,0.0005901060649193823,0.9682735204696655
4,21893_0500d043_18,0.0005263801431283355,0.9892981052398682
5,31607_9a2f8140_6,0.0003684454131871462,0.9876329898834229
6,41774_88a7a483_18,0.00043368784827180207,0.8941345810890198
7,42143_51b31600_4,5.810153379570693e-05,0.8826006054878235
8,23104_3b70eba4_13,0.0005897696828469634,0.029799342155456543
9,129075_8fbf62e5_2,7.389144593616948e-05,0.8050073385238647
10,41624_a15f83c1_13,0.00021588995878119022,0.8939881324768066
11,36088_1ea9c8a9_12,0.0003128302632831037,0.9927020072937012
12,126477_6596d136_14,0.0003063333570025861,0.7223329544067383
13,130441_10c43121_0,0.00307240872643888,0.9843482971191406
14,133385_e6aa64d8_21,0.000282988854451105,0.8143412470817566
15,26398_b99946da_1,0.0015650633722543716,0.9794166684150696
16,61198_0c99f50a_4,7.386261859210208e-05,-3.653099536895752
17,26661_ab88a525_0,0.00012971932301297784,0.8500747680664062
18,129075_8fbf62e5_1,0.0012609652476385236,-0.19080710411071777
19,51891_9455ea02_1,0.0008914429927244782,0.9858543872833252
20,34770_6bba5bd4_13,0.0002818890498019755,0.9944653511047363
21,21646_a2dd0d00_53,0.0003864899917971343,0.9678741097450256
22,68909_4ae1bc2e_1,9.528872760711238e-05,0.9104503989219666
23,27866_ece3076e_109,0.00015139840252231807,0.976126492023468
24,92134_52f13f49_6,0.0002679013414308429,0.8456060290336609
25,23342_7193a931_1,6.248310819501057e-05,0.9132776856422424
26,126572_a2d6f794_14,6.382747415045742e-06,0.35834014415740967
27,44344_3e0b0b0c_1,8.355806130566634e-06,-0.1572561264038086
28,49331_3bf3bb84_4,0.0002928765898104757,0.9946389198303223
29,33971_46bb0373_0,0.0007501615909859538,0.904176652431488
30,21517_bfe35b4c_1,0.00025173751055262983,0.6348770260810852
31,23165_369d62aa_6,0.00030567037174478173,0.9963130950927734
32,81846_2907c980_0,0.0006358886021189392,0.9717731475830078
33,24168_a0ede173_111,0.0029160480480641127,0.711982011795044
34,53461_a5942665_1,0.00015047444321680814,0.9944190979003906
35,24907_c72322ea_13,0.0004936033510603011,0.8137462139129639
36,133424_315bcaeb_7,0.00014933131751604378,0.8067591786384583
37,40490_916e13fe_0,0.00032988894963636994,0.9897247552871704
38,38000_b5822e44_3,0.00037775663076899946,0.9942746758460999
39,138520_f4e0bc0b_63,0.000450080813607201,0.5706019401550293
40,61294_9255796d_3,3.50765221810434e-05,0.9343669414520264
41,22176_272891b8_0,0.0003549008979462087,0.819974958896637
42,24815_4f2a57e4_1,0.0011927949963137507,0.9649750590324402
43,113343_e692c488_1,5.6449236581102014e-05,0.9148136377334595
44,33995_18423507_1,0.00020505937573034316,0.7237663269042969
45,127897_029949fd_6,0.00019462862110231072,0.9961082339286804
46,123181_4e56fb4f_0,0.00032879726495593786,0.9952366948127747
47,22670_9353c710_1,1.9508011973812245e-05,0.8811118602752686
48,128642_4d72bf31_2,0.0005434553022496402,0.7056083679199219
49,146667_fe438b5b_6,0.0013412329135462642,0.9180927872657776
50,38260_2a31c6df_2,0.0007709134370088577,0.8913530707359314
51,24443_996411f9_3,0.0008127561886794865,0.9815561175346375
52,142074_34e02b6d_1,6.509649392683059e-05,0.9805045127868652
53,41501_b627682a_15,0.0010543708922341466,0.9078617691993713
54,24712_da77fe8f_0,0.0001402105117449537,0.9973766803741455
55,32960_0eaa1de8_26,0.00027788805891759694,0.9948529005050659
56,130757_b2c47f8d_2,5.0404745707055554e-05,-0.506430983543396
57,104817_6d73dc41_0,0.0006286475108936429,0.9295682907104492
58,79243_49539d9f_0,0.0011769410921260715,0.9746443033218384
59,82012_c533307b_1,0.00011834059841930866,0.8897615671157837
60,107649_e651c5ca_1,3.694295446621254e-05,0.7423791885375977
61,40997_e3c88650_12,0.0007435037405230105,0.9809288382530212
62,143029_70554264_4,0.0007958235219120979,0.8912129402160645
63,27054_342fcf5c_3,0.00017897252109833062,0.8132059574127197
64,41648_577daf16_17,0.00017602121806703508,0.9333671927452087
65,89720_4e65191c_1,0.0006622979999519885,0.9839557409286499
66,75382_1b589ea9_12,6.356605445034802e-05,0.8182893991470337
67,120371_433ba1ca_2,0.00033787221764214337,0.9705334901809692
68,49024_b7f02205_13,0.0013971001608297229,0.9382919669151306
69,51022_47816098_7,0.001328837824985385,0.9863548278808594
70,41634_4f5d0edb_0,5.744486043113284e-05,0.8851326107978821
71,23170_6ea8ded5_3,0.0005351916188374162,0.9910435080528259
72,69589_cd2fa794_8,0.0023103056009858847,0.8489376306533813
73,41504_85e300ee_0,0.0018282176461070776,0.7503758668899536
74,128996_42176b10_0,0.0008140536374412477,0.934112012386322
75,38920_e81879c2_7,4.730375803774223e-05,-55.893218994140625
76,148051_c59af578_6,0.0001580610405653715,0.9956952333450317
77,65494_16d62db5_0,0.00011924843420274556,0.8402066230773926
78,25473_0991d519_0,0.0005671196267940104,0.9866763353347778
79,75270_25a261ef_5,0.00033889972837641835,0.9661847352981567
80,49613_1b97c07b_12,3.0218348911148496e-05,0.6790553331375122
81,115633_a2c63339_1,0.0001754733530106023,0.9480984807014465
82,52366_63042db4_1,0.0003455241094343364,0.9921360015869141
83,30282_88c6933c_5,0.000563179375603795,0.9326252341270447
84,53474_f29e4438_12,0.0009638922638259828,0.9684435725212097
85,24026_1dd4094b_21,0.000686634099110961,0.9216757416725159
86,21225_c081eae3_2,0.001029012375511229,0.8639858961105347
87,35057_9af89947_8,0.00031496185692958534,0.7469955682754517
88,43529_4804941b_20,0.00046787934843450785,0.9857413172721863
89,22103_fd11c71b_3,0.00025773682864382863,0.9678165316581726
90,51536_a18dc325_0,0.0006868741475045681,0.9635462760925293
91,24230_636208ab_13,0.0007135209161788225,0.5618407130241394
92,41117_1b3271f2_56,0.0016641842667013407,0.974302351474762
93,140499_419d5823_0,0.00032133515924215317,0.9722229242324829
94,115524_a949e82c_2,4.317624188843183e-05,0.831810712814331
95,29833_0ed4880f_3,0.0002328760747332126,0.9958099722862244
96,127556_4823a42a_6,0.000279481551842764,0.9530532956123352
97,23960_48cc0f21_19,0.00011445923883002251,-0.6050413846969604
98,132987_ba18d2eb_11,0.00010179616219829768,0.8050738573074341
99,51337_f8636fd9_30,8.63873865455389e-05,0.9023937582969666
100,40999_cad6be09_18,0.000841467350255698,0.9801056385040283
101,136886_99fbdef3_0,0.00012927487841807306,0.7781569957733154
102,30447_4ed3b778_7,0.000691691180691123,0.997451663017273
103,55811_bc667b2d_13,0.0018137342995032668,0.30951517820358276
104,41716_d55164d4_1,0.00022355627152137458,0.9217617511749268
105,33610_aa697fc9_6,0.0003851634683087468,0.9715700745582581
106,55095_fa260d33_6,0.0010286378674209118,0.97288578748703
107,115639_bc0cc622_0,0.0017179222777485847,0.8742192983627319
108,20841_1620ae7d_0,0.0006274168263189495,0.9136210680007935
109,50823_d1830e58_2,0.0010470423148944974,0.792731523513794
110,109762_cb162371_48,0.0004013970319647342,0.8589481115341187
111,41387_5f752e39_23,0.0005691055557690561,0.97895348072052
112,121540_629c716f_0,0.0006376423989422619,0.973007321357727
113,118539_1dff9cf9_12,9.23850620893063e-06,0.3243391513824463
114,30714_dafa62f6_2,0.0019126414554193616,0.9749768376350403
115,79633_bbbde75f_0,0.0010457005118951201,0.9744967222213745
116,33059_531cfd5e_11,0.00042073565418832004,0.9311437010765076
117,20697_d3e106b4_4,3.942484181607142e-05,0.6688892841339111
118,136062_0027ff97_6,0.0005288810352794826,0.9512059092521667
119,146291_6b0c8db3_1,0.0017809346318244934,0.9585530161857605
120,45466_5f662bcb_0,5.924540164414793e-05,0.878014326095581
121,144500_7f600ab6_0,0.0002262514753965661,0.9790778756141663
122,44996_b3e9c266_4,7.348055805778131e-05,0.9844796061515808
123,40713_4c9264ef_0,0.00040019198786467314,0.9466050267219543
124,132384_0fcab1fa_13,0.0004655816301237792,0.49913811683654785
125,33738_77d49563_2,0.00021135708084329963,0.7543253302574158
126,129422_621d0a90_33,0.0001917741319630295,0.9097426533699036
127,115633_fd3c9b97_32,3.733758057933301e-05,0.847002387046814
128,69337_a122ffde_1,0.0005563176237046719,0.9431403875350952
129,37241_29f91452_0,0.000405368598876521,0.9906224608421326
130,141199_9ae000ef_6,0.0012246337719261646,-0.035164713859558105
131,147133_92c04b84_4,0.0007311142981052399,0.3569759130477905
132,77687_cbb18594_50,0.0013887505047023296,0.04142284393310547
133,144290_2a679085_11,3.4249271266162395e-05,0.8991309404373169
134,130825_c59bbbfb_0,0.0007231869385577738,0.9814931154251099
135,82512_252da752_6,4.494226595852524e-05,-68.53050231933594
136,115624_d0acb46b_24,0.00039962714072316885,0.9956640005111694
137,92134_52f13f49_7,0.00024961287272162735,0.8433926701545715
138,100326_0602c712_7,0.00018057110719382763,0.7153624296188354
139,134630_f9e85072_0,0.0008494396461173892,0.8044525384902954
140,108943_b07b2543_1,0.0006328086601570249,0.8956482410430908
141,125416_ab456bc3_5,0.0012459707213565707,0.8942151069641113
142,57222_33b428d7_69,0.00015917060954961926,0.8408052921295166
143,24650_dad8c8ee_13,0.0005183643661439419,0.9908149242401123
144,41749_14d0599c_1,0.0002977555268444121,0.9557070732116699
145,49396_98ab955d_27,8.730171248316765e-05,0.9430033564567566
146,136892_e2a0b32c_4,7.59602480684407e-05,-0.9532186985015869
147,31962_e5291336_28,0.0006155995070002973,0.9865649342536926
148,34231_e27353cb_0,0.00010656921949703246,0.8879522681236267
149,112724_d334de09_0,0.0009578023455105722,0.9851133227348328
150,56486_82b3e23a_21,1.3475356354319956e-05,0.8433024287223816
151,40500_6055e3d7_17,1.0801086318679154e-05,0.636643648147583
152,39468_15fb2e60_43,0.0002503465802874416,0.5915077924728394
153,141710_17531562_7,0.0002989656641148031,0.9915505647659302
154,33529_756075a0_12,0.0006877508712932467,0.8652692437171936
155,54169_3a875f10_8,0.0012925708433613181,0.9659071564674377
156,41023_5445cb61_9,0.00023839459754526615,0.7903382778167725
157,146380_5c569eeb_2,0.000695192429702729,0.6263527870178223
158,24195_9791f5d3_38,1.653407707635779e-05,0.6739556789398193
159,26573_7f7e176d_2,0.0010450908448547125,0.9907304048538208
160,22734_f6bad9f7_25,0.0008592375088483095,0.9861557483673096
161,48112_9538e204_0,0.0001675818784860894,0.9966734647750854
162,127545_6fa39158_10,0.0010732797672972083,0.9916539192199707
163,23788_5c0b60c6_0,0.0002323160442756489,0.8780136108398438
164,23792_5b4c1ce0_21,0.0013763209572061896,0.9565715193748474
165,146067_46e58ab3_1,0.0016824585618451238,0.9893256425857544
166,101072_dec6f415_3,0.00016799219883978367,0.9229937791824341
167,22829_b6649a29_0,9.91099514067173e-05,-0.6433509588241577
168,55389_a736bd99_0,0.001196701661683619,0.36431819200515747
169,30259_d709601c_9,0.002214477863162756,0.9369145035743713
170,35866_d0233b36_13,9.638074698159471e-05,-0.023423194885253906
171,34563_52848c45_5,0.00015551102114841342,0.9370532631874084
172,44519_90af0df6_7,0.0010771151864901185,0.6857924461364746
173,114111_59282658_8,0.0003333932545501739,0.8859187364578247
174,45922_26941172_15,0.0017693775007501245,0.9703810214996338
175,41303_bd1def52_3,0.00024538952857255936,0.9379525184631348
176,22053_de30641b_1,5.026361395721324e-05,0.23056793212890625
177,22298_51433023_4,0.0007830842514522374,0.9829383492469788
178,23479_81a49137_0,0.0007605791906826198,0.7236998081207275
179,22225_a3ce4d29_37,0.001201239530928433,0.9833688139915466
180,135669_490cd2d7_14,0.0011043536942452192,0.9407659769058228
181,32173_8b075b1a_4,0.0005962296272628009,0.9903424978256226
182,145119_24107428_5,0.0008735250448808074,0.9337403178215027
183,41774_88a7a483_36,0.00020113078062422574,0.8966293931007385
184,133549_1b6c58d6_0,0.0004910934367217124,0.989547848701477
185,40936_6de8f4f4_0,0.003339445684105158,0.9791678786277771
186,23008_3d1bb7b2_0,0.002382280072197318,0.9658189415931702
187,38360_ad61c9b2_1,0.0002996871480718255,0.8052870035171509
188,136109_3d342d3c_2,0.0005385931581258774,0.9783471822738647
189,135790_a27f9deb_11,7.192837801994756e-05,0.9108021855354309
190,140249_7c1c5bba_0,0.00020996120292693377,0.7444168329238892
191,128996_a3d026d6_0,0.0010821641189977527,0.7782365679740906
192,23235_f9ccb8b0_0,0.0007157971849665046,0.4355127811431885
193,93671_f7290ded_0,0.00026823580265045166,0.8410521149635315
194,51109_97b211c3_7,0.0003276302886661142,0.9599578380584717
195,51916_fa226b15_13,3.5050525184487924e-05,0.9242653846740723
196,86268_094d3fab_1,0.00018276333867106587,0.9963455200195312
197,39637_ca6a9a60_1,0.002231612801551819,0.7240143418312073
198,47219_93cb3619_3,0.0031097617466002703,0.94522625207901
199,47878_0edb6829_0,0.000278612831607461,0.995045006275177
200,26764_ab35159a_6,0.0011075701331719756,0.955790638923645
201,34341_d19b12fb_12,7.828453090041876e-05,0.9137944579124451
202,118342_c702e084_6,0.0002582214947324246,0.994101345539093
203,49886_dd68dccb_4,0.0005986526957713068,0.9546725749969482
204,23493_57512264_5,6.163357465993613e-05,0.8056929707527161
205,31751_e37382e1_5,0.0014121730346232653,0.9638277292251587
206,24338_848cab42_6,0.003118946449831128,0.7535910606384277
207,24916_42eacca3_10,0.0007057504844851792,0.6187038421630859
208,137485_a953e1be_2,0.00018298602662980556,0.9963411688804626
209,23706_ef15ef9c_18,0.0010200655087828636,0.932336151599884
210,143671_eaf4d13b_6,0.002436263021081686,0.9628289341926575
211,53470_39f2e9dc_13,0.000551240227650851,0.30141693353652954
212,145772_59253c6d_3,5.275520743452944e-05,0.9256629347801208
213,51893_d531e2bd_2,0.0008316343883052468,0.9818925261497498
214,39389_d641313f_8,0.00147487863432616,0.9437243342399597
215,51595_41f3d1a3_5,0.00014494887727778405,0.8623911738395691
216,51674_a70c1c6c_15,0.00013811660755891353,0.47381603717803955
217,37617_3f415463_5,9.552844858262688e-05,0.9275449514389038
218,31862_a89f21f9_3,0.0002789015998132527,0.9917115569114685
219,40519_55a097c6_11,0.0011585273314267397,0.9324514865875244
220,111306_9108c940_0,0.0009610073757357895,0.8160917162895203
221,136640_16741d62_4,0.0005587893538177013,0.6197417378425598
222,23155_d7305c5f_2,0.0030420690309256315,0.938381016254425
223,43934_912ff891_41,0.00011888348672073334,0.4332858920097351
224,57017_6033d1e5_0,0.00024417415261268616,0.9877071380615234
225,126913_d253adb7_1,0.0005732868448831141,0.7707340121269226
226,130752_52d74f2f_48,0.0010337417479604483,0.9303149580955505
227,124177_71283cad_0,0.0003895883564837277,0.9699586033821106
228,24650_dad8c8ee_18,0.0008076761732809246,0.9793539643287659
229,55199_4d57661f_2,0.0014728490496054292,0.9118257761001587
230,115010_eb737aaf_20,0.0002412134490441531,0.9953809976577759
231,27855_19c5895a_12,0.000641184626147151,0.6637008786201477
232,52772_a6e6e320_0,9.474699618294835e-05,0.8728501796722412
233,90917_3d2d21a9_0,0.0022148238494992256,0.9493446350097656
234,40703_5f4e45d4_7,0.00017101435514632612,0.9966074228286743
235,132622_911efd2f_1,0.0017003671964630485,0.9745481014251709
236,43441_e1ab0873_6,0.003301638877019286,0.9478782415390015
237,34917_61633e20_6,0.0006033016252331436,0.9869204163551331
238,67221_275ba7e6_4,0.0006430130451917648,0.9871017336845398
239,130719_e4764a36_10,0.00012898887507617474,0.71872478723526
240,136318_130d6a06_20,0.0005865560378879309,0.9464993476867676
241,99636_73c43ebd_10,0.0003348102909512818,0.9909659028053284
242,29377_3a04cb8d_6,0.0005279838806018233,0.9229729771614075
243,23018_63087a41_47,0.00048236147267743945,0.9867966175079346
244,26165_100fec74_4,0.0002207270299550146,0.3054840564727783
245,135934_d2f6bb2e_46,0.00030237535247579217,0.8532158136367798
246,24039_448afafa_5,0.0006157644675113261,0.9703234434127808
247,32775_a79b406b_14,0.0017365935491397977,0.778727114200592
248,23686_cba4f679_0,0.0010638594394549727,0.8991060853004456
249,35147_bc9f2c5d_0,0.000899552193004638,0.854784369468689
250,136337_1351909b_2,0.0031278093811124563,0.925706684589386
251,139222_2c10ca9a_1,0.0003153652069158852,0.9728701114654541
252,139379_fe5c3f64_0,0.0001692876685410738,0.9937588572502136
253,33084_344fec27_2,0.00013607939763460308,0.9974384903907776
254,24775_d5c98d77_0,1.801600410544779e-05,0.4446272850036621
255,56344_3a89f085_23,0.0002622838946990669,0.9756914377212524
256,135112_cf8007b8_5,0.0011053517227992415,0.972783088684082
257,50706_20d07d57_2,0.00466907536610961,0.9552575945854187
258,51744_cd355565_5,0.0011488362215459347,0.9655901789665222
259,51464_da501c24_0,0.0013743911404162645,0.7291064262390137
260,126572_a2d6f794_23,1.2446041182556655e-05,0.569246768951416
261,70021_e673ae54_2,5.816357952426188e-05,0.9161958694458008
262,25144_31b089b6_5,0.0004498456255532801,0.7962419986724854
263,24715_55aac5f2_2,1.76400371856289e-05,-0.46853137016296387
264,24532_f82f8000_2,0.0013686873717233539,-0.10800492763519287
265,30664_a3084f71_1,0.0006397650577127934,0.7325220704078674
266,81145_5c13a8e9_1,0.0002462014090269804,0.7485297918319702
267,132037_2abb8c63_10,5.0763839681167156e-05,0.7666481733322144
268,50414_ac159b58_2,0.0004012779099866748,0.9854163527488708
269,21601_360ce1c7_7,0.00028028228553012013,0.9949063062667847
270,22119_27e3ecbe_9,0.0007027905667200685,0.9782068729400635
271,145120_74f7316f_0,0.0031082220375537872,0.8594726920127869
272,74574_c302ff1f_0,0.00010191495675826445,0.8661420941352844
273,52443_085efc00_4,0.00022439636813942343,0.9266785979270935
274,147546_ede0f31c_3,0.0025722088757902384,0.9443766474723816
275,22492_047b125b_21,0.0011185022303834558,0.9740402698516846
276,72313_5a86e234_0,0.00197335216216743,0.9623039960861206
277,45589_49e3c7ea_2,0.00016437041631434113,0.9950435757637024
278,83432_a7f85698_0,0.00024152830883394927,0.994575023651123
279,32775_a79b406b_0,7.696455577388406e-05,0.25882411003112793
280,121703_69c4a5ac_3,4.5297849283088e-05,0.8358718752861023
281,80901_e9080573_6,0.0007177786319516599,0.9719885587692261
282,21809_8bd6b10e_3,0.003322836011648178,0.9268643260002136
283,49396_98ab955d_15,0.0005798273487016559,0.9447139501571655
284,33766_14917a4a_19,0.0008739439654164016,0.9805549383163452
285,26661_ab88a525_8,0.00011520700354594737,0.9967703223228455
286,44030_17bd5ec9_0,0.0009278049110434949,-0.14055681228637695
287,53221_74fa81cd_7,0.00030165648786351085,0.7392430305480957
288,21887_3306168f_7,0.0021439390257000923,0.7863783836364746
289,86185_85fde9e6_0,0.00039349650614894927,0.9398618340492249
290,87951_500b1dcd_2,9.656641486799344e-05,0.8966253399848938
291,22276_69c5036b_11,0.0015662007499486208,0.9590223431587219
292,41721_44151488_5,0.001255765208043158,0.8837234377861023
293,102293_5d04e48d_0,0.0020358581095933914,0.9034068584442139
294,77687_cbb18594_20,9.070704982150346e-05,0.8741768002510071
295,133248_1bab99ae_0,0.001962076174095273,0.13507533073425293
296,24051_4852a192_2,0.0007000763434916735,0.9759710431098938
297,86806_2993395a_1,0.00019006723596248776,0.8386458158493042
298,38558_b0d6b3f8_1,0.00036380908568389714,0.9925329089164734
299,140549_7d01813c_0,0.0009074779809452593,0.9712130427360535
300,24559_3c306e71_1,0.0009135042200796306,0.8594946265220642
301,70350_751de4b0_13,0.002686015795916319,-0.09413385391235352
302,39101_23fec10f_8,0.001666058786213398,0.8227499723434448
303,24942_9d1b2ff2_8,0.00047623267164453864,0.9944491982460022
304,30850_05d88af9_3,0.001186082954518497,0.9802768230438232
305,113358_08641c94_4,0.0013347200583666563,0.9585246443748474
306,21234_8b71bd47_27,0.0005238443263806403,0.8104850053787231
307,26245_4aac38e1_21,0.00012648952542804182,0.7065271735191345
308,66072_d301cc88_0,0.0007920298376120627,0.6574834585189819
309,21894_93f0d052_23,0.001265035942196846,0.875048816204071
310,147816_7fb70c2b_2,0.00055173528380692,0.9421291947364807
311,49120_4131d1e7_1,0.00026113304193131626,0.947719395160675
312,52224_ca16c854_4,0.001293675508350134,0.8152631521224976
313,105762_19e04e0b_1,7.15045680408366e-05,0.43553411960601807
314,30400_8824ce97_36,0.0007478406187146902,0.892283022403717
315,95199_ffcff41e_0,0.00026667481870390475,0.7267712354660034
316,50417_199cffee_3,8.279518078779802e-05,0.9355606436729431
317,24544_d06c82dd_5,0.00033612115657888353,0.9944374561309814
318,22604_565b91f5_2,0.0002589195501059294,0.9891970157623291
319,22788_b6a9e30a_4,0.00015453144442290068,0.961383581161499
320,45789_d5126eab_14,0.0007468619151040912,0.8474353551864624
321,37267_b2be4b50_3,6.3781108110561036e-06,0.3582160472869873
322,34330_5eff1ee1_3,0.0010184982093051076,0.8811367750167847
323,137999_d934160e_1,1.9346696717548184e-05,0.8503429889678955
324,134921_f5efde94_27,8.863652328727767e-05,0.9185073375701904
325,53470_39f2e9dc_8,4.342372267274186e-05,0.5128433108329773
326,23497_f292546d_25,0.001718683633953333,0.9285686016082764
327,22289_4b848f64_2,0.0005085695302113891,0.9311215877532959
328,31392_84b62622_2,0.0007889011758379638,0.934252142906189
329,51347_1fc6f329_0,0.0013436840381473303,0.6981475353240967
330,50777_2934de55_6,0.00018888254999183118,0.9932613372802734
331,32841_954e8c1a_0,5.189000512473285e-05,0.9464651346206665
332,31530_6744ae73_3,0.00035443829256109893,0.9947975873947144
333,65827_d1469ad6_1,8.737581083551049e-05,0.34611284732818604
334,145461_30637b22_8,0.00010080099309561774,-3.0291037559509277
335,31973_093ea963_13,0.0002254442952107638,0.9122366309165955
336,70355_e5f58cd5_14,0.0004887750837951899,0.9523322582244873
337,77687_cbb18594_40,6.695731281070039e-05,0.7041753530502319
338,24392_fce351ea_0,0.0002931265626102686,0.8428550958633423
339,36853_7efccb8c_3,0.0009851260110735893,0.8655440807342529
340,41644_d15f8e2b_5,5.2005409088451415e-05,0.7320036888122559
341,131762_9b5e5ff5_2,0.00040296310908161104,0.9756653308868408
342,82193_96ef9433_2,0.00037667748983949423,0.9941299557685852
343,31347_386f6298_15,0.0008629621588625014,0.9797089695930481
344,34568_fbe47bf9_0,0.00020450974989216775,0.4145812392234802
345,115624_fe3eb392_3,0.0007538643549196422,0.9827478528022766
346,130446_e7b58dbe_0,0.0028711825143545866,0.8841599225997925
347,104641_2cd02839_33,4.984362021787092e-05,0.891109049320221
348,31460_39fdfc6a_7,0.0009208594565279782,0.7927267551422119
349,95541_ced8f936_0,0.00032720688614062965,0.9929479360580444
350,23126_725969ea_17,0.000594394572544843,0.9371992349624634
351,23676_52069f98_5,1.722830711514689e-05,0.9351214170455933
352,137637_ed9c537d_0,0.0003374681109562516,0.9165561199188232
353,22474_b10fea1a_2,0.0004469183040782809,0.9891747832298279
354,143017_21d96cc2_10,0.0006376481615006924,0.9080772399902344
355,105270_34f92afd_1,0.00014260773605201393,0.7999817132949829
356,95622_0a0787e4_4,0.0004282008158043027,0.9936044812202454
357,55854_13f0399b_0,0.001478823134675622,0.9681711792945862
358,22118_1e09e0eb_5,0.0014458467485383153,0.9383360147476196
359,146717_3e6a84c1_7,0.0013269262854009867,0.9801101088523865
360,63132_330141d7_3,0.00016052027058321983,0.9674456119537354
361,115633_fd3c9b97_46,0.0002494777727406472,0.48613840341567993
362,21644_aa203dc5_29,0.0003286931605543941,0.9193209409713745
363,79791_00f639ca_15,0.00020701585162896663,0.9965146780014038
364,60711_42b5a13e_1,0.0005550091154873371,0.9385366439819336
365,137483_cdb8989d_0,0.00032931528403423727,0.9931243062019348
366,21644_aa203dc5_26,0.0005267483065836132,0.9090881943702698
367,131876_b2384623_0,0.00043895887210965157,0.716579020023346
368,23706_ef15ef9c_10,0.00038844600203447044,0.9405741095542908
369,68948_0d2a01cd_9,0.0014848884893581271,0.9583534598350525
370,145137_4e9eef42_1,0.0005697159795090556,0.8854162096977234
371,30426_2cde26de_20,0.001677773892879486,0.9809083938598633
372,31378_34c52a73_0,0.00021257433400023729,0.9409857988357544
373,92134_52f13f49_4,0.0002921019331552088,0.8028625249862671
374,119634_fc722479_1,0.00044208025792613626,0.9939176440238953
375,24032_d6172503_24,0.0008827106794342399,0.6304246783256531
376,136401_69f29349_4,2.2001617253408767e-05,0.6586226224899292
377,41871_f9a1ad02_26,0.0005972168873995543,0.954652726650238
378,48220_87941c4e_116,0.0019011951517313719,0.7186564207077026
379,115012_9ed88535_2,0.0009433875093236566,0.6232009530067444
380,69488_025cf0a2_1,0.0019588428549468517,0.9867210984230042
381,147427_69f68da4_3,4.0573151636635885e-05,0.8875462412834167
382,33766_14917a4a_32,0.0012017334811389446,0.9567710161209106
383,51747_3d58eae0_0,0.0005435930797830224,0.9270102381706238
384,33785_a4c23f61_0,0.003186006098985672,0.9879805445671082
385,114935_797875fe_2,0.001942813745699823,0.9293199181556702
386,51775_49ef614a_26,4.111198722966947e-05,0.9269035458564758
387,38196_ea48fa42_3,5.332004730007611e-05,0.37624651193618774
388,140413_44177109_21,1.206979140988551e-05,0.7791122794151306
389,27676_79237cc5_1,0.0006714727496728301,0.7803298234939575
390,52883_e518d3f4_33,0.0001634909276617691,0.9967793822288513
391,34347_841c5375_2,5.348952618078329e-05,-0.08756005764007568
392,55289_292737cb_0,0.00032771349651739,0.9937084913253784
393,50606_82cb18e2_0,0.0004166146391071379,0.9836263060569763
394,30407_efa567f2_4,0.0003875102265737951,0.9906562566757202
395,31647_ab9ad9dc_13,0.00041957671055570245,0.9593520164489746
396,24896_58b4730f_17,0.0003012658271472901,0.9438093304634094
397,23602_5daaccf5_4,0.001007242128252983,0.9296485185623169
398,27725_5cceaeb7_10,0.0005445649730972946,-0.13134551048278809
399,127734_395dcf7d_5,0.0015032542869448662,0.755560576915741
400,31957_d864f861_3,0.0012253561289981008,0.7502924799919128
401,49415_1671b60c_4,0.0010548679856583476,0.013662099838256836
402,45110_fae73324_4,0.00033324508694931865,0.9822161197662354
403,22343_34184fd5_18,0.00018216452735941857,0.30648940801620483
404,22848_cc91b848_38,1.0532393389439676e-05,-11.141009330749512
405,73652_23b21ef2_1,0.0003089234232902527,0.9937880039215088
406,65569_bd890a32_1,0.000537090003490448,-4.151674747467041
407,48220_87941c4e_111,0.0030976529233157635,0.4574861526489258
408,30394_e30f932c_0,0.0011508323950693011,0.9341523051261902
409,21941_1a683ec2_26,0.0004955406184308231,0.9793071150779724
410,25564_e646fcb3_1,5.960146518191323e-05,0.7987182140350342
411,134053_87a32e31_3,0.0002115196402883157,0.42283666133880615
412,87950_af56e26e_2,0.00039903432480059564,0.9707945585250854
413,51458_54240b70_17,0.00018145632930099964,0.7995733022689819
414,40688_effe215a_1,0.0014856003690510988,0.9632118344306946
415,131494_c8a441d0_0,0.0006043410976417363,0.8823167681694031
416,26768_c4df841f_21,0.0004855278821196407,0.43125951290130615
417,136892_2d5f55a9_0,0.0014534256188198924,0.6812804341316223
418,54652_d60ac3e0_10,0.0011904612183570862,0.9354137182235718
419,51747_3d58eae0_1,0.0007672991487197578,0.6863312721252441
420,54650_df3655c1_0,3.446369373705238e-05,0.6225340366363525
421,41125_711db4bf_58,0.0004954241449013352,0.9448925256729126
422,45418_f603706b_2,0.00022560359502676874,0.9429374933242798
423,21852_6cf9a734_18,0.003503438550978899,0.9700558185577393
424,122515_758d8b70_6,1.3702784599445295e-05,-10.315580368041992
425,104081_05ba54fa_2,0.0005371537990868092,0.7744057774543762
426,41672_cf87e0b6_0,0.00034787628101184964,0.9463092684745789
427,22638_37f9fe91_1,3.7586389225907624e-05,0.8889576196670532
428,24559_3c306e71_3,0.0005697806482203305,0.8965087532997131
429,31589_ac31215d_8,0.00019189927843399346,0.8984526991844177
430,49603_143b8bd2_35,0.001331789419054985,0.8945946097373962
431,127965_c64a91da_0,0.0008962649735622108,0.7680413722991943
432,36062_f2fb6808_1,8.892423647921532e-05,0.17816197872161865
433,139280_8874b1ab_18,0.00015755643835291266,0.8486016988754272
434,30997_24dea167_4,0.0022799265570938587,0.7943496704101562
435,143471_eb185912_5,2.494031832611654e-05,0.744635820388794
436,23176_1bf2a2d5_10,0.0006539348978549242,0.9729639291763306
437,98299_b8146029_5,0.00045590687659569085,0.9605168700218201
438,23466_1cf60d09_4,0.0016365454066544771,0.9542388916015625
439,41591_2d0bd0d5_3,0.0006037041312083602,0.9787777662277222
440,134929_9049dcec_1,0.0002929661422967911,0.8429055213928223
441,41785_e8bf0528_0,0.0006556929438374937,0.9714283347129822
442,31460_39fdfc6a_6,0.0005020665703341365,0.9892480373382568
443,133710_00be7f31_1,0.0045683374628424644,0.47581398487091064
444,24532_f82f8000_0,0.00031827358179725707,0.9299919009208679
445,21234_8b71bd47_3,8.439228258794174e-05,0.8722495436668396
446,35175_6edc4126_5,0.000571352313272655,0.9834437370300293
447,20495_e8e7e80c_1,0.00024200565530918539,0.7178202867507935
448,76546_c17e95aa_2,7.51449988456443e-05,0.5579837560653687
449,41654_e75f89df_0,0.00045082392171025276,0.9755311012268066
450,109772_f1a0845e_6,0.00025902557536028326,0.8503302335739136
451,34913_d23e2a24_0,0.0007594938506372273,0.9578037858009338
452,25203_1cc0cb3c_12,0.0008431538590230048,0.9859285354614258
453,37160_2a95674a_4,0.0006766761071048677,0.9558276534080505
454,69240_dc199112_4,0.0008590642246417701,0.8368232250213623
455,25176_d9130589_0,0.0004343996988609433,0.9429089426994324
456,69235_fe79a369_0,0.0002382741222390905,0.4648728370666504
457,39468_15fb2e60_9,0.0014384310925379395,0.7913202047348022
458,103284_e25015aa_6,0.0002429796732030809,-0.9365154504776001
459,30377_e18ea3de_0,0.00018116696446668357,0.8532316088676453
460,66080_f578d52b_4,0.0005271558766253293,-1.7094345092773438
461,37444_52b27e94_14,0.001127661787904799,0.8282627463340759
462,38675_6e07d74b_31,0.0008089729235507548,0.9744024276733398
463,21680_360ba5c7_28,0.0005254711722955108,0.9617147445678711
464,142032_5c32b7db_2,0.00038093377952463925,0.9929854273796082
465,44210_a155c2d1_0,0.002205941593274474,0.950894832611084
466,38287_88ec74de_92,0.0003098301822319627,0.9542600512504578
467,29572_2f9283f2_4,0.0007211703341454268,0.9462798237800598
468,28300_b3a6ab79_10,0.0005658317822962999,0.9804347157478333
469,136129_e6a20c7d_5,0.00011056070070480928,0.8303638100624084
470,119381_e4d13609_0,0.000985227758064866,0.9627243280410767
471,30729_b4d83b07_4,1.1617992640822195e-05,0.7614266276359558
472,140413_44177109_11,0.0008538799593225121,0.9598404169082642
473,26384_83eddf22_0,0.000809941440820694,0.9381614327430725
474,82285_e7a738e7_2,0.001909466809593141,0.84095299243927
475,108599_347602af_0,0.0007207181770354509,0.9775876998901367
476,119889_41a6f268_1,0.0001694322272669524,0.7499582171440125
477,55006_94230c00_1,0.0002829216537065804,0.9911548495292664
478,21517_bfe35b4c_10,0.00014802564692217857,0.9319775104522705
479,20818_098cad7c_6,9.581357153365389e-05,0.8973944783210754
480,41855_b82e6ae8_6,0.0002706247614696622,0.9687164425849915
481,137166_90691294_8,0.00010551882587606087,0.9299259781837463
482,69561_f274e705_26,0.00027630667318589985,0.9866788983345032
483,51579_d0c3e154_0,0.0005684721982106566,0.9759450554847717
484,23676_52069f98_4,0.0008377753547392786,0.9736201167106628
485,31962_e5291336_1,0.00047713599633425474,0.9858830571174622
486,57222_33b428d7_1,9.445290197618306e-05,0.9298785924911499
487,51586_2ad96f8c_17,1.4838144124951214e-05,0.8215247392654419
488,41473_c2137170_32,0.0004936761106364429,0.9230586886405945
489,31123_9a1bfc50_2,0.0010377528378739953,0.9216327667236328
490,23211_3aac9c7e_0,0.0003134947328362614,0.9412611722946167
491,45798_b573e9da_5,0.002730610780417919,0.8592410683631897
492,27847_d2436f7c_37,0.00014947688032407314,0.8272333145141602
493,54736_6ee1b513_1,0.0008140053832903504,0.2967371344566345
494,132901_7d205bb4_9,0.0002870757889468223,-0.9033646583557129
495,73762_8c704690_0,0.001298850984312594,0.8248498439788818
496,23209_1592b0a4_1,0.0005961008719168603,0.9586603045463562
497,49024_b7f02205_2,5.520673221326433e-05,0.8600330948829651
498,147630_7f858240_15,0.00046579778427258134,0.9179366230964661
499,69337_2c778611_11,0.0002839732333086431,0.8328456282615662
500,82498_92a00cd6_1,0.0009152876446023583,0.7164057493209839
501,78775_e2d8b091_1,0.0004372310941107571,0.9406963586807251
502,40067_95ae6c76_9,0.0005666084471158683,0.9393001198768616
503,80756_6f2e842f_0,0.00036253160214982927,0.9262363314628601
504,25284_1da7aa8a_0,0.0002590686781331897,0.9487352967262268
505,55605_2f8bc12e_62,0.000335695716785267,0.9885191321372986
506,39792_60786b6c_15,0.0007444079965353012,0.9850557446479797
507,34063_0ca1585e_2,0.0007516056066378951,0.5128176212310791
508,31664_1e85c690_13,0.00042969765490852296,0.987713634967804
509,131193_98f3ac52_1,0.00036980226286686957,0.834599494934082
510,120221_e2eaa34b_2,0.0010866608936339617,0.6271246671676636
511,130286_1f71bfed_3,0.0008755709859542549,0.7391583919525146
512,118342_e8142153_21,0.00018211522547062486,0.9326988458633423
513,128043_9f8cd69e_1,0.00012794372742064297,0.8237370848655701
514,41504_85e300ee_1,4.206061566947028e-05,0.8188881278038025
515,78863_d59be42e_0,0.0014111758209764957,0.8303561806678772
516,31733_5118b376_3,0.0015104684280231595,0.9892211556434631
517,22208_e177deb7_5,0.0004772921674884856,0.8859753608703613
518,24026_1dd4094b_43,0.00024293498427141458,0.7875358462333679
519,73388_10a40b49_1,0.0011207469506189227,0.9340236186981201
520,138219_cdff4f61_0,0.0004193648346699774,0.7232359647750854
521,49399_dc56d180_1,0.00014238207950256765,0.9973371028900146
522,41306_8f26e703_3,0.00017578814004082233,0.9394122958183289
523,51590_034b8b08_14,0.0014491915935650468,0.9754923582077026
524,48402_8c965495_4,6.453088280977681e-05,0.9071727395057678
525,26388_a3367cba_0,0.0016461171908304095,0.794812798500061
526,28300_b3a6ab79_6,0.00047042712685652077,0.984261155128479
527,43938_418421a7_0,0.0005425200215540826,0.7540755271911621
528,41520_60018d18_0,2.1854997612535954e-05,0.8426418304443359
529,137869_344b239b_0,0.00014390038268174976,0.6615067720413208
530,41648_577daf16_0,0.0013758147833868861,0.9411070942878723
531,31347_386f6298_10,0.00014033072511665523,0.9973443150520325
532,82190_24b1b0fe_12,0.0013765591429546475,0.7589240670204163
533,33741_4a973932_1,0.001428677816875279,0.7631382942199707
534,42005_3da46d94_0,0.00024773337645456195,-4.547187805175781
535,132982_ee1eed2f_0,0.0005434929626062512,0.9767913818359375
536,23898_6e740393_29,0.0005001846584491432,0.014412105083465576
537,105831_88a0fb85_6,0.001456795260310173,0.968227744102478
538,31278_749a6317_0,0.00019572452583815902,0.8824335336685181
539,51586_2ad96f8c_4,0.0002442828845232725,0.8884705305099487
540,57000_cd1ddece_14,0.00018453627126291394,0.9247825741767883
541,50692_e7ff2668_8,0.0010089639108628035,0.9641144275665283
542,65346_e89312e5_0,0.00013648094318341464,0.7937415242195129
543,38840_0e449caf_4,0.0006156329764053226,0.8410078883171082
544,29573_ca59fbbf_5,0.0008974862284958363,0.9909520745277405
545,30164_c5680724_12,0.0009040059521794319,0.9522932767868042
546,138620_e21e10ee_0,0.00010219633259112015,0.9129059910774231
547,50305_caf9cef2_34,0.0009907045168802142,-0.7142311334609985
548,83396_fdb2987a_0,0.0014701166655868292,0.9469998478889465
549,28379_7e292343_4,0.0012682130327448249,0.9720569252967834
550,33529_756075a0_32,0.00213880417868495,0.8410700559616089
551,109857_1d24326e_42,1.094162780646002e-05,0.4547399878501892
552,22772_2b5f6629_6,0.00022365953191183507,0.9963296055793762
553,34600_e2685d46_2,0.00040940457256510854,0.9850395917892456
554,122344_ab1b06aa_2,0.005464454647153616,0.9012132287025452
555,123573_5f5c9584_1,0.00030080476426519454,0.7573128938674927
556,35166_562b126c_20,0.00013712859072256833,0.9946920871734619
557,51350_138f893a_1,2.491945997462608e-05,0.7609851956367493
558,137785_67c3085b_16,0.0008582303998991847,0.9788802266120911
559,50417_199cffee_12,0.000872944132424891,0.9578278660774231
560,22194_a5c323b9_3,0.00021526811178773642,0.96487957239151
561,42329_df7f540f_18,0.00032475191983394325,0.9661276340484619
562,41779_25e4203d_6,0.0005466971779242158,0.16709798574447632
563,51094_40aa8332_20,0.0012161448830738664,0.9543563723564148
564,109762_cb162371_38,0.001116439700126648,0.9412285685539246
565,45922_26941172_9,0.00037552317371591926,0.9353474974632263
566,34587_ed155e93_0,0.00013221471454016864,0.9962013363838196
567,69589_a468c1b4_0,0.0008889216696843505,0.9812310338020325
568,44921_00dfb467_0,0.00022347243793774396,0.9454902410507202
569,82672_4705a693_0,0.00044125321437604725,0.803417444229126
570,26778_a71e88a6_0,2.7081377993454225e-05,0.9270006418228149
571,69488_7bfb2b67_0,0.0001563778059789911,0.9956547021865845
572,22686_afe3a61e_0,7.070593710523099e-05,0.5631626844406128
573,109772_5faa88e8_5,0.00041232025250792503,0.7179584503173828
574,43938_418421a7_147,0.0006188441766425967,0.9149846434593201
575,141694_b5ac3112_3,0.0014412642922252417,0.4444960355758667
576,31973_093ea963_16,0.00012436798715498298,0.9219154715538025
577,26858_e90dc419_25,1.8756758436211385e-05,0.8914559483528137
578,131350_bbdad30d_0,0.0004643933498300612,0.7352187037467957
579,35741_c43475b8_1,0.00048129030619747937,0.8322713971138
580,30690_3df2c9e2_1,0.000691702589392662,0.9410257339477539
581,122758_5f4efbf0_2,0.0010178792290389538,0.9330282807350159
582,37822_3be11c62_0,0.0001608536549611017,0.9316067695617676
583,91174_ee6ee92b_1,0.0006256709457375109,0.8534122705459595
584,23676_52069f98_31,0.0010711102513596416,0.9892104268074036
585,27958_fee329eb_1,0.00015749788144603372,0.957277238368988
586,144534_3b4fdb09_18,0.00164381496142596,0.5406794548034668
587,30292_0b5e0265_1,0.0018298937939107418,0.9750896096229553
588,111062_e59e2d31_0,0.0035510691814124584,0.9596441984176636
589,135790_a27f9deb_77,0.0005589695065282285,0.891126811504364
590,65842_de75838b_10,0.00036257022293284535,0.9241521954536438
591,22475_9d9601a8_3,0.00013361318269744515,0.25511497259140015
592,119884_192e3265_0,0.0007177242659963667,0.8928804397583008
593,51463_3330e3aa_2,0.0011979934060946107,0.87568598985672
594,23231_efe613bb_4,0.0012055587721988559,0.93825364112854
595,22895_4533b542_2,0.0003136228187941015,0.9518283009529114
596,146219_5661130f_4,0.0003735724021680653,0.9918928146362305
597,38953_19054857_19,0.0002812012971844524,0.7501005530357361
598,21847_b2de7eb8_24,0.0008824894321151078,0.9401952028274536
599,51603_034939eb_12,0.0003348381142131984,0.7936077117919922
600,24843_5231632c_4,0.0002507477765902877,0.8439996242523193
601,41982_f75ceb8f_4,6.774151552235708e-05,0.4846794605255127
602,42937_c573c439_2,7.064435339998454e-05,0.7030448913574219
603,61288_2d594195_0,0.000506980752106756,0.16657114028930664
604,55006_94230c00_0,0.0001801869657356292,0.8205591440200806
605,49898_f42a885e_5,0.0005962822469882667,0.9870036244392395
606,55709_af3825c8_4,0.0006256881752051413,0.9796354174613953
607,144117_83c980ca_2,0.00015757771325297654,0.4514559507369995
608,40417_b8d98f73_7,9.259452053811401e-05,0.9383848309516907
609,53200_d1e30b87_11,0.0004684259765781462,0.48637640476226807
610,147009_977ee378_4,1.5070724657562096e-05,0.866909384727478
611,63056_a5dfd66b_4,0.00028008490335196257,0.49393802881240845
612,22205_f48b96b3_10,0.0005957973189651966,0.8643208742141724
613,51585_b695905b_4,0.00043614921742118895,0.9903427362442017
614,24084_71f37c00_1,0.0006814609514549375,0.8632354140281677
615,25815_0e853ad9_10,0.0005206011701375246,0.9674455523490906
616,55030_11a6e3e8_3,0.002798803150653839,0.9747095108032227
617,23042_1184de03_5,0.00043678743531927466,0.9872897267341614
618,39719_e9629dbd_4,4.853541395277716e-05,0.4661458134651184
619,51256_ed221095_2,9.493926336290315e-05,0.89394211769104
620,25810_93c8a71a_3,0.0005557889817282557,0.9787507653236389
621,22208_e177deb7_1,0.0007659787661395967,0.9464021921157837
622,115624_d0acb46b_22,0.0003161383792757988,0.9950240850448608
623,30708_4282508b_0,6.602534995181486e-05,-0.021935701370239258
624,31117_cd5cdbdb_12,0.00040355350938625634,0.8257762789726257
625,41733_1ec9b00c_32,0.00011672412801999599,0.6554248332977295
626,111387_c4243097_2,0.0001062575975083746,0.8556810617446899
627,119869_e8f0dd81_19,0.00012705993140116334,0.9043775796890259
628,34569_590239d6_0,0.0010775799164548516,0.95053631067276
629,136318_130d6a06_23,0.0001700093416729942,0.7883737087249756
630,145132_7aea3b66_4,0.0005911523476243019,0.9922626614570618
631,41878_3aeaed3d_0,0.0013289145426824689,0.7838954925537109
632,34583_a1cf326b_0,0.00016040915215853602,0.9970642328262329
633,116581_d405b783_0,0.0012912071542814374,0.9824568033218384
634,24044_9bbe7992_3,0.0003696551430039108,0.5386287569999695
635,22194_a5c323b9_2,0.0007346263737417758,0.933793306350708
636,142076_08d80e12_21,4.7615321818739176e-05,0.7893329858779907
637,55817_6ac2912d_7,7.981548696989194e-05,0.13929802179336548
638,21165_5cb2d287_2,9.244864486390725e-05,0.8051968216896057
639,39796_45dcdc7d_0,0.00416597118601203,0.9459711909294128
640,33044_7fdd9213_1,0.0011610600631684065,0.9692323803901672
641,23731_3fe5b501_6,9.179955668514594e-05,0.8588886260986328
642,32743_f4c47bbc_31,0.0006102547631599009,0.9432731866836548
643,108775_4908fba2_21,0.0004491037398111075,0.9600892066955566
644,21941_1a683ec2_19,0.000926041800994426,0.9316530227661133
645,27682_04277f62_18,0.000744237273465842,0.9658217430114746
646,25815_0e853ad9_4,0.00024161289911717176,0.9844087362289429
647,30261_723e95cf_2,0.0006206477410160005,0.9738408327102661
648,21385_601444ba_102,0.0007715998799540102,0.9637052416801453
649,30368_d7fd30ce_7,0.00015393430658150464,0.9419471621513367
650,55605_2f8bc12e_3,0.001654512365348637,0.7299119234085083
651,24650_dad8c8ee_15,1.1088152859883849e-05,0.6540553569793701
652,34227_48203345_7,0.0010895361192524433,0.9696245789527893
653,113348_ac85cba3_1,0.000637512537650764,0.9315373301506042
654,26552_25c5924a_1,0.0001450528361601755,0.9444554448127747
655,55381_cbaffe9b_0,0.00014392845332622528,0.9601567387580872
656,55817_6ac2912d_25,0.00045515253441408277,0.987903892993927
657,138947_0778db40_4,0.0002710185945034027,0.8940147757530212
658,52788_07f7da63_0,0.00041313996189273894,0.8974435925483704
659,70355_e5f58cd5_6,0.00017329736147075891,0.7081619501113892
660,51744_cd355565_8,0.0010360130108892918,0.7875964045524597
661,41227_90e1c07c_16,0.0006686749402433634,0.9831609725952148
662,45359_1768ab3f_42,0.0034592573065310717,0.6349202394485474
663,41783_d1c10326_3,7.540976366726682e-05,0.7574083209037781
664,32960_0eaa1de8_13,5.4129101044964045e-05,-2.9076921939849854
665,34674_32ee1595_3,0.00116745475679636,0.9604029059410095
666,136885_23632908_1,0.002021513180807233,0.2785835862159729
667,136808_00592735_3,0.00015337382501456887,0.9666330218315125
668,45589_49e3c7ea_5,0.00014742676285095513,0.9969649910926819
669,141665_0564e852_3,0.0008366100373677909,0.8002223372459412
670,50897_3be92e2f_18,0.00011567048204597086,0.9972987771034241
671,84256_4164b724_3,0.00040609922143630683,0.6103559136390686
672,22994_e6ad8f2b_10,0.0013460525078698993,0.9500431418418884
673,28295_0dc908b9_8,0.0003033202374354005,0.9049892425537109
674,23329_6939d5d9_5,0.00017198103887494653,0.8092174530029297
675,123665_0a0da5c7_3,1.645091651880648e-05,0.8715794086456299
676,121172_0ac63503_7,0.0004118451615795493,0.9220097661018372
677,50941_2a8a8c76_0,0.00018707562412600964,0.9962900876998901
678,37846_cde34fcd_66,0.0005324403173290193,0.9106383323669434
679,56040_9b1307eb_21,0.0019438766175881028,0.6972306966781616
680,146535_229c95bc_1,3.050942723348271e-05,0.8602104187011719
681,50947_49287c16_2,0.0012871898943558335,0.9789606332778931
682,95622_0a0787e4_5,0.00027744981343857944,0.8498463034629822
683,25432_f13e5110_0,0.0005849035223945975,0.9815807938575745
684,32454_e959e3cf_0,0.0007932652370072901,0.9776752591133118
685,65858_61e9b51a_18,0.0009826846653595567,0.7758212089538574
686,70350_751de4b0_3,0.0023300463799387217,0.6778817176818848
687,129239_0d49310c_15,0.0004118309589102864,0.8430348634719849
688,31008_8fa25b35_8,0.00026213956880383193,0.9446471929550171
689,55306_795d845b_2,4.062441075802781e-05,0.741804838180542
690,29729_e8bb36f1_2,0.0004739441501442343,0.44150006771087646
691,67283_4097cbd6_5,0.00021808779274579138,-0.8543013334274292
692,23904_811e466f_4,0.00010634500358719379,0.9107804298400879
693,116076_12d31fb7_1,0.0007813852280378342,0.8824160099029541
694,45302_02d7e3bc_0,0.001271483488380909,0.6801967620849609
695,60977_4bb093ec_1,0.0005078182439319789,0.9773715734481812
696,49017_76979790_8,0.0007169822347350419,0.8641036748886108
697,146321_0dbae658_10,8.509995495842304e-06,0.1424349546432495
698,102194_150e3faf_3,0.00016530473658349365,0.9949370622634888
699,34769_44655d03_5,0.00014728486712556332,0.8353099226951599
700,38953_19054857_6,0.0010745285544544458,0.11796796321868896
701,55397_ad24603f_1,8.337153849424794e-05,0.913461446762085
702,21908_385686ec_15,0.0005520200938917696,0.9733542799949646
703,60721_57103153_4,0.00032712481333874166,0.4762681722640991
704,98701_7cd4ec8d_0,0.001612693304196,0.9707071185112
705,91703_642cdf1a_1,0.00030645797960460186,0.9942355155944824
706,26661_ab88a525_5,0.0010212792549282312,0.7423803806304932
707,51940_67bb0219_21,0.000128084808238782,0.7270439863204956
708,22543_684108ff_22,9.074951231013983e-05,0.9098218679428101
709,145250_cde4d039_8,0.0002643660409376025,0.7023733258247375
710,20232_e5b060d9_6,4.053957309224643e-05,0.9264081716537476
711,128043_d4650350_0,0.0011536938836798072,0.9845080375671387
712,140530_30edf2c4_0,0.0006498197326436639,0.4515923261642456
713,131814_9af6d05a_0,0.0006664613028988242,0.899785041809082
714,26245_4aac38e1_9,0.00023526113363914192,0.9017230272293091
715,30282_88c6933c_14,0.0010417858138680458,0.9600292444229126
716,32322_71d0035e_1,0.0003076636930927634,0.9842142462730408
717,131762_d10609a4_1,0.0009949536761268973,0.9550577998161316
718,54812_5f7b7aba_2,0.000223079405259341,0.902066171169281
719,135830_8fb36dac_4,0.0017905605491250753,0.9207159876823425
720,139280_8874b1ab_4,8.783026714809239e-05,0.8113409876823425
721,49904_639055dd_1,0.00027219951152801514,0.9688012599945068
722,53601_59d3ecd2_0,0.001335960696451366,0.9452295303344727
723,50047_54241fe3_12,0.0003196080797351897,0.9752607941627502
724,136925_70fb0381_3,0.0004708761989604682,0.9711846709251404
725,87488_95f678ce_0,0.0014657573774456978,0.9676402807235718
726,137166_90691294_2,0.00010672070493455976,0.9290351271629333
727,44030_17bd5ec9_11,4.989051740267314e-05,0.9209446310997009
728,137396_b5f6bec4_5,0.000139977564685978,0.9957957863807678
729,21900_760d2078_10,0.0015354936476796865,0.977757453918457
730,21185_ac5324ba_5,0.001398950582370162,0.9563698172569275
731,31132_2320d049_4,0.00020102597773075104,0.9963434338569641
732,82281_80cdf67c_4,7.410880789393559e-05,0.8130428791046143
733,38287_88ec74de_15,0.0002152419910999015,0.9958316087722778
734,136128_831e37a6_0,0.0007627106970176101,0.9151501655578613
735,21330_f0cee934_18,0.0003105333889834583,0.7961742877960205
736,34109_5a868eae_10,0.0008744176011532545,0.9163985848426819
737,21174_861bd902_2,0.0008726050145924091,0.923946738243103
738,49783_365bec9e_6,0.0006443104357458651,0.9806714653968811
739,24429_ace910b3_8,1.0972603377013002e-05,0.3578411340713501
740,22772_2b5f6629_4,0.0005217856960371137,0.8665910363197327
741,53927_ef5208b9_14,0.0019694133661687374,0.9179515242576599
742,56250_3b6024e3_54,0.0004821531183551997,0.9894633293151855
743,23522_5c2ec58e_8,0.0012357308296486735,0.961061954498291
744,121177_93fb3127_10,4.049233757541515e-05,0.926518440246582
745,138840_b7f948ea_2,0.000556185026653111,0.9433910846710205
746,41125_711db4bf_6,0.0010224696015939116,0.9758164286613464
747,102606_28922dfc_0,0.0010537455091252923,-10.079588890075684
748,31530_6744ae73_50,0.0017936404328793287,0.9679998755455017
749,50598_eae0df5a_1,5.341563155525364e-05,0.902328610420227
750,145726_19ccdbda_12,0.00024465081514790654,0.9215454459190369
751,41469_b94cf3e4_0,0.000902504485566169,0.8150131702423096
752,147009_977ee378_1,0.0007137367501854897,0.931395947933197
753,24267_8a216138_10,0.0005106458556838334,0.9585428833961487
754,63071_3d434a33_16,0.00044947079732082784,0.9760189652442932
755,34436_ffc43a58_4,0.00043652087333612144,0.6234326362609863
756,50692_e7ff2668_4,0.0003087625955231488,0.8762814998626709
757,146642_883a71d2_9,0.002086284104734659,0.9670528173446655
758,109772_f1a0845e_7,0.0007340879528783262,0.9828697443008423
759,136640_16741d62_1,0.0006603648071177304,0.8323358297348022
760,21680_360ba5c7_11,0.0005641061579808593,0.7708119750022888
761,27729_09d75da1_2,0.0005539096891880035,0.9842220544815063
762,82148_5df06ed9_19,0.0024944068863987923,0.8267279863357544
763,55287_8a57a3db_1,0.0009572500712238252,0.9411110281944275
764,53221_74fa81cd_5,0.00048142639570869505,0.7691208124160767
765,30417_0010bc7c_39,0.0006434643873944879,0.9497719407081604
766,23706_ef15ef9c_40,0.00011072889901697636,0.9841958284378052
767,140763_e14274f8_3,0.00023818033514544368,0.8196896314620972
768,23602_5daaccf5_3,0.00031797162955626845,0.9484540224075317
769,30282_88c6933c_9,0.0006997406599111855,0.9559822678565979
770,56824_0fc773f6_0,0.0008138279663398862,0.9536052942276001
771,42410_d3b5588e_1,0.0006331901531666517,0.9037954211235046
772,55055_dd27a8a4_0,0.00015951006207615137,0.9970805644989014
773,115633_a2c63339_6,0.0005874172202311456,0.3496962785720825
774,73651_a41647f8_5,6.801993731642142e-05,0.7363245487213135
775,33413_060ce192_32,0.0005946452147327363,0.9543192386627197
776,97331_a482fa9b_0,0.0013138550566509366,0.7223557233810425
777,23476_705b76d1_0,0.00013461535854730755,0.9947346448898315
778,32566_7bfc936b_6,0.0015775146894156933,0.9850906729698181
779,41717_eb1c1e6b_0,0.001748192124068737,0.8599067330360413
780,60720_ef9a0a95_8,0.00028995631146244705,0.3802686929702759
781,138700_ab763a46_202,1.0367305549152661e-05,-4.721285820007324
782,38287_88ec74de_17,0.0018810078036040068,0.6906497478485107
783,135535_0bd0048d_0,0.001372260507196188,0.9793320894241333
784,21797_69df08d5_7,0.0030667174141854048,0.9755837321281433
785,65350_b3fa8f4f_47,0.0010077533079311252,0.9953618049621582
786,41714_1d49f4d1_3,0.000716841546818614,0.9199001789093018
787,66012_a13e1644_1,0.00035590288462117314,0.8490725159645081
788,22652_564979ff_11,0.00036609091330319643,0.7278674840927124
789,25127_ecba81df_23,0.0010222228011116385,0.33288365602493286
790,47548_db93c988_4,0.00025705358712002635,0.37115776538848877
791,55927_f8b31711_5,0.0018002833239734173,0.9037129282951355
792,31647_ab9ad9dc_2,0.0009331683395430446,0.8738648295402527
793,41128_ee74f244_8,0.0005585671169683337,0.8471277952194214
794,20959_d4905d19_4,0.0001429282856406644,0.9649339914321899
795,52009_a2b75078_3,0.0023742092307657003,0.9760884642601013
796,22201_473a3a65_16,0.0011053257621824741,0.8502611517906189
797,29442_365e23df_30,0.001206815941259265,0.9658666253089905
798,51859_6b2fd0f1_8,0.00022008546511642635,0.9924839735031128
799,140413_44177109_15,0.00014261892647482455,0.8734978437423706
800,21822_7d3db422_11,0.0011296119773760438,0.9686108827590942
801,24168_a0ede173_100,0.0002582528395578265,0.8136207461357117
802,145532_c2304f89_1,0.0008306708768941462,0.8836790323257446
803,104641_2cd02839_13,3.96604991692584e-05,0.8462786078453064
804,23679_81ef9e37_2,0.00043566746171563864,0.8961954116821289
805,95271_de3df8d5_2,2.372705057496205e-05,0.8857556581497192
806,41401_e4117da2_0,4.2962808947777376e-05,0.0638609528541565
807,48006_babdf4af_9,0.00042694254079833627,0.9950558543205261
808,142246_0851be5e_32,0.002431187778711319,0.9596555829048157
809,33615_7bab1106_4,0.000515552528668195,0.9658859372138977
810,31117_cd5cdbdb_18,0.0003727565926965326,0.994357705116272
811,34914_8911676d_0,0.00046793019282631576,0.9614238142967224
812,55501_a09e4ced_2,1.1306417036394123e-05,0.5752946138381958
813,41128_ee74f244_9,0.0004830269899684936,0.8401057124137878
814,142246_0851be5e_22,0.0015129344537854195,0.7256016135215759
815,22413_901f5867_0,4.7107743739616126e-05,0.857427716255188
816,56490_0a0fba77_0,0.00010981799277942628,0.9688513875007629
817,93676_4f934980_1,0.0002774499880615622,0.3849244713783264
818,146642_883a71d2_96,0.0009857831755653024,0.8924031853675842
819,24032_d6172503_3,0.0004685478052124381,0.920569121837616
820,44221_25c62f03_1,0.0001451435819035396,0.9973117113113403
821,50315_0f1419bf_33,0.0019329843344166875,0.812384843826294
822,133389_0938a905_2,0.00010828822996700183,0.972517192363739
823,24824_cf51e5b6_4,0.001093692029826343,0.7948302626609802
824,33970_32f36442_3,0.0005196804413571954,0.9837941527366638
825,29359_bbfab271_2,0.0005433458718471229,0.9043477773666382
826,23172_4ab01e83_0,0.0003631558211054653,0.9911741614341736
827,98511_1b46a85e_45,0.0005711911944672465,0.9839467406272888
828,98511_1b46a85e_46,0.0005637795547954738,0.9834247827529907
829,34248_cc11976c_0,0.0004027193645015359,0.9851203560829163
830,104003_46555fb2_0,0.0002963958540931344,0.3408942222595215
831,34520_035b5e9a_8,0.00021853532234672457,0.9248932003974915
832,38397_93d5d7de_12,0.00197794521227479,0.9725965261459351
833,130023_93b3ca95_1,0.0005829186993651092,0.7948261499404907
834,83213_47c49876_1,0.0002721402561292052,0.9688085317611694
835,43928_6ca53538_63,0.0019145787227898836,0.9554767608642578
836,82779_b7b722e3_9,0.0007608742453157902,0.9091266393661499
837,134967_0f27ef51_1,0.00021479905990418047,0.8393012881278992
838,86024_714b24f4_1,0.00013461847265716642,0.9947261810302734
839,40807_58058731_11,0.00043198667117394507,0.934849739074707
840,26750_cd3cb3ff_0,0.0010758566204458475,0.9813376069068909
841,126913_d253adb7_2,0.000604102446231991,0.8808055520057678
842,24268_2804c9ff_13,0.0009107822552323341,0.9763099551200867
843,45542_320c16fd_3,0.0001997519430005923,0.9960287809371948
844,22342_274ed8a6_1,0.00045549843343906105,0.9013509154319763
845,133385_e6aa64d8_17,6.675127224298194e-05,0.7324153184890747
846,143509_1dd5212d_3,0.0006546851363964379,0.9806908965110779
847,47989_3ff0f41d_0,0.0015222611837089062,0.9566947221755981
848,21822_7d3db422_14,0.0022689159959554672,0.9672363996505737
849,21517_bfe35b4c_12,0.0003552097186911851,0.37993717193603516
850,52883_e518d3f4_10,0.00023005793627817184,0.9626491665840149
851,41871_f9a1ad02_14,0.0008735191659070551,0.9126130938529968
852,37016_455093c1_2,0.00029308602097444236,0.8428792953491211
853,31117_cd5cdbdb_78,0.0009724581614136696,0.9924588799476624
854,129239_0d49310c_22,9.38314333325252e-05,0.7275669574737549
855,30400_8824ce97_6,0.001816978445276618,0.9620099663734436
856,53233_8dbca22c_8,0.0006929475930519402,0.9513934254646301
857,40514_bb61631d_25,0.0005150679498910904,0.8860499858856201
858,24053_53349e4d_2,0.0001104297480196692,0.8578808307647705
859,41917_f0c40fa1_16,0.0003302616241853684,0.9921871423721313
860,22543_684108ff_5,0.0012779685202986002,0.9493352174758911
861,138636_c1153075_0,0.00018685607938095927,0.833204984664917
862,24448_75004b6c_6,0.0003184129309374839,0.9898622632026672
863,24831_bbd3e098_8,8.855922351358458e-05,0.9132203459739685
864,53221_74fa81cd_3,0.00028747491887770593,0.9222878813743591
865,76879_65a30a82_4,0.0001178626116598025,0.8073266744613647
866,108773_f9384cff_10,2.390587360423524e-05,0.7477055788040161
867,33671_0e9c6ca3_5,0.00021020384156145155,0.9833046793937683
868,93103_fdb9fcb7_15,0.0008886221912689507,0.9520509243011475
869,137675_d2bd633e_0,0.0007339342846535146,0.5403425693511963
870,21893_0500d043_32,0.0006946171633899212,0.5458833575248718
871,22110_0bc70e9f_1,0.0009564179927110672,0.41222822666168213
872,43152_b5472481_1,0.000260908214841038,0.9020233750343323
873,115717_40314bc2_1,0.0016708538169041276,0.854009747505188
874,102943_ca9e7968_0,6.61991725792177e-05,0.909922182559967
875,136401_69f29349_0,0.0014457106590270996,0.04104506969451904
876,28542_3c922564_0,0.0006827376200817525,0.7510379552841187
877,24267_8a216138_6,0.0007634710636921227,0.9581297636032104
878,84374_272a9731_7,0.0008475396316498518,0.888255774974823
879,23531_1ecc8346_18,0.0019487948156893253,0.9809908866882324
880,41871_f9a1ad02_30,0.0012102446053177118,0.9633186459541321
881,132461_14abd2d0_0,1.389569752063835e-05,0.61207115650177
882,37617_3f415463_2,3.7397352571133524e-05,0.9388898611068726
883,41696_de0790a1_1,0.0006016879342496395,0.9866389632225037
884,54657_2a66e0de_20,0.00027544007753022015,0.9747074842453003
885,24425_0dc4b306_0,0.0004927128902636468,0.9517467021942139
886,146667_fe438b5b_0,0.00014587263285648078,0.994452178478241
887,23048_8a1a5553_8,5.565993706113659e-05,-0.49760735034942627
888,51871_86ebf5b2_17,0.0010896415915340185,0.8005231022834778
889,30664_a3084f71_6,0.0008962095598690212,0.9450075626373291
890,139801_97e2ca6a_5,0.0003774930664803833,0.9227112531661987
891,22278_12f1fb79_13,0.0012010803911834955,0.9218615293502808
892,22776_facf9bcf_8,0.0011465064017102122,0.9609775543212891
893,40500_6055e3d7_15,0.010101860389113426,0.8992469310760498
894,35740_5322d674_13,0.00010402683983556926,0.9367136359214783
895,39792_60786b6c_12,0.00048728150431998074,0.982309877872467
896,115524_4a411f7e_0,0.0003032143577001989,0.9311206936836243
897,24131_3ea7d5a8_17,0.0008076466037891805,0.9610427618026733
898,100326_0602c712_2,0.0017425959231331944,0.9446479082107544
899,34571_25c64838_2,0.0010254689259454608,0.9392220377922058
900,143534_4f65fd1a_0,0.0003532769624143839,0.8805599808692932
901,101446_95204330_1,0.0003221541701350361,0.7957749366760254
902,41749_14d0599c_10,0.0001128184303524904,0.670741617679596
903,55715_525d1d3e_12,0.00023592713114339858,0.3001967668533325
904,45307_b9b4bca0_30,0.0011863327817991376,0.9915035367012024
905,22654_4c426b0f_0,0.001114807091653347,0.8603986501693726
906,22670_9353c710_4,0.0005053030326962471,0.8450431823730469
907,99445_94c22a37_11,0.00032563740387558937,0.995161771774292
908,132811_57264a28_4,0.0005348415579646826,0.9563055634498596
909,23258_87a2ba81_3,0.00015019698184914887,0.7625844478607178
910,50777_2934de55_22,0.00046563794603571296,0.9834709167480469
911,98418_4185a7fb_0,0.00048537724069319665,0.9882410764694214
912,43441_e1ab0873_2,5.130312274559401e-05,0.3783373236656189
913,24271_dbc0fd2d_12,0.0002451881009619683,0.9460306167602539
914,38944_0d0c3fce_0,0.0018000289564952254,0.9883385896682739
915,40624_e1c5c424_11,1.2064951988577377e-05,0.6961319446563721
916,100028_0c3a8f1c_13,0.00038860272616147995,0.995001494884491
917,40491_ac67bf4c_13,0.00031215528724715114,0.9941447377204895
918,25416_1deb9c75_0,0.0006998591125011444,0.8788529634475708
919,21657_2651585a_6,0.00029813937726430595,0.9841974973678589
920,21986_67c5509a_15,0.00026146319578401744,0.967559278011322
921,32288_34013274_2,0.001177154015749693,0.8007568120956421
922,55373_ddd74d2f_0,0.0013336548581719398,0.8277549147605896
923,26245_4aac38e1_0,0.0004505557008087635,0.974183976650238
924,33044_7fdd9213_0,0.0003196566831320524,0.942925751209259
925,31530_6744ae73_48,0.0019036874873563647,0.9816102385520935
926,25555_fd3d9a3c_1,5.2109960961388424e-05,0.9268405437469482
927,54175_7d864ace_6,0.00030174219864420593,0.9322381615638733
928,72950_5074f5a3_0,0.0005946413730271161,0.6069093942642212
929,129618_2962c248_0,0.0013966901460662484,0.9766727089881897
930,52012_77070fda_10,3.904298137058504e-05,0.9387709498405457
931,28295_0dc908b9_7,0.0004625873698387295,0.8757362961769104
932,144419_90e59d67_2,3.7611614970956e-05,0.5843497514724731
933,22734_f6bad9f7_24,0.002724042860791087,0.9156966209411621
934,22604_0b4ffb43_14,0.00015951006207615137,0.9970805644989014
935,81996_b3752ed2_3,0.00015776474901940674,0.8584190607070923
936,24504_493cee15_8,0.0016914110165089369,0.9326514601707458
937,39124_28e99e62_1,0.00011971589992754161,0.8652947545051575
938,29725_0ad4937e_1,0.00018479065329302102,0.6659877896308899
939,109232_04340d62_6,0.0001608769380254671,-1.926431655883789
940,129075_8fbf62e5_0,0.00030895438976585865,0.7554985880851746
941,102937_18c3cb6a_4,0.0005505113513208926,0.9806983470916748
942,52551_8098346a_5,0.0003617648908402771,0.3707064986228943
943,128043_6947b64c_0,0.00209598196670413,0.8790045976638794
944,119030_292009a7_41,0.0007664721924811602,0.8875664472579956
945,48526_5aecac8a_0,0.0004253540246281773,0.9283755421638489
946,32541_86f7df73_4,0.0004479569906834513,0.5738449096679688
947,55114_7bf17f6a_0,0.0011851565213873982,0.9140830039978027
948,55285_6816da52_1,0.0025035510770976543,0.9458171725273132
949,37683_e2cca100_17,0.00016978057101368904,0.7326992750167847
950,78775_e2d8b091_15,0.0012808166211470962,0.9581218361854553
951,93199_2146e709_2,0.00035790313268080354,0.9577464461326599
952,135595_656de97a_14,0.00022360509319696575,0.8396841287612915
953,24284_3710e946_16,0.00019242250709794462,0.9956406354904175
954,135521_30553c91_2,9.259931539418176e-05,-0.34300875663757324
955,29732_fb15318c_5,0.00018748737056739628,0.8218989968299866
956,88060_389bdff4_0,0.0006343125132843852,0.9613994359970093
957,27839_4a077326_28,0.0010612999321892858,0.9737034440040588
958,100435_87bf423d_8,0.00019120688375551254,0.9962323307991028
959,25365_bb0e4ede_44,0.0003092011029366404,0.5614722967147827
960,146169_144d8264_0,0.0011652058456093073,0.993707001209259
961,23342_7193a931_3,3.4202599636046216e-05,0.8992345333099365
962,57000_cd1ddece_12,0.0001832258130889386,0.9963367581367493
963,119790_1ed376f0_3,0.0003194698365405202,0.6513313055038452
964,72522_e9e87960_4,0.000308145274175331,0.99421626329422
965,65366_f618b577_2,0.000236097548622638,0.7944848537445068
966,55707_c78416ed_35,0.001242709462530911,0.9350563883781433
967,70321_eccffc7e_0,0.0006777987582609057,0.8244115710258484
968,120143_b5756e6b_0,0.0016852818662300706,0.7659609317779541
969,27726_aca43af4_35,5.05549724039156e-05,-1.3488376140594482
970,31361_72aab333_20,0.0005679448950104415,0.8195012807846069
971,121949_e10b5e85_12,0.0005511180497705936,0.9847779273986816
972,146399_0e4b73c4_13,0.0008656702702865005,0.9822285771369934
973,41134_fc146947_6,0.0008007533615455031,0.6256458759307861
974,21237_7887a24b_35,0.00017730766558088362,0.26697832345962524
975,24885_55e20ddf_3,7.777687278576195e-05,0.9231589436531067
976,34914_8911676d_23,0.00018237208132632077,0.9675880670547485
977,21803_8a36dcda_12,0.0015988287050276995,0.946500837802887
978,41306_8f26e703_5,1.4696383914269973e-05,0.8413500189781189
979,25118_f50fdc69_10,5.7624933106126264e-05,0.9158362150192261
980,25473_0991d519_9,0.000512482482008636,0.9871668815612793
981,126585_86fa26cb_0,0.0001188802852993831,0.8531845808029175
982,145691_69484976_9,0.0009620237397029996,0.9135024547576904
983,60729_c51868ec_0,0.00046287296572700143,0.7450025677680969
984,123929_e7dbad2c_0,0.0007373825646936893,0.6497347950935364
985,69649_70b07cac_0,0.0001121457462431863,0.99752277135849
986,55135_f1186d58_9,7.899242336861789e-05,0.901587188243866
987,20838_86c931be_2,0.0003738476661965251,0.9535195231437683
988,45242_626509cb_11,0.00019308792252559215,0.9146736860275269
989,34983_439766af_13,0.0007019107579253614,0.9926989674568176
990,53453_fb0f1640_1,0.0022764408495277166,0.9308935403823853
991,23255_972fbfe6_25,0.0003439784049987793,0.989157497882843
992,24168_a0ede173_203,0.002915905090048909,0.9837830066680908
993,55476_1473d91f_0,0.0010006745578721166,0.4898498058319092
994,55111_ef389075_1,0.0008624702459201217,0.9670356512069702
995,141710_17531562_1,0.0004658239777199924,0.960888147354126
996,96601_b89e6252_1,8.523198630427942e-05,0.5467414855957031
997,135790_a27f9deb_43,0.005764459725469351,0.926145076751709
998,121363_746708db_0,0.0005102092982269824,0.8036911487579346
999,136886_3aa46890_0,0.00034891068935394287,0.8699047565460205
1000,50315_0f1419bf_19,0.0006793603533878922,0.9906554222106934
1001,37846_cde34fcd_14,0.00035485310945659876,-3.0120906829833984
1002,24816_ef81ad4c_1,0.0001750368537614122,0.9374102354049683
1003,75646_4baf69b2_7,0.001735010533593595,0.9757043123245239
1004,140155_81f9ac63_0,0.0002916431403718889,0.9272383451461792
1005,51603_034939eb_10,0.0008860575035214424,0.9509127736091614
1006,30435_c97330d2_0,4.7631558118155226e-05,0.9194634556770325
1007,27839_4a077326_27,0.00031895979191176593,0.9826570749282837
1008,55627_971fde61_34,0.0014741297345608473,0.8860354423522949
1009,134909_ef3d003c_0,0.00014374199963640422,0.858985185623169
1010,33413_060ce192_51,8.163977327058092e-06,-0.13113856315612793
1011,22245_ca848576_12,0.00026884087128564715,0.6860362887382507
1012,52039_ba12c3ac_1,0.0001817311713239178,0.9963667988777161
1013,39707_358f88df_2,0.0006512451218441129,0.30649077892303467
1014,50014_33f250c8_3,0.0019306637113913894,0.9823893308639526
1015,52987_387431ac_1,0.0012349896132946014,0.915201723575592
1016,33501_b1ee5058_15,0.00017241081513930112,0.9965716004371643
1017,82168_4844bddd_1,0.00026004615938290954,0.9648889303207397
1018,30384_95e72fc2_4,6.139087781775743e-05,0.32387256622314453
1019,23554_a0845d54_2,0.0005436295759864151,0.545565664768219
1020,23800_65e0a5d1_0,0.00019179748778697103,0.39555156230926514
1021,41128_ee74f244_0,0.0006363651482388377,0.36112552881240845
1022,143019_22dbd3e6_2,0.0005434968043118715,0.9827562570571899
1023,79993_6087acd5_8,0.001905439654365182,0.939720630645752
1024,21422_b2a6bf27_0,0.00024046683392953128,0.9960353970527649
1025,25487_dd2c17e8_21,0.00048087211325764656,0.5730233192443848
1026,22654_4c426b0f_10,6.343238055706024e-05,0.5740246772766113
1027,30368_d7fd30ce_6,1.7153912267531268e-05,0.6331203579902649
1028,57249_6bd2af3c_2,0.000151195636135526,0.994422435760498
1029,57029_3ab80a22_0,0.0005063159624114633,0.8995570540428162
1030,79906_052c7eb4_3,0.0006140322075225413,0.8668996095657349
1031,82996_b8dc67c9_10,0.00010743393067969009,0.8517376780509949
1032,119884_192e3265_1,0.0005725446972064674,0.7388771176338196
1033,21225_c081eae3_10,0.0013192880433052778,0.9243624806404114
1034,121949_e10b5e85_1,0.00036933569936081767,0.9065428972244263
1035,81994_ba8916c9_5,5.549910929403268e-05,0.9515055418014526
1036,22447_4062c6cb_29,0.0002061681152554229,0.9965221285820007
1037,55044_ee57bac8_1,0.0002008029550779611,0.23706656694412231
1038,41871_f9a1ad02_13,0.002134756650775671,0.9880103468894958
1039,74688_a5168a45_2,1.267631978407735e-05,-1.7236826419830322
1040,23218_02d26ab4_4,3.2553249184275046e-05,0.9251261353492737
1041,41205_dc60aa5d_0,0.00048786873230710626,0.8787137866020203
1042,41979_ca698776_0,0.00023131950001697987,0.9525585174560547
1043,141453_50ec6f25_7,0.0002839497465174645,0.9919565916061401
1044,97143_5424c420_0,0.0005525245796889067,0.8582009077072144
1045,41986_26275a06_2,0.00024655525339767337,0.9767581224441528
1046,136800_c5e4d711_2,0.00026912143221125007,0.632150411605835
1047,101635_11b839a3_5,2.6995923690265045e-05,0.7788326740264893
1048,55866_b041060d_0,0.00021203227515798062,0.987022340297699
1049,53846_89405f98_0,0.000743745593354106,0.8480445742607117
1050,27725_5cceaeb7_1,0.0012058886932209134,0.891194224357605
1051,146137_92faaea5_9,0.0016768603818491101,0.8656424880027771
1052,41211_11f6b8a0_4,0.00015853808145038784,0.934707760810852
1053,21330_f0cee934_46,0.00018282410746905953,0.9963447451591492
1054,127188_5fecd146_4,3.817032848019153e-05,0.9475502967834473
1055,135949_06517574_8,1.3701421266887337e-05,0.8579579591751099
1056,68928_0d4e4a2e_24,0.001279383315704763,0.9195523858070374
1057,50410_f8f03667_38,1.1529727089509834e-05,0.20623672008514404
1058,142999_171240b6_21,0.00010028545511886477,0.9258505702018738
1059,144709_642fc665_0,0.0008710234542377293,0.9144018888473511
1060,53232_f8760054_10,0.0003232927992939949,-2.094184160232544
1061,22372_e91792a1_0,2.402056816208642e-05,0.6919355392456055
1062,21767_53eaa558_12,0.004168004263192415,0.9461392760276794
1063,32220_1fd19c5e_0,9.040777513291687e-05,0.9071174263954163
1064,22886_a6331748_1,0.000562538392841816,0.9483529329299927
1065,130996_b842b511_12,0.00024210121773649007,0.9776851534843445
1066,55571_74a416b1_1,0.00014890782767906785,-0.2631337642669678
1067,70169_914780d4_1,0.00027849155594594777,0.8939506411552429
1068,23156_7788f78a_6,0.0020418751519173384,0.9852253794670105
1069,124496_20e20439_10,7.703380833845586e-05,0.8306899070739746
1070,76300_7cb02add_1,0.0004990407614968717,0.9261049032211304
1071,21647_6b6cca6f_10,0.0005205536726862192,0.715877890586853
1072,22734_f6bad9f7_23,0.0015981477918103337,0.933423638343811
1073,94176_0a6c42ab_2,4.022349003207637e-06,0.26181310415267944
1074,24048_d731886d_9,0.0014801609795540571,0.836850643157959
1075,25487_dd2c17e8_30,0.0016453583957627416,0.2562395930290222
1076,115717_40314bc2_4,4.7928635467542335e-05,0.8440988659858704
1077,125592_875faf40_0,0.0014709619572386146,0.93172287940979
1078,41871_f9a1ad02_44,0.0007924147066660225,0.9440175294876099
1079,146642_883a71d2_8,0.000171343213878572,0.958195149898529
1080,136883_076fbff9_31,0.00018459802959114313,0.3893895745277405
1081,60766_fb8715eb_3,0.0006537447916343808,0.9521918892860413
1082,30818_33617072_0,0.002509437268599868,0.8729472160339355
1083,130679_7a357a9c_18,0.003587526036426425,0.7889707088470459
1084,55306_795d845b_0,4.8060519475257024e-05,0.8969714641571045
1085,135934_d2f6bb2e_33,0.00011281923798378557,0.8495882749557495
1086,111054_e45a0d40_7,0.0036716272588819265,0.9644832015037537
1087,36826_d9269c2e_10,0.0004418487660586834,0.9699876308441162
1088,37619_ae810a8d_7,8.23201935418183e-06,-2.7597060203552246
1089,22343_34184fd5_22,0.00018998612358700484,0.41198503971099854
1090,113020_de552f8d_0,0.00022989301942288876,0.8562401533126831
1091,20216_89b90993_0,0.0032662288285791874,0.7824035882949829
1092,23325_292b3294_16,0.0014161146245896816,0.8652784824371338
1093,23522_5c2ec58e_9,0.0007366611971519887,0.9440673589706421
1094,146624_359752bb_20,8.756484021432698e-06,-3.414318561553955
1095,104990_11b4aeee_1,0.00023553057690151036,0.9946162104606628
1096,90917_4670b560_0,0.0019124241080135107,0.9628316164016724
1097,54818_59adf8c2_5,0.0005216997233219445,0.5488239526748657
1098,34109_5a868eae_3,0.00024599710013717413,0.5986589193344116
1099,23161_e7f63a9f_2,0.0005927457241341472,0.9463660717010498
1100,37160_2a95674a_27,0.0009786674054339528,0.6580750942230225
1101,61280_8bdbc90f_0,0.0007046619430184364,0.9746922254562378
1102,55083_dac1f9cc_2,0.00046888086944818497,0.9609657526016235
1103,34341_d19b12fb_14,1.3927526197221596e-05,0.8614758253097534
1104,54516_ac9e2ef4_61,0.0013479982735589147,0.7761683464050293
1105,24559_3c306e71_2,9.317493095295504e-05,0.810328483581543
1106,105831_88a0fb85_1,0.0006227115518413484,0.9763408303260803
1107,32743_f4c47bbc_19,0.0018185137305408716,0.6620946526527405
1108,40500_6055e3d7_18,0.0007432256825268269,0.9643232822418213
1109,22862_f5406bb0_0,0.0005040063988417387,0.9918920993804932
1110,141081_ae61ec46_0,0.0003292104520369321,0.9952342510223389
1111,135112_cf8007b8_4,0.0013659987598657608,0.979277491569519
1112,131442_1512d9ff_5,0.00011371984874131158,0.759343147277832
1113,145132_7aea3b66_1,0.001925926306284964,0.992710530757904
1114,41871_f9a1ad02_45,0.0006485581980086863,0.8749933242797852
1115,51775_49ef614a_1,0.0005781009094789624,0.8361982107162476
1116,143293_fc5b0ff7_23,0.0002469884348101914,0.5487634539604187
1117,51547_a7e01c38_6,3.124770591966808e-05,0.9552295207977295
1118,114021_44c3c39c_2,7.709771307418123e-05,0.8077918291091919
1119,123766_c5a4cf5e_0,0.00010960826330119744,0.301163911819458
1120,23031_0d684603_8,0.000527295982465148,0.7727218270301819
1121,132996_c742ef84_4,0.0030402448028326035,0.5781116485595703
1122,137096_5d77f285_1,0.0011309864930808544,0.8650085926055908
1123,27072_b4756e8c_2,0.0007316821138374507,0.8345163464546204
1124,51915_e704f5dd_2,0.000682435987982899,0.8932808041572571
1125,132811_57264a28_13,0.00020739523461088538,0.9965084791183472
1126,49396_98ab955d_13,0.0014494361821562052,0.8384098410606384
1127,132081_761d26ad_0,0.00015044506289996207,0.9959728121757507
1128,82906_7b72e0e8_2,0.0011434616753831506,0.9681434035301208
1129,92649_26fe8262_0,0.00018025469034910202,0.9168366193771362
1130,21803_8a36dcda_11,0.0014080068795010448,0.9621289968490601
1131,30637_f6324fc6_5,0.00014275468129198998,0.055159687995910645
1132,105560_a6f91315_12,1.6349968063877895e-05,-1.2899932861328125
1133,41737_d80c34b9_0,0.0011942546116188169,0.9286490082740784
1134,34983_439766af_12,0.00019191757019143552,0.9811208844184875
1135,122755_60c41889_10,4.002270725322887e-05,0.35861653089523315
1136,76879_65a30a82_2,0.0038421114441007376,0.9656325578689575
1137,89816_cef36e57_4,0.00033655224251560867,0.9944499135017395
1138,49406_100c707b_3,9.187531395582482e-05,0.9894063472747803
1139,105560_a6f91315_10,1.3134359505784232e-05,0.7163997888565063
1140,129421_483d2957_5,2.4173368728952482e-05,0.8981491327285767
1141,122740_fc5c94eb_33,0.000320454069878906,0.9901883006095886
1142,135595_656de97a_5,0.00016841580509208143,0.9384897351264954
1143,35740_5322d674_5,8.495009751641192e-06,-1.9483392238616943
1144,23681_932e722e_18,0.00019398500444367528,0.9963281750679016
1145,108244_329b1876_17,1.1872994946315885e-05,-1.7586920261383057
1146,125745_cf468448_6,0.0004023017827421427,0.9054049253463745
1147,138838_c9a9e790_6,0.00033122129389084876,0.9356157779693604
1148,102416_b74464a2_4,1.1422357601986732e-05,-3.530740737915039
1149,30426_2cde26de_21,4.98208319186233e-05,0.8519126176834106
1150,137837_9c9f163d_5,0.00014325242955237627,0.8491566777229309
1151,25487_dd2c17e8_15,0.0016129158902913332,0.789760947227478
1152,21549_18160a0a_4,8.384467946598306e-06,-0.18354105949401855
1153,21385_601444ba_0,0.0008384336833842099,0.9478417634963989
1154,35233_add576ba_9,0.0013860835460945964,0.9094719886779785
1155,55345_c6423351_0,0.0004750286170747131,0.9230965971946716
1156,110697_4b2725f1_0,0.00037685391725972295,0.9912212491035461
1157,109946_242843a6_1,2.7881800633622333e-05,0.3427392840385437
1158,34341_d19b12fb_22,5.240232712822035e-05,-4.957720756530762
1159,23247_bcd1e84f_21,0.00027503829915076494,0.9422499537467957
1160,131765_29b29f08_6,1.1600821380852722e-05,0.7487819194793701
1161,21395_7d6fda6f_12,0.0002999513817485422,0.7374800443649292
1162,135460_6471e973_15,0.00019618691294454038,0.9355553984642029
1163,51741_49d61151_7,0.0004892592551186681,0.9823214411735535
1164,28382_90b7cc0c_12,0.00013251323252916336,0.9519332647323608
1165,30850_05d88af9_2,0.001293934416025877,0.9466228485107422
1166,86278_1e55d036_12,0.00018036566325463355,-0.3424946069717407
1167,67240_525e92c1_1,0.0006803461001254618,0.45408087968826294
1168,82002_ef2b4feb_6,0.000327466317685321,0.9937078952789307
1169,53364_ec8aad42_1,0.0029038405045866966,0.8752278685569763
1170,135771_b030a25c_17,0.0005064572324045002,0.41414082050323486
1171,135906_29d7b495_1,5.352976586436853e-05,0.9042969346046448
1172,21822_7d3db422_38,0.00028083528741262853,0.7150818705558777
1173,81136_5b86c723_1,5.27848897036165e-05,0.6123645901679993
1174,25473_0991d519_2,0.0019615867640823126,0.9660632014274597
1175,73405_94381b7c_5,0.00102509546559304,0.8276926279067993
1176,24009_c40b0d48_2,0.00016600691014900804,0.9949019551277161
1177,22162_439af02a_1,0.00016210835019592196,0.9968124628067017
1178,146159_f3f80701_0,0.001883523422293365,0.4977920651435852
1179,51895_5760b481_15,0.002125219441950321,0.9773806929588318
1180,33500_e58e287e_1,0.0032583230640739202,0.8483298420906067
1181,31838_2e4bd173_0,0.0013254935620352626,0.11397957801818848
1182,146137_92faaea5_18,2.9903763788752258e-05,0.7382420301437378
1183,124879_2257a334_2,8.884190901881084e-05,0.024926185607910156
1184,144145_510eedc2_7,0.0001840168406488374,0.996589720249176
1185,21237_7887a24b_78,0.0004472043365240097,0.96110999584198
1186,82297_93739ce0_6,0.0009814713848754764,0.677365243434906
1187,51536_a18dc325_31,0.0003561468911357224,-0.7262734174728394
1188,93103_fdb9fcb7_7,0.0006868339842185378,0.9113435745239258
1189,24590_415f7013_9,0.00029794403235428035,0.9447965025901794
1190,130659_16f2db4c_0,0.00018481204460840672,0.9388608336448669
1191,23083_fdb942ac_2,0.00025865939096547663,0.9892076253890991
1192,23954_a8c09819_2,0.0001591466716490686,0.996913731098175
1193,30417_0010bc7c_13,0.00045650522224605083,0.9594064354896545
1194,120535_e304dfca_1,0.0008992975344881415,0.9340366125106812
1195,93199_2146e709_9,0.001062740688212216,0.7559677362442017
1196,23686_cba4f679_15,0.001757165533490479,0.9606154561042786
1197,40807_58058731_20,0.0008432581089437008,0.9915125966072083
1198,94410_d32e7520_35,0.0014755208976566792,0.9632618427276611
1199,79695_fd8bae0e_0,0.001484419102780521,0.6225377321243286
1200,129422_621d0a90_35,0.001147757051512599,0.4609414339065552
1201,44932_16cb7f21_5,0.002272313227877021,0.9356421828269958
1202,136550_8a8672e5_1,0.00013595829659607261,0.9618327617645264
1203,20495_e8e7e80c_3,0.00024314153415616602,0.9956513047218323
1204,31962_e5291336_50,0.0007755828555673361,0.26014333963394165
1205,24888_5be1de05_1,3.6433233617572114e-05,0.30707019567489624
1206,34114_7e58a97d_10,0.0014200074365362525,0.9454076290130615
1207,108433_37a79370_0,0.0025602979585528374,0.7737640142440796
1208,22844_9b75b8e0_1,0.0002621185558382422,0.9891268610954285
1209,115637_b4d41e8a_0,0.0009454271639697254,0.9084767699241638
1210,53474_f29e4438_15,0.004926128778606653,0.859866201877594
1211,26766_1aaa348c_0,0.0006081312894821167,0.9136751890182495
1212,51940_67bb0219_7,0.000883634143974632,0.8556005954742432
1213,41714_1d49f4d1_13,2.5264924261136912e-05,0.9003687500953674
1214,21815_7090778f_9,0.0014288525562733412,0.8827406167984009
1215,32843_8e5bdf24_0,0.001332828076556325,0.9409459829330444
1216,23686_cba4f679_10,0.0005465478170663118,0.9318930506706238
1217,114425_891ab08d_0,0.00400700094178319,0.5003750324249268
1218,41786_02d48cdd_5,0.0008532946230843663,0.8679589033126831
1219,22895_4533b542_1,0.000563878333196044,0.9676821827888489
1220,49016_cd1b47bf_6,0.002846411196514964,0.9098318219184875
1221,51674_a70c1c6c_3,5.429276643553749e-05,0.913178563117981
1222,52972_6e5a5ada_11,0.0007534782635048032,0.9680179357528687
1223,120700_d818883a_8,9.489100921200588e-05,0.8715210556983948
1224,34530_9525ffcd_0,0.0006993813440203667,0.9868479371070862
1225,24355_99bf3f8f_1,0.00014354953600559384,0.7220072150230408
1226,56250_3b6024e3_46,0.001979993423447013,0.9649917483329773
1227,56355_727ca47c_3,0.0010232150088995695,0.7529280185699463
1228,35057_9af89947_1,0.0007461095810867846,0.8828596472740173
1229,120881_a946667f_13,0.00012802102719433606,0.8236304521560669
1230,143021_c6df0146_5,5.3329851652961224e-05,0.703035831451416
1231,69240_dc199112_3,0.0009450543439015746,0.13986754417419434
1232,41733_1ec9b00c_15,0.0004390023823361844,0.9085786938667297
1233,30298_24191733_2,3.056075001950376e-05,0.7886530160903931
1234,30400_8824ce97_18,0.00026466388953849673,0.9447364211082458
1235,37040_ecbcd25e_36,0.00042990371002815664,0.8840527534484863
1236,23035_6087bb57_4,5.591681838268414e-05,0.916319727897644
1237,38675_6e07d74b_26,0.0018970591481775045,0.9737512469291687
1238,31751_e37382e1_9,0.00025384544278495014,0.9729334115982056
1239,54601_e1da5b93_4,0.00018834383809007704,0.9962530136108398
1240,142999_171240b6_29,0.0005275326548144221,0.9600116014480591
1241,137646_14bca880_0,0.0004165374848525971,0.961532473564148
1242,37519_442dc408_1,7.283939339686185e-05,0.9109887480735779
1243,47195_a8cd8bad_6,0.000300675310427323,0.9808799624443054
1244,22474_b10fea1a_6,0.0012348882155492902,0.8575753569602966
1245,53200_d1e30b87_10,0.00019213791529182345,0.9665662050247192
1246,41472_f9d73638_9,8.123479346977547e-05,0.9165029525756836
1247,126397_cc08a23d_1,6.557122833328322e-05,0.8935818672180176
1248,31838_2e4bd173_4,0.00033630794496275485,0.994004487991333
1249,52006_d21e4570_7,0.0007381507894024253,0.8536797165870667
1250,62109_08c31aa8_0,0.0007585483836010098,0.8648342490196228
1251,49403_458914df_0,0.0003616095054894686,0.7864015102386475
1252,122914_76ff1f5e_2,5.311621862347238e-05,-3.727487087249756
1253,34913_d23e2a24_2,0.0011342507787048817,0.49245917797088623
1254,104641_2cd02839_15,5.9322541346773505e-05,0.8285714387893677
1255,131632_6144b102_1,0.00031970490817911923,0.9961937069892883
1256,30850_05d88af9_0,0.000404089834773913,0.9682935476303101
1257,86296_8a6ed4d3_7,0.00012003304436802864,0.6302947998046875
1258,34983_439766af_7,0.0007002053898759186,0.9900246262550354
1259,33374_7491cbf8_2,0.001733850222080946,0.9832244515419006
1260,50694_afd26bd5_10,0.00041329150553792715,0.9955618977546692
1261,50292_e84db1fb_8,0.00014819507487118244,0.49429506063461304
1262,81367_622a9e51_2,0.00016981319640763104,0.9573590755462646
1263,78966_584c5305_0,0.0005475162179209292,0.7145146131515503
1264,79905_623eae86_1,0.003121762303635478,0.9744356274604797
1265,63055_6b907478_15,0.00019509154662955552,0.9844375848770142
1266,135771_b030a25c_4,0.0003056660061702132,0.6151580810546875
1267,41753_9b4f8d8a_0,0.0001904663076857105,0.996260404586792
1268,80784_f7ec5f70_1,0.0009777777595445514,0.8343213200569153
1269,33607_c6f31fa6_10,0.0008999936399050057,0.8897811770439148
1270,22225_a3ce4d29_42,0.0005384291289374232,0.9421386122703552
1271,51938_8b9cba89_5,0.0018212308641523123,0.9618327021598816
1272,44741_f386a08f_4,0.0009952766122296453,0.970460057258606
1273,70021_e673ae54_4,0.0002334142627660185,0.9962116479873657
1274,55135_f1186d58_7,0.0007473410805687308,0.933015763759613
1275,31856_2a5a4e32_12,0.0012916414998471737,0.9283493757247925
1276,75303_045fc848_4,0.000702385266777128,0.8920779824256897
1277,129683_3ad38815_10,0.0015170095721259713,0.9822602868080139
1278,21894_93f0d052_24,0.00064907839987427,0.9475069642066956
1279,143823_1b04bf80_13,0.0009268199210055172,0.9331205487251282
1280,143823_1b04bf80_18,0.0002155290567316115,0.7914746999740601
1281,111863_c925f4f3_2,6.0323774960124865e-05,0.9424391388893127
1282,104633_d0a15bd3_6,0.0007687650504522026,0.9355363249778748
1283,48832_22363e53_33,0.0005448312149383128,0.9852835536003113
1284,127466_a18ae326_1,0.0007536300108768046,0.716071605682373
1285,22211_b1ee53f0_12,0.0009003133745864034,0.9623777866363525
1286,137837_9c9f163d_6,0.00019767717458307743,0.946162760257721
1287,122755_b830e22d_17,2.2827776774647646e-05,0.7443376779556274
1288,21299_e9cd80a6_12,0.00027088113711215556,0.6367472410202026
1289,44920_70dd4b80_11,0.0003797444805968553,0.9828199148178101
1290,52987_387431ac_7,0.001038632821291685,0.9683657288551331
1291,147926_b78316a8_10,0.00014492280024569482,0.8730307221412659
1292,144653_e3eccdf1_50,9.402675641467795e-05,0.937354326248169
1293,56458_c027ed41_0,0.0006095962598919868,0.9243298172950745
1294,23495_6366269c_11,0.00016873099957592785,0.9966444373130798
1295,70883_e2d6a103_2,0.0007320110453292727,0.9891236424446106
1296,32743_f4c47bbc_34,0.0003164969675708562,0.8155336976051331
1297,30910_38ea5a06_2,0.0001487636036472395,0.9747698307037354
1298,56476_466fc284_17,0.0021747576538473368,0.95501708984375
1299,22604_0b4ffb43_62,0.0002587568305898458,0.9892036318778992
1300,21534_6367be99_0,0.0008239225717261434,0.7402701377868652
1301,133026_1085532d_1,0.0004120309604331851,0.8952856659889221
1302,137828_0b0786fb_1,0.0009462180314585567,0.9818093776702881
1303,55627_971fde61_27,0.0003075409622397274,0.9611766338348389
1304,93869_8b1922a3_0,0.0004496366309467703,0.9637380242347717
1305,24393_9acd18c6_3,0.00023747593513689935,0.9955686926841736
1306,44996_b3e9c266_14,6.325976573862135e-05,0.7524334192276001
1307,55300_b9675d43_1,0.0001619725371710956,0.9968197345733643
1308,113352_879844fe_0,0.000592951662838459,0.9758544564247131
1309,135317_3c58b0d0_9,0.00018635610467754304,0.8278080821037292
1310,115624_fe3eb392_1,0.002834727754816413,0.8672398924827576
1311,63055_6b907478_21,0.00038769925595261157,0.9858612418174744
1312,40421_032c052f_0,0.00037308948230929673,0.9432903528213501
1313,143029_70554264_3,0.00011914555943803862,0.7958899140357971
1314,145117_78f63de3_0,0.00044087969581596553,0.8866102695465088
1315,128996_35f2006e_0,0.00013107655104249716,0.344529926776886
1316,54503_fc6c6963_1,0.0003493661934044212,0.955875039100647
1317,24657_0168dc6b_1,0.0004898978513665497,0.9880089163780212
1318,130524_13ad16a8_0,0.005357034038752317,0.9735103845596313
1319,142670_33c641dc_3,0.00026279460871592164,0.9001607894897461
1320,65375_674ff0b9_11,0.0009643068769946694,0.12206590175628662
1321,23168_7fdf5427_3,1.0353188372391742e-05,-3.7293357849121094
1322,41717_ab2075ac_0,0.00015093578258529305,0.9944582581520081
1323,21739_57582b8f_4,0.00036676746094599366,0.978482186794281
1324,143293_fc5b0ff7_30,0.00022740451095160097,0.993798553943634
1325,135906_587b5c3d_0,0.0002519033441785723,0.8478894829750061
1326,138685_fd9b79cd_0,0.0002793069288600236,0.7766614556312561
1327,119921_5621fcb4_0,0.00018023014126811177,0.9695723056793213
1328,49403_458914df_5,0.00040536056621931493,0.9538019299507141
1329,73525_7f6b2f67_2,5.389781290432438e-05,0.9136747717857361
1330,136994_a3a2f50f_3,0.0005661672912538052,0.9362298846244812
1331,31838_2e4bd173_1,0.0026068484876304865,0.9435774087905884
1332,35866_d0233b36_6,0.00020154949743300676,0.9965639710426331
1333,53053_d6b4d71c_9,0.0009969485690817237,0.9741164445877075
1334,90220_7baf1e18_1,0.0001861633500084281,0.7486943006515503
1335,23364_73dd9d4d_10,8.071545016719028e-05,0.8839942216873169
1336,52987_387431ac_3,0.0003525379579514265,0.9709652066230774
1337,51859_6b2fd0f1_4,0.0003005204489454627,0.8329294919967651
1338,51708_867d4509_12,3.088675293838605e-05,0.7324516773223877
