case_num,case_name,MSE,R-Square
0000,50417_199cffee_13,0.03194107487797737,0.7511962056159973
0001,48516_2b3135bf_11,0.0064440215937793255,0.7821288108825684
0002,41733_1ec9b00c_31,0.010549952276051044,-0.023348689079284668
0003,31664_1e85c690_0,0.0045796656049788,0.7537785768508911
0004,21893_0500d043_18,0.0016890346305444837,0.965660035610199
0005,31607_9a2f8140_6,0.001797600882127881,0.9396629333496094
0006,41774_88a7a483_18,0.001004336285404861,0.75483638048172
0007,42143_51b31600_4,0.00020697350555565208,0.581791341304779
0008,23104_3b70eba4_13,0.0011073811911046505,-0.8216973543167114
0009,129075_8fbf62e5_2,0.00042776588816195726,-0.12883436679840088
0010,41624_a15f83c1_13,0.00025238460511900485,0.8760676383972168
0011,36088_1ea9c8a9_12,0.0013918549520894885,0.9675294160842896
0012,126477_6596d136_14,0.0009125234209932387,0.1728695034980774
0013,130441_10c43121_0,0.19122928380966187,0.025823235511779785
0014,133385_e6aa64d8_21,0.0006786587182432413,0.5547565221786499
0015,26398_b99946da_1,0.00794297270476818,0.8955361247062683
0016,61198_0c99f50a_4,0.00013013408170081675,-7.198015213012695
0017,26661_ab88a525_0,0.0009327175794169307,-0.0780034065246582
0018,129075_8fbf62e5_1,0.002251416677609086,-1.1261513233184814
0019,51891_9455ea02_1,0.003103189170360565,0.9507580399513245
0020,34770_6bba5bd4_13,0.0009306710562668741,0.981727123260498
0021,21646_a2dd0d00_53,0.0013881410704925656,0.8846147060394287
0022,68909_4ae1bc2e_1,0.00044395835720933974,0.582780659198761
0023,27866_ece3076e_109,0.0010643635177984834,0.8321640491485596
0024,92134_52f13f49_6,0.0008441766258329153,0.5134932994842529
0025,23342_7193a931_1,0.0005244720377959311,0.2720685601234436
0026,126572_a2d6f794_14,4.194794382783584e-05,-3.2170419692993164
0027,44344_3e0b0b0c_1,7.548613211838529e-05,-9.454621315002441
0028,49331_3bf3bb84_4,0.0011084795696660876,0.9797093272209167
0029,33971_46bb0373_0,0.0028780612628906965,0.6323652267456055
0030,21517_bfe35b4c_1,0.0003765353176277131,0.4538688659667969
0031,23165_369d62aa_6,0.0037254379130899906,0.9550652503967285
0032,81846_2907c980_0,0.004044474568217993,0.8204673528671265
0033,24168_a0ede173_111,0.004410953726619482,0.5643302202224731
0034,53461_a5942665_1,0.0038705256301909685,0.8564469814300537
0035,24907_c72322ea_13,0.0008583105518482625,0.6761294603347778
0036,133424_315bcaeb_7,0.00030285472166724503,0.6080936193466187
0037,40490_916e13fe_0,0.00496432650834322,0.8453729748725891
0038,38000_b5822e44_3,0.0036644909996539354,0.9444606900215149
0039,138520_f4e0bc0b_63,0.0013942817458882928,-0.3302096128463745
0040,61294_9255796d_3,0.00019056815654039383,0.643420398235321
0041,22176_272891b8_0,0.001041363226249814,0.4717639088630676
0042,24815_4f2a57e4_1,0.00837765820324421,0.7540006041526794
0043,113343_e692c488_1,0.00019154076289851218,0.7109498381614685
0044,33995_18423507_1,0.00044538432848639786,0.4000266194343567
0045,127897_029949fd_6,0.0008500336552970111,0.983002781867981
0046,123181_4e56fb4f_0,0.003187858732417226,0.9538174867630005
0047,22670_9353c710_1,0.00012365120346657932,0.24642962217330933
0048,128642_4d72bf31_2,0.001804833416827023,0.022315502166748047
0049,146667_fe438b5b_6,0.009730277583003044,0.40578562021255493
0050,38260_2a31c6df_2,0.0016308145131915808,0.7701649069786072
0051,24443_996411f9_3,0.0024029924534261227,0.9454688429832458
0052,142074_34e02b6d_1,0.0016617103246971965,0.5023412108421326
0053,41501_b627682a_15,0.0047523463144898415,0.5847071409225464
0054,24712_da77fe8f_0,0.0008940151892602444,0.9832732081413269
0055,32960_0eaa1de8_26,0.003788196248933673,0.9298346042633057
0056,130757_b2c47f8d_2,0.00022289363550953567,-5.661552906036377
0057,104817_6d73dc41_0,0.00840090587735176,0.05878859758377075
0058,79243_49539d9f_0,0.0022345383185893297,0.9518596529960632
0059,82012_c533307b_1,0.0004334260884206742,0.5962482690811157
0060,107649_e651c5ca_1,0.00028632584144361317,-0.9966864585876465
0061,40997_e3c88650_12,0.0018176664598286152,0.9533761739730835
0062,143029_70554264_4,0.0009777792729437351,0.8663400411605835
0063,27054_342fcf5c_3,0.0006469789077527821,0.3247464895248413
0064,41648_577daf16_17,0.0015278825303539634,0.4216204285621643
0065,89720_4e65191c_1,0.0014366727555170655,0.9651963710784912
0066,75382_1b589ea9_12,0.00014756422024220228,0.5781713128089905
0067,120371_433ba1ca_2,0.0017348637338727713,0.8486990332603455
0068,49024_b7f02205_13,0.0027068553026765585,0.8804419040679932
0069,51022_47816098_7,0.019095348194241524,0.8039193749427795
0070,41634_4f5d0edb_0,0.000205747113795951,0.5885857343673706
0071,23170_6ea8ded5_3,0.0021069946233183146,0.9647392630577087
0072,69589_cd2fa794_8,0.00647667096927762,0.5765144228935242
0073,41504_85e300ee_0,0.0047258734703063965,0.35473114252090454
0074,128996_42176b10_0,0.0043030995875597,0.6517152786254883
0075,38920_e81879c2_7,7.976629422046244e-05,-94.93659210205078
0076,148051_c59af578_6,0.0016499360790476203,0.955064058303833
0077,65494_16d62db5_0,0.00018450549396220595,0.752761960029602
0078,25473_0991d519_0,0.0007660204428248107,0.982003390789032
0079,75270_25a261ef_5,0.0016326181357726455,0.8370981216430664
0080,49613_1b97c07b_12,0.00030371829052455723,-2.22574782371521
0081,115633_a2c63339_1,0.0004859548935201019,0.8562641739845276
0082,52366_63042db4_1,0.0006297591608017683,0.9856668710708618
0083,30282_88c6933c_5,0.001699787680990994,0.7966495156288147
0084,53474_f29e4438_12,0.007072657812386751,0.7684513330459595
0085,24026_1dd4094b_21,0.0013357055140659213,0.8476362228393555
0086,21225_c081eae3_2,0.01065823808312416,-0.4087984561920166
0087,35057_9af89947_8,0.0007046823156997561,0.43393856287002563
0088,43529_4804941b_20,0.001278493320569396,0.9610376954078674
0089,22103_fd11c71b_3,0.0016769733047112823,0.7905970811843872
0090,51536_a18dc325_0,0.007754410617053509,0.5884582996368408
0091,24230_636208ab_13,0.0007111376617103815,0.5633041858673096
0092,41117_1b3271f2_56,0.003657673019915819,0.9435197114944458
0093,140499_419d5823_0,0.0013158984947949648,0.8862501382827759
0094,115524_a949e82c_2,0.00015502379392273724,0.3961183428764343
0095,29833_0ed4880f_3,0.0018810320179909468,0.9661557078361511
0096,127556_4823a42a_6,0.0012177055468782783,0.7954525947570801
0097,23960_48cc0f21_19,0.00010957707854686305,-0.5365797281265259
0098,132987_ba18d2eb_11,0.0002826714771799743,0.45872175693511963
0099,51337_f8636fd9_30,0.00028813991229981184,0.6744402647018433
0100,40999_cad6be09_18,0.004503312986344099,0.8935307264328003
0101,136886_99fbdef3_0,0.00026169020566157997,0.5509248971939087
0102,30447_4ed3b778_7,0.15320107340812683,0.4355694651603699
0103,55811_bc667b2d_13,0.001369044533930719,0.47880756855010986
0104,41716_d55164d4_1,0.000706974184140563,0.752579391002655
0105,33610_aa697fc9_6,0.0016965769464150071,0.874771237373352
0106,55095_fa260d33_6,0.025274112820625305,0.33379065990448
0107,115639_bc0cc622_0,0.007214577868580818,0.4717720150947571
0108,20841_1620ae7d_0,0.0019155896734446287,0.7362733483314514
0109,50823_d1830e58_2,0.003798021236434579,0.24815839529037476
0110,109762_cb162371_48,0.00067248655250296,0.7636865377426147
0111,41387_5f752e39_23,0.002367194974794984,0.9124569892883301
0112,121540_629c716f_0,0.0022833324037492275,0.9033420085906982
0113,118539_1dff9cf9_12,6.539638707181439e-05,-3.7827839851379395
0114,30714_dafa62f6_2,0.013234253041446209,0.8268556594848633
0115,79633_bbbde75f_0,0.0032510769087821245,0.920710563659668
0116,33059_531cfd5e_11,0.0013834412675350904,0.7735902070999146
0117,20697_d3e106b4_4,0.00019935054297093302,-0.6742516756057739
0118,136062_0027ff97_6,0.003535218769684434,0.6738438606262207
0119,146291_6b0c8db3_1,0.04240281879901886,0.013176202774047852
0120,45466_5f662bcb_0,0.0002090608759317547,0.5695458650588989
0121,144500_7f600ab6_0,0.0013958417112007737,0.8709225654602051
0122,44996_b3e9c266_4,0.0013096397742629051,0.7233806848526001
0123,40713_4c9264ef_0,0.001457003760151565,0.8056015968322754
0124,132384_0fcab1fa_13,0.000834524747915566,0.1022377610206604
0125,33738_77d49563_2,0.0012191266287118196,-0.41707348823547363
0126,129422_621d0a90_33,0.0011835709447041154,0.4429594874382019
0127,115633_fd3c9b97_32,0.00016893874271772802,0.30774253606796265
0128,69337_a122ffde_1,0.0011814143508672714,0.8792510628700256
0129,37241_29f91452_0,0.0017312817508354783,0.9599496722221375
0130,141199_9ae000ef_6,0.004105289466679096,-2.470140218734741
0131,147133_92c04b84_4,0.0005159821594133973,0.5461872816085815
0132,77687_cbb18594_50,0.0023528689052909613,-0.6240545511245728
0133,144290_2a679085_11,0.00025348050985485315,0.25346308946609497
0134,130825_c59bbbfb_0,0.0008495754445903003,0.9782587289810181
0135,82512_252da752_6,8.129872003337368e-05,-124.77784729003906
0136,115624_d0acb46b_24,0.004173485096544027,0.9547170400619507
0137,92134_52f13f49_7,0.0008360760402865708,0.4754452109336853
0138,100326_0602c712_7,0.0005983781302347779,0.05676543712615967
0139,134630_f9e85072_0,0.0019295267993584275,0.5558081865310669
0140,108943_b07b2543_1,0.0027192234992980957,0.5515930652618408
0141,125416_ab456bc3_5,0.002089070389047265,0.8226346373558044
0142,57222_33b428d7_69,0.0002371240989305079,0.7628400325775146
0143,24650_dad8c8ee_13,0.00919718574732542,0.8370319604873657
0144,41749_14d0599c_1,0.0011307185050100088,0.8317987322807312
0145,49396_98ab955d_27,0.0005016193608753383,0.6725079417228699
0146,136892_e2a0b32c_4,9.33173723751679e-05,-1.3995342254638672
0147,31962_e5291336_28,0.0020946504082530737,0.9542856812477112
0148,34231_e27353cb_0,0.0003516682772897184,0.6302530765533447
0149,112724_d334de09_0,0.01213932130485773,0.8113240003585815
0150,56486_82b3e23a_21,6.489270890597254e-05,0.24539804458618164
0151,40500_6055e3d7_17,6.008666969137266e-05,-1.0213592052459717
0152,39468_15fb2e60_43,0.0008347388939000666,-0.3620489835739136
0153,141710_17531562_7,0.001238649943843484,0.964992880821228
0154,33529_756075a0_12,0.0030518847052007914,0.4021341800689697
0155,54169_3a875f10_8,0.0028393131215125322,0.9251102805137634
0156,41023_5445cb61_9,0.0013307069893926382,-0.17032170295715332
0157,146380_5c569eeb_2,0.0030914994422346354,-0.6615976095199585
0158,24195_9791f5d3_38,7.434214057866484e-05,-0.4659923315048218
0159,26573_7f7e176d_2,0.04747702181339264,0.5788941383361816
0160,22734_f6bad9f7_25,0.016126340255141258,0.7401681542396545
0161,48112_9538e204_0,0.0008820467046461999,0.9824913144111633
0162,127545_6fa39158_10,0.029421018436551094,0.771214485168457
0163,23788_5c0b60c6_0,0.00039788594585843384,0.7910748720169067
0164,23792_5b4c1ce0_21,0.0014095422811806202,0.9555232524871826
0165,146067_46e58ab3_1,0.03443052992224693,0.7815556526184082
0166,101072_dec6f415_3,0.0005128090269863605,0.7649325132369995
0167,22829_b6649a29_0,6.480551382992417e-05,-0.0745459794998169
0168,55389_a736bd99_0,0.0009703217656351626,0.4845700263977051
0169,30259_d709601c_9,0.009583501145243645,0.7269876599311829
0170,35866_d0233b36_13,0.0002660659665707499,-1.8252332210540771
0171,34563_52848c45_5,0.0005201493622735143,0.7894573211669922
0172,44519_90af0df6_7,0.0021021768916398287,0.38676953315734863
0173,114111_59282658_8,0.003015052294358611,-0.03169727325439453
0174,45922_26941172_15,0.04987983778119087,0.165022611618042
0175,41303_bd1def52_3,0.0012045607436448336,0.6954233646392822
0176,22053_de30641b_1,6.015340477460995e-05,0.07917565107345581
0177,22298_51433023_4,0.0036614639684557915,0.9202249050140381
0178,23479_81a49137_0,0.004312621429562569,-0.5666723251342773
0179,22225_a3ce4d29_37,0.005186344031244516,0.9281948804855347
0180,135669_490cd2d7_14,0.016633836552500725,0.10781413316726685
0181,32173_8b075b1a_4,0.0014542355202138424,0.9764449000358582
0182,145119_24107428_5,0.0013882564380764961,0.8946962952613831
0183,41774_88a7a483_36,0.0002668413508217782,0.8628576397895813
0184,133549_1b6c58d6_0,0.004515539854764938,0.9038938283920288
0185,40936_6de8f4f4_0,0.028813069686293602,0.820258378982544
0186,23008_3d1bb7b2_0,0.021007785573601723,0.6985796093940735
0187,38360_ad61c9b2_1,0.0006165914819575846,0.5993876457214355
0188,136109_3d342d3c_2,0.003598095616325736,0.8553475737571716
0189,135790_a27f9deb_11,0.0002089126646751538,0.7409290075302124
0190,140249_7c1c5bba_0,0.00039058231050148606,0.5245490074157715
0191,128996_a3d026d6_0,0.0035535073839128017,0.27179431915283203
0192,23235_f9ccb8b0_0,0.0022294679656624794,-0.7581883668899536
0193,93671_f7290ded_0,0.000694521062541753,0.588449239730835
0194,51109_97b211c3_7,0.01025934237986803,-0.2538713216781616
0195,51916_fa226b15_13,0.00031239865347743034,0.32499170303344727
0196,86268_094d3fab_1,0.0006907883798703551,0.9861871004104614
0197,39637_ca6a9a60_1,0.006457456387579441,0.2014002799987793
0198,47219_93cb3619_3,0.05256723240017891,0.07410740852355957
0199,47878_0edb6829_0,0.0012852847576141357,0.9771419167518616
0200,26764_ab35159a_6,0.003986995667219162,0.8408565521240234
0201,34341_d19b12fb_12,0.000756587483920157,0.1668592095375061
0202,118342_c702e084_6,0.003745363326743245,0.9144434332847595
0203,49886_dd68dccb_4,0.003361376700922847,0.7454909086227417
0204,23493_57512264_5,0.00026626006001606584,0.16058427095413208
0205,31751_e37382e1_5,0.0025521060451865196,0.9346287846565247
0206,24338_848cab42_6,0.006806238554418087,0.46228063106536865
0207,24916_42eacca3_10,0.0013066407991573215,0.2940606474876404
0208,137485_a953e1be_2,0.000835760438349098,0.9832889437675476
0209,23706_ef15ef9c_18,0.005041532684117556,0.6655808091163635
0210,143671_eaf4d13b_6,0.010483426973223686,0.8400501608848572
0211,53470_39f2e9dc_13,0.0008099419064819813,-0.02643406391143799
0212,145772_59253c6d_3,0.00022292431094683707,0.6858786344528198
0213,51893_d531e2bd_2,0.0020207047928124666,0.956002414226532
0214,39389_d641313f_8,0.022343268617987633,0.14746737480163574
0215,51595_41f3d1a3_5,0.0005848243017680943,0.4447905421257019
0216,51674_a70c1c6c_15,0.0003334076318424195,-0.27018582820892334
0217,37617_3f415463_5,0.0009211518336087465,0.30133819580078125
0218,31862_a89f21f9_3,0.0034709793981164694,0.8968489766120911
0219,40519_55a097c6_11,0.005380338989198208,0.6862967610359192
0220,111306_9108c940_0,0.007768868003040552,-0.486730694770813
0221,136640_16741d62_4,0.0005936099332757294,0.5960462093353271
0222,23155_d7305c5f_2,0.022801382467150688,0.5381438732147217
0223,43934_912ff891_41,0.00041168922325596213,-0.9625104665756226
0224,57017_6033d1e5_0,0.0014689448289573193,0.9260465502738953
0225,126913_d253adb7_1,0.0012717066565528512,0.4914255142211914
0226,130752_52d74f2f_48,0.007566501852124929,0.48993831872940063
0227,124177_71283cad_0,0.0012541316682472825,0.9032930731773376
0228,24650_dad8c8ee_18,0.0017297689337283373,0.9557831883430481
0229,55199_4d57661f_2,0.004429471213370562,0.7348233461380005
0230,115010_eb737aaf_20,0.001019263407215476,0.9804821014404297
0231,27855_19c5895a_12,0.0009560990147292614,0.4985293745994568
0232,52772_a6e6e320_0,0.0007567756110802293,-0.015587568283081055
0233,90917_3d2d21a9_0,0.008731265552341938,0.8003066778182983
0234,40703_5f4e45d4_7,0.0006703048711642623,0.9867026209831238
0235,132622_911efd2f_1,0.01938718743622303,0.709803581237793
0236,43441_e1ab0873_6,0.05257560685276985,0.17000865936279297
0237,34917_61633e20_6,0.002960947807878256,0.9358067512512207
0238,67221_275ba7e6_4,0.002445959486067295,0.9509361386299133
0239,130719_e4764a36_10,0.0007573793991468847,-0.6515536308288574
0240,136318_130d6a06_20,0.004065502900630236,0.6291792392730713
0241,99636_73c43ebd_10,0.0013131899759173393,0.9645665884017944
0242,29377_3a04cb8d_6,0.0003846284234896302,0.943886935710907
0243,23018_63087a41_47,0.0021451010834425688,0.9412834644317627
0244,26165_100fec74_4,0.000398749194573611,-0.25466132164001465
0245,135934_d2f6bb2e_46,0.0008229269296862185,0.6005208492279053
0246,24039_448afafa_5,0.005137444473803043,0.7524028420448303
0247,32775_a79b406b_14,0.005110905040055513,0.34877991676330566
0248,23686_cba4f679_0,0.014108285307884216,-0.33799636363983154
0249,35147_bc9f2c5d_0,0.00459622498601675,0.25802648067474365
0250,136337_1351909b_2,0.010994765907526016,0.7388467192649841
0251,139222_2c10ca9a_1,0.006233167834579945,0.46377962827682495
0252,139379_fe5c3f64_0,0.004794671665877104,0.8232338428497314
0253,33084_344fec27_2,0.0008569870260544121,0.983868420124054
0254,24775_d5c98d77_0,6.37806297163479e-05,-0.9661420583724976
0255,56344_3a89f085_23,0.0016047193203121424,0.8512741327285767
0256,135112_cf8007b8_5,0.012480420060455799,0.6926965117454529
0257,50706_20d07d57_2,0.017060741782188416,0.8365118503570557
0258,51744_cd355565_5,0.014478027820587158,0.5663557052612305
0259,51464_da501c24_0,0.005366172641515732,-0.05767691135406494
0260,126572_a2d6f794_23,3.512295734253712e-05,-0.21559369564056396
0261,70021_e673ae54_2,0.0005100374110043049,0.26511991024017334
0262,25144_31b089b6_5,0.0031611451413482428,-0.43184375762939453
0263,24715_55aac5f2_2,4.10928187193349e-05,-2.420973062515259
0264,24532_f82f8000_2,0.003238808363676071,-1.6219396591186523
0265,30664_a3084f71_1,0.008501648902893066,-2.5544352531433105
0266,81145_5c13a8e9_1,0.0007796831196174026,0.20363152027130127
0267,132037_2abb8c63_10,0.0001138187144533731,0.4767966866493225
0268,50414_ac159b58_2,0.002254812279716134,0.9180532097816467
0269,21601_360ce1c7_7,0.003310243831947446,0.9398412108421326
0270,22119_27e3ecbe_9,0.0012414077064022422,0.9615046381950378
0271,145120_74f7316f_0,0.010596899315714836,0.5208985805511475
0272,74574_c302ff1f_0,0.00089535943698138,-0.17598986625671387
0273,52443_085efc00_4,0.0009479482541792095,0.6902583837509155
0274,147546_ede0f31c_3,0.029991410672664642,0.3514437675476074
0275,22492_047b125b_21,0.009314125403761864,0.7838249206542969
0276,72313_5a86e234_0,0.04722387716174126,0.09790480136871338
0277,45589_49e3c7ea_2,0.001806006534025073,0.9455416202545166
0278,83432_a7f85698_0,0.0023298701271414757,0.9476684331893921
0279,32775_a79b406b_0,0.000438024231698364,-3.218214511871338
0280,121703_69c4a5ac_3,0.00017294634017162025,0.3733619451522827
0281,80901_e9080573_6,0.0009287238935939968,0.9637563824653625
0282,21809_8bd6b10e_3,0.028188899159431458,0.37956178188323975
0283,49396_98ab955d_15,0.002559754764661193,0.7559294700622559
0284,33766_14917a4a_19,0.0021533737890422344,0.9520878195762634
0285,26661_ab88a525_8,0.0012507003266364336,0.9649383425712585
0286,44030_17bd5ec9_0,0.001421710941940546,-0.7477188110351562
0287,53221_74fa81cd_7,0.0004480803618207574,0.6126717329025269
0288,21887_3306168f_7,0.0057874685153365135,0.4233378767967224
0289,86185_85fde9e6_0,0.002599316416308284,0.6027456521987915
0290,87951_500b1dcd_2,0.0002878535888157785,0.6918517351150513
0291,22276_69c5036b_11,0.006005497649312019,0.8428738117218018
0292,41721_44151488_5,0.004907520487904549,0.545592188835144
0293,102293_5d04e48d_0,0.022249309346079826,-0.05563855171203613
0294,77687_cbb18594_20,0.0002607890637591481,0.6382496356964111
0295,133248_1bab99ae_0,0.005808182992041111,-1.5603697299957275
0296,24051_4852a192_2,0.0033182648476213217,0.8861059546470642
0297,86806_2993395a_1,0.00037304346915334463,0.683311402797699
0298,38558_b0d6b3f8_1,0.001392678590491414,0.971415638923645
0299,140549_7d01813c_0,0.028806963935494423,0.0861864686012268
0300,24559_3c306e71_1,0.0015441679861396551,0.7624927759170532
0301,70350_751de4b0_13,0.013228182680904865,-4.388427734375
0302,39101_23fec10f_8,0.0035370278637856245,0.6236997842788696
0303,24942_9d1b2ff2_8,0.005244873464107513,0.9388673901557922
0304,30850_05d88af9_3,0.026666849851608276,0.5565618276596069
0305,113358_08641c94_4,0.00773955974727869,0.7594992518424988
0306,21234_8b71bd47_27,0.0021025370806455612,0.23934972286224365
0307,26245_4aac38e1_21,0.00012650586722884327,0.7064892649650574
0308,66072_d301cc88_0,0.0008274184656329453,0.6421794891357422
0309,21894_93f0d052_23,0.0033818406518548727,0.6659660339355469
0310,147816_7fb70c2b_2,0.0026765994261950254,0.7192550301551819
0311,49120_4131d1e7_1,0.0008527207537554204,0.8292794227600098
0312,52224_ca16c854_4,0.0032633505761623383,0.5339936017990112
0313,105762_19e04e0b_1,0.001116415485739708,-7.8131208419799805
0314,30400_8824ce97_36,0.0007077377522364259,0.8980593085289001
0315,95199_ffcff41e_0,0.0002445456339046359,0.7494442462921143
0316,50417_199cffee_3,0.0003334008506499231,0.7405146360397339
0317,24544_d06c82dd_5,0.0022377034183591604,0.9629678726196289
0318,22604_565b91f5_2,0.00397404283285141,0.8341901302337646
0319,22788_b6a9e30a_4,0.001298847608268261,0.6754261255264282
0320,45789_d5126eab_14,0.0023473617620766163,0.5204944610595703
0321,37267_b2be4b50_3,4.1945990233216435e-05,-3.22072696685791
0322,34330_5eff1ee1_3,0.002858269028365612,0.666427493095398
0323,137999_d934160e_1,6.68698048684746e-05,0.48272639513015747
0324,134921_f5efde94_27,0.00022554048337042332,0.7926374673843384
0325,53470_39f2e9dc_8,0.00024029611086007208,-1.6958043575286865
0326,23497_f292546d_25,0.005518621765077114,0.7706366777420044
0327,22289_4b848f64_2,0.0006473579560406506,0.9123246669769287
0328,31392_84b62622_2,0.002686623251065612,0.7760940790176392
0329,51347_1fc6f329_0,0.0023963397834450006,0.4616733193397522
0330,50777_2934de55_6,0.0026615685783326626,0.9050441980361938
0331,32841_954e8c1a_0,0.0004188906168565154,0.5678310990333557
0332,31530_6744ae73_3,0.003151555312797427,0.9537419080734253
0333,65827_d1469ad6_1,0.0013176967622712255,-8.861138343811035
0334,145461_30637b22_8,0.0001819924800656736,-6.2743988037109375
0335,31973_093ea963_13,0.0011643085163086653,0.5467455983161926
0336,70355_e5f58cd5_14,0.003928018733859062,0.616920530796051
0337,77687_cbb18594_40,0.00023005188268143684,-0.01639389991760254
0338,24392_fce351ea_0,0.0007752343080937862,0.584397554397583
0339,36853_7efccb8c_3,0.003523788880556822,0.5190520286560059
0340,41644_d15f8e2b_5,0.00013256150123197585,0.31687891483306885
0341,131762_9b5e5ff5_2,0.0038208102341741323,0.7692639231681824
0342,82193_96ef9433_2,0.002727616112679243,0.9574937224388123
0343,31347_386f6298_15,0.003800400998443365,0.9106404185295105
0344,34568_fbe47bf9_0,0.00035908090649172664,-0.027885913848876953
0345,115624_fe3eb392_3,0.011642164550721645,0.7335695028305054
0346,130446_e7b58dbe_0,0.02174527943134308,0.1226697564125061
0347,104641_2cd02839_33,0.0001326153869740665,0.7102815508842468
0348,31460_39fdfc6a_7,0.00840259063988924,-0.891311526298523
0349,95541_ced8f936_0,0.004411676432937384,0.9049179553985596
0350,23126_725969ea_17,0.0006077444995753467,0.9357887506484985
0351,23676_52069f98_5,0.00015454461390618235,0.41801387071609497
0352,137637_ed9c537d_0,0.00068209896562621,0.8313411474227905
0353,22474_b10fea1a_2,0.0017156674293801188,0.958443284034729
0354,143017_21d96cc2_10,0.0013795009581372142,0.8011324405670166
0355,105270_34f92afd_1,0.0007799469749443233,-0.09393525123596191
0356,95622_0a0787e4_4,0.00310992868617177,0.9535509347915649
0357,55854_13f0399b_0,0.005502908956259489,0.8815603852272034
0358,22118_1e09e0eb_5,0.0010619941167533398,0.9547069668769836
0359,146717_3e6a84c1_7,0.00644732965156436,0.9033582210540771
0360,63132_330141d7_3,0.0018819051329046488,0.6183393597602844
0361,115633_fd3c9b97_46,0.0005459704552777112,-0.12456214427947998
0362,21644_aa203dc5_29,0.0009689549333415926,0.7621660232543945
0363,79791_00f639ca_15,0.0019157400820404291,0.9677467942237854
0364,60711_42b5a13e_1,0.0012145360233262181,0.8654986023902893
0365,137483_cdb8989d_0,0.0006721848039887846,0.9859656095504761
0366,21644_aa203dc5_26,0.0012507493374869227,0.7841324806213379
0367,131876_b2384623_0,0.0010206394363194704,0.34100741147994995
0368,23706_ef15ef9c_10,0.001462977728806436,0.7761883735656738
0369,68948_0d2a01cd_9,0.006140301004052162,0.827783465385437
0370,145137_4e9eef42_1,0.0015843934379518032,0.6813398599624634
0371,30426_2cde26de_20,0.00677664577960968,0.9228876829147339
0372,31378_34c52a73_0,0.0006467463099397719,0.8204523324966431
0373,92134_52f13f49_4,0.0012038025306537747,0.1875624656677246
0374,119634_fc722479_1,0.004507021047174931,0.9379903674125671
0375,24032_d6172503_24,0.0026027262210845947,-0.08971536159515381
0376,136401_69f29349_4,0.0002302428474649787,-2.572451591491699
0377,41871_f9a1ad02_26,0.003882720833644271,0.7051809430122375
0378,48220_87941c4e_116,0.0021246462129056454,0.6855895519256592
0379,115012_9ed88535_2,0.0030364824924618006,-0.21280360221862793
0380,69488_025cf0a2_1,0.04100365936756134,0.722038745880127
0381,147427_69f68da4_3,0.00024991296231746674,0.3073338270187378
0382,33766_14917a4a_32,0.0007169644813984632,0.9742092490196228
0383,51747_3d58eae0_0,0.001720427186228335,0.7689934968948364
0384,33785_a4c23f61_0,0.13511304557323456,0.49027538299560547
0385,114935_797875fe_2,0.004348302725702524,0.8418076038360596
0386,51775_49ef614a_26,0.0004296525730751455,0.23608481884002686
0387,38196_ea48fa42_3,0.00019921164494007826,-1.3304359912872314
0388,140413_44177109_21,5.9266389143886045e-05,-0.08462679386138916
0389,27676_79237cc5_1,0.0030032929498702288,0.017482221126556396
0390,52883_e518d3f4_33,0.0009452528320252895,0.9813793897628784
0391,34347_841c5375_2,0.0003466462658252567,-6.048083305358887
0392,55289_292737cb_0,0.0013066125102341175,0.9749153256416321
0393,50606_82cb18e2_0,0.001667084521614015,0.9344806671142578
0394,30407_efa567f2_4,0.001139506115578115,0.9725238680839539
0395,31647_ab9ad9dc_13,0.0027451685164123774,0.7340521216392517
0396,24896_58b4730f_17,0.001165440771728754,0.7826275825500488
0397,23602_5daaccf5_4,0.006884533446282148,0.5191454887390137
0398,27725_5cceaeb7_10,0.0015577167505398393,-2.2361903190612793
0399,127734_395dcf7d_5,0.01782461628317833,-1.898404598236084
0400,31957_d864f861_3,0.005620535463094711,-0.14537322521209717
0401,49415_1671b60c_4,0.006009667180478573,-4.619246006011963
0402,45110_fae73324_4,0.0022159472573548555,0.8817440867424011
0403,22343_34184fd5_18,0.00020657872664742172,0.21354317665100098
0404,22848_cc91b848_38,8.036381768761203e-05,-91.63780975341797
0405,73652_23b21ef2_1,0.0065018474124372005,0.8692569732666016
0406,65569_bd890a32_1,0.003178649116307497,-29.48905372619629
0407,48220_87941c4e_111,0.004469065461307764,0.21730107069015503
0408,30394_e30f932c_0,0.006786681246012449,0.6116833090782166
0409,21941_1a683ec2_26,0.0034835240803658962,0.8545341491699219
0410,25564_e646fcb3_1,0.00018152399570681155,0.3869701027870178
0411,134053_87a32e31_3,0.00023597768449690193,0.3560991883277893
0412,87950_af56e26e_2,0.002013492165133357,0.8526318073272705
0413,51458_54240b70_17,0.0004425355582498014,0.5111994743347168
0414,40688_effe215a_1,0.0018741631647571921,0.9535897374153137
0415,131494_c8a441d0_0,0.00028856241260655224,0.9438083171844482
0416,26768_c4df841f_21,0.0008318452164530754,0.025588274002075195
0417,136892_2d5f55a9_0,0.005720316432416439,-0.25439977645874023
0418,54652_d60ac3e0_10,0.014798406511545181,0.19713985919952393
0419,51747_3d58eae0_1,0.0016058351611718535,0.34354114532470703
0420,54650_df3655c1_0,0.00014111929340288043,-0.5456188917160034
0421,41125_711db4bf_58,0.0020619244314730167,0.7706460952758789
0422,45418_f603706b_2,0.0009198729530908167,0.7673341035842896
0423,21852_6cf9a734_18,0.03705895319581032,0.6832543611526489
0424,122515_758d8b70_6,0.00010509795538382605,-85.78851318359375
0425,104081_05ba54fa_2,0.002427921397611499,-0.019680023193359375
0426,41672_cf87e0b6_0,0.0022342586889863014,0.655167818069458
0427,22638_37f9fe91_1,8.175198308890685e-05,0.7584782242774963
0428,24559_3c306e71_3,0.002782768104225397,0.4945560097694397
0429,31589_ac31215d_8,0.0017705312930047512,0.06308847665786743
0430,49603_143b8bd2_35,0.0045138029381632805,0.6427519917488098
0431,127965_c64a91da_0,0.0010130753507837653,0.7378101348876953
0432,36062_f2fb6808_1,0.00021140571334399283,-0.9538121223449707
0433,139280_8874b1ab_18,0.00044583369162864983,0.5715919733047485
0434,30997_24dea167_4,0.0029389916453510523,0.7349017858505249
0435,143471_eb185912_5,6.69754299451597e-05,0.31423795223236084
0436,23176_1bf2a2d5_10,0.005419617984443903,0.7759329676628113
0437,98299_b8146029_5,0.0019330474315211177,0.8325912356376648
0438,23466_1cf60d09_4,0.006791207008063793,0.8101041913032532
0439,41591_2d0bd0d5_3,0.004255515057593584,0.8504045009613037
0440,134929_9049dcec_1,0.000775481981690973,0.5841706395149231
0441,41785_e8bf0528_0,0.005121754948049784,0.7768206000328064
0442,31460_39fdfc6a_6,0.0020924757700413465,0.9551888108253479
0443,133710_00be7f31_1,0.016766715794801712,-0.92386794090271
0444,24532_f82f8000_0,0.0007823198102414608,0.8279194235801697
0445,21234_8b71bd47_3,0.0008301010821014643,-0.2565816640853882
0446,35175_6edc4126_5,0.003730988595634699,0.8918859958648682
0447,20495_e8e7e80c_1,0.0012566698715090752,-0.4652827978134155
0448,76546_c17e95aa_2,0.0003207900153938681,-0.8869436979293823
0449,41654_e75f89df_0,0.0018747326685115695,0.8982470631599426
0450,109772_f1a0845e_6,0.00042629195377230644,0.7536806464195251
0451,34913_d23e2a24_0,0.0015430216444656253,0.9142722487449646
0452,25203_1cc0cb3c_12,0.004966512322425842,0.9171133637428284
0453,37160_2a95674a_4,0.005100063513964415,0.6670757532119751
0454,69240_dc199112_4,0.00205911323428154,0.6088773608207703
0455,25176_d9130589_0,0.0011836494086310267,0.8444386720657349
0456,69235_fe79a369_0,0.0005864793783985078,-0.3171427249908447
0457,39468_15fb2e60_9,0.0015663355588912964,0.7727645635604858
0458,103284_e25015aa_6,0.0003938382142223418,-2.1388375759124756
0459,30377_e18ea3de_0,0.0004896902246400714,0.6032882928848267
0460,66080_f578d52b_4,0.0025913699064403772,-12.318920135498047
0461,37444_52b27e94_14,0.003561065997928381,0.45766735076904297
0462,38675_6e07d74b_31,0.0015262082451954484,0.9517076015472412
0463,21680_360ba5c7_28,0.0017178826965391636,0.8748369216918945
0464,142032_5c32b7db_2,0.0023450700100511312,0.9568175673484802
0465,44210_a155c2d1_0,0.028036901727318764,0.3758866786956787
0466,38287_88ec74de_92,0.0008972496725618839,0.8675398826599121
0467,29572_2f9283f2_4,0.0035590894985944033,0.7348825931549072
0468,28300_b3a6ab79_10,0.002579188672825694,0.9108169674873352
0469,136129_e6a20c7d_5,0.0005826415726915002,0.10603761672973633
0470,119381_e4d13609_0,0.002711342414841056,0.8974175453186035
0471,30729_b4d83b07_4,5.7202916650567204e-05,-0.1746516227722168
0472,140413_44177109_11,0.002982543082907796,0.8597253561019897
0473,26384_83eddf22_0,0.001963153714314103,0.8501142859458923
0474,82285_e7a738e7_2,0.012521744705736637,-0.04298543930053711
0475,108599_347602af_0,0.013756390661001205,0.5722153782844543
0476,119889_41a6f268_1,0.0005072398926131427,0.2514342665672302
0477,55006_94230c00_1,0.004078700672835112,0.8724848628044128
0478,21517_bfe35b4c_10,0.00033279473427683115,0.8470702171325684
0479,20818_098cad7c_6,0.00024733453756198287,0.7351325750350952
0480,41855_b82e6ae8_6,0.0018647953402251005,0.7844341993331909
0481,137166_90691294_8,0.0002950225898530334,0.8040784001350403
0482,69561_f274e705_26,0.0047858343459665775,0.769268274307251
0483,51579_d0c3e154_0,0.007417895365506411,0.6861113905906677
0484,23676_52069f98_4,0.001961868954822421,0.9382246732711792
0485,31962_e5291336_1,0.0009618577896617353,0.971541702747345
0486,57222_33b428d7_1,0.0003171349526382983,0.7645604014396667
0487,51586_2ad96f8c_17,6.471519736805931e-05,0.2215965986251831
0488,41473_c2137170_32,0.0045473393984138966,0.29127997159957886
0489,31123_9a1bfc50_2,0.001177267637103796,0.9110971093177795
0490,23211_3aac9c7e_0,0.0008348430274054408,0.8435772657394409
0491,45798_b573e9da_5,0.022625556215643883,-0.1663137674331665
0492,27847_d2436f7c_37,0.00047256704419851303,0.4538028836250305
0493,54736_6ee1b513_1,0.0014327983371913433,-0.2378711700439453
0494,132901_7d205bb4_9,0.0003756062069442123,-1.4903371334075928
0495,73762_8c704690_0,0.003999505657702684,0.4606664180755615
0496,23209_1592b0a4_1,0.0028250489849597216,0.8040823936462402
0497,49024_b7f02205_2,0.0002644683700054884,0.329487144947052
0498,147630_7f858240_15,0.0010607753647491336,0.813114583492279
0499,69337_2c778611_11,0.0005675031570717692,0.665952205657959
0500,82498_92a00cd6_1,0.00034226279240101576,0.8939527273178101
0501,78775_e2d8b091_1,0.001613336498849094,0.7811757922172546
0502,40067_95ae6c76_9,0.0017998096300289035,0.8071892261505127
0503,80756_6f2e842f_0,0.006074579898267984,-0.2359844446182251
0504,25284_1da7aa8a_0,0.001001186785288155,0.8018844127655029
0505,55605_2f8bc12e_62,0.0023252959363162518,0.9204742312431335
0506,39792_60786b6c_15,0.003016029018908739,0.9394521713256836
0507,34063_0ca1585e_2,0.0014417822239920497,0.06545281410217285
0508,31664_1e85c690_13,0.0009007080225273967,0.9742460250854492
0509,131193_98f3ac52_1,0.0016501047648489475,0.2619616985321045
0510,120221_e2eaa34b_2,0.0016931549180299044,0.41901320219039917
0511,130286_1f71bfed_3,0.0018373590428382158,0.4526318311691284
0512,118342_e8142153_21,0.0003790650807786733,0.8599154949188232
0513,128043_9f8cd69e_1,0.0004087036068085581,0.4369455575942993
0514,41504_85e300ee_1,0.00013196021609473974,0.4317828416824341
0515,78863_d59be42e_0,0.006046302616596222,0.2731466293334961
0516,31733_5118b376_3,0.0205715149641037,0.8531994819641113
0517,22208_e177deb7_5,0.0009546300861984491,0.7719398140907288
0518,24026_1dd4094b_43,0.0006332136108539999,0.4462090730667114
0519,73388_10a40b49_1,0.008441167883574963,0.5030835866928101
0520,138219_cdff4f61_0,0.0025171691086143255,-0.6612313985824585
0521,49399_dc56d180_1,0.0009026985499076545,0.983117401599884
0522,41306_8f26e703_3,0.0006374488002620637,0.7802947759628296
0523,51590_034b8b08_14,0.06289989501237869,-0.06371700763702393
0524,48402_8c965495_4,0.000686821760609746,0.012011408805847168
0525,26388_a3367cba_0,0.011074011214077473,-0.3803666830062866
0526,28300_b3a6ab79_6,0.002542224945500493,0.9149460792541504
0527,43938_418421a7_0,0.001433573430404067,0.35016071796417236
0528,41520_60018d18_0,7.33055712771602e-05,0.47219252586364746
0529,137869_344b239b_0,0.001935723819769919,-3.5533533096313477
0530,41648_577daf16_0,0.011955236084759235,0.4882461428642273
0531,31347_386f6298_10,0.0008592973463237286,0.983738124370575
0532,82190_24b1b0fe_12,0.0020941307302564383,0.6332562565803528
0533,33741_4a973932_1,0.0018674945458769798,0.6903864741325378
0534,42005_3da46d94_0,0.0008784160600043833,-18.669286727905273
0535,132982_ee1eed2f_0,0.0009998779278248549,0.957302451133728
0536,23898_6e740393_29,0.0011500711552798748,-1.2661552429199219
0537,105831_88a0fb85_6,0.0005798365455120802,0.9873539805412292
0538,31278_749a6317_0,0.0003228166024200618,0.8060927391052246
0539,51586_2ad96f8c_4,0.0004322274762671441,0.8026628494262695
0540,57000_cd1ddece_14,0.0005651030805893242,0.7696626782417297
0541,50692_e7ff2668_8,0.003795803291723132,0.8649956583976746
0542,65346_e89312e5_0,0.000785354757681489,-0.18687689304351807
0543,38840_0e449caf_4,0.000981837627477944,0.7464326620101929
0544,29573_ca59fbbf_5,0.006040308624505997,0.939105212688446
0545,30164_c5680724_12,0.0082411402836442,0.5650935173034668
0546,138620_e21e10ee_0,0.0007458333275280893,0.3643839955329895
0547,50305_caf9cef2_34,0.004031502641737461,-5.975770950317383
0548,83396_fdb2987a_0,0.002570963464677334,0.9073124527931213
0549,28379_7e292343_4,0.0025694440118968487,0.9433863759040833
0550,33529_756075a0_32,0.0024988697841763496,0.8143143057823181
0551,109857_1d24326e_42,5.883194535272196e-05,-1.9318041801452637
0552,22772_2b5f6629_6,0.002160188741981983,0.964549720287323
0553,34600_e2685d46_2,0.0023937791120260954,0.9125267267227173
0554,122344_ab1b06aa_2,0.02340003289282322,0.5769726037979126
0555,123573_5f5c9584_1,0.0008764853700995445,0.2928580641746521
0556,35166_562b126c_20,0.004440578632056713,0.8281159996986389
0557,51350_138f893a_1,7.222589920274913e-05,0.3072458505630493
0558,137785_67c3085b_16,0.00393850589171052,0.9030792117118835
0559,50417_199cffee_12,0.007645240053534508,0.6306564211845398
0560,22194_a5c323b9_3,0.0010640716645866632,0.8263994455337524
0561,42329_df7f540f_18,0.0020539797842502594,0.7857652902603149
0562,41779_25e4203d_6,0.0017812183359637856,-1.7137150764465332
0563,51094_40aa8332_20,0.00264989142306149,0.9005458354949951
0564,109762_cb162371_38,0.005050462204962969,0.7341344952583313
0565,45922_26941172_9,0.0011778147891163826,0.7972197532653809
0566,34587_ed155e93_0,0.001399169210344553,0.9598001837730408
0567,69589_a468c1b4_0,0.0070881312713027,0.8503389358520508
0568,44921_00dfb467_0,0.0006540882168337703,0.8404537439346313
0569,82672_4705a693_0,0.0009478866122663021,0.5777072906494141
0570,26778_a71e88a6_0,0.00027929883799515665,0.247134268283844
0571,69488_7bfb2b67_0,0.001239568693563342,0.965555727481842
0572,22686_afe3a61e_0,0.00015850045019760728,0.020748257637023926
0573,109772_5faa88e8_5,0.03378107398748398,-22.107439041137695
0574,43938_418421a7_147,0.0032631519716233015,0.5517159104347229
0575,141694_b5ac3112_3,0.00656728632748127,-1.5312175750732422
0576,31973_093ea963_16,0.00027754472102969885,0.8257433772087097
0577,26858_e90dc419_25,0.00012875166430603713,0.25492316484451294
0578,131350_bbdad30d_0,0.0019142500823363662,-0.09144032001495361
0579,35741_c43475b8_1,0.0012884782627224922,0.5509681701660156
0580,30690_3df2c9e2_1,0.0017359378980472684,0.8519947528839111
0581,122758_5f4efbf0_2,0.0018085578922182322,0.8810052871704102
0582,37822_3be11c62_0,0.0003229084541089833,0.8627027869224548
0583,91174_ee6ee92b_1,0.0011990334605798125,0.719079852104187
0584,23676_52069f98_31,0.030609989538788795,0.6916583776473999
0585,27958_fee329eb_1,0.0006191120482981205,0.8320601582527161
0586,144534_3b4fdb09_18,0.004339784383773804,-0.21263790130615234
0587,30292_0b5e0265_1,0.03859599679708481,0.47459179162979126
0588,111062_e59e2d31_0,0.04914402961730957,0.44150686264038086
0589,135790_a27f9deb_77,0.0008764122030697763,0.8292969465255737
0590,65842_de75838b_10,0.0013878606259822845,0.7096667289733887
0591,22475_9d9601a8_3,0.00016537972260266542,0.07801854610443115
0592,119884_192e3265_0,0.00628065736964345,0.0626186728477478
0593,51463_3330e3aa_2,0.0051410929299890995,0.46651631593704224
0594,23231_efe613bb_4,0.0034638282377272844,0.8225894570350647
0595,22895_4533b542_2,0.0017452809261158109,0.7319291830062866
0596,146219_5661130f_4,0.001878988347016275,0.9592227339744568
0597,38953_19054857_19,0.00048201842582784593,0.5716372728347778
0598,21847_b2de7eb8_24,0.004040846601128578,0.7261587381362915
0599,51603_034939eb_12,0.00040838876157067716,0.7482715845108032
0600,24843_5231632c_4,0.0008340710774064064,0.4810904264450073
0601,41982_f75ceb8f_4,0.00015152973355725408,-0.1527109146118164
0602,42937_c573c439_2,0.000334718672093004,-0.4069974422454834
0603,61288_2d594195_0,0.007418346591293812,-11.195066452026367
0604,55006_94230c00_0,0.0006572330021299422,0.3454885482788086
0605,49898_f42a885e_5,0.0026904279366135597,0.9413602352142334
0606,55709_af3825c8_4,0.0027556894347071648,0.9103090763092041
0607,144117_83c980ca_2,9.55679061007686e-05,0.6673184633255005
0608,40417_b8d98f73_7,0.0011031233007088304,0.26594847440719604
0609,53200_d1e30b87_11,0.001349410624243319,-0.4796128273010254
0610,147009_977ee378_4,8.103514846879989e-05,0.2843729853630066
0611,63056_a5dfd66b_4,0.0030150492675602436,-4.447640419006348
0612,22205_f48b96b3_10,0.0017412676243111491,0.6034663915634155
0613,51585_b695905b_4,0.001806945540010929,0.9599905014038086
0614,24084_71f37c00_1,0.0012451934162527323,0.7500981688499451
0615,25815_0e853ad9_10,0.0006634827004745603,0.9585108160972595
0616,55030_11a6e3e8_3,0.024791233241558075,0.7759817838668823
0617,23042_1184de03_5,0.002337461104616523,0.931981086730957
0618,39719_e9629dbd_4,0.00010701973224058747,-0.1771390438079834
0619,51256_ed221095_2,0.0005467729060910642,0.3891928195953369
0620,25810_93c8a71a_3,0.003615407971665263,0.8617738485336304
0621,22208_e177deb7_1,0.0020276426803320646,0.8581198453903198
0622,115624_d0acb46b_22,0.0035782465711236,0.9436798095703125
0623,30708_4282508b_0,7.928576815174893e-05,-0.2271794080734253
0624,31117_cd5cdbdb_12,0.0007951915031298995,0.6566966772079468
0625,41733_1ec9b00c_32,8.761485514696687e-05,0.7413567900657654
0626,111387_c4243097_2,0.0004586409777402878,0.3770744204521179
0627,119869_e8f0dd81_19,0.00024815526558086276,0.8132439851760864
0628,34569_590239d6_0,0.0015406246529892087,0.9292813539505005
0629,136318_130d6a06_23,0.0005013790214434266,0.37588733434677124
0630,145132_7aea3b66_4,0.009131788276135921,0.8804777264595032
0631,41878_3aeaed3d_0,0.0029601645655930042,0.5186260342597961
0632,34583_a1cf326b_0,0.0010463263606652617,0.9808503985404968
0633,116581_d405b783_0,0.06797052174806595,0.07650703191757202
0634,24044_9bbe7992_3,0.0013651549816131592,-0.7038670778274536
0635,22194_a5c323b9_2,0.0014303961070254445,0.8710885047912598
0636,142076_08d80e12_21,0.0002864235430024564,-0.2672390937805176
0637,55817_6ac2912d_7,7.260793063323945e-05,0.21702170372009277
0638,21165_5cb2d287_2,0.0003377028915565461,0.28840935230255127
0639,39796_45dcdc7d_0,0.05382858216762543,0.3018929958343506
0640,33044_7fdd9213_1,0.006210046820342541,0.8354363441467285
0641,23731_3fe5b501_6,0.0008753662114031613,-0.3455849885940552
0642,32743_f4c47bbc_31,0.006277299951761961,0.4164876341819763
0643,108775_4908fba2_21,0.0013148599537089467,0.8831514716148376
0644,21941_1a683ec2_19,0.002014225348830223,0.8513390421867371
0645,27682_04277f62_18,0.0029906057752668858,0.8626596927642822
0646,25815_0e853ad9_4,0.0010372758843004704,0.9330645203590393
0647,30261_723e95cf_2,0.0016711772186681628,0.9295629262924194
0648,21385_601444ba_102,0.0035341132897883654,0.8337612152099609
0649,30368_d7fd30ce_7,0.0004548161814454943,0.8284764289855957
0650,55605_2f8bc12e_3,0.005863565020263195,0.04281240701675415
0651,24650_dad8c8ee_15,6.053220567991957e-05,-0.8885736465454102
0652,34227_48203345_7,0.0015486623160541058,0.9568244814872742
0653,113348_ac85cba3_1,0.004212367348372936,0.5476323962211609
0654,26552_25c5924a_1,0.0007558335782960057,0.7105714082717896
0655,55381_cbaffe9b_0,0.00048308365512639284,0.8662693500518799
0656,55817_6ac2912d_25,0.0021478754933923483,0.9429182410240173
0657,138947_0778db40_4,0.00041678347042761743,0.8370115756988525
0658,52788_07f7da63_0,0.0033500450663268566,0.16839665174484253
0659,70355_e5f58cd5_6,0.00031153520103543997,0.47536522150039673
0660,51744_cd355565_8,0.01277918554842472,-1.6199913024902344
0661,41227_90e1c07c_16,0.0016455526929348707,0.9585605263710022
0662,45359_1768ab3f_42,0.007872913964092731,0.16911602020263672
0663,41783_d1c10326_3,0.0001878582697827369,0.3956637382507324
0664,32960_0eaa1de8_13,8.929635077947751e-05,-5.446488857269287
0665,34674_32ee1595_3,0.00842026062309742,0.7144063115119934
0666,136885_23632908_1,0.0071508316323161125,-1.5519134998321533
0667,136808_00592735_3,0.0015390426851809025,0.6651760339736938
0668,45589_49e3c7ea_5,0.0005782952648587525,0.9880948662757874
0669,141665_0564e852_3,0.0028759432025253773,0.3132413625717163
0670,50897_3be92e2f_18,0.0005643544136546552,0.9868209362030029
0671,84256_4164b724_3,0.0011978544062003493,-0.14931738376617432
0672,22994_e6ad8f2b_10,0.010205460712313652,0.6212385296821594
0673,28295_0dc908b9_8,0.0005654235719703138,0.8228890895843506
0674,23329_6939d5d9_5,0.000679115008097142,0.2466421127319336
0675,123665_0a0da5c7_3,8.925815200200304e-05,0.30322515964508057
0676,121172_0ac63503_7,0.001843938953243196,0.6508172750473022
0677,50941_2a8a8c76_0,0.0007669116603210568,0.9847913980484009
0678,37846_cde34fcd_66,0.0015660696662962437,0.7371599674224854
0679,56040_9b1307eb_21,0.0059892903082072735,0.06713557243347168
0680,146535_229c95bc_1,0.00023001202498562634,-0.05388009548187256
0681,50947_49287c16_2,0.002502196002751589,0.959101140499115
0682,95622_0a0787e4_5,0.0010016515152528882,0.45791399478912354
0683,25432_f13e5110_0,0.000943163235206157,0.9702988862991333
0684,32454_e959e3cf_0,0.001622599083930254,0.9543354511260986
0685,65858_61e9b51a_18,0.001571389613673091,0.641520619392395
0686,70350_751de4b0_3,0.011953259818255901,-0.6524838209152222
0687,129239_0d49310c_15,0.0006609618430957198,0.7480812072753906
0688,31008_8fa25b35_8,0.0013570199953392148,0.7134548425674438
0689,55306_795d845b_2,0.00021715524781029671,-0.38016605377197266
0690,29729_e8bb36f1_2,0.0005850157467648387,0.3106123208999634
0691,67283_4097cbd6_5,0.0003365784650668502,-1.8617734909057617
0692,23904_811e466f_4,0.0007391185499727726,0.3799063563346863
0693,116076_12d31fb7_1,0.0012076087296009064,0.8182772397994995
0694,45302_02d7e3bc_0,0.008700234815478325,-1.1882810592651367
0695,60977_4bb093ec_1,0.006595791783183813,0.706091046333313
0696,49017_76979790_8,0.0013603190891444683,0.7421660423278809
0697,146321_0dbae658_10,7.479915075236931e-05,-6.537622451782227
0698,102194_150e3faf_3,0.001927266945131123,0.9409721493721008
0699,34769_44655d03_5,0.00034108079853467643,0.6186124086380005
0700,38953_19054857_6,0.0010267538018524647,0.15718412399291992
0701,55397_ad24603f_1,0.0007617709343321621,0.2092919945716858
0702,21908_385686ec_15,0.0014844037359580398,0.9283486008644104
0703,60721_57103153_4,0.00046148389810696244,0.26115721464157104
0704,98701_7cd4ec8d_0,0.009929896332323551,0.819633960723877
0705,91703_642cdf1a_1,0.0012414520606398582,0.976648211479187
0706,26661_ab88a525_5,0.0036608707159757614,0.0765385627746582
0707,51940_67bb0219_21,0.0001276770344702527,0.7279129028320312
0708,22543_684108ff_22,0.0007527584093622863,0.25198107957839966
0709,145250_cde4d039_8,0.0014883253024891019,-0.6755757331848145
0710,20232_e5b060d9_6,0.00042364810360595584,0.2309480905532837
0711,128043_d4650350_0,0.00678502069786191,0.908889889717102
0712,140530_30edf2c4_0,0.002756614936515689,-1.3264126777648926
0713,131814_9af6d05a_0,0.0008300025947391987,0.8751935362815857
0714,26245_4aac38e1_9,0.0005791638395749032,0.7580626010894775
0715,30282_88c6933c_14,0.005827873479574919,0.776398777961731
0716,32322_71d0035e_1,0.0026528388261795044,0.8638868927955627
0717,131762_d10609a4_1,0.01728089712560177,0.2194191813468933
0718,54812_5f7b7aba_2,0.0002471883490215987,0.8914821147918701
0719,135830_8fb36dac_4,0.0036126580089330673,0.840035617351532
0720,139280_8874b1ab_4,0.0003150319680571556,0.3233126997947693
0721,49904_639055dd_1,0.003151518292725086,0.6387816071510315
0722,53601_59d3ecd2_0,0.011789682321250439,0.5166577100753784
0723,50047_54241fe3_12,0.0019761035218834877,0.8470401763916016
0724,136925_70fb0381_3,0.001106306561268866,0.9322994947433472
0725,87488_95f678ce_0,0.014609192498028278,0.6774709820747375
0726,137166_90691294_2,0.0002971095673274249,0.8024343848228455
0727,44030_17bd5ec9_11,0.0004724953032564372,0.2512946128845215
0728,137396_b5f6bec4_5,0.0013690548948943615,0.958880603313446
0729,21900_760d2078_10,0.00428701052442193,0.9379000663757324
0730,21185_ac5324ba_5,0.0031191264279186726,0.9027214050292969
0731,31132_2320d049_4,0.0014625423355028033,0.973396897315979
0732,82281_80cdf67c_4,0.0002357376361032948,0.405295729637146
0733,38287_88ec74de_15,0.0007872990099713206,0.9847531914710999
0734,136128_831e37a6_0,0.0032486827112734318,0.6385915279388428
0735,21330_f0cee934_18,0.0008939648978412151,0.4132257103919983
0736,34109_5a868eae_10,0.0034644545521587133,0.6687700748443604
0737,21174_861bd902_2,0.001256616786122322,0.8904775977134705
0738,49783_365bec9e_6,0.0014596412656828761,0.9562125205993652
0739,24429_ace910b3_8,6.994979048613459e-05,-3.0937299728393555
0740,22772_2b5f6629_4,0.001050386461429298,0.7314395904541016
0741,53927_ef5208b9_14,0.007692632265388966,0.6795144081115723
0742,56250_3b6024e3_54,0.00123358063865453,0.9730420708656311
0743,23522_5c2ec58e_8,0.004972112365067005,0.8433281183242798
0744,121177_93fb3127_10,0.00042379245860502124,0.23094242811203003
0745,138840_b7f948ea_2,0.002547330455854535,0.740730881690979
0746,41125_711db4bf_6,0.0035718444269150496,0.9155183434486389
0747,102606_28922dfc_0,0.013973788358271122,-145.92715454101562
0748,31530_6744ae73_50,0.03039625659584999,0.45770418643951416
0749,50598_eae0df5a_1,0.00019725059974007308,0.6393239498138428
0750,145726_19ccdbda_12,0.0004838055756408721,0.8448533415794373
0751,41469_b94cf3e4_0,0.007763361558318138,-0.5912601947784424
0752,147009_977ee378_1,0.0026219571009278297,0.7479786276817322
0753,24267_8a216138_10,0.0023617425467818975,0.808260440826416
0754,63071_3d434a33_16,0.007406917400658131,0.6048117876052856
0755,34436_ffc43a58_4,0.0011670696549117565,-0.006779789924621582
0756,50692_e7ff2668_4,0.0004171042237430811,0.8328700065612793
0757,146642_883a71d2_9,0.034260742366313934,0.45894479751586914
0758,109772_f1a0845e_7,0.00300330831669271,0.9299166202545166
0759,136640_16741d62_1,0.0019626717548817396,0.501684844493866
0760,21680_360ba5c7_11,0.0022307068575173616,0.09369659423828125
0761,27729_09d75da1_2,0.0013616172363981605,0.9612147212028503
0762,82148_5df06ed9_19,0.01947256177663803,-0.35264647006988525
0763,55287_8a57a3db_1,0.0034490616526454687,0.7878175973892212
0764,53221_74fa81cd_5,0.004226245451718569,-1.0267939567565918
0765,30417_0010bc7c_39,0.0017653286922723055,0.8622006177902222
0766,23706_ef15ef9c_40,0.001621098956093192,0.7686232328414917
0767,140763_e14274f8_3,0.0009269805741496384,0.29824501276016235
0768,23602_5daaccf5_3,0.0009081750176846981,0.852776825428009
0769,30282_88c6933c_9,0.004091379698365927,0.7426285743713379
0770,56824_0fc773f6_0,0.003205819521099329,0.8172427415847778
0771,42410_d3b5588e_1,0.0012597766472026706,0.8085942268371582
0772,55055_dd27a8a4_0,0.001041051116771996,0.9809463024139404
0773,115633_a2c63339_6,0.0012845743913203478,-0.42209577560424805
0774,73651_a41647f8_5,0.00013543377281166613,0.4749985337257385
0775,33413_060ce192_32,0.0031101112253963947,0.7610807418823242
0776,97331_a482fa9b_0,0.002239376772195101,0.5267741680145264
0777,23476_705b76d1_0,0.00459372578188777,0.8203209638595581
0778,32566_7bfc936b_6,0.009337454102933407,0.9117503762245178
0779,41717_eb1c1e6b_0,0.011186775751411915,0.1035357117652893
0780,60720_ef9a0a95_8,0.0016569283325225115,-2.5413966178894043
0781,138700_ab763a46_202,7.073590677464381e-05,-38.03621292114258
0782,38287_88ec74de_17,0.00950966589152813,-0.5639581680297852
0783,135535_0bd0048d_0,0.005216191988438368,0.9214377999305725
0784,21797_69df08d5_7,0.06609831005334854,0.4737454056739807
0785,65350_b3fa8f4f_47,0.22021004557609558,-0.013517618179321289
0786,41714_1d49f4d1_3,0.003603791818022728,0.5973126888275146
0787,66012_a13e1644_1,0.0023556186351925135,0.0010544657707214355
0788,22652_564979ff_11,0.0010585550917312503,0.21312648057937622
0789,25127_ecba81df_23,0.0010178996017202735,0.3357049822807312
0790,47548_db93c988_4,0.0034647597931325436,-7.476004600524902
0791,55927_f8b31711_5,0.01078366581350565,0.42324209213256836
0792,31647_ab9ad9dc_2,0.001773205935023725,0.7603180408477783
0793,41128_ee74f244_8,0.000850019627250731,0.7673611640930176
0794,20959_d4905d19_4,0.0012855748645961285,0.6845970749855042
0795,52009_a2b75078_3,0.09410903602838516,0.05219316482543945
0796,22201_473a3a65_16,0.002453970955684781,0.6675597429275513
0797,29442_365e23df_30,0.01914055459201336,0.45863211154937744
0798,51859_6b2fd0f1_8,0.000530596764292568,0.9818798899650574
0799,140413_44177109_15,0.00029095952049829066,0.7419206500053406
0800,21822_7d3db422_11,0.005954918917268515,0.8345276117324829
0801,24168_a0ede173_100,0.0005327475955709815,0.6155198812484741
0802,145532_c2304f89_1,0.003155669430270791,0.5581035614013672
0803,104641_2cd02839_13,0.00017983016732614487,0.3029906153678894
0804,23679_81ef9e37_2,0.0010592611506581306,0.7476143836975098
0805,95271_de3df8d5_2,0.00016188359586521983,0.22053992748260498
0806,41401_e4117da2_0,4.047120819450356e-05,0.1181517243385315
0807,48006_babdf4af_9,0.004664863925427198,0.9459795355796814
0808,142246_0851be5e_32,0.014938924461603165,0.7520956993103027
0809,33615_7bab1106_4,0.001526735140942037,0.8989760875701904
0810,31117_cd5cdbdb_18,0.003556041046977043,0.9461734890937805
0811,34914_8911676d_0,0.0018879433628171682,0.8443578481674194
0812,55501_a09e4ced_2,3.4391872759442776e-05,-0.29186928272247314
0813,41128_ee74f244_9,0.0014657395659014583,0.5148026943206787
0814,142246_0851be5e_22,0.005042899399995804,0.08537781238555908
0815,22413_901f5867_0,0.000278220308246091,0.15796202421188354
0816,56490_0a0fba77_0,0.0005293244030326605,0.8498632311820984
0817,93676_4f934980_1,0.0005363478558138013,-0.18902301788330078
0818,146642_883a71d2_96,0.001838674652390182,0.7993113398551941
0819,24032_d6172503_3,0.0011577146360650659,0.8037376403808594
0820,44221_25c62f03_1,0.0009585099178366363,0.9822468757629395
0821,50315_0f1419bf_33,0.005372250452637672,0.4785701632499695
0822,133389_0938a905_2,0.0006289372686296701,0.840380072593689
0823,24824_cf51e5b6_4,0.003268533619120717,0.38684362173080444
0824,33970_32f36442_3,0.0045023588463664055,0.8595970869064331
0825,29359_bbfab271_2,0.0022441321052610874,0.6049362421035767
0826,23172_4ab01e83_0,0.0012519352603703737,0.9695740938186646
0827,98511_1b46a85e_45,0.0032207765616476536,0.9094803333282471
0828,98511_1b46a85e_46,0.003639040281996131,0.8930116295814514
0829,34248_cc11976c_0,0.003588900901377201,0.8673974871635437
0830,104003_46555fb2_0,0.0007122198003344238,-0.5837880373001099
0831,34520_035b5e9a_8,0.0010284770978614688,0.6465301513671875
0832,38397_93d5d7de_12,0.035285696387290955,0.511134147644043
0833,130023_93b3ca95_1,0.002579221036285162,0.09217405319213867
0834,83213_47c49876_1,0.003151229117065668,0.6388205885887146
0835,43928_6ca53538_63,0.017751064151525497,0.5872018933296204
0836,82779_b7b722e3_9,0.0037349737249314785,0.553921639919281
0837,134967_0f27ef51_1,0.0004376421857159585,0.6725845336914062
0838,86024_714b24f4_1,0.004620053339749575,0.8190054893493652
0839,40807_58058731_11,0.0016594355693086982,0.7497314214706421
0840,26750_cd3cb3ff_0,0.008896781131625175,0.8456717133522034
0841,126913_d253adb7_2,0.004627171903848648,0.08702051639556885
0842,24268_2804c9ff_13,0.0035535739734768867,0.907569169998169
0843,45542_320c16fd_3,0.0009406626923009753,0.9812988638877869
0844,22342_274ed8a6_1,0.000727843027561903,0.8423682451248169
0845,133385_e6aa64d8_17,0.0008025446441024542,-2.217146635055542
0846,143509_1dd5212d_3,0.00321059743873775,0.9053075313568115
0847,47989_3ff0f41d_0,0.02347540855407715,0.3321719765663147
0848,21822_7d3db422_14,0.003975267522037029,0.9425963759422302
0849,21517_bfe35b4c_12,0.0004188649181742221,0.26881909370422363
0850,52883_e518d3f4_10,0.0017770454287528992,0.7114896178245544
0851,41871_f9a1ad02_14,0.011899239383637905,-0.1904006004333496
0852,37016_455093c1_2,0.0007754876278340816,0.5842682123184204
0853,31117_cd5cdbdb_78,0.06475991755723953,0.49780797958374023
0854,129239_0d49310c_22,0.0001651823113206774,0.5204046368598938
0855,30400_8824ce97_6,0.012734495103359222,0.7337424755096436
0856,53233_8dbca22c_8,0.0012939804000779986,0.9092342257499695
0857,40514_bb61631d_25,0.0028826778288930655,0.36225640773773193
0858,24053_53349e4d_2,0.0004417206218931824,0.43152129650115967
0859,41917_f0c40fa1_16,0.00153845374006778,0.9636053442955017
0860,22543_684108ff_5,0.009409180842339993,0.6269749402999878
0861,138636_c1153075_0,0.0007500192150473595,0.3305037021636963
0862,24448_75004b6c_6,0.003526450600475073,0.8877239227294922
0863,24831_bbd3e098_8,0.0007705321186222136,0.2449513077735901
0864,53221_74fa81cd_3,0.0007252293289639056,0.8039512634277344
0865,76879_65a30a82_4,0.00017869115981739014,0.7078886032104492
0866,108773_f9384cff_10,6.065494380891323e-05,0.3598684072494507
0867,33671_0e9c6ca3_5,0.0016915735322982073,0.8656477928161621
0868,93103_fdb9fcb7_15,0.006709957495331764,0.6379379034042358
0869,137675_d2bd633e_0,0.0015899320133030415,0.004237651824951172
0870,21893_0500d043_32,0.0010207099840044975,0.3326951861381531
0871,22110_0bc70e9f_1,0.0014064779970794916,0.13564151525497437
0872,43152_b5472481_1,0.0005181608721613884,0.8054195046424866
0873,115717_40314bc2_1,0.0052398452535271645,0.5421704053878784
0874,102943_ca9e7968_0,0.00019188050646334887,0.7389065027236938
0875,136401_69f29349_0,0.003404295537620783,-1.2581048011779785
0876,28542_3c922564_0,0.0010061681969091296,0.6330981254577637
0877,24267_8a216138_6,0.0028798948042094707,0.8420610427856445
0878,84374_272a9731_7,0.004490429535508156,0.40795743465423584
0879,23531_1ecc8346_18,0.015610657632350922,0.8477291464805603
0880,41871_f9a1ad02_30,0.004349607974290848,0.868167519569397
0881,132461_14abd2d0_0,4.077333505847491e-05,-0.13827693462371826
0882,37617_3f415463_2,0.00046216321061365306,0.24478977918624878
0883,41696_de0790a1_1,0.0016238214448094368,0.9639415740966797
0884,54657_2a66e0de_20,0.0016391120152547956,0.8494870662689209
0885,24425_0dc4b306_0,0.0015516596613451838,0.848039984703064
0886,146667_fe438b5b_0,0.0040453760884702206,0.8461468815803528
0887,23048_8a1a5553_8,0.00018873836961574852,-4.078266143798828
0888,51871_86ebf5b2_17,0.0032427895348519087,0.4063538908958435
0889,30664_a3084f71_6,0.006858253385871649,0.5791696310043335
0890,139801_97e2ca6a_5,0.0011829484719783068,0.7578004598617554
0891,22278_12f1fb79_13,0.006985925137996674,0.5455181002616882
0892,22776_facf9bcf_8,0.005554478149861097,0.8109479546546936
0893,40500_6055e3d7_15,0.04293977469205856,0.5717310309410095
0894,35740_5322d674_13,0.00022817291028331965,0.8611873984336853
0895,39792_60786b6c_12,0.0058812634088099,0.7864880561828613
0896,115524_4a411f7e_0,0.0025566862896084785,0.4192137122154236
0897,24131_3ea7d5a8_17,0.004163452424108982,0.7991737127304077
0898,100326_0602c712_2,0.017458027228713036,0.44546055793762207
0899,34571_25c64838_2,0.002758053597062826,0.8365344405174255
0900,143534_4f65fd1a_0,0.0008138311677612364,0.7248504757881165
0901,101446_95204330_1,0.002272822195664048,-0.44082319736480713
0902,41749_14d0599c_10,0.0002517409739084542,0.26529884338378906
0903,55715_525d1d3e_12,0.0004592709010466933,-0.3622819185256958
0904,45307_b9b4bca0_30,0.0862245187163353,0.38246291875839233
0905,22654_4c426b0f_0,0.009751508943736553,-0.22112929821014404
0906,22670_9353c710_4,0.0025087224785238504,0.2306721806526184
0907,99445_94c22a37_11,0.0030891906935721636,0.9541016817092896
0908,132811_57264a28_4,0.002211669459939003,0.8193153738975525
0909,23258_87a2ba81_3,0.00033308667480014265,0.47349172830581665
0910,50777_2934de55_22,0.010874100029468536,0.6139945983886719
0911,98418_4185a7fb_0,0.0010554996551945806,0.9744291305541992
0912,43441_e1ab0873_2,0.0003117009182460606,-2.7770183086395264
0913,24271_dbc0fd2d_12,0.000664951279759407,0.853634774684906
0914,38944_0d0c3fce_0,0.016904108226299286,0.8904876112937927
0915,40624_e1c5c424_11,5.489588147611357e-05,-0.3826085329055786
0916,100028_0c3a8f1c_13,0.0034013327676802874,0.9562495946884155
0917,40491_ac67bf4c_13,0.0036405022256076336,0.9317129254341125
0918,25416_1deb9c75_0,0.0032123199198395014,0.4439409375190735
0919,21657_2651585a_6,0.0011374081950634718,0.9397130012512207
0920,21986_67c5509a_15,0.001683965907432139,0.7910638451576233
0921,32288_34013274_2,0.003060080809518695,0.4820556044578552
0922,55373_ddd74d2f_0,0.007482265122234821,0.033645451068878174
0923,26245_4aac38e1_0,0.002579859457910061,0.8521786332130432
0924,33044_7fdd9213_0,0.0005722169298678637,0.8978314995765686
0925,31530_6744ae73_48,0.05953585356473923,0.42487847805023193
0926,25555_fd3d9a3c_1,0.0002365669934079051,0.6678733825683594
0927,54175_7d864ace_6,0.0005255192518234253,0.8819848299026489
0928,72950_5074f5a3_0,0.0028363883029669523,-0.8750084638595581
0929,129618_2962c248_0,0.008439750410616398,0.8590406179428101
0930,52012_77070fda_10,0.0002592471137177199,0.5934363603591919
0931,28295_0dc908b9_7,0.000691603752784431,0.814216136932373
0932,144419_90e59d67_2,7.394174463115633e-05,0.182861328125
0933,22734_f6bad9f7_24,0.017013007774949074,0.47348326444625854
0934,22604_0b4ffb43_14,0.001041051116771996,0.9809463024139404
0935,81996_b3752ed2_3,0.00028713850770145655,0.742316722869873
0936,24504_493cee15_8,0.008494866080582142,0.6617516875267029
0937,39124_28e99e62_1,0.00020720588508993387,0.7668503522872925
0938,29725_0ad4937e_1,0.0009991842089220881,-0.8060420751571655
0939,109232_04340d62_6,0.00013132616004440933,-1.3888881206512451
0940,129075_8fbf62e5_0,0.0005997653352096677,0.5253555774688721
0941,102937_18c3cb6a_4,0.0008264158386737108,0.971024751663208
0942,52551_8098346a_5,0.0010191391920670867,-0.7728023529052734
0943,128043_6947b64c_0,0.003993490245193243,0.7694665193557739
0944,119030_292009a7_41,0.0014329840196296573,0.7897960543632507
0945,48526_5aecac8a_0,0.0012719434453174472,0.7858201265335083
0946,32541_86f7df73_4,0.0005292522837407887,0.4965062141418457
0947,55114_7bf17f6a_0,0.010713007301092148,0.22336918115615845
0948,55285_6816da52_1,0.03209846466779709,0.30531221628189087
0949,37683_e2cca100_17,0.0002591545053292066,0.5919898748397827
0950,78775_e2d8b091_15,0.00539823854342103,0.8234967589378357
0951,93199_2146e709_2,0.0007126776617951691,0.9158622026443481
0952,135595_656de97a_14,0.0007828940288163722,0.4386964440345764
0953,24284_3710e946_16,0.0015185184311121702,0.9655975103378296
0954,135521_30553c91_2,0.0003918987058568746,-4.68388032913208
0955,29732_fb15318c_5,0.000606449437327683,0.4239118695259094
0956,88060_389bdff4_0,0.0010455143637955189,0.9363760948181152
0957,27839_4a077326_28,0.009634452871978283,0.7612805962562561
0958,100435_87bf423d_8,0.0007149391458369792,0.9859123826026917
0959,25365_bb0e4ede_44,0.005449773743748665,-6.729198932647705
0960,146169_144d8264_0,0.02991962619125843,0.8384115099906921
0961,23342_7193a931_3,0.0002535368548706174,0.2530462145805359
0962,57000_cd1ddece_12,0.0006931828102096915,0.9861412048339844
0963,119790_1ed376f0_3,0.00034270406467840075,0.6259734630584717
0964,72522_e9e87960_4,0.0037291713524609804,0.9300049543380737
0965,65366_f618b577_2,0.001486241351813078,-0.29372406005859375
0966,55707_c78416ed_35,0.003152822144329548,0.835234522819519
0967,70321_eccffc7e_0,0.003206131048500538,0.1694297194480896
0968,120143_b5756e6b_0,0.004505428951233625,0.3743205666542053
0969,27726_aca43af4_35,8.022694237297401e-05,-2.727428674697876
0970,31361_72aab333_20,0.0020640897564589977,0.34401118755340576
0971,121949_e10b5e85_12,0.0026442778762429953,0.9269641637802124
0972,146399_0e4b73c4_13,0.0438564158976078,0.09966760873794556
0973,41134_fc146947_6,0.0020317737944424152,0.05014091730117798
0974,21237_7887a24b_35,0.0002945578016806394,-0.21775484085083008
0975,24885_55e20ddf_3,0.0002739634073805064,0.7293329238891602
0976,34914_8911676d_23,0.0022970715072005987,0.5917550325393677
0977,21803_8a36dcda_12,0.0025833596009761095,0.9135569334030151
0978,41306_8f26e703_5,6.956688594073057e-05,0.24901360273361206
0979,25118_f50fdc69_10,0.0001925777323776856,0.7187315225601196
0980,25473_0991d519_9,0.0008004006813280284,0.9799570441246033
0981,126585_86fa26cb_0,0.00024238684272859246,0.7006558179855347
0982,145691_69484976_9,0.003493641735985875,0.6858794689178467
0983,60729_c51868ec_0,0.0006160247139632702,0.660631000995636
0984,123929_e7dbad2c_0,0.00804375484585762,-2.820875883102417
0985,69649_70b07cac_0,0.0005208021611906588,0.9884958267211914
0986,55135_f1186d58_9,0.0007500752108171582,0.0655180811882019
0987,20838_86c931be_2,0.003116702428087592,0.6125003099441528
0988,45242_626509cb_11,0.003360430710017681,-0.4849879741668701
0989,34983_439766af_13,0.0037633986212313175,0.9608544111251831
0990,53453_fb0f1640_1,0.017352262511849403,0.47323334217071533
0991,23255_972fbfe6_25,0.001792012364603579,0.943514347076416
0992,24168_a0ede173_203,0.1282506138086319,0.28672611713409424
0993,55476_1473d91f_0,0.0035306341014802456,-0.7999395132064819
0994,55111_ef389075_1,0.002621477236971259,0.8998048901557922
0995,141710_17531562_1,0.0009564848151057959,0.9196909666061401
0996,96601_b89e6252_1,0.0005468078888952732,-1.9078912734985352
0997,135790_a27f9deb_43,0.07630105316638947,0.02242225408554077
0998,121363_746708db_0,0.0010165432468056679,0.6088733673095703
0999,136886_3aa46890_0,0.00048238533781841397,0.8201372027397156
1000,50315_0f1419bf_19,0.009564490057528019,0.8684405088424683
1001,37846_cde34fcd_14,0.00024145160568878055,-1.7299344539642334
1002,24816_ef81ad4c_1,0.0009692709427326918,0.6534074544906616
1003,75646_4baf69b2_7,0.007722810376435518,0.8918560743331909
1004,140155_81f9ac63_0,0.0007388729136437178,0.8156596422195435
1005,51603_034939eb_10,0.006789452861994505,0.6238672733306885
1006,30435_c97330d2_0,0.0009284899570047855,-0.5699121952056885
1007,27839_4a077326_27,0.0009706803248263896,0.9472208619117737
1008,55627_971fde61_34,0.004458343144506216,0.6553266644477844
1009,134909_ef3d003c_0,0.00041054320172406733,0.5972459316253662
1010,33413_060ce192_51,7.552243914688006e-05,-9.463814735412598
1011,22245_ca848576_12,0.00030648711253888905,0.6420714259147644
1012,52039_ba12c3ac_1,0.0006814931402914226,0.9863753914833069
1013,39707_358f88df_2,0.0044519975781440735,-3.7409205436706543
1014,50014_33f250c8_3,0.052975308150053024,0.5167828798294067
1015,52987_387431ac_1,0.005143267102539539,0.6468470096588135
1016,33501_b1ee5058_15,0.0006685804692097008,0.9867051243782043
1017,82168_4844bddd_1,0.002210767939686775,0.7015054225921631
1018,30384_95e72fc2_4,0.00022190646268427372,-1.4439632892608643
1019,23554_a0845d54_2,0.001953800907358527,-0.633233904838562
1020,23800_65e0a5d1_0,0.00019980543584097177,0.3703145384788513
1021,41128_ee74f244_0,0.0016201524995267391,-0.626541018486023
1022,143019_22dbd3e6_2,0.002798236906528473,0.9112192988395691
1023,79993_6087acd5_8,0.0045560020953416824,0.8558690547943115
1024,21422_b2a6bf27_0,0.0034601069055497646,0.9429525136947632
1025,25487_dd2c17e8_21,0.0009196609607897699,0.1834133267402649
1026,22654_4c426b0f_10,0.00037673520273528993,-1.5299363136291504
1027,30368_d7fd30ce_6,4.572235411615111e-05,0.022112250328063965
1028,57249_6bd2af3c_2,0.0038044557441025972,0.8596543073654175
1029,57029_3ab80a22_0,0.0033769714646041393,0.3300764560699463
1030,79906_052c7eb4_3,0.0010163403348997235,0.7796935439109802
1031,82996_b8dc67c9_10,0.0004997289506718516,0.3103577494621277
1032,119884_192e3265_1,0.0037851056549698114,-0.7262892723083496
1033,21225_c081eae3_10,0.0035857711918652058,0.7944202423095703
1034,121949_e10b5e85_1,0.0012715465854853392,0.6782464981079102
1035,81994_ba8916c9_5,0.00021193886641412973,0.8148102760314941
1036,22447_4062c6cb_29,0.0018988887313753366,0.967967689037323
1037,55044_ee57bac8_1,0.0009339880780316889,-2.5486068725585938
1038,41871_f9a1ad02_13,0.04912836104631424,0.7240756750106812
1039,74688_a5168a45_2,9.864285675575957e-05,-20.194782257080078
1040,23218_02d26ab4_4,0.00027496516122482717,0.36756837368011475
1041,41205_dc60aa5d_0,0.003311609383672476,0.17672014236450195
1042,41979_ca698776_0,0.0009944894118234515,0.7960394620895386
1043,141453_50ec6f25_7,0.001377446809783578,0.9609811305999756
1044,97143_5424c420_0,0.0028714011423289776,0.2630878686904907
1045,41986_26275a06_2,0.0005636814748868346,0.9468638300895691
1046,136800_c5e4d711_2,0.000943162536714226,-0.2891649007797241
1047,101635_11b839a3_5,0.00010439674952067435,0.14471721649169922
1048,55866_b041060d_0,0.003106201533228159,0.8098820447921753
1049,53846_89405f98_0,0.0011463442351669073,0.7657892107963562
1050,27725_5cceaeb7_1,0.003586724167689681,0.6763745546340942
1051,146137_92faaea5_9,0.0066396682523190975,0.46800029277801514
1052,41211_11f6b8a0_4,0.000312873802613467,0.8711462616920471
1053,21330_f0cee934_46,0.0006975674768909812,0.986053466796875
1054,127188_5fecd146_4,0.00027624767972156405,0.6204091310501099
1055,135949_06517574_8,7.123300019884482e-05,0.2615305185317993
1056,68928_0d4e4a2e_24,0.0033148571383208036,0.7915617823600769
1057,50410_f8f03667_38,7.369537343038246e-05,-4.073553085327148
1058,142999_171240b6_21,0.00025821823510341346,0.8090776205062866
1059,144709_642fc665_0,0.017613232135772705,-0.7309057712554932
1060,53232_f8760054_10,0.00310391653329134,-28.70709228515625
1061,22372_e91792a1_0,8.840305235935375e-05,-0.13377165794372559
1062,21767_53eaa558_12,0.06326226145029068,0.18249821662902832
1063,32220_1fd19c5e_0,0.00016084786329884082,0.8347491025924683
1064,22886_a6331748_1,0.0014471188187599182,0.8671388626098633
1065,130996_b842b511_12,0.00039280919008888304,0.9637941718101501
1066,55571_74a416b1_1,0.00016742070147302002,-0.4201720952987671
1067,70169_914780d4_1,0.0012386124581098557,0.5283373594284058
1068,23156_7788f78a_6,0.07216908037662506,0.4777974486351013
1069,124496_20e20439_10,0.00031540472991764545,0.30678218603134155
1070,76300_7cb02add_1,0.0015158382011577487,0.7755433917045593
1071,21647_6b6cca6f_10,0.004785716067999601,-1.6120798587799072
1072,22734_f6bad9f7_23,0.004777246154844761,0.8009872436523438
1073,94176_0a6c42ab_2,5.087396493763663e-05,-8.336458206176758
1074,24048_d731886d_9,0.0026591396890580654,0.7068988084793091
1075,25487_dd2c17e8_30,0.0021084595937281847,0.0469014048576355
1076,115717_40314bc2_4,9.298216173192486e-05,0.6975498199462891
1077,125592_875faf40_0,0.009197762235999107,0.5730706453323364
1078,41871_f9a1ad02_44,0.0024841963313519955,0.8244965672492981
1079,146642_883a71d2_8,0.0007269421475939453,0.8226383924484253
1080,136883_076fbff9_31,0.00032180294510908425,-0.06445467472076416
1081,60766_fb8715eb_3,0.0025587989948689938,0.8128759264945984
1082,30818_33617072_0,0.015321340411901474,0.2242804765701294
1083,130679_7a357a9c_18,0.029418103396892548,-0.7304635047912598
1084,55306_795d845b_0,0.00012882718874607235,0.7238298654556274
1085,135934_d2f6bb2e_33,0.000888108101207763,-0.1840343475341797
1086,111054_e45a0d40_7,0.027356619015336037,0.7353708744049072
1087,36826_d9269c2e_10,0.0013377409195527434,0.9091346263885498
1088,37619_ae810a8d_7,9.633784793550149e-05,-42.99916458129883
1089,22343_34184fd5_22,0.00022431937395595014,0.305722177028656
1090,113020_de552f8d_0,0.0008510607876814902,0.46780312061309814
1091,20216_89b90993_0,0.021221760660409927,-0.4137955904006958
1092,23325_292b3294_16,0.006395641714334488,0.3915531039237976
1093,23522_5c2ec58e_9,0.006756118964403868,0.4870268702507019
1094,146624_359752bb_20,8.96604178706184e-05,-44.199607849121094
1095,104990_11b4aeee_1,0.0031865104101598263,0.9271624088287354
1096,90917_4670b560_0,0.029778294265270233,0.42125189304351807
1097,54818_59adf8c2_5,0.0016947075491771102,-0.46561574935913086
1098,34109_5a868eae_3,0.00033191716647706926,0.45848143100738525
1099,23161_e7f63a9f_2,0.0027958310674875975,0.7470225095748901
1100,37160_2a95674a_27,0.0017815178725868464,0.37757670879364014
1101,61280_8bdbc90f_0,0.002739090472459793,0.9016262888908386
1102,55083_dac1f9cc_2,0.00512726092711091,0.5731566548347473
1103,34341_d19b12fb_14,7.363764598267153e-05,0.26759469509124756
1104,54516_ac9e2ef4_61,0.003110206453129649,0.4835582971572876
1105,24559_3c306e71_2,0.0002350943541387096,0.521430253982544
1106,105831_88a0fb85_1,0.0006900391890667379,0.9737828373908997
1107,32743_f4c47bbc_19,0.0012574972352012992,0.7663393616676331
1108,40500_6055e3d7_18,0.003100953297689557,0.851146399974823
1109,22862_f5406bb0_0,0.003574824659153819,0.9424921870231628
1110,141081_ae61ec46_0,0.003190547227859497,0.9538124799728394
1111,135112_cf8007b8_4,0.014211275614798069,0.7844120264053345
1112,131442_1512d9ff_5,0.0002605250047054142,0.44867032766342163
1113,145132_7aea3b66_1,0.04893448203802109,0.8147873282432556
1114,41871_f9a1ad02_45,0.001719979802146554,0.6684815883636475
1115,51775_49ef614a_1,0.011749099008738995,-2.3290436267852783
1116,143293_fc5b0ff7_23,0.0004598526284098625,0.15987026691436768
1117,51547_a7e01c38_6,0.00020896301430184394,0.700606107711792
1118,114021_44c3c39c_2,0.00024126852804329246,0.3985062837600708
1119,123766_c5a4cf5e_0,0.00036462038406170905,-1.3247325420379639
1120,23031_0d684603_8,0.0007885892991907895,0.6600976586341858
1121,132996_c742ef84_4,0.004610221367329359,0.360249400138855
1122,137096_5d77f285_1,0.0012522159377112985,0.850538969039917
1123,27072_b4756e8c_2,0.00187010713852942,0.5770401358604431
1124,51915_e704f5dd_2,0.011612935923039913,-0.8160284757614136
1125,132811_57264a28_13,0.0019178121583536267,0.9677131772041321
1126,49396_98ab955d_13,0.0066020735539495945,0.26396894454956055
1127,132081_761d26ad_0,0.0010294358944520354,0.972443699836731
1128,82906_7b72e0e8_2,0.002426670864224434,0.9323934316635132
1129,92649_26fe8262_0,0.0004193744680378586,0.8065149784088135
1130,21803_8a36dcda_11,0.0017355511663481593,0.9533190727233887
1131,30637_f6324fc6_5,0.00026746539515443146,-0.770254373550415
1132,105560_a6f91315_12,7.792926771799102e-05,-9.9148530960083
1133,41737_d80c34b9_0,0.017678771167993546,-0.056221842765808105
1134,34983_439766af_12,0.0008818624191917479,0.913250207901001
1135,122755_60c41889_10,0.0001411588309565559,-1.262139081954956
1136,76879_65a30a82_2,0.04879670962691307,0.5635161399841309
1137,89816_cef36e57_4,0.0022651515901088715,0.9626454710960388
1138,49406_100c707b_3,0.0012715585762634873,0.8533832430839539
1139,105560_a6f91315_10,5.7921468396671116e-05,-0.25065410137176514
1140,129421_483d2957_5,0.00016565255646128207,0.3020479083061218
1141,122740_fc5c94eb_33,0.0018330859020352364,0.9438743591308594
1142,135595_656de97a_5,0.0006032059900462627,0.7796919941902161
1143,35740_5322d674_5,8.462028199573979e-05,-28.368925094604492
1144,23681_932e722e_18,0.0012055067345499992,0.9771818518638611
1145,108244_329b1876_17,5.731450073653832e-05,-12.317031860351562
1146,125745_cf468448_6,0.0009324872517026961,0.780739963054657
1147,138838_c9a9e790_6,0.0010931012220680714,0.7875181436538696
1148,102416_b74464a2_4,8.377317863050848e-05,-32.229087829589844
1149,30426_2cde26de_21,0.00026742403861135244,0.20510917901992798
1150,137837_9c9f163d_5,0.000677103700581938,0.28701674938201904
1151,25487_dd2c17e8_15,0.009068910963833332,-0.1821070909500122
1152,21549_18160a0a_4,7.572033064207062e-05,-9.688587188720703
1153,21385_601444ba_0,0.006649930961430073,0.5863136649131775
1154,35233_add576ba_9,0.0064239054918289185,0.5804413557052612
1155,55345_c6423351_0,0.0011912217596545815,0.8071504831314087
1156,110697_4b2725f1_0,0.000807965116109699,0.9811785221099854
1157,109946_242843a6_1,5.992421938572079e-05,-0.41260015964508057
1158,34341_d19b12fb_22,7.528160494985059e-05,-7.5589094161987305
1159,23247_bcd1e84f_21,0.00096776062855497,0.7967984676361084
1160,131765_29b29f08_6,5.7198485592380166e-05,-0.23864436149597168
1161,21395_7d6fda6f_12,0.0005345006356947124,0.5322006344795227
1162,135460_6471e973_15,0.0006266976124607027,0.7941387891769409
1163,51741_49d61151_7,0.003736314829438925,0.8649946451187134
1164,28382_90b7cc0c_12,0.0006174299633130431,0.7760387063026428
1165,30850_05d88af9_2,0.0022673415951430798,0.9064679741859436
1166,86278_1e55d036_12,0.00028224257403053343,-1.100783109664917
1167,67240_525e92c1_1,0.002744985744357109,-1.2026145458221436
1168,82002_ef2b4feb_6,0.0013008597306907177,0.9750047326087952
1169,53364_ec8aad42_1,0.006668581627309322,0.713464617729187
1170,135771_b030a25c_17,0.0009024335304275155,-0.04391634464263916
1171,135906_29d7b495_1,0.00019569163850974292,0.6501331329345703
1172,21822_7d3db422_38,0.0010051856515929103,-0.019799232482910156
1173,81136_5b86c723_1,2.5811385057750158e-05,0.8104494214057922
1174,25473_0991d519_2,0.014522304758429527,0.7487541437149048
1175,73405_94381b7c_5,0.005083018448203802,0.14559990167617798
1176,24009_c40b0d48_2,0.0019497985485941172,0.9401222467422485
1177,22162_439af02a_1,0.0009552055853419006,0.9812179803848267
1178,146159_f3f80701_0,0.010481372475624084,-1.7946710586547852
1179,51895_5760b481_15,0.02271302230656147,0.7582586407661438
1180,33500_e58e287e_1,0.009822572581470013,0.5427736043930054
1181,31838_2e4bd173_0,0.003493048483505845,-1.3349130153656006
1182,146137_92faaea5_18,0.00017005989502649754,-0.48859286308288574
1183,124879_2257a334_2,0.0002761350478976965,-2.0306873321533203
1184,144145_510eedc2_7,0.001703258603811264,0.9684345126152039
1185,21237_7887a24b_78,0.002883968176320195,0.7492030262947083
1186,82297_93739ce0_6,0.00116426357999444,0.6172767877578735
1187,51536_a18dc325_31,0.000893187418114394,-3.329352855682373
1188,93103_fdb9fcb7_7,0.0034747973550111055,0.5514737963676453
1189,24590_415f7013_9,0.0009963640477508307,0.8153923153877258
1190,130659_16f2db4c_0,0.0004650111950468272,0.8461658358573914
1191,23083_fdb942ac_2,0.0039734491147100925,0.8342104554176331
1192,23954_a8c09819_2,0.0010800835443660617,0.9790543913841248
1193,30417_0010bc7c_13,0.001952971681021154,0.8263370990753174
1194,120535_e304dfca_1,0.011116509325802326,0.18460500240325928
1195,93199_2146e709_9,0.0018780847312882543,0.5687440633773804
1196,23686_cba4f679_15,0.0011714518768712878,0.9737434387207031
1197,40807_58058731_20,0.012488619424402714,0.8743022084236145
1198,94410_d32e7520_35,0.0070958915166556835,0.8233233690261841
1199,79695_fd8bae0e_0,0.003608174854889512,0.08250313997268677
1200,129422_621d0a90_35,0.018395258113741875,-7.639564514160156
1201,44932_16cb7f21_5,0.005217378493398428,0.8522303104400635
1202,136550_8a8672e5_1,0.0009845326421782374,0.7236144542694092
1203,20495_e8e7e80c_3,0.0012352037010714412,0.9779078364372253
1204,31962_e5291336_50,0.0009003967861644924,0.14107877016067505
1205,24888_5be1de05_1,7.836603617761284e-05,-0.49045681953430176
1206,34114_7e58a97d_10,0.004783840849995613,0.816084623336792
1207,108433_37a79370_0,0.016097376123070717,-0.42241501808166504
1208,22844_9b75b8e0_1,0.0025549025740474463,0.8940182328224182
1209,115637_b4d41e8a_0,0.0008484700229018927,0.9178628325462341
1210,53474_f29e4438_15,0.013918319717049599,0.60406494140625
1211,26766_1aaa348c_0,0.0006219357019290328,0.9117156267166138
1212,51940_67bb0219_7,0.002319593448191881,0.6209428310394287
1213,41714_1d49f4d1_13,0.00019388656073715538,0.23541593551635742
1214,21815_7090778f_9,0.007799652870744467,0.35991835594177246
1215,32843_8e5bdf24_0,0.0032894317992031574,0.8542542457580566
1216,23686_cba4f679_10,0.0020146253518760204,0.7489514350891113
1217,114425_891ab08d_0,0.005137153901159763,0.35945844650268555
1218,41786_02d48cdd_5,0.004741824232041836,0.26623743772506714
1219,22895_4533b542_1,0.0007690529455430806,0.9559229612350464
1220,49016_cd1b47bf_6,0.005332542583346367,0.8310765027999878
1221,51674_a70c1c6c_3,0.0002673212729860097,0.5725173950195312
1222,52972_6e5a5ada_11,0.0025606821291148663,0.8913095593452454
1223,120700_d818883a_8,0.00032064924016594887,0.5658526420593262
1224,34530_9525ffcd_0,0.004911457188427448,0.907638669013977
1225,24355_99bf3f8f_1,0.0005669362144544721,-0.0979079008102417
1226,56250_3b6024e3_46,0.0073479353450238705,0.8700811862945557
1227,56355_727ca47c_3,0.002711321460083127,0.3453071713447571
1228,35057_9af89947_1,0.001768200658261776,0.722389817237854
1229,120881_a946667f_13,0.00040876088314689696,0.4368661642074585
1230,143021_c6df0146_5,0.00010237784590572119,0.42991501092910767
1231,69240_dc199112_3,0.0004655569791793823,0.5762776136398315
1232,41733_1ec9b00c_15,0.005820194724947214,-0.21204328536987305
1233,30298_24191733_2,0.00014644053590018302,-0.012729167938232422
1234,30400_8824ce97_18,0.0009185909293591976,0.8081921935081482
1235,37040_ecbcd25e_36,0.0015232092700898647,0.5891824960708618
1236,23035_6087bb57_4,0.0006663847016170621,0.002746105194091797
1237,38675_6e07d74b_26,0.02118738740682602,0.7068397402763367
1238,31751_e37382e1_9,0.0018410567427054048,0.803695023059845
1239,54601_e1da5b93_4,0.0007536564953625202,0.9850063920021057
1240,142999_171240b6_29,0.003561990335583687,0.7299913167953491
1241,137646_14bca880_0,0.0004790687817148864,0.9557576775550842
1242,37519_442dc408_1,0.0006679912330582738,0.18370085954666138
1243,47195_a8cd8bad_6,0.003241480328142643,0.7938730120658875
1244,22474_b10fea1a_6,0.00426296703517437,0.5083348751068115
1245,53200_d1e30b87_10,0.003480843035504222,0.3943011164665222
1246,41472_f9d73638_9,0.00034711489570327103,0.643218457698822
1247,126397_cc08a23d_1,0.00019198309746570885,0.6884231567382812
1248,31838_2e4bd173_4,0.001794726587831974,0.9680046439170837
1249,52006_d21e4570_7,0.0005807109409943223,0.8848882913589478
1250,62109_08c31aa8_0,0.0014478503726422787,0.7420074939727783
1251,49403_458914df_0,0.0012669810093939304,0.2516091465950012
1252,122914_76ff1f5e_2,7.565776468254626e-05,-5.73374605178833
1253,34913_d23e2a24_2,0.0023777612950652838,-0.0639718770980835
1254,104641_2cd02839_15,0.0002978848060593009,0.13918107748031616
1255,131632_6144b102_1,0.003728743875399232,0.9556071162223816
1256,30850_05d88af9_0,0.001908264821395278,0.8502702116966248
1257,86296_8a6ed4d3_7,0.0013831367250531912,-3.260100841522217
1258,34983_439766af_7,0.012252296321094036,0.8254495859146118
1259,33374_7491cbf8_2,0.007226467132568359,0.9300817251205444
1260,50694_afd26bd5_10,0.00425127986818552,0.9543477892875671
1261,50292_e84db1fb_8,0.0002256089064758271,0.2301260232925415
1262,81367_622a9e51_2,0.0006333721103146672,0.8409571051597595
1263,78966_584c5305_0,0.001553353387862444,0.19005197286605835
1264,79905_623eae86_1,0.06199217587709427,0.49234068393707275
1265,63055_6b907478_15,0.015302124433219433,-0.22064924240112305
1266,135771_b030a25c_4,0.0005402896786108613,0.3197603225708008
1267,41753_9b4f8d8a_0,0.0008254839922301471,0.9837926030158997
1268,80784_f7ec5f70_1,0.001681191148236394,0.7151319980621338
1269,33607_c6f31fa6_10,0.003911557141691446,0.5209663510322571
1270,22225_a3ce4d29_42,0.003919385373592377,0.5788097381591797
1271,51938_8b9cba89_5,0.00932276714593172,0.8046240210533142
1272,44741_f386a08f_4,0.0020710506942123175,0.9385309815406799
1273,70021_e673ae54_4,0.002273616148158908,0.9630986452102661
1274,55135_f1186d58_7,0.0069284141063690186,0.3790057301521301
1275,31856_2a5a4e32_12,0.006340392865240574,0.6482824087142944
1276,75303_045fc848_4,0.0011704793432727456,0.8201549649238586
1277,129683_3ad38815_10,0.020842356607317924,0.7562720775604248
1278,21894_93f0d052_24,0.004126138985157013,0.6663061380386353
1279,143823_1b04bf80_13,0.0021614956203848124,0.8440260887145996
1280,143823_1b04bf80_18,0.0005095982342027128,0.506961464881897
1281,111863_c925f4f3_2,0.0004521992232184857,0.5685122609138489
1282,104633_d0a15bd3_6,0.0034462439361959696,0.7110201716423035
1283,48832_22363e53_33,0.001454683137126267,0.9607074856758118
1284,127466_a18ae326_1,0.0021675711032003164,0.1833726167678833
1285,22211_b1ee53f0_12,0.004136209841817617,0.8271564245223999
1286,137837_9c9f163d_6,0.0011168564669787884,0.6958250403404236
1287,122755_b830e22d_17,5.510868868441321e-05,0.3828037977218628
1288,21299_e9cd80a6_12,0.00321286846883595,-3.308469772338867
1289,44920_70dd4b80_11,0.00257213250733912,0.8836336135864258
1290,52987_387431ac_7,0.000948552624322474,0.9711093306541443
1291,147926_b78316a8_10,0.0010295207612216473,0.09801977872848511
1292,144653_e3eccdf1_50,0.001057755551300943,0.29526668787002563
1293,56458_c027ed41_0,0.001066426862962544,0.8676226735115051
1294,23495_6366269c_11,0.0008665085770189762,0.9827677607536316
1295,70883_e2d6a103_2,0.025446629151701927,0.6219083070755005
1296,32743_f4c47bbc_34,0.0005037222290411592,0.7064117789268494
1297,30910_38ea5a06_2,0.003451045835390687,0.4147050976753235
1298,56476_466fc284_17,0.006065220572054386,0.8745464086532593
1299,22604_0b4ffb43_62,0.003974255174398422,0.8341785073280334
1300,21534_6367be99_0,0.002778390422463417,0.12415188550949097
1301,133026_1085532d_1,0.0008605580660514534,0.7812961339950562
1302,137828_0b0786fb_1,0.004054010380059481,0.922063410282135
1303,55627_971fde61_27,0.001291506108827889,0.836962878704071
1304,93869_8b1922a3_0,0.001613078871741891,0.8699095249176025
1305,24393_9acd18c6_3,0.003515830961987376,0.9343944191932678
1306,44996_b3e9c266_14,0.00012491087545640767,0.511162281036377
1307,55300_b9675d43_1,0.0009703926043584943,0.9809468388557434
1308,113352_879844fe_0,0.0010056793689727783,0.9590478539466858
1309,135317_3c58b0d0_9,0.00027448043692857027,0.7463817596435547
1310,115624_fe3eb392_1,0.008986319415271282,0.5791395902633667
1311,63055_6b907478_21,0.0037140080239623785,0.8645559549331665
1312,40421_032c052f_0,0.0021905333269387484,0.6670387387275696
1313,143029_70554264_3,0.00017151108477264643,0.7061817646026611
1314,145117_78f63de3_0,0.004050066228955984,-0.04163515567779541
1315,128996_35f2006e_0,0.00017498398665338755,0.12496352195739746
1316,54503_fc6c6963_1,0.000980181503109634,0.8762030601501465
1317,24657_0168dc6b_1,0.0009281699312850833,0.977281391620636
1318,130524_13ad16a8_0,0.09262832254171371,0.5419692993164062
1319,142670_33c641dc_3,0.0005074907094240189,0.8071974515914917
1320,65375_674ff0b9_11,0.0019919751212000847,-0.8135542869567871
1321,23168_7fdf5427_3,8.888776937965304e-05,-39.60392761230469
1322,41717_ab2075ac_0,0.0031704569701105356,0.8835936188697815
1323,21739_57582b8f_4,0.0014922760892659426,0.9124499559402466
1324,143293_fc5b0ff7_30,0.0029966384172439575,0.9182798862457275
1325,135906_587b5c3d_0,0.0007272913353517652,0.5608289241790771
1326,138685_fd9b79cd_0,0.0014056309591978788,-0.12396633625030518
1327,119921_5621fcb4_0,0.0025734412483870983,0.565534234046936
1328,49403_458914df_5,0.001961001893505454,0.7765088081359863
1329,73525_7f6b2f67_2,0.0001912453881232068,0.6936926245689392
1330,136994_a3a2f50f_3,0.0017719651805236936,0.8004151582717896
1331,31838_2e4bd173_1,0.005872088484466076,0.8729046583175659
1332,35866_d0233b36_6,0.0018045789329335093,0.9692356586456299
1333,53053_d6b4d71c_9,0.003294633235782385,0.914462149143219
1334,90220_7baf1e18_1,0.0007434181170538068,-0.0035554170608520508
1335,23364_73dd9d4d_10,0.00019663336570374668,0.7173947691917419
1336,52987_387431ac_3,0.001951919519342482,0.8392413258552551
1337,51859_6b2fd0f1_4,0.001038470072671771,0.4226757287979126
1338,51708_867d4509_12,0.00018722875392995775,-0.6218196153640747
1339,93199_2146e709_3,0.0015952136600390077,0.966178297996521
