case_num,case_name,MSE,R-Square
0,50417_199cffee_13,0.009707651101052761,0.9243826270103455
1,48516_2b3135bf_11,0.005222878884524107,0.8234153985977173
2,41733_1ec9b00c_31,0.0046830750070512295,0.5457402467727661
3,31664_1e85c690_0,0.002703268313780427,0.8546612858772278
4,21893_0500d043_18,0.0008605662733316422,0.9825037121772766
5,31607_9a2f8140_6,0.0009259855723939836,0.9689189791679382
6,41774_88a7a483_18,0.001552542787976563,0.6210163831710815
7,42143_51b31600_4,0.00019785889890044928,0.6002082228660583
8,23104_3b70eba4_13,0.0008243865449912846,-0.3561570644378662
9,129075_8fbf62e5_2,0.000246240699198097,0.35019367933273315
10,41624_a15f83c1_13,0.0001612397318240255,0.9208239316940308
11,36088_1ea9c8a9_12,0.0010314123937860131,0.9759382009506226
12,126477_6596d136_14,0.000834717124234885,0.24339479207992554
13,130441_10c43121_0,0.00960942730307579,0.9510468244552612
14,133385_e6aa64d8_21,0.00039330130675807595,0.7419692277908325
15,26398_b99946da_1,0.01663082465529442,0.781275749206543
16,61198_0c99f50a_4,6.51192749501206e-05,-3.102297782897949
17,26661_ab88a525_0,0.0005417960928753018,0.37381041049957275
18,129075_8fbf62e5_1,0.0017916125943884254,-0.6919299364089966
19,51891_9455ea02_1,0.007944349199533463,0.8739376068115234
20,34770_6bba5bd4_13,0.0012171195121482015,0.9761030077934265
21,21646_a2dd0d00_53,0.0017588242189958692,0.8538027405738831
22,68909_4ae1bc2e_1,0.0003424358437769115,0.6781886219978333
23,27866_ece3076e_109,0.000769148871768266,0.8787155151367188
24,92134_52f13f49_6,0.0004692008951678872,0.7295953035354614
25,23342_7193a931_1,0.00014832339365966618,0.7941372394561768
26,126572_a2d6f794_14,5.936094567005057e-06,0.403242290019989
27,44344_3e0b0b0c_1,0.00015211093705147505,-20.066946029663086
28,49331_3bf3bb84_4,0.0022246195003390312,0.959278404712677
29,33971_46bb0373_0,0.0019226564327254891,0.7544057369232178
30,21517_bfe35b4c_1,0.0004352313408162445,0.36873549222946167
31,23165_369d62aa_6,0.0015126799698919058,0.9817546606063843
32,81846_2907c980_0,0.0035156062804162502,0.8439435958862305
33,24168_a0ede173_111,0.004745901096612215,0.5312474966049194
34,53461_a5942665_1,0.0013558515347540379,0.9497131705284119
35,24907_c72322ea_13,0.0006733054760843515,0.7459383010864258
36,133424_315bcaeb_7,0.0002582321176305413,0.6658371090888977
37,40490_916e13fe_0,0.0014599594287574291,0.9545257091522217
38,38000_b5822e44_3,0.0026367742102593184,0.9600368142127991
39,138520_f4e0bc0b_63,0.0008286376832984388,0.20944112539291382
40,61294_9255796d_3,0.00014194916002452374,0.7343933582305908
41,22176_272891b8_0,0.0006486831698566675,0.670952558517456
42,24815_4f2a57e4_1,0.0038298529107123613,0.8875411748886108
43,113343_e692c488_1,0.0002023145934799686,0.6946913003921509
44,33995_18423507_1,0.0007637498201802373,-0.02884078025817871
45,127897_029949fd_6,0.0010680845007300377,0.9786426424980164
46,123181_4e56fb4f_0,0.0013498548651114106,0.9804446697235107
47,22670_9353c710_1,8.731935668038204e-05,0.46784764528274536
48,128642_4d72bf31_2,0.000700810516718775,0.6203685402870178
49,146667_fe438b5b_6,0.007372336462140083,0.5497817993164062
50,38260_2a31c6df_2,0.0018957568099722266,0.7328258752822876
51,24443_996411f9_3,0.0013473979197442532,0.9694234728813171
52,142074_34e02b6d_1,0.00030031276401132345,0.9100605845451355
53,41501_b627682a_15,0.0022974414750933647,0.7992336750030518
54,24712_da77fe8f_0,0.0015398375689983368,0.9711900353431702
55,32960_0eaa1de8_26,0.0018223044462502003,0.9662470817565918
56,130757_b2c47f8d_2,0.00015809215256012976,-3.724851131439209
57,104817_6d73dc41_0,0.007014591246843338,0.2141069769859314
58,79243_49539d9f_0,0.0016702525317668915,0.9640164971351624
59,82012_c533307b_1,0.0004084584361407906,0.6195064783096313
60,107649_e651c5ca_1,0.00021763650875072926,-0.5176831483840942
61,40997_e3c88650_12,0.0011750670382753015,0.9698590636253357
62,143029_70554264_4,0.0013987728161737323,0.8087912797927856
63,27054_342fcf5c_3,0.0003225074033252895,0.6633982062339783
64,41648_577daf16_17,0.0003482430474832654,0.8681726455688477
65,89720_4e65191c_1,0.0015700171934440732,0.9619660377502441
66,75382_1b589ea9_12,0.0001329230872215703,0.6200246214866638
67,120371_433ba1ca_2,0.0011546638561412692,0.8992994427680969
68,49024_b7f02205_13,0.0016087035182863474,0.9289457201957703
69,51022_47816098_7,0.006153077352792025,0.9368171095848083
70,41634_4f5d0edb_0,0.0001975988270714879,0.6048791408538818
71,23170_6ea8ded5_3,0.0021866241004318,0.9634066820144653
72,69589_cd2fa794_8,0.004702041391283274,0.6925508975982666
73,41504_85e300ee_0,0.002620588755235076,0.6421858072280884
74,128996_42176b10_0,0.0021654481533914804,0.8247327208518982
75,38920_e81879c2_7,6.503896292997524e-05,-77.22372436523438
76,148051_c59af578_6,0.0003318331146147102,0.990962564945221
77,65494_16d62db5_0,0.0002976662653964013,0.6011260747909546
78,25473_0991d519_0,0.0016607251018285751,0.9609835743904114
79,75270_25a261ef_5,0.0013358279829844832,0.8667116761207581
80,49613_1b97c07b_12,0.0001876331225503236,-0.9928241968154907
81,115633_a2c63339_1,0.0003604295779950917,0.8933920860290527
82,52366_63042db4_1,0.002598211634904146,0.9408655166625977
83,30282_88c6933c_5,0.001493230927735567,0.8213605284690857
84,53474_f29e4438_12,0.0022077637258917093,0.9277209639549255
85,24026_1dd4094b_21,0.002024601912125945,0.7690539360046387
86,21225_c081eae3_2,0.0022617981303483248,0.7010371088981628
87,35057_9af89947_8,0.0007707977201789618,0.38082897663116455
88,43529_4804941b_20,0.0009063585312105715,0.9723785519599915
89,22103_fd11c71b_3,0.0007294528768397868,0.9089135527610779
90,51536_a18dc325_0,0.001431165263056755,0.9240452647209167
91,24230_636208ab_13,0.0008286183583550155,0.491161584854126
92,41117_1b3271f2_56,0.014586389064788818,0.7747630476951599
93,140499_419d5823_0,0.0006159896147437394,0.9467521905899048
94,115524_a949e82c_2,0.0001298904389841482,0.4940231442451477
95,29833_0ed4880f_3,0.0025558508932590485,0.9540141224861145
96,127556_4823a42a_6,0.0013668360188603401,0.7704019546508789
97,23960_48cc0f21_19,0.00018783089763019234,-1.6339190006256104
98,132987_ba18d2eb_11,0.000382856436772272,0.2668808698654175
99,51337_f8636fd9_30,0.0003499577578622848,0.6045942902565002
100,40999_cad6be09_18,0.0034302016720175743,0.9189016819000244
101,136886_99fbdef3_0,0.0002331205178052187,0.5999521017074585
102,30447_4ed3b778_7,0.01242221798747778,0.9542334675788879
103,55811_bc667b2d_13,0.0021986078936606646,0.1629946231842041
104,41716_d55164d4_1,0.0004652689676731825,0.8371692299842834
105,33610_aa697fc9_6,0.0006028373609296978,0.955502986907959
106,55095_fa260d33_6,0.004800489638000727,0.8734622001647949
107,115639_bc0cc622_0,0.007197744678705931,0.47300446033477783
108,20841_1620ae7d_0,0.0012427279725670815,0.8289088010787964
109,50823_d1830e58_2,0.0033142671454697847,0.3439204692840576
110,109762_cb162371_48,0.0007901990902610123,0.7223221063613892
111,41387_5f752e39_23,0.0024498722050338984,0.9093993902206421
112,121540_629c716f_0,0.0011829212307929993,0.9499245882034302
113,118539_1dff9cf9_12,0.0001733754761517048,-11.679865837097168
114,30714_dafa62f6_2,0.006379212252795696,0.9165405035018921
115,79633_bbbde75f_0,0.00283915176987648,0.9307568669319153
116,33059_531cfd5e_11,0.0023039556108415127,0.6229416728019714
117,20697_d3e106b4_4,0.00013378581206779927,-0.12360429763793945
118,136062_0027ff97_6,0.0010571981547400355,0.9024638533592224
119,146291_6b0c8db3_1,0.009744933806359768,0.7732100486755371
120,45466_5f662bcb_0,0.00019837864965666085,0.5915404558181763
121,144500_7f600ab6_0,0.0006943104090169072,0.9357951879501343
122,44996_b3e9c266_4,0.00030590014648623765,0.935388445854187
123,40713_4c9264ef_0,0.0008071883348748088,0.8923021554946899
124,132384_0fcab1fa_13,0.0004016200837213546,0.5679464936256409
125,33738_77d49563_2,0.0002463909622747451,0.7136030793190002
126,129422_621d0a90_33,0.0005018103984184563,0.7638260126113892
127,115633_fd3c9b97_32,0.00013021657650824636,0.4664137363433838
128,69337_a122ffde_1,0.0007360422750934958,0.924771249294281
129,37241_29f91452_0,0.0009541863691993058,0.97792649269104
130,141199_9ae000ef_6,0.003200085833668709,-1.7049849033355713
131,147133_92c04b84_4,0.0007948890561237931,0.30088526010513306
132,77687_cbb18594_50,0.002379419282078743,-0.6423808336257935
133,144290_2a679085_11,0.00011000844096997753,0.6760091781616211
134,130825_c59bbbfb_0,0.0021665163803845644,0.9445571899414062
135,82512_252da752_6,6.379634578479454e-05,-97.69977569580078
136,115624_d0acb46b_24,0.0021822494454681873,0.9763222336769104
137,92134_52f13f49_7,0.000493824714794755,0.6901739835739136
138,100326_0602c712_7,0.0004916185280308127,0.22505253553390503
139,134630_f9e85072_0,0.0009897392010316253,0.7721545100212097
140,108943_b07b2543_1,0.0011836342746391892,0.8048156499862671
141,125416_ab456bc3_5,0.003524795640259981,0.7007392644882202
142,57222_33b428d7_69,0.0007562039536423981,0.24368160963058472
143,24650_dad8c8ee_13,0.0019423941848799586,0.9655820727348328
144,41749_14d0599c_1,0.002172637963667512,0.6768069267272949
145,49396_98ab955d_27,0.0002303131332155317,0.8496355414390564
146,136892_e2a0b32c_4,0.00014096034283284098,-2.6246113777160645
147,31962_e5291336_28,0.0016756682889536023,0.9634296894073486
148,34231_e27353cb_0,0.0003450720978435129,0.6371883153915405
149,112724_d334de09_0,0.003652338869869709,0.9432333707809448
150,56486_82b3e23a_21,0.00011161190195707604,-0.29787397384643555
151,40500_6055e3d7_17,0.00013816941645927727,-3.6481194496154785
152,39468_15fb2e60_43,0.00027981921448372304,0.5434170961380005
153,141710_17531562_7,0.0017574982484802604,0.9503290057182312
154,33529_756075a0_12,0.0009483885951340199,0.8142101764678955
155,54169_3a875f10_8,0.0036272252909839153,0.9043283462524414
156,41023_5445cb61_9,0.000886704889126122,0.22016644477844238
157,146380_5c569eeb_2,0.0019889692775905132,-0.06901741027832031
158,24195_9791f5d3_38,0.00013134203618392348,-1.590003490447998
159,26573_7f7e176d_2,0.017985031008720398,0.8404785990715027
160,22734_f6bad9f7_25,0.007979920133948326,0.8714253902435303
161,48112_9538e204_0,0.0011522596469148993,0.9771275520324707
162,127545_6fa39158_10,0.006913353223353624,0.9462399482727051
163,23788_5c0b60c6_0,0.00036864986759610474,0.8064264059066772
164,23792_5b4c1ce0_21,0.004689887631684542,0.8520151376724243
165,146067_46e58ab3_1,0.010633569210767746,0.9325353503227234
166,101072_dec6f415_3,0.00049019226571545,0.7752999067306519
167,22829_b6649a29_0,6.086848225095309e-05,-0.009265780448913574
168,55389_a736bd99_0,0.003111629281193018,-0.6528815031051636
169,30259_d709601c_9,0.013007456436753273,0.6294469237327576
170,35866_d0233b36_13,0.00010358643339714035,-0.0999370813369751
171,34563_52848c45_5,0.00029123813146725297,0.8821145296096802
172,44519_90af0df6_7,0.0027013239450752735,0.2119910717010498
173,114111_59282658_8,0.00043228460708633065,0.8520798683166504
174,45922_26941172_15,0.005666378419846296,0.9051461219787598
175,41303_bd1def52_3,0.0008797366754151881,0.7775560617446899
176,22053_de30641b_1,0.00016164992121048272,-1.4745261669158936
177,22298_51433023_4,0.0018105503404513001,0.9605521559715271
178,23479_81a49137_0,0.002690722234547138,0.022524893283843994
179,22225_a3ce4d29_37,0.004976699128746986,0.9310973882675171
180,135669_490cd2d7_14,0.010973833501338959,0.41139858961105347
181,32173_8b075b1a_4,0.002951904898509383,0.9521862268447876
182,145119_24107428_5,0.0019710513297468424,0.8504894375801086
183,41774_88a7a483_36,0.00018489622743800282,0.9049731492996216
184,133549_1b6c58d6_0,0.0020294992718845606,0.9568052887916565
185,40936_6de8f4f4_0,0.01696724444627762,0.894154965877533
186,23008_3d1bb7b2_0,0.004644508007913828,0.9333604574203491
187,38360_ad61c9b2_1,0.0007117890054360032,0.5375357866287231
188,136109_3d342d3c_2,0.0018260135548189282,0.9265897274017334
189,135790_a27f9deb_11,0.00023120002879295498,0.7132906913757324
190,140249_7c1c5bba_0,0.00037389423232525587,0.544863224029541
191,128996_a3d026d6_0,0.0024783590342849493,0.49212008714675903
192,23235_f9ccb8b0_0,0.0007107894634827971,0.439461886882782
193,93671_f7290ded_0,0.0006304632406681776,0.6264078617095947
194,51109_97b211c3_7,0.00045638420851901174,0.9442218542098999
195,51916_fa226b15_13,0.0001404648064635694,0.6964938640594482
196,86268_094d3fab_1,0.0006972249248065054,0.9860584139823914
197,39637_ca6a9a60_1,0.0032802398782223463,0.5943296551704407
198,47219_93cb3619_3,0.024936126545071602,0.5607876777648926
199,47878_0edb6829_0,0.0024254971649497747,0.9568638205528259
200,26764_ab35159a_6,0.0024827998131513596,0.9008975028991699
201,34341_d19b12fb_12,0.00013818786828778684,0.8478299379348755
202,118342_c702e084_6,0.0024891123175621033,0.9431403875350952
203,49886_dd68dccb_4,0.0017955534858629107,0.8640483617782593
204,23493_57512264_5,0.00019667019660118967,0.379974365234375
205,31751_e37382e1_5,0.002228331519290805,0.9429221749305725
206,24338_848cab42_6,0.006803994067013264,0.46245795488357544
207,24916_42eacca3_10,0.00044750774395652115,0.7582247853279114
208,137485_a953e1be_2,0.0010590841993689537,0.9788235425949097
209,23706_ef15ef9c_18,0.0029709083028137684,0.8029311895370483
210,143671_eaf4d13b_6,0.0056617362424731255,0.9136165976524353
211,53470_39f2e9dc_13,0.0006629077834077179,0.15990138053894043
212,145772_59253c6d_3,0.00020429967844393104,0.7121224999427795
213,51893_d531e2bd_2,0.0011407227721065283,0.9751626253128052
214,39389_d641313f_8,0.006947552785277367,0.7349082827568054
215,51595_41f3d1a3_5,0.00044103068648837507,0.5813026428222656
216,51674_a70c1c6c_15,0.0002481087576597929,0.05477797985076904
217,37617_3f415463_5,0.00019559312204364687,0.8516494035720825
218,31862_a89f21f9_3,0.001927958452142775,0.9427046775817871
219,40519_55a097c6_11,0.0035433133598417044,0.7934054136276245
220,111306_9108c940_0,0.00209406903013587,0.5992573499679565
221,136640_16741d62_4,0.0004656475211959332,0.6831251382827759
222,23155_d7305c5f_2,0.01470334455370903,0.7021746635437012
223,43934_912ff891_41,0.00015642281505279243,0.25433701276779175
224,57017_6033d1e5_0,0.0005220327293500304,0.9737184643745422
225,126913_d253adb7_1,0.0006529066013172269,0.7388929128646851
226,130752_52d74f2f_48,0.001972211292013526,0.8670522570610046
227,124177_71283cad_0,0.0010414320277050138,0.9196944832801819
228,24650_dad8c8ee_18,0.0024979666341096163,0.9361463189125061
229,55199_4d57661f_2,0.004843580070883036,0.7100321054458618
230,115010_eb737aaf_20,0.002184768207371235,0.9581637978553772
231,27855_19c5895a_12,0.00211269105784595,-0.10809910297393799
232,52772_a6e6e320_0,0.00038734934059903026,0.48017990589141846
233,90917_3d2d21a9_0,0.0051498147659003735,0.8822182416915894
234,40703_5f4e45d4_7,0.0007788405637256801,0.9845495223999023
235,132622_911efd2f_1,0.009378010407090187,0.8596255779266357
236,43441_e1ab0873_6,0.03597394376993179,0.43209290504455566
237,34917_61633e20_6,0.001277945120818913,0.9722942113876343
238,67221_275ba7e6_4,0.0024016641546040773,0.9518246650695801
239,130719_e4764a36_10,0.00045090194907970726,0.016755998134613037
240,136318_130d6a06_20,0.0027999768499284983,0.7446098327636719
241,99636_73c43ebd_10,0.000573004421312362,0.9845387935638428
242,29377_3a04cb8d_6,0.0016060021007433534,0.7657020092010498
243,23018_63087a41_47,0.0012607929529622197,0.9654890894889832
244,26165_100fec74_4,0.00012881107977591455,0.5946968793869019
245,135934_d2f6bb2e_46,0.0004965182160958648,0.7589716911315918
246,24039_448afafa_5,0.002223605290055275,0.8928341865539551
247,32775_a79b406b_14,0.004753265529870987,0.39434951543807983
248,23686_cba4f679_0,0.0022217705845832825,0.7892925143241882
249,35147_bc9f2c5d_0,0.003902532858774066,0.3700099587440491
250,136337_1351909b_2,0.011712216772139072,0.7218054533004761
251,139222_2c10ca9a_1,0.0012559725437313318,0.8919525146484375
252,139379_fe5c3f64_0,0.000884903478436172,0.9673761129379272
253,33084_344fec27_2,0.0014417343772947788,0.9728614091873169
254,24775_d5c98d77_0,0.00013073049194645137,-3.0299811363220215
255,56344_3a89f085_23,0.0009596646414138377,0.9110580086708069
256,135112_cf8007b8_5,0.005374845117330551,0.8676559925079346
257,50706_20d07d57_2,0.009087879210710526,0.9129135012626648
258,51744_cd355565_5,0.003876189701259136,0.8839008212089539
259,51464_da501c24_0,0.0038134620990604162,0.24836355447769165
260,126572_a2d6f794_23,1.2293277904973365e-05,0.5745338201522827
261,70021_e673ae54_2,0.00014665826165582985,0.7886894941329956
262,25144_31b089b6_5,0.0010297690751031041,0.533565104007721
263,24715_55aac5f2_2,5.431705722003244e-05,-3.5218896865844727
264,24532_f82f8000_2,0.0026074836496263742,-1.1108579635620117
265,30664_a3084f71_1,0.0016873057466000319,0.2945581078529358
266,81145_5c13a8e9_1,0.00023598826373927295,0.75896155834198
267,132037_2abb8c63_10,0.00010312345693819225,0.5259608030319214
268,50414_ac159b58_2,0.001055527594871819,0.9616389274597168
269,21601_360ce1c7_7,0.0016828904626891017,0.9694159626960754
270,22119_27e3ecbe_9,0.0016305608442053199,0.9494372010231018
271,145120_74f7316f_0,0.00736223254352808,0.6671426296234131
272,74574_c302ff1f_0,0.00038353452691808343,0.496255099773407
273,52443_085efc00_4,0.0004162302066106349,0.8639969825744629
274,147546_ede0f31c_3,0.010189457796514034,0.7796556949615479
275,22492_047b125b_21,0.0037330968771129847,0.913357138633728
276,72313_5a86e234_0,0.020989129319787025,0.5990546941757202
277,45589_49e3c7ea_2,0.0005668562953360379,0.9829069972038269
278,83432_a7f85698_0,0.0014622450107708573,0.9671562910079956
279,32775_a79b406b_0,0.00012600964691955596,-0.21348464488983154
280,121703_69c4a5ac_3,0.0001418870233464986,0.4858994483947754
281,80901_e9080573_6,0.001034884131513536,0.9596135020256042
282,21809_8bd6b10e_3,0.007139436434954405,0.8428608775138855
283,49396_98ab955d_15,0.0014991783536970615,0.857054591178894
284,33766_14917a4a_19,0.0026781728956848383,0.9404111504554749
285,26661_ab88a525_8,0.0004082075320184231,0.988556444644928
286,44030_17bd5ec9_0,0.0009911746019497514,-0.21845757961273193
287,53221_74fa81cd_7,0.0007166487630456686,0.3805167078971863
288,21887_3306168f_7,0.004247435834258795,0.5767863988876343
289,86185_85fde9e6_0,0.000942323065828532,0.8559844493865967
290,87951_500b1dcd_2,0.00029343561618588865,0.6858761310577393
291,22276_69c5036b_11,0.0036154151894152164,0.9054073095321655
292,41721_44151488_5,0.0018456941470503807,0.8290994763374329
293,102293_5d04e48d_0,0.013588346540927887,0.355288565158844
294,77687_cbb18594_20,0.0002572402881924063,0.6431722640991211
295,133248_1bab99ae_0,0.003295626025646925,-0.4527815580368042
296,24051_4852a192_2,0.0010684188455343246,0.9633282423019409
297,86806_2993395a_1,0.00030888128094375134,0.737780749797821
298,38558_b0d6b3f8_1,0.002533587859943509,0.9479988217353821
299,140549_7d01813c_0,0.013732296414673328,0.5643845796585083
300,24559_3c306e71_1,0.001133238896727562,0.8256974220275879
301,70350_751de4b0_13,0.007513418793678284,-2.0605499744415283
302,39101_23fec10f_8,0.0025424757041037083,0.7295090556144714
303,24942_9d1b2ff2_8,0.00364555511623621,0.9575085639953613
304,30850_05d88af9_3,0.006776903755962849,0.8873081207275391
305,113358_08641c94_4,0.003729784395545721,0.8840998411178589
306,21234_8b71bd47_27,0.0006411880603991449,0.7680326700210571
307,26245_4aac38e1_21,0.0005700848996639252,-0.322674036026001
308,66072_d301cc88_0,0.0008038485539145768,0.652372419834137
309,21894_93f0d052_23,0.0011895521311089396,0.8825045824050903
310,147816_7fb70c2b_2,0.0006753150373697281,0.9291670918464661
311,49120_4131d1e7_1,0.0003402360016480088,0.9318824410438538
312,52224_ca16c854_4,0.0032918364740908146,0.5299258232116699
313,105762_19e04e0b_1,0.00023702510225120932,-0.8711053133010864
314,30400_8824ce97_36,0.002036801539361477,0.7066245079040527
315,95199_ffcff41e_0,0.000228208489716053,0.7661828994750977
316,50417_199cffee_3,0.0006443774909712374,0.4984820485115051
317,24544_d06c82dd_5,0.0021536671556532383,0.9643585681915283
318,22604_565b91f5_2,0.0009795568184927106,0.9591297507286072
319,22788_b6a9e30a_4,0.0004534666077233851,0.8866815567016602
320,45789_d5126eab_14,0.0013122331583872437,0.7319445610046387
321,37267_b2be4b50_3,5.934232831350528e-06,0.40288031101226807
322,34330_5eff1ee1_3,0.0015301582170650363,0.8214238286018372
323,137999_d934160e_1,7.188400195445865e-05,0.4439389109611511
324,134921_f5efde94_27,0.00019604666158556938,0.8197541832923889
325,53470_39f2e9dc_8,0.0001531369489384815,-0.7179938554763794
326,23497_f292546d_25,0.005433014594018459,0.7741946578025818
327,22289_4b848f64_2,0.000927124812733382,0.8744342923164368
328,31392_84b62622_2,0.0014946669107303023,0.8754329085350037
329,51347_1fc6f329_0,0.0019266281742602587,0.5671918392181396
330,50777_2934de55_6,0.0005743723595514894,0.9795083403587341
331,32841_954e8c1a_0,7.811397517798468e-05,0.9194099307060242
332,31530_6744ae73_3,0.0011265309294685721,0.9834649562835693
333,65827_d1469ad6_1,0.0002654953277669847,-0.9868655204772949
334,145461_30637b22_8,3.86726351280231e-05,-0.5457791090011597
335,31973_093ea963_13,0.0005321434582583606,0.7928415536880493
336,70355_e5f58cd5_14,0.0007662188145332038,0.9252746105194092
337,77687_cbb18594_40,0.00023301246983464807,-0.02947413921356201
338,24392_fce351ea_0,0.0004653251962736249,0.7505395412445068
339,36853_7efccb8c_3,0.0008478262461721897,0.8842835426330566
340,41644_d15f8e2b_5,0.00019272282952442765,0.006853282451629639
341,131762_9b5e5ff5_2,0.0024258443154394627,0.8535049557685852
342,82193_96ef9433_2,0.0021829865872859955,0.9659810662269592
343,31347_386f6298_15,0.00252830539830029,0.9405514597892761
344,34568_fbe47bf9_0,0.0002725456142798066,0.2198253870010376
345,115624_fe3eb392_3,0.006189483217895031,0.8583539128303528
346,130446_e7b58dbe_0,0.01271144300699234,0.4871469736099243
347,104641_2cd02839_33,0.00013577895879279822,0.703370213508606
348,31460_39fdfc6a_7,0.0028031677938997746,0.3690441846847534
349,95541_ced8f936_0,0.0008749559638090432,0.9811426401138306
350,23126_725969ea_17,0.001697532250545919,0.8206471800804138
351,23676_52069f98_5,0.00010565557749941945,0.6021208167076111
352,137637_ed9c537d_0,0.0008691924158483744,0.7850795984268188
353,22474_b10fea1a_2,0.001244424027390778,0.9698576927185059
354,143017_21d96cc2_10,0.0016843123594298959,0.7571911215782166
355,105270_34f92afd_1,0.0004166102735325694,0.415672242641449
356,95622_0a0787e4_4,0.002241650829091668,0.966519296169281
357,55854_13f0399b_0,0.0029990486800670624,0.9354512095451355
358,22118_1e09e0eb_5,0.0032069780863821507,0.8632254004478455
359,146717_3e6a84c1_7,0.002769449958577752,0.9584875106811523
360,63132_330141d7_3,0.000454991270089522,0.9077252745628357
361,115633_fd3c9b97_46,0.0006457187701016665,-0.33001863956451416
362,21644_aa203dc5_29,0.000652450486086309,0.8398533463478088
363,79791_00f639ca_15,0.0009744230192154646,0.9835947155952454
364,60711_42b5a13e_1,0.0009070768719539046,0.8995475769042969
365,137483_cdb8989d_0,0.0005115977255627513,0.9893184304237366
366,21644_aa203dc5_26,0.0013351835077628493,0.769559919834137
367,131876_b2384623_0,0.0012053344398736954,0.22175604104995728
368,23706_ef15ef9c_10,0.0010583088733255863,0.8380960822105408
369,68948_0d2a01cd_9,0.005349571350961924,0.8499610424041748
370,145137_4e9eef42_1,0.0014064839342609048,0.7171217799186707
371,30426_2cde26de_20,0.005958981812000275,0.9321919679641724
372,31378_34c52a73_0,0.0002969617198687047,0.9175584316253662
373,92134_52f13f49_4,0.0007629801402799785,0.48507028818130493
374,119634_fc722479_1,0.0032590227201581,0.955160915851593
375,24032_d6172503_24,0.0013725850731134415,0.425322949886322
376,136401_69f29349_4,0.0001717270934022963,-1.664520263671875
377,41871_f9a1ad02_26,0.001481691375374794,0.8874936103820801
378,48220_87941c4e_116,0.002465606899932027,0.6351333856582642
379,115012_9ed88535_2,0.0019430575193837285,0.22392207384109497
380,69488_025cf0a2_1,0.012661712244153023,0.914167046546936
381,147427_69f68da4_3,0.0001199306279886514,0.667596697807312
382,33766_14917a4a_32,0.004069576505571604,0.8536084890365601
383,51747_3d58eae0_0,0.0007526517147198319,0.8989393711090088
384,33785_a4c23f61_0,0.024271639063954353,0.9084333181381226
385,114935_797875fe_2,0.0031863884069025517,0.884078323841095
386,51775_49ef614a_26,0.0001379178575007245,0.754784345626831
387,38196_ea48fa42_3,0.00011104100849479437,-0.2989901304244995
388,140413_44177109_21,0.00013513266458176076,-1.473045825958252
389,27676_79237cc5_1,0.0005433510523289442,0.82224440574646
390,52883_e518d3f4_33,0.0012484606122598052,0.9754064679145813
391,34347_841c5375_2,0.00012069390504620969,-1.4539732933044434
392,55289_292737cb_0,0.0014021950773894787,0.9730803370475769
393,50606_82cb18e2_0,0.0006300759268924594,0.9752368927001953
394,30407_efa567f2_4,0.0009236259502358735,0.9777292609214783
395,31647_ab9ad9dc_13,0.0008708734530955553,0.9156310558319092
396,24896_58b4730f_17,0.0006339284591376781,0.8817627429962158
397,23602_5daaccf5_4,0.0021096854470670223,0.8526476621627808
398,27725_5cceaeb7_10,0.00024736288469284773,0.4860982298851013
399,127734_395dcf7d_5,0.0016273964429274201,0.7353742122650146
400,31957_d864f861_3,0.003986982628703117,0.18751811981201172
401,49415_1671b60c_4,0.0012284269323572516,-0.14862143993377686
402,45110_fae73324_4,0.0005554683739319444,0.9703569412231445
403,22343_34184fd5_18,0.00013444591604638845,0.488156795501709
404,22848_cc91b848_38,2.726213824644219e-05,-30.42589569091797
405,73652_23b21ef2_1,0.0027012028731405735,0.9456825852394104
406,65569_bd890a32_1,0.0006805331795476377,-5.527556896209717
407,48220_87941c4e_111,0.004177839960902929,0.26830536127090454
408,30394_e30f932c_0,0.003467682981863618,0.8015879988670349
409,21941_1a683ec2_26,0.0010920235654339194,0.9543989896774292
410,25564_e646fcb3_1,0.0002480289258528501,0.1623743772506714
411,134053_87a32e31_3,0.00012297990906517953,0.6644307374954224
412,87950_af56e26e_2,0.0014046732103452086,0.8971914649009705
413,51458_54240b70_17,0.0002265412622364238,0.7497749328613281
414,40688_effe215a_1,0.0018227837281301618,0.9548620581626892
415,131494_c8a441d0_0,0.0010695467935875058,0.7917273044586182
416,26768_c4df841f_21,0.0005502264830283821,0.3554724454879761
417,136892_2d5f55a9_0,0.0031589833088219166,0.3072711229324341
418,54652_d60ac3e0_10,0.004542945884168148,0.7535308599472046
419,51747_3d58eae0_1,0.0009363402496092021,0.6172279119491577
420,54650_df3655c1_0,8.238591544795781e-05,0.09766250848770142
421,41125_711db4bf_58,0.0011507795425131917,0.8719953894615173
422,45418_f603706b_2,0.0005137523985467851,0.8700552582740784
423,21852_6cf9a734_18,0.013296280987560749,0.8863556981086731
424,122515_758d8b70_6,0.0001835697185015306,-150.5894775390625
425,104081_05ba54fa_2,0.000852918834425509,0.6417905688285828
426,41672_cf87e0b6_0,0.0006910458905622363,0.8933449983596802
427,22638_37f9fe91_1,8.103011350613087e-05,0.760610818862915
428,24559_3c306e71_3,0.0017916535725817084,0.674575686454773
429,31589_ac31215d_8,0.0005158086423762143,0.727049708366394
430,49603_143b8bd2_35,0.004150072578340769,0.6715396642684937
431,127965_c64a91da_0,0.0009844180895015597,0.7452268004417419
432,36062_f2fb6808_1,0.00016723795852158219,-0.5456136465072632
433,139280_8874b1ab_18,0.00028925316291861236,0.7220524549484253
434,30997_24dea167_4,0.0018653637962415814,0.8317434191703796
435,143471_eb185912_5,6.896517152199522e-05,0.2938649654388428
436,23176_1bf2a2d5_10,0.007134638726711273,0.70502769947052
437,98299_b8146029_5,0.0007943486561998725,0.9312065839767456
438,23466_1cf60d09_4,0.002292271703481674,0.9359034895896912
439,41591_2d0bd0d5_3,0.002301046159118414,0.9191105961799622
440,134929_9049dcec_1,0.0004652537463698536,0.7505214214324951
441,41785_e8bf0528_0,0.0016615852946415544,0.9275967478752136
442,31460_39fdfc6a_6,0.0009395249071530998,0.9798796772956848
443,133710_00be7f31_1,0.007343977224081755,0.15732795000076294
444,24532_f82f8000_0,0.0003995021106675267,0.912124752998352
445,21234_8b71bd47_3,0.0003488015499897301,0.47199487686157227
446,35175_6edc4126_5,0.0015076643321663141,0.9563119411468506
447,20495_e8e7e80c_1,0.0006928194779902697,0.19216936826705933
448,76546_c17e95aa_2,0.00013509450946003199,0.20535016059875488
449,41654_e75f89df_0,0.0010655740043148398,0.942164957523346
450,109772_f1a0845e_6,0.0002787066623568535,0.8389581441879272
451,34913_d23e2a24_0,0.0013245469890534878,0.9264103174209595
452,25203_1cc0cb3c_12,0.0022432932164520025,0.9625614881515503
453,37160_2a95674a_4,0.001523881684988737,0.9005233645439148
454,69240_dc199112_4,0.0010047522373497486,0.809150218963623
455,25176_d9130589_0,0.000901194813195616,0.8815603256225586
456,69235_fe79a369_0,0.0005477232043631375,-0.23010241985321045
457,39468_15fb2e60_9,0.0023151838686317205,0.6641256809234619
458,103284_e25015aa_6,0.0003957692824769765,-2.1542282104492188
459,30377_e18ea3de_0,0.00033156474819406867,0.7313901782035828
460,66080_f578d52b_4,0.0007799658924341202,-3.00880765914917
461,37444_52b27e94_14,0.00179279875010252,0.7269656658172607
462,38675_6e07d74b_31,0.0016533045563846827,0.947685956954956
463,21680_360ba5c7_28,0.0011000734521076083,0.9198498129844666
464,142032_5c32b7db_2,0.0007588344160467386,0.9860267043113708
465,44210_a155c2d1_0,0.006484628189355135,0.8556494116783142
466,38287_88ec74de_92,0.0004204004071652889,0.9379366636276245
467,29572_2f9283f2_4,0.001126822899095714,0.9160627126693726
468,28300_b3a6ab79_10,0.0013840363826602697,0.9521428942680359
469,136129_e6a20c7d_5,0.0003126670198980719,0.5202667713165283
470,119381_e4d13609_0,0.0015905670588836074,0.9398216009140015
471,30729_b4d83b07_4,0.00013627794396597892,-1.7984428405761719
472,140413_44177109_11,0.0016961422516033053,0.9202272295951843
473,26384_83eddf22_0,0.0020974017679691315,0.8398645520210266
474,82285_e7a738e7_2,0.004529923666268587,0.6226848363876343
475,108599_347602af_0,0.0020565770100802183,0.936046302318573
476,119889_41a6f268_1,0.0005224773194640875,0.22894740104675293
477,55006_94230c00_1,0.0020692513789981604,0.9353076219558716
478,21517_bfe35b4c_10,0.0002702549973037094,0.8758092522621155
479,20818_098cad7c_6,0.00026864121900871396,0.712315559387207
480,41855_b82e6ae8_6,0.0008882323745638132,0.8973225355148315
481,137166_90691294_8,0.00011627127969404683,0.9227854013442993
482,69561_f274e705_26,0.0012416853569447994,0.9401366114616394
483,51579_d0c3e154_0,0.0019312287913635373,0.9182799458503723
484,23676_52069f98_4,0.0021503593306988478,0.9322894811630249
485,31962_e5291336_1,0.0016070053679868579,0.9524538516998291
486,57222_33b428d7_1,0.00028071796987205744,0.7915962338447571
487,51586_2ad96f8c_17,0.00010818795999512076,-0.3012998104095459
488,41473_c2137170_32,0.0007941352087073028,0.8762310147285461
489,31123_9a1bfc50_2,0.0014608310302719474,0.8896834254264832
490,23211_3aac9c7e_0,0.0008285524672828615,0.8447558879852295
491,45798_b573e9da_5,0.008134047500789165,0.5807019472122192
492,27847_d2436f7c_37,0.00027255158056505024,0.6849824786186218
493,54736_6ee1b513_1,0.0007339846924878657,0.3658713102340698
494,132901_7d205bb4_9,0.0007907543913461268,-4.242845058441162
495,73762_8c704690_0,0.003508763387799263,0.5268430709838867
496,23209_1592b0a4_1,0.0011713239364326,0.9187684655189514
497,49024_b7f02205_2,0.00014979662955738604,0.6202170848846436
498,147630_7f858240_15,0.0007628398016095161,0.8656042814254761
499,69337_2c778611_11,0.0003735063364729285,0.7801439762115479
500,82498_92a00cd6_1,0.0010710960486903787,0.6681298017501831
501,78775_e2d8b091_1,0.0009451063815504313,0.8718109130859375
502,40067_95ae6c76_9,0.0010777799179777503,0.8845391273498535
503,80756_6f2e842f_0,0.0008713538991287351,0.8227071166038513
504,25284_1da7aa8a_0,0.00048589121433906257,0.9038515090942383
505,55605_2f8bc12e_62,0.0011105730663985014,0.9620180726051331
506,39792_60786b6c_15,0.0026281257160007954,0.9472394585609436
507,34063_0ca1585e_2,0.00123533234000206,0.1992713212966919
508,31664_1e85c690_13,0.002234653104096651,0.9361045360565186
509,131193_98f3ac52_1,0.0005394304171204567,0.7587302923202515
510,120221_e2eaa34b_2,0.0017075701616704464,0.41406679153442383
511,130286_1f71bfed_3,0.0015543727204203606,0.536936342716217
512,118342_e8142153_21,0.00031336414394900203,0.8841955065727234
513,128043_9f8cd69e_1,0.000254330865573138,0.6496186256408691
514,41504_85e300ee_1,0.00011273796553723514,0.5145533084869385
515,78863_d59be42e_0,0.0035035538021475077,0.5788219571113586
516,31733_5118b376_3,0.004502116236835718,0.9678724408149719
517,22208_e177deb7_5,0.0013583514373749495,0.675491213798523
518,24026_1dd4094b_43,0.0004285886825527996,0.6251683235168457
519,73388_10a40b49_1,0.00308997486717999,0.8180987238883972
520,138219_cdff4f61_0,0.0014546946622431278,0.03995943069458008
521,49399_dc56d180_1,0.0015321101527661085,0.9713459014892578
522,41306_8f26e703_3,0.00034566695103421807,0.8808612823486328
523,51590_034b8b08_14,0.006401871331036091,0.8917362689971924
524,48402_8c965495_4,0.00013211515033617616,0.8099532127380371
525,26388_a3367cba_0,0.003256907220929861,0.5940290689468384
526,28300_b3a6ab79_6,0.0012269060825929046,0.958952009677887
527,43938_418421a7_0,0.0006654598983004689,0.6983468532562256
528,41520_60018d18_0,7.946856931084767e-05,0.4278183579444885
529,137869_344b239b_0,0.000890705268830061,-1.0951831340789795
530,41648_577daf16_0,0.004083337727934122,0.8252093195915222
531,31347_386f6298_10,0.00143328623380512,0.9728755950927734
532,82190_24b1b0fe_12,0.0012415549717843533,0.7825672626495361
533,33741_4a973932_1,0.0014733513817191124,0.7557318210601807
534,42005_3da46d94_0,0.000829822791274637,-17.58119773864746
535,132982_ee1eed2f_0,0.0012424326268956065,0.9469447135925293
536,23898_6e740393_29,0.0015919507713988423,-2.1368560791015625
537,105831_88a0fb85_6,0.0012121315812692046,0.9735637903213501
538,31278_749a6317_0,0.0002605430781841278,0.843498706817627
539,51586_2ad96f8c_4,0.0003937128640245646,0.8202470541000366
540,57000_cd1ddece_14,0.00018508640641812235,0.9245583415031433
541,50692_e7ff2668_8,0.0018316485220566392,0.9348542094230652
542,65346_e89312e5_0,0.0003556255833245814,0.46255648136138916
543,38840_0e449caf_4,0.0023943791165947914,0.38163256645202637
544,29573_ca59fbbf_5,0.0039322711527347565,0.9603571891784668
545,30164_c5680724_12,0.003664642572402954,0.8066072463989258
546,138620_e21e10ee_0,0.00019257435633335263,0.8358837962150574
547,50305_caf9cef2_34,0.0016963756643235683,-1.9352648258209229
548,83396_fdb2987a_0,0.0025714454241096973,0.9072951078414917
549,28379_7e292343_4,0.002922968938946724,0.9355970025062561
550,33529_756075a0_32,0.003189632436260581,0.7629852294921875
551,109857_1d24326e_42,0.00014263277989812195,-6.107896327972412
552,22772_2b5f6629_6,0.0010036998428404331,0.9835285544395447
553,34600_e2685d46_2,0.0016350714722648263,0.940251350402832
554,122344_ab1b06aa_2,0.011224566027522087,0.7970815300941467
555,123573_5f5c9584_1,0.00047324266051873565,0.6181913614273071
556,35166_562b126c_20,0.0015669971471652389,0.9393453598022461
557,51350_138f893a_1,7.218839891720563e-05,0.3076055645942688
558,137785_67c3085b_16,0.0015890714712440968,0.960895299911499
559,50417_199cffee_12,0.005023859441280365,0.7572960257530212
560,22194_a5c323b9_3,0.0006558204768225551,0.8930045962333679
561,42329_df7f540f_18,0.0008136994438245893,0.9151293039321899
562,41779_25e4203d_6,0.0006721258396282792,-0.02399468421936035
563,51094_40aa8332_20,0.004529102239757776,0.8300164341926575
564,109762_cb162371_38,0.003129499964416027,0.8352574110031128
565,45922_26941172_9,0.0005657610017806292,0.9025949239730835
566,34587_ed155e93_0,0.00041299464646726847,0.9881341457366943
567,69589_a468c1b4_0,0.006120182573795319,0.8707765340805054
568,44921_00dfb467_0,0.00034564576344564557,0.9156895279884338
569,82672_4705a693_0,0.0007639130926690996,0.6596692800521851
570,26778_a71e88a6_0,0.00011138174158986658,0.6997642517089844
571,69488_7bfb2b67_0,0.0004210793413221836,0.9882993102073669
572,22686_afe3a61e_0,9.622899233363569e-05,0.4054754376411438
573,109772_5faa88e8_5,0.0007787719368934631,0.4672926664352417
574,43938_418421a7_147,0.0011500217951834202,0.8420127630233765
575,141694_b5ac3112_3,0.0025348227936774492,0.023007750511169434
576,31973_093ea963_16,0.00013487560499925166,0.9153182506561279
577,26858_e90dc419_25,9.121376206167042e-05,0.4721524119377136
578,131350_bbdad30d_0,0.0009445012547075748,0.46147751808166504
579,35741_c43475b8_1,0.0007391034159809351,0.7424241304397583
580,30690_3df2c9e2_1,0.0007813993724994361,0.9333782196044922
581,122758_5f4efbf0_2,0.002916717668995261,0.8080935478210449
582,37822_3be11c62_0,0.00022089769481681287,0.9060766696929932
583,91174_ee6ee92b_1,0.0009585777297616005,0.7754159569740295
584,23676_52069f98_31,0.004946171771734953,0.9501760601997375
585,27958_fee329eb_1,0.0004086336412001401,0.8891543745994568
586,144534_3b4fdb09_18,0.003470594761893153,0.030234217643737793
587,30292_0b5e0265_1,0.02841995656490326,0.6131184697151184
588,111062_e59e2d31_0,0.008871289901435375,0.8991829752922058
589,135790_a27f9deb_77,0.001881985692307353,0.6334365606307983
590,65842_de75838b_10,0.0006343526183627546,0.8672966957092285
591,22475_9d9601a8_3,0.00013601526734419167,0.24172353744506836
592,119884_192e3265_0,0.0052908072248101234,0.21035271883010864
593,51463_3330e3aa_2,0.002715547103434801,0.7182116508483887
594,23231_efe613bb_4,0.002483115531504154,0.8728196620941162
595,22895_4533b542_2,0.0012279241345822811,0.8113938570022583
596,146219_5661130f_4,0.0007761625456623733,0.9831559658050537
597,38953_19054857_19,0.0005801529041491449,0.4844266176223755
598,21847_b2de7eb8_24,0.0011527091264724731,0.9218828678131104
599,51603_034939eb_12,0.0014450891176238656,0.10925549268722534
600,24843_5231632c_4,0.0005136016407050192,0.6804674863815308
601,41982_f75ceb8f_4,9.986088844016194e-05,0.24034231901168823
602,42937_c573c439_2,0.000272613950073719,-0.14593899250030518
603,61288_2d594195_0,0.0022098009940236807,-2.6327059268951416
604,55006_94230c00_0,0.0003412969526834786,0.6601163148880005
605,49898_f42a885e_5,0.002740168711170554,0.9402761459350586
606,55709_af3825c8_4,0.0029465551488101482,0.9040969014167786
607,144117_83c980ca_2,0.0003152978024445474,-0.09758365154266357
608,40417_b8d98f73_7,0.00022205447021406144,0.8522382378578186
609,53200_d1e30b87_11,0.0009697859641164541,-0.06335890293121338
610,147009_977ee378_4,9.876642434392124e-05,0.12778693437576294
611,63056_a5dfd66b_4,0.0015075040282681584,-1.7237827777862549
612,22205_f48b96b3_10,0.0007473296718671918,0.8298128843307495
613,51585_b695905b_4,0.00247194804251194,0.9452659487724304
614,24084_71f37c00_1,0.0011287977686151862,0.7734580039978027
615,25815_0e853ad9_10,0.0010677248938009143,0.9332325458526611
616,55030_11a6e3e8_3,0.013320758007466793,0.8796311616897583
617,23042_1184de03_5,0.0010871458798646927,0.9683645963668823
618,39719_e9629dbd_4,0.00015066687774378806,-0.6572257280349731
619,51256_ed221095_2,0.0001689599739620462,0.8112525939941406
620,25810_93c8a71a_3,0.000983380596153438,0.962402880191803
621,22208_e177deb7_1,0.0016059245681390166,0.8876287341117859
622,115624_d0acb46b_22,0.0018514423863962293,0.9708589911460876
623,30708_4282508b_0,0.0001529974688310176,-1.3680839538574219
624,31117_cd5cdbdb_12,0.0005341918440535665,0.7693765163421631
625,41733_1ec9b00c_32,8.25892057036981e-05,0.7561927437782288
626,111387_c4243097_2,0.0001723716122796759,0.7658851146697998
627,119869_e8f0dd81_19,9.058100840775296e-05,0.9318307638168335
628,34569_590239d6_0,0.0022735854145139456,0.8956365585327148
629,136318_130d6a06_23,0.0002641135943122208,0.6712334156036377
630,145132_7aea3b66_4,0.003464503213763237,0.9546545147895813
631,41878_3aeaed3d_0,0.0018765605054795742,0.69483882188797
632,34583_a1cf326b_0,0.001899896888062358,0.9652285575866699
633,116581_d405b783_0,0.006715033203363419,0.9087650775909424
634,24044_9bbe7992_3,0.0009025075705721974,-0.12643110752105713
635,22194_a5c323b9_2,0.001404796028509736,0.8733956217765808
636,142076_08d80e12_21,0.00013743374438490719,0.3919445276260376
637,55817_6ac2912d_7,0.00018659583292901516,-1.012183427810669
638,21165_5cb2d287_2,0.0005703656352125108,-0.20184588432312012
639,39796_45dcdc7d_0,0.023393725976347923,0.6966049671173096
640,33044_7fdd9213_1,0.00573365855962038,0.8480604290962219
641,23731_3fe5b501_6,0.0003373709914740175,0.4814041256904602
642,32743_f4c47bbc_31,0.002304714173078537,0.785763144493103
643,108775_4908fba2_21,0.0009428671910427511,0.9162095785140991
644,21941_1a683ec2_19,0.0011705216020345688,0.9136090278625488
645,27682_04277f62_18,0.001678172149695456,0.9229317903518677
646,25815_0e853ad9_4,0.0015748130390420556,0.8983772397041321
647,30261_723e95cf_2,0.0014364458620548248,0.9394564032554626
648,21385_601444ba_102,0.0020999545231461525,0.9012216329574585
649,30368_d7fd30ce_7,0.0005746687529608607,0.7832767367362976
650,55605_2f8bc12e_3,0.011728312820196152,-0.9145684242248535
651,24650_dad8c8ee_15,0.0001408797688782215,-3.395376205444336
652,34227_48203345_7,0.0033390833996236324,0.9069088697433472
653,113348_ac85cba3_1,0.001466579269617796,0.842503547668457
654,26552_25c5924a_1,0.00042148062493652105,0.8386039733886719
655,55381_cbaffe9b_0,0.0004299590946175158,0.8809757232666016
656,55817_6ac2912d_25,0.0014400080544874072,0.9617304801940918
657,138947_0778db40_4,0.00029614739469252527,0.8841878175735474
658,52788_07f7da63_0,0.0015031849034130573,0.626854658126831
659,70355_e5f58cd5_6,0.0004320266598369926,0.27245402336120605
660,51744_cd355565_8,0.0024415969382971525,0.4994233250617981
661,41227_90e1c07c_16,0.0020475813653320074,0.9484363794326782
662,45359_1768ab3f_42,0.005543978419154882,0.41490495204925537
663,41783_d1c10326_3,0.00015177832392510027,0.5117321610450745
664,32960_0eaa1de8_13,0.00015703866665717214,-10.336947441101074
665,34674_32ee1595_3,0.0024357608053833246,0.9173852205276489
666,136885_23632908_1,0.0029374591540545225,-0.04828953742980957
667,136808_00592735_3,0.0004637545207515359,0.8991086483001709
668,45589_49e3c7ea_5,0.001290624146349728,0.9734304547309875
669,141665_0564e852_3,0.004205434583127499,-0.0042334794998168945
670,50897_3be92e2f_18,0.0005373336607590318,0.9874519109725952
671,84256_4164b724_3,0.0010370463132858276,0.004974782466888428
672,22994_e6ad8f2b_10,0.001724636065773666,0.9359925389289856
673,28295_0dc908b9_8,0.0005192381795495749,0.8373560309410095
674,23329_6939d5d9_5,0.00028117684996686876,0.688084065914154
675,123665_0a0da5c7_3,0.00010209859465248883,0.20298898220062256
676,121172_0ac63503_7,0.001101039000786841,0.791498601436615
677,50941_2a8a8c76_0,0.0007340516312979162,0.9854430556297302
678,37846_cde34fcd_66,0.0008251655381172895,0.8615090250968933
679,56040_9b1307eb_21,0.003045212710276246,0.5256916284561157
680,146535_229c95bc_1,0.00023784027143847197,-0.08974802494049072
681,50947_49287c16_2,0.0021377066150307655,0.9650588035583496
682,95622_0a0787e4_5,0.0005375251639634371,0.7090955972671509
683,25432_f13e5110_0,0.0013279393315315247,0.9581819176673889
684,32454_e959e3cf_0,0.0015635550953447819,0.955997109413147
685,65858_61e9b51a_18,0.00151379918679595,0.6546586751937866
686,70350_751de4b0_3,0.004265860188752413,0.410264253616333
687,129239_0d49310c_15,0.0005727529642172158,0.7817010879516602
688,31008_8fa25b35_8,0.0006855465471744537,0.855241596698761
689,55306_795d845b_2,9.729183511808515e-05,0.38164567947387695
690,29729_e8bb36f1_2,0.000564593996386975,0.334677517414093
691,67283_4097cbd6_5,0.00032029225258156657,-1.723299264907837
692,23904_811e466f_4,0.00020566245075315237,0.8274566531181335
693,116076_12d31fb7_1,0.0014596226392313838,0.780353844165802
694,45302_02d7e3bc_0,0.003519307356327772,0.11482465267181396
695,60977_4bb093ec_1,0.00120352313388139,0.9463708996772766
696,49017_76979790_8,0.0007556824712082744,0.8567684292793274
697,146321_0dbae658_10,0.00014581548748537898,-13.694045066833496
698,102194_150e3faf_3,0.0006078091100789607,0.9813841581344604
699,34769_44655d03_5,0.00048384026740677655,0.45898258686065674
700,38953_19054857_6,0.0009426121250726283,0.2262522578239441
701,55397_ad24603f_1,0.00014833912428002805,0.8460259437561035
702,21908_385686ec_15,0.0010946397669613361,0.9471623301506042
703,60721_57103153_4,0.001176851219497621,-0.8841568231582642
704,98701_7cd4ec8d_0,0.0027495743706822395,0.9500569105148315
705,91703_642cdf1a_1,0.0005962026189081371,0.9887853860855103
706,26661_ab88a525_5,0.0019034991273656487,0.519838809967041
707,51940_67bb0219_21,0.00028700902475975454,0.38836735486984253
708,22543_684108ff_22,0.00016087388212326914,0.8401390314102173
709,145250_cde4d039_8,0.000631414819508791,0.2891450524330139
710,20232_e5b060d9_6,0.0001359182206215337,0.7532665133476257
711,128043_d4650350_0,0.003087238408625126,0.9585441946983337
712,140530_30edf2c4_0,0.0009983505588024855,0.15745383501052856
713,131814_9af6d05a_0,0.001487564411945641,0.77631676197052
714,26245_4aac38e1_9,0.000725556630641222,0.6969090700149536
715,30282_88c6933c_14,0.0019243031274527311,0.926169216632843
716,32322_71d0035e_1,0.0006638437043875456,0.9659391641616821
717,131762_d10609a4_1,0.0036378102377057076,0.8356795310974121
718,54812_5f7b7aba_2,0.00019249017350375652,0.9154950976371765
719,135830_8fb36dac_4,0.0032439541537314653,0.8563613891601562
720,139280_8874b1ab_4,0.0005490513285622001,-0.17935991287231445
721,49904_639055dd_1,0.0006988324457779527,0.9199017286300659
722,53601_59d3ecd2_0,0.008504028432071209,0.6513597965240479
723,50047_54241fe3_12,0.0012239329516887665,0.905261754989624
724,136925_70fb0381_3,0.0010784167097881436,0.9340062141418457
725,87488_95f678ce_0,0.005342220887541771,0.8820590972900391
726,137166_90691294_2,0.00012316566426306963,0.9180998802185059
727,44030_17bd5ec9_11,0.00014148157788440585,0.775811493396759
728,137396_b5f6bec4_5,0.0005590461660176516,0.9832091331481934
729,21900_760d2078_10,0.004469352308660746,0.9352587461471558
730,21185_ac5324ba_5,0.004010578151792288,0.8749189972877502
731,31132_2320d049_4,0.0011193773243576288,0.979638934135437
732,82281_80cdf67c_4,0.0002050987968686968,0.4825894832611084
733,38287_88ec74de_15,0.0017656772397458553,0.9658058881759644
734,136128_831e37a6_0,0.0012380703119561076,0.8622674942016602
735,21330_f0cee934_18,0.0006764235440641642,0.5560139417648315
736,34109_5a868eae_10,0.0023305814247578382,0.7771775126457214
737,21174_861bd902_2,0.0019089148845523596,0.8336254954338074
738,49783_365bec9e_6,0.002014501253142953,0.9395674467086792
739,24429_ace910b3_8,0.00016115988546516746,-8.431694030761719
740,22772_2b5f6629_4,0.0005832192255184054,0.8508838415145874
741,53927_ef5208b9_14,0.010538000613451004,0.5609724521636963
742,56250_3b6024e3_54,0.001059279777109623,0.9768511652946472
743,23522_5c2ec58e_8,0.0033365932758897543,0.8948635458946228
744,121177_93fb3127_10,0.00013591916649602354,0.7533470392227173
745,138840_b7f948ea_2,0.0012965132482349873,0.8680399656295776
746,41125_711db4bf_6,0.004773709923028946,0.8870916366577148
747,102606_28922dfc_0,0.004371213261038065,-44.96104431152344
748,31530_6744ae73_50,0.01748543232679367,0.688044548034668
749,50598_eae0df5a_1,0.00019584222172852606,0.6418992280960083
750,145726_19ccdbda_12,0.0010712022194638848,0.6564871072769165
751,41469_b94cf3e4_0,0.00165700598154217,0.6603626012802124
752,147009_977ee378_1,0.0017550188349559903,0.8313083648681641
753,24267_8a216138_10,0.001374646439217031,0.8883984684944153
754,63071_3d434a33_16,0.002724042162299156,0.8546616435050964
755,34436_ffc43a58_4,0.0010854420252144337,0.06363677978515625
756,50692_e7ff2668_4,0.0005414070910774171,0.7830629348754883
757,146642_883a71d2_9,0.007825666107237339,0.8764148950576782
758,109772_f1a0845e_7,0.0010722852312028408,0.9749777913093567
759,136640_16741d62_1,0.0030640731565654278,0.22204309701919556
760,21680_360ba5c7_11,0.0009346764418296516,0.6202547550201416
761,27729_09d75da1_2,0.0013321815058588982,0.9620531797409058
762,82148_5df06ed9_19,0.009610425680875778,0.332419216632843
763,55287_8a57a3db_1,0.0019357898272573948,0.8809123635292053
764,53221_74fa81cd_5,0.00103967753238976,0.501398503780365
765,30417_0010bc7c_39,0.0009640220669098198,0.9247496128082275
766,23706_ef15ef9c_40,0.0005439772503450513,0.922359049320221
767,140763_e14274f8_3,0.0006311227334663272,0.522219181060791
768,23602_5daaccf5_3,0.0005949250189587474,0.9035574197769165
769,30282_88c6933c_9,0.001547953812405467,0.902624785900116
770,56824_0fc773f6_0,0.002237739274278283,0.8724310398101807
771,42410_d3b5588e_1,0.0015118937008082867,0.7702884674072266
772,55055_dd27a8a4_0,0.0018923846073448658,0.9653648138046265
773,115633_a2c63339_6,0.0009846057510003448,-0.09001362323760986
774,73651_a41647f8_5,0.0001372210681438446,0.4680701494216919
775,33413_060ce192_32,0.0013418198795989156,0.8969211578369141
776,97331_a482fa9b_0,0.002027418464422226,0.5715652704238892
777,23476_705b76d1_0,0.001618209294974804,0.9367053508758545
778,32566_7bfc936b_6,0.0063476525247097015,0.9400073885917664
779,41717_eb1c1e6b_0,0.002237450098618865,0.8206995129585266
780,60720_ef9a0a95_8,0.00044227801845408976,0.05470752716064453
781,138700_ab763a46_202,3.625812678365037e-05,-19.009353637695312
782,38287_88ec74de_17,0.006791945081204176,-0.11700224876403809
783,135535_0bd0048d_0,0.0048401267267763615,0.9271018505096436
784,21797_69df08d5_7,0.03867261856794357,0.6921004056930542
785,65350_b3fa8f4f_47,0.010051928460597992,0.9537359476089478
786,41714_1d49f4d1_3,0.0015020332066342235,0.8321629762649536
787,66012_a13e1644_1,0.0008592547965236008,0.6356164216995239
788,22652_564979ff_11,0.0006930449744686484,0.4848272204399109
789,25127_ecba81df_23,0.0017673118272796273,-0.15337145328521729
790,47548_db93c988_4,0.00047407110105268657,-0.1597423553466797
791,55927_f8b31711_5,0.005483727902173996,0.7067060470581055
792,31647_ab9ad9dc_2,0.0011153891682624817,0.8492342829704285
793,41128_ee74f244_8,0.000747163372579962,0.7955115437507629
794,20959_d4905d19_4,0.0004588521260302514,0.8874252438545227
795,52009_a2b75078_3,0.02162962406873703,0.7821600437164307
796,22201_473a3a65_16,0.0010764487087726593,0.8541731238365173
797,29442_365e23df_30,0.003702813060954213,0.8952703475952148
798,51859_6b2fd0f1_8,0.0004487021069508046,0.9846765995025635
799,140413_44177109_15,0.00022234850621316582,0.8027782440185547
800,21822_7d3db422_11,0.0034139412455260754,0.9051350355148315
801,24168_a0ede173_100,0.0003313769993837923,0.7608475685119629
802,145532_c2304f89_1,0.004918930120766163,0.3111896514892578
803,104641_2cd02839_13,0.0001377617591060698,0.4660448431968689
804,23679_81ef9e37_2,0.0008922209963202477,0.7874143719673157
805,95271_de3df8d5_2,8.313827856909484e-05,0.599694013595581
806,41401_e4117da2_0,8.23807276901789e-05,-0.7950366735458374
807,48006_babdf4af_9,0.0030093349050730467,0.9651510119438171
808,142246_0851be5e_32,0.009450670331716537,0.8431706428527832
809,33615_7bab1106_4,0.0012074369005858898,0.9201040267944336
810,31117_cd5cdbdb_18,0.002704140730202198,0.9590684175491333
811,34914_8911676d_0,0.001345554948784411,0.8890724182128906
812,55501_a09e4ced_2,1.1977502254012506e-05,0.550086498260498
813,41128_ee74f244_9,0.00048276723828166723,0.840191662311554
814,142246_0851be5e_22,0.002107905689626932,0.6176927089691162
815,22413_901f5867_0,0.00021379988174885511,0.3529313802719116
816,56490_0a0fba77_0,0.00036168828955851495,0.8974112868309021
817,93676_4f934980_1,0.00039576011477038264,0.12264424562454224
818,146642_883a71d2_96,0.0017711860127747059,0.8066775798797607
819,24032_d6172503_3,0.0006267443532124162,0.8937507271766663
820,44221_25c62f03_1,0.0016906042583286762,0.9686872959136963
821,50315_0f1419bf_33,0.005921631120145321,0.42524731159210205
822,133389_0938a905_2,0.00032406748505309224,0.9177539348602295
823,24824_cf51e5b6_4,0.0017776944441720843,0.6665157079696655
824,33970_32f36442_3,0.0012868265621364117,0.959871232509613
825,29359_bbfab271_2,0.00090701476437971,0.8403264284133911
826,23172_4ab01e83_0,0.000734016066417098,0.9821611642837524
827,98511_1b46a85e_45,0.0026955099310725927,0.9242429137229919
828,98511_1b46a85e_46,0.0027361668180674314,0.9195562601089478
829,34248_cc11976c_0,0.0037799421697854996,0.8603388667106628
830,104003_46555fb2_0,0.00043234185432083905,0.038586318492889404
831,34520_035b5e9a_8,0.0004953058087266982,0.8297719359397888
832,38397_93d5d7de_12,0.00559690548107028,0.9224576354026794
833,130023_93b3ca95_1,0.0008495388901792467,0.7009820342063904
834,83213_47c49876_1,0.0006986547377891839,0.9199234247207642
835,43928_6ca53538_63,0.008525382727384567,0.8017436265945435
836,82779_b7b722e3_9,0.0012696210760623217,0.8483656048774719
837,134967_0f27ef51_1,0.0003258200886193663,0.756242573261261
838,86024_714b24f4_1,0.0016280971467494965,0.9362179040908813
839,40807_58058731_11,0.0009623612859286368,0.8548610210418701
840,26750_cd3cb3ff_0,0.002706588013097644,0.9530500769615173
841,126913_d253adb7_2,0.0009023780003190041,0.821953296661377
842,24268_2804c9ff_13,0.0026658999267965555,0.9306581616401672
843,45542_320c16fd_3,0.0012196850730106235,0.9757516384124756
844,22342_274ed8a6_1,0.0007194459903985262,0.8441867828369141
845,133385_e6aa64d8_17,0.0003357137902639806,-0.345770001411438
846,143509_1dd5212d_3,0.0010552234016358852,0.9688775539398193
847,47989_3ff0f41d_0,0.005834489595144987,0.8340204954147339
848,21822_7d3db422_14,0.013252814300358295,0.8086268305778503
849,21517_bfe35b4c_12,0.00045903719728812575,0.1986933946609497
850,52883_e518d3f4_10,0.0005464842543005943,0.91127610206604
851,41871_f9a1ad02_14,0.0026489910669624805,0.7349947690963745
852,37016_455093c1_2,0.00046522621414624155,0.7505965232849121
853,31117_cd5cdbdb_78,0.012522632256150246,0.9028910994529724
854,129239_0d49310c_22,0.00017779177869670093,0.4837939143180847
855,30400_8824ce97_6,0.006861318834125996,0.8565410375595093
856,53233_8dbca22c_8,0.001210245187394321,0.915107786655426
857,40514_bb61631d_25,0.0010158572113141418,0.7752587795257568
858,24053_53349e4d_2,0.00014240189921110868,0.8167338371276855
859,41917_f0c40fa1_16,0.0010367229115217924,0.9754745960235596
860,22543_684108ff_5,0.0024306639097630978,0.9036368131637573
861,138636_c1153075_0,0.0004940278013236821,0.5590115785598755
862,24448_75004b6c_6,0.0010773972608149052,0.9656975269317627
863,24831_bbd3e098_8,0.0001579104136908427,0.8452627062797546
864,53221_74fa81cd_3,0.0006325864815153182,0.8289951086044312
865,76879_65a30a82_4,0.0003829802153632045,0.3739315867424011
866,108773_f9384cff_10,6.791484338464215e-05,0.2832498550415039
867,33671_0e9c6ca3_5,0.0006987245287746191,0.9445042610168457
868,93103_fdb9fcb7_15,0.0020796225871890783,0.887785792350769
869,137675_d2bd633e_0,0.0010647319722920656,0.3331664800643921
870,21893_0500d043_32,0.0012282934039831161,0.1969844102859497
871,22110_0bc70e9f_1,0.0015108677325770259,0.07148820161819458
872,43152_b5472481_1,0.0018126643262803555,0.3193057179450989
873,115717_40314bc2_1,0.0024465688038617373,0.7862318754196167
874,102943_ca9e7968_0,0.00017188844503834844,0.7661098837852478
875,136401_69f29349_0,0.0028969296254217625,-0.9215637445449829
876,28542_3c922564_0,0.0014536685775965452,0.4699159860610962
877,24267_8a216138_6,0.001568306121043861,0.9139910936355591
878,84374_272a9731_7,0.0012238920899108052,0.8386354446411133
879,23531_1ecc8346_18,0.01757083088159561,0.8286091089248657
880,41871_f9a1ad02_30,0.004247764591127634,0.8712543249130249
881,132461_14abd2d0_0,1.7806851246859878e-05,0.502882719039917
882,37617_3f415463_2,0.00014040758833289146,0.7705631852149963
883,41696_de0790a1_1,0.001269518630579114,0.9718091487884521
884,54657_2a66e0de_20,0.0007926945108920336,0.9272101521492004
885,24425_0dc4b306_0,0.0008396370685659349,0.9177711009979248
886,146667_fe438b5b_0,0.0011157854460179806,0.9575645923614502
887,23048_8a1a5553_8,9.96317103272304e-05,-1.6807286739349365
888,51871_86ebf5b2_17,0.0020701272878795862,0.6210290193557739
889,30664_a3084f71_6,0.001713028410449624,0.8948866128921509
890,139801_97e2ca6a_5,0.0008866538410075009,0.8184645175933838
891,22278_12f1fb79_13,0.002321968087926507,0.8489401936531067
892,22776_facf9bcf_8,0.0017325188964605331,0.9410320520401001
893,40500_6055e3d7_15,0.04685576260089874,0.5326740741729736
894,35740_5322d674_13,0.00017203403695020825,0.8953403830528259
895,39792_60786b6c_12,0.0022395337000489235,0.9186965227127075
896,115524_4a411f7e_0,0.0007267988403327763,0.8348976969718933
897,24131_3ea7d5a8_17,0.0020231264643371105,0.9024134874343872
898,100326_0602c712_2,0.00869311485439539,0.7238706350326538
899,34571_25c64838_2,0.002066149841994047,0.8775424957275391
900,143534_4f65fd1a_0,0.0005329336854629219,0.8198195695877075
901,101446_95204330_1,0.0007038627518340945,0.5537962913513184
902,41749_14d0599c_10,0.0001491851289756596,0.5646060705184937
903,55715_525d1d3e_12,0.00022676712251268327,0.32736700773239136
904,45307_b9b4bca0_30,0.010556618683040142,0.9243938326835632
905,22654_4c426b0f_0,0.0022919699549674988,0.7129888534545898
906,22670_9353c710_4,0.0007848269306123257,0.7593240141868591
907,99445_94c22a37_11,0.0013182181864976883,0.9804142713546753
908,132811_57264a28_4,0.001019233837723732,0.9167326092720032
909,23258_87a2ba81_3,0.0005431094905361533,0.14150971174240112
910,50777_2934de55_22,0.002966481726616621,0.8946967720985413
911,98418_4185a7fb_0,0.0010735265677794814,0.9739924073219299
912,43441_e1ab0873_2,9.43924969760701e-05,-0.14379572868347168
913,24271_dbc0fd2d_12,0.0003629346610978246,0.9201129078865051
914,38944_0d0c3fce_0,0.0070673623122274876,0.9542144536972046
915,40624_e1c5c424_11,0.00011412385356379673,-1.8743250370025635
916,100028_0c3a8f1c_13,0.0014256647555157542,0.9816620945930481
917,40491_ac67bf4c_13,0.002844019327312708,0.9466530084609985
918,25416_1deb9c75_0,0.0010068552801385522,0.8257113099098206
919,21657_2651585a_6,0.0007527645793743432,0.9601005911827087
920,21986_67c5509a_15,0.0007544393301941454,0.9063937664031982
921,32288_34013274_2,0.002613512799143791,0.5576409697532654
922,55373_ddd74d2f_0,0.0017398189520463347,0.7752977609634399
923,26245_4aac38e1_0,0.0009263773681595922,0.9469202160835266
924,33044_7fdd9213_0,0.000571511744055897,0.897957444190979
925,31530_6744ae73_48,0.008672420866787434,0.9162236452102661
926,25555_fd3d9a3c_1,0.00020878386567346752,0.7068792581558228
927,54175_7d864ace_6,0.0008742461795918643,0.8036717176437378
928,72950_5074f5a3_0,0.001010481733828783,0.3320160508155823
929,129618_2962c248_0,0.005085465963929892,0.9150633215904236
930,52012_77070fda_10,0.00024172206758521497,0.620919942855835
931,28295_0dc908b9_7,0.0006882571033202112,0.8151151537895203
932,144419_90e59d67_2,0.00012537164730019867,-0.3854963779449463
933,22734_f6bad9f7_24,0.005853257142007351,0.818854033946991
934,22604_0b4ffb43_14,0.0018923846073448658,0.9653648138046265
935,81996_b3752ed2_3,0.0004042265936732292,0.6372396945953369
936,24504_493cee15_8,0.006031038239598274,0.7598562836647034
937,39124_28e99e62_1,0.0003268049913458526,0.6322765350341797
938,29725_0ad4937e_1,0.0006222500815056264,-0.12472736835479736
939,109232_04340d62_6,7.637093222001567e-05,-0.3892253637313843
940,129075_8fbf62e5_0,0.0006377177778631449,0.4953206181526184
941,102937_18c3cb6a_4,0.001414135447703302,0.9504185318946838
942,52551_8098346a_5,0.0008456410723738372,-0.47100067138671875
943,128043_6947b64c_0,0.0030726140830665827,0.8226262331008911
944,119030_292009a7_41,0.0008077104575932026,0.881517231464386
945,48526_5aecac8a_0,0.000774892105255276,0.8695175647735596
946,32541_86f7df73_4,0.00042190414387732744,0.5986297726631165
947,55114_7bf17f6a_0,0.0038827890530228615,0.7185202836990356
948,55285_6816da52_1,0.01088429894298315,0.7644376754760742
949,37683_e2cca100_17,0.00045515180681832135,0.28341370820999146
950,78775_e2d8b091_15,0.0034189666621387005,0.8882119059562683
951,93199_2146e709_2,0.0010153515031561255,0.8801289200782776
952,135595_656de97a_14,0.0005443316767923534,0.6097360849380493
953,24284_3710e946_16,0.0008928386960178614,0.9797725081443787
954,135521_30553c91_2,9.636643517296761e-05,-0.3976449966430664
955,29732_fb15318c_5,0.0008030420867726207,0.23716145753860474
956,88060_389bdff4_0,0.0013296729885041714,0.919083833694458
957,27839_4a077326_28,0.007141781039535999,0.8230432271957397
958,100435_87bf423d_8,0.0016187891596928239,0.9681023359298706
959,25365_bb0e4ede_44,0.0006155348964966834,0.12701117992401123
960,146169_144d8264_0,0.02459677681326866,0.8671588897705078
961,23342_7193a931_3,0.00010990251757903025,0.6762123107910156
962,57000_cd1ddece_12,0.0007023619255051017,0.985957682132721
963,119790_1ed376f0_3,0.0004970847512595356,0.4574827551841736
964,72522_e9e87960_4,0.0028741052374243736,0.946054220199585
965,65366_f618b577_2,0.0005543411243706942,0.5174643397331238
966,55707_c78416ed_35,0.003967853728681803,0.7926412224769592
967,70321_eccffc7e_0,0.0012019290588796139,0.6886320114135742
968,120143_b5756e6b_0,0.004265599884092808,0.4076261520385742
969,27726_aca43af4_35,0.00019112913287244737,-7.880061149597168
970,31361_72aab333_20,0.0010916289174929261,0.6530691981315613
971,121949_e10b5e85_12,0.0021253456361591816,0.9412972331047058
972,146399_0e4b73c4_13,0.0029543605633080006,0.9393496513366699
973,41134_fc146947_6,0.0019560488872230053,0.08554244041442871
974,21237_7887a24b_35,0.00023142641293816268,0.043241679668426514
975,24885_55e20ddf_3,0.00025824393378570676,0.7448632717132568
976,34914_8911676d_23,0.00046439049765467644,0.9174666404724121
977,21803_8a36dcda_12,0.005117897875607014,0.828747570514679
978,41306_8f26e703_5,0.00010622934496495873,-0.14676392078399658
979,25118_f50fdc69_10,0.00020533161296043545,0.7001038789749146
980,25473_0991d519_9,0.0019676508381962776,0.9507277607917786
981,126585_86fa26cb_0,0.00028793810633942485,0.6444005966186523
982,145691_69484976_9,0.00147329643368721,0.8675329089164734
983,60729_c51868ec_0,0.0008165141916833818,0.5501810312271118
984,123929_e7dbad2c_0,0.0018651593709364533,0.11402785778045654
985,69649_70b07cac_0,0.0008144678431563079,0.9820089936256409
986,55135_f1186d58_9,0.00013446720549836755,0.832473874092102
987,20838_86c931be_2,0.00142991344910115,0.8222187757492065
988,45242_626509cb_11,0.0003751534386537969,0.8342181444168091
989,34983_439766af_13,0.004007566254585981,0.9583146572113037
990,53453_fb0f1640_1,0.004979400895535946,0.8488391637802124
991,23255_972fbfe6_25,0.0009407996549271047,0.9703452587127686
992,24168_a0ede173_203,0.027696143835783005,0.8459661602973938
993,55476_1473d91f_0,0.0009462361922487617,0.517602801322937
994,55111_ef389075_1,0.0011003123363479972,0.9579451084136963
995,141710_17531562_1,0.0005331463180482388,0.9552356004714966
996,96601_b89e6252_1,0.00026313873240724206,-0.3993558883666992
997,135790_a27f9deb_43,0.03204325959086418,0.5894581079483032
998,121363_746708db_0,0.0007306361221708357,0.7188794016838074
999,136886_3aa46890_0,0.0003891018277499825,0.8549190163612366
1000,50315_0f1419bf_19,0.007742305751889944,0.8935046792030334
1001,37846_cde34fcd_14,0.0002525465388316661,-1.855377435684204
1002,24816_ef81ad4c_1,0.0004965066909790039,0.822458803653717
1003,75646_4baf69b2_7,0.011055666953325272,0.8451855182647705
1004,140155_81f9ac63_0,0.0004593030025716871,0.8854091763496399
1005,51603_034939eb_10,0.0038637861143797636,0.7859479188919067
1006,30435_c97330d2_0,0.000274360878393054,0.5361043214797974
1007,27839_4a077326_27,0.0007078110938891768,0.9615139365196228
1008,55627_971fde61_34,0.003337238682433963,0.7419989109039307
1009,134909_ef3d003c_0,0.0002749624545685947,0.7302543520927429
1010,33413_060ce192_51,0.0001525790721643716,-20.140193939208984
1011,22245_ca848576_12,0.0004372346156742424,0.48937898874282837
1012,52039_ba12c3ac_1,0.0007017593015916646,0.9859702587127686
1013,39707_358f88df_2,0.0018992944387719035,-1.0225539207458496
1014,50014_33f250c8_3,0.017760738730430603,0.8379944562911987
1015,52987_387431ac_1,0.0034548253752291203,0.7627807855606079
1016,33501_b1ee5058_15,0.0007548963185399771,0.9849887490272522
1017,82168_4844bddd_1,0.0018212324939668179,0.7540999054908752
1018,30384_95e72fc2_4,0.00020606181351467967,-1.269458532333374
1019,23554_a0845d54_2,0.0009326996514573693,0.22033172845840454
1020,23800_65e0a5d1_0,0.000215254767681472,0.32162606716156006
1021,41128_ee74f244_0,0.001366507145576179,-0.37189555168151855
1022,143019_22dbd3e6_2,0.0015805036528035998,0.9498547911643982
1023,79993_6087acd5_8,0.005979721434414387,0.8108291625976562
1024,21422_b2a6bf27_0,0.0016584203112870455,0.9726572632789612
1025,25487_dd2c17e8_21,0.0006692347815260291,0.4057720899581909
1026,22654_4c426b0f_10,0.00018532483954913914,-0.24453473091125488
1027,30368_d7fd30ce_6,2.5107090550591238e-05,0.46302157640457153
1028,57249_6bd2af3c_2,0.0013315958203747869,0.9508776664733887
1029,57029_3ab80a22_0,0.001780815189704299,0.6467218995094299
1030,79906_052c7eb4_3,0.000822166446596384,0.8217835426330566
1031,82996_b8dc67c9_10,0.00037047985824756324,0.4887257218360901
1032,119884_192e3265_1,0.0010181228863075376,0.5356603860855103
1033,21225_c081eae3_10,0.0028971852734684944,0.8338983058929443
1034,121949_e10b5e85_1,0.0011822284432128072,0.7008476257324219
1035,81994_ba8916c9_5,0.0002241372858406976,0.8041514754295349
1036,22447_4062c6cb_29,0.0009724047849886119,0.9835965037345886
1037,55044_ee57bac8_1,0.0006439515273086727,-1.4466378688812256
1038,41871_f9a1ad02_13,0.011478610336780548,0.9355315566062927
1039,74688_a5168a45_2,0.00017263343033846468,-36.092681884765625
1040,23218_02d26ab4_4,0.0001565704442327842,0.6398813128471375
1041,41205_dc60aa5d_0,0.0012221947545185685,0.6961573362350464
1042,41979_ca698776_0,0.0006027310737408698,0.8763854503631592
1043,141453_50ec6f25_7,0.0006569602992385626,0.9813902974128723
1044,97143_5424c420_0,0.001211441238410771,0.68909752368927
1045,41986_26275a06_2,0.000582600012421608,0.9450804591178894
1046,136800_c5e4d711_2,0.0007293103844858706,0.0031396150588989258
1047,101635_11b839a3_5,8.578861888963729e-05,0.29716652631759644
1048,55866_b041060d_0,0.000609206035733223,0.9627129435539246
1049,53846_89405f98_0,0.001301910961046815,0.7340052127838135
1050,27725_5cceaeb7_1,0.002147647086530924,0.8062206506729126
1051,146137_92faaea5_9,0.01581236720085144,-0.26695716381073
1052,41211_11f6b8a0_4,0.00023467696155421436,0.9033507704734802
1053,21330_f0cee934_46,0.0006964030326344073,0.9860767126083374
1054,127188_5fecd146_4,0.00027503998717293143,0.6220685839653015
1055,135949_06517574_8,0.00011142416769871488,-0.15512967109680176
1056,68928_0d4e4a2e_24,0.004039709456264973,0.7459830045700073
1057,50410_f8f03667_38,0.00016310390492435545,-10.228878021240234
1058,142999_171240b6_21,0.00012408311886247247,0.9082549810409546
1059,144709_642fc665_0,0.0028926765080541372,0.7157279253005981
1060,53232_f8760054_10,0.00024656110326759517,-1.3597972393035889
1061,22372_e91792a1_0,4.580338645610027e-05,0.4125702977180481
1062,21767_53eaa558_12,0.012493433430790901,0.8385545611381531
1063,32220_1fd19c5e_0,0.0005952187348157167,0.3884878158569336
1064,22886_a6331748_1,0.0015459521673619747,0.8580648899078369
1065,130996_b842b511_12,0.00044678529957309365,0.9588190913200378
1066,55571_74a416b1_1,0.0002609661896713078,-1.213686227798462
1067,70169_914780d4_1,0.0005466658039949834,0.7918301224708557
1068,23156_7788f78a_6,0.03460438922047615,0.7496088743209839
1069,124496_20e20439_10,0.0003835468669421971,0.15701478719711304
1070,76300_7cb02add_1,0.0009214487508870661,0.8635571599006653
1071,21647_6b6cca6f_10,0.0017705602804198861,0.0336148738861084
1072,22734_f6bad9f7_23,0.008942265063524246,0.6274789571762085
1073,94176_0a6c42ab_2,5.103544481244171e-06,0.06339061260223389
1074,24048_d731886d_9,0.001951584592461586,0.7848884463310242
1075,25487_dd2c17e8_30,0.0028865004424005747,-0.30480074882507324
1076,115717_40314bc2_4,7.70042825024575e-05,0.74952232837677
1077,125592_875faf40_0,0.003817832563072443,0.8227890133857727
1078,41871_f9a1ad02_44,0.0030985414050519466,0.7810943126678467
1079,146642_883a71d2_8,0.0005530633497983217,0.86506187915802
1080,136883_076fbff9_31,0.00010769607615657151,0.6437646150588989
1081,60766_fb8715eb_3,0.002372314454987645,0.8265134692192078
1082,30818_33617072_0,0.009824218228459358,0.502599835395813
1083,130679_7a357a9c_18,0.005986116360872984,0.6478781700134277
1084,55306_795d845b_0,0.00013024252257309854,0.720795750617981
1085,135934_d2f6bb2e_33,0.0004319021536502987,0.42418384552001953
1086,111054_e45a0d40_7,0.019344711676239967,0.812872588634491
1087,36826_d9269c2e_10,0.0010947702685371041,0.9256383180618286
1088,37619_ae810a8d_7,0.00016685207083355635,-75.20423126220703
1089,22343_34184fd5_22,0.00018605476361699402,0.4241527318954468
1090,113020_de552f8d_0,0.00044414083822630346,0.7222638130187988
1091,20216_89b90993_0,0.006110535468906164,0.5929155945777893
1092,23325_292b3294_16,0.0022809349466115236,0.783004105091095
1093,23522_5c2ec58e_9,0.0016891835257411003,0.8717450499534607
1094,146624_359752bb_20,0.00015718334179837257,-78.2392578125
1095,104990_11b4aeee_1,0.0013274562079459429,0.9696568846702576
1096,90917_4670b560_0,0.008375978097319603,0.8372108936309814
1097,54818_59adf8c2_5,0.000624713022261858,0.4597361087799072
1098,34109_5a868eae_3,0.0003135711303912103,0.4884127378463745
1099,23161_e7f63a9f_2,0.0018813550705090165,0.8297678232192993
1100,37160_2a95674a_27,0.0010483667720109224,0.6337236166000366
1101,61280_8bdbc90f_0,0.002610000316053629,0.9062625169754028
1102,55083_dac1f9cc_2,0.0008010578458197415,0.9333121180534363
1103,34341_d19b12fb_14,0.00010465396917425096,-0.040895819664001465
1104,54516_ac9e2ef4_61,0.001809358480386436,0.6995607018470764
1105,24559_3c306e71_2,0.0002777975460048765,0.4345015287399292
1106,105831_88a0fb85_1,0.0017405359540134668,0.9338704943656921
1107,32743_f4c47bbc_19,0.004905753303319216,0.08844226598739624
1108,40500_6055e3d7_18,0.0017768116667866707,0.9147085547447205
1109,22862_f5406bb0_0,0.0016129895811900496,0.9740520119667053
1110,141081_ae61ec46_0,0.001351129962131381,0.9804405570030212
1111,135112_cf8007b8_4,0.00489582447335124,0.9257293343544006
1112,131442_1512d9ff_5,0.0002675119030755013,0.4338844418525696
1113,145132_7aea3b66_1,0.025278937071561813,0.9043214917182922
1114,41871_f9a1ad02_45,0.001002147444523871,0.8068405389785767
1115,51775_49ef614a_1,0.0011919178068637848,0.6622765064239502
1116,143293_fc5b0ff7_23,0.0005383325624279678,0.01649099588394165
1117,51547_a7e01c38_6,0.00020736412261612713,0.7028969526290894
1118,114021_44c3c39c_2,0.00021647951507475227,0.46030646562576294
1119,123766_c5a4cf5e_0,0.0002622501051519066,-0.672044038772583
1120,23031_0d684603_8,0.0008904093992896378,0.6162105798721313
1121,132996_c742ef84_4,0.007762335240840912,-0.0771627426147461
1122,137096_5d77f285_1,0.0011820195941254497,0.8589174151420593
1123,27072_b4756e8c_2,0.0028244478162378073,0.3611980676651001
1124,51915_e704f5dd_2,0.0007142830290831625,0.8883005380630493
1125,132811_57264a28_13,0.0009748747106641531,0.9835877418518066
1126,49396_98ab955d_13,0.0034249413292855024,0.618170976638794
1127,132081_761d26ad_0,0.00040061556501314044,0.9892761707305908
1128,82906_7b72e0e8_2,0.0016618311638012528,0.9537017345428467
1129,92649_26fe8262_0,0.0004758603754453361,0.7804542779922485
1130,21803_8a36dcda_11,0.0046914019621908665,0.8738157749176025
1131,30637_f6324fc6_5,0.00025437248405069113,-0.683597207069397
1132,105560_a6f91315_12,0.00013393534754868597,-17.75912094116211
1133,41737_d80c34b9_0,0.010835916735231876,0.3526058793067932
1134,34983_439766af_12,0.000497456407174468,0.9510646462440491
1135,122755_60c41889_10,0.00011378099588910118,-0.8233959674835205
1136,76879_65a30a82_2,0.008172051049768925,0.9269014596939087
1137,89816_cef36e57_4,0.002156720496714115,0.9644336104393005
1138,49406_100c707b_3,0.00045558420242741704,0.9474689960479736
1139,105560_a6f91315_10,0.00013818136358167976,-1.983644723892212
1140,129421_483d2957_5,0.00010711838694987819,0.5486727952957153
1141,122740_fc5c94eb_33,0.0009031299268826842,0.9723478555679321
1142,135595_656de97a_5,0.00033418176462873816,0.8779473304748535
1143,35740_5322d674_5,0.00015907689521554857,-54.21037292480469
1144,23681_932e722e_18,0.0010589342564344406,0.9799562096595764
1145,108244_329b1876_17,3.680898589664139e-05,-7.552572250366211
1146,125745_cf468448_6,0.0017196930712088943,0.5956405997276306
1147,138838_c9a9e790_6,0.0006369987386278808,0.8761773705482483
1148,102416_b74464a2_4,0.00015728197467979044,-61.386756896972656
1149,30426_2cde26de_21,0.00020561377459671348,0.3888338804244995
1150,137837_9c9f163d_5,0.0003172009310219437,0.6659907102584839
1151,25487_dd2c17e8_15,0.007930506952106953,-0.033719420433044434
1152,21549_18160a0a_4,0.00015224071103148162,-20.490110397338867
1153,21385_601444ba_0,0.003164868103340268,0.8031163215637207
1154,35233_add576ba_9,0.0031751629430800676,0.7926235198974609
1155,55345_c6423351_0,0.0009480580338276923,0.8465168476104736
1156,110697_4b2725f1_0,0.0009138954919762909,0.9787108898162842
1157,109946_242843a6_1,0.00010416435543447733,-1.4554777145385742
1158,34341_d19b12fb_22,8.651919779367745e-05,-8.836532592773438
1159,23247_bcd1e84f_21,0.0006156216259114444,0.8707374334335327
1160,131765_29b29f08_6,0.00013686055899597704,-1.9637422561645508
1161,21395_7d6fda6f_12,0.0004879800835624337,0.57291579246521
1162,135460_6471e973_15,0.0006850207573734224,0.7749804854393005
1163,51741_49d61151_7,0.002093823626637459,0.9243432283401489
1164,28382_90b7cc0c_12,0.00045639387099072337,0.8344515562057495
1165,30850_05d88af9_2,0.003935630898922682,0.8376479744911194
1166,86278_1e55d036_12,0.00030490048811770976,-1.269430160522461
1167,67240_525e92c1_1,0.0013958573108538985,-0.1200551986694336
1168,82002_ef2b4feb_6,0.0013940222561359406,0.9732146859169006
1169,53364_ec8aad42_1,0.008646421134471893,0.6284807920455933
1170,135771_b030a25c_17,0.0008442722610197961,0.023363471031188965
1171,135906_29d7b495_1,0.00019563869864214212,0.6502277851104736
1172,21822_7d3db422_38,0.0004205869045108557,0.5732985138893127
1173,81136_5b86c723_1,0.00016572569438721985,-0.21703660488128662
1174,25473_0991d519_2,0.0073999445885419846,0.871975839138031
1175,73405_94381b7c_5,0.002135291462764144,0.6410807371139526
1176,24009_c40b0d48_2,0.0006164212827570736,0.9810698628425598
1177,22162_439af02a_1,0.0012676939368247986,0.975073516368866
1178,146159_f3f80701_0,0.005409757141023874,-0.4424152374267578
1179,51895_5760b481_15,0.004837845917791128,0.9485093951225281
1180,33500_e58e287e_1,0.004512731917202473,0.7899389266967773
1181,31838_2e4bd173_0,0.0027265979442745447,-0.822582483291626
1182,146137_92faaea5_18,8.230157982325181e-05,0.27958589792251587
1183,124879_2257a334_2,0.000174669548869133,-0.917064905166626
1184,144145_510eedc2_7,0.0022934142034500837,0.9574974775314331
1185,21237_7887a24b_78,0.000756015710067004,0.9342550039291382
1186,82297_93739ce0_6,0.0011487960582599044,0.6223613023757935
1187,51536_a18dc325_31,0.00046040324377827346,-1.2316124439239502
1188,93103_fdb9fcb7_7,0.001934373052790761,0.7503114938735962
1189,24590_415f7013_9,0.0005780517822131515,0.8928977847099304
1190,130659_16f2db4c_0,0.0003677334461826831,0.8783470988273621
1191,23083_fdb942ac_2,0.0009793409844860435,0.9591376185417175
1192,23954_a8c09819_2,0.0014443123945966363,0.9719910621643066
1193,30417_0010bc7c_13,0.0011500101536512375,0.8977383375167847
1194,120535_e304dfca_1,0.0012748856097459793,0.906487226486206
1195,93199_2146e709_9,0.0010457647731527686,0.7598658800125122
1196,23686_cba4f679_15,0.005026252008974552,0.887343168258667
1197,40807_58058731_20,0.00567231047898531,0.9429082870483398
1198,94410_d32e7520_35,0.005120875313878059,0.8724981546401978
1199,79695_fd8bae0e_0,0.0030313697643578053,0.22917479276657104
1200,129422_621d0a90_35,0.0013133216416463256,0.38318192958831787
1201,44932_16cb7f21_5,0.005784227047115564,0.8361756801605225
1202,136550_8a8672e5_1,0.0004701065772678703,0.8680280447006226
1203,20495_e8e7e80c_3,0.0023158814292401075,0.958579421043396
1204,31962_e5291336_50,0.0015657765325158834,-0.4936511516571045
1205,24888_5be1de05_1,9.736612992128357e-05,-0.8518229722976685
1206,34114_7e58a97d_10,0.003551012370735407,0.8634808659553528
1207,108433_37a79370_0,0.004438248462975025,0.6078222990036011
1208,22844_9b75b8e0_1,0.0006875537801533937,0.971479058265686
1209,115637_b4d41e8a_0,0.0018679600907489657,0.8191698789596558
1210,53474_f29e4438_15,0.013162803836166859,0.6255571246147156
1211,26766_1aaa348c_0,0.0010483178775757551,0.8511903285980225
1212,51940_67bb0219_7,0.002365178195759654,0.6134935617446899
1213,41714_1d49f4d1_13,9.835392120294273e-05,0.612145185470581
1214,21815_7090778f_9,0.003162872511893511,0.7404376268386841
1215,32843_8e5bdf24_0,0.0030745116528123617,0.8637767434120178
1216,23686_cba4f679_10,0.0010932913282886147,0.8637616634368896
1217,114425_891ab08d_0,0.006277867592871189,0.21722513437271118
1218,41786_02d48cdd_5,0.0010425266809761524,0.8386766314506531
1219,22895_4533b542_1,0.001116525032557547,0.936008095741272
1220,49016_cd1b47bf_6,0.00450238399207592,0.8573741912841797
1221,51674_a70c1c6c_3,0.00023804206284694374,0.6193387508392334
1222,52972_6e5a5ada_11,0.001629134058021009,0.9308499693870544
1223,120700_d818883a_8,0.0005497178644873202,0.25570201873779297
1224,34530_9525ffcd_0,0.0022659264504909515,0.9573885798454285
1225,24355_99bf3f8f_1,0.00032256924896501005,0.3753242492675781
1226,56250_3b6024e3_46,0.004638116806745529,0.9179934859275818
1227,56355_727ca47c_3,0.0021722849924117327,0.47546637058258057
1228,35057_9af89947_1,0.0008121260907500982,0.8724949955940247
1229,120881_a946667f_13,0.00025442856713198125,0.6494836807250977
1230,143021_c6df0146_5,0.00016313100059051067,0.09161460399627686
1231,69240_dc199112_3,0.0021299715153872967,-0.938573956489563
1232,41733_1ec9b00c_15,0.0016504187369719148,0.6563037633895874
1233,30298_24191733_2,9.258921636501327e-05,0.35968679189682007
1234,30400_8824ce97_18,0.000437186099588871,0.9087126851081848
1235,37040_ecbcd25e_36,0.0011844836408272386,0.680538535118103
1236,23035_6087bb57_4,0.0001197184610646218,0.8208396434783936
1237,38675_6e07d74b_26,0.006786820944398642,0.9060938358306885
1238,31751_e37382e1_9,0.0006649622227996588,0.9290975332260132
1239,54601_e1da5b93_4,0.0007314003305509686,0.9854491949081421
1240,142999_171240b6_29,0.0013127928832545877,0.9004867076873779
1241,137646_14bca880_0,0.0011253838893026114,0.8960700035095215
1242,37519_442dc408_1,0.00013150910672266036,0.8392931222915649
1243,47195_a8cd8bad_6,0.0007870436529628932,0.9499515891075134
1244,22474_b10fea1a_6,0.0025446198415011168,0.7065187692642212
1245,53200_d1e30b87_10,0.0007656301604583859,0.866773247718811
1246,41472_f9d73638_9,0.00029476394411176443,0.697027325630188
1247,126397_cc08a23d_1,0.00018812873167917132,0.694678544998169
1248,31838_2e4bd173_4,0.0017538450192660093,0.9687334299087524
1249,52006_d21e4570_7,0.0008629993535578251,0.8289315700531006
1250,62109_08c31aa8_0,0.0007249475456774235,0.8708215951919556
1251,49403_458914df_0,0.0009343255078420043,0.4481048583984375
1252,122914_76ff1f5e_2,0.00010102814121637493,-7.991778373718262
1253,34913_d23e2a24_2,0.000582317472435534,0.739431619644165
1254,104641_2cd02839_15,0.0001954248727997765,0.4352668523788452
1255,131632_6144b102_1,0.0015703245298936963,0.9813043475151062
1256,30850_05d88af9_0,0.0013597686775028706,0.8933073282241821
1257,86296_8a6ed4d3_7,0.0005993761005811393,-0.8460955619812012
1258,34983_439766af_7,0.0024781872052699327,0.9646949172019958
1259,33374_7491cbf8_2,0.008426881395280361,0.9184672832489014
1260,50694_afd26bd5_10,0.0022909564431756735,0.9753986597061157
1261,50292_e84db1fb_8,0.00016409283853136003,0.4400451183319092
1262,81367_622a9e51_2,0.0004586892027873546,0.8848208785057068
1263,78966_584c5305_0,0.0007862450438551605,0.5900368690490723
1264,79905_623eae86_1,0.01719437539577484,0.859193742275238
1265,63055_6b907478_15,0.0006670011207461357,0.9467933773994446
1266,135771_b030a25c_4,0.0005984714953228831,0.24650788307189941
1267,41753_9b4f8d8a_0,0.0007628616294823587,0.9850221276283264
1268,80784_f7ec5f70_1,0.001632033963687718,0.723461389541626
1269,33607_c6f31fa6_10,0.0018989293603226542,0.7674453258514404
1270,22225_a3ce4d29_42,0.0008161852601915598,0.9122900366783142
1271,51938_8b9cba89_5,0.005399675574153662,0.886839747428894
1272,44741_f386a08f_4,0.0024312883615493774,0.9278391003608704
1273,70021_e673ae54_4,0.001017337548546493,0.9834883213043213
1274,55135_f1186d58_7,0.001549693290144205,0.8611008524894714
1275,31856_2a5a4e32_12,0.003995407372713089,0.7783646583557129
1276,75303_045fc848_4,0.0014995514648035169,0.769592821598053
1277,129683_3ad38815_10,0.014052043668925762,0.8356771469116211
1278,21894_93f0d052_24,0.001968722091987729,0.8407832384109497
1279,143823_1b04bf80_13,0.0013347398489713669,0.9036849737167358
1280,143823_1b04bf80_18,0.0005297692259773612,0.4874459505081177
1281,111863_c925f4f3_2,0.00036358527722768486,0.6530675292015076
1282,104633_d0a15bd3_6,0.002926628803834319,0.7545917630195618
1283,48832_22363e53_33,0.0014051327016204596,0.9620459079742432
1284,127466_a18ae326_1,0.0015154039720073342,0.42907512187957764
1285,22211_b1ee53f0_12,0.0015649496344849467,0.9346040487289429
1286,137837_9c9f163d_6,0.0009430807549506426,0.7431527376174927
1287,122755_b830e22d_17,6.523438059957698e-05,0.2693999409675598
1288,21299_e9cd80a6_12,0.0005447265575639904,0.2695194482803345
1289,44920_70dd4b80_11,0.0010802635224536061,0.9511275887489319
1290,52987_387431ac_7,0.0012957024155184627,0.960536003112793
1291,147926_b78316a8_10,0.00034509209217503667,0.6976590752601624
1292,144653_e3eccdf1_50,0.00025029006064869463,0.8332433700561523
1293,56458_c027ed41_0,0.0004827190132346004,0.9400792717933655
1294,23495_6366269c_11,0.0011279138270765543,0.9775692224502563
1295,70883_e2d6a103_2,0.004328105598688126,0.9356920719146729
1296,32743_f4c47bbc_34,0.0008844105759635568,0.48453235626220703
1297,30910_38ea5a06_2,0.0003002252196893096,0.9490820169448853
1298,56476_466fc284_17,0.016266539692878723,0.6635413765907288
1299,22604_0b4ffb43_62,0.0009790287585929036,0.9591510891914368
1300,21534_6367be99_0,0.0013694381341338158,0.5683040618896484
1301,133026_1085532d_1,0.00046867929631844163,0.8808889389038086
1302,137828_0b0786fb_1,0.002997353672981262,0.9423771500587463
1303,55627_971fde61_27,0.0007253075018525124,0.9084386825561523
1304,93869_8b1922a3_0,0.0006638645427301526,0.9464610815048218
1305,24393_9acd18c6_3,0.0016499519115313888,0.9692118167877197
1306,44996_b3e9c266_14,0.00012378327664919198,0.5155751705169678
1307,55300_b9675d43_1,0.0012855263194069266,0.9747593402862549
1308,113352_879844fe_0,0.0015556166181340814,0.9366539120674133
1309,135317_3c58b0d0_9,0.00031803810270503163,0.7061347365379333
1310,115624_fe3eb392_1,0.006351804826408625,0.7025229930877686
1311,63055_6b907478_21,0.000644385174382478,0.9765002727508545
1312,40421_032c052f_0,0.0013172737089917064,0.7997742891311646
1313,143029_70554264_3,0.00013903329090680927,0.7618199586868286
1314,145117_78f63de3_0,0.0007589462911710143,0.8048068284988403
1315,128996_35f2006e_0,9.821481944527477e-05,0.5088604688644409
1316,54503_fc6c6963_1,0.0007019759505055845,0.9113404154777527
1317,24657_0168dc6b_1,0.0008283039787784219,0.9797258377075195
1318,130524_13ad16a8_0,0.012808198109269142,0.9366657137870789
1319,142670_33c641dc_3,0.0003720605163834989,0.8586492538452148
1320,65375_674ff0b9_11,0.0011335532180964947,-0.032021164894104004
1321,23168_7fdf5427_3,0.00016766019689384848,-75.58716583251953
1322,41717_ab2075ac_0,0.0010002909693866968,0.9632733464241028
1323,21739_57582b8f_4,0.0017822572262957692,0.8954371213912964
1324,143293_fc5b0ff7_30,0.001170411822386086,0.9680821895599365
1325,135906_587b5c3d_0,0.00043128925608471036,0.7395682334899902
1326,138685_fd9b79cd_0,0.0009756518993526697,0.21985220909118652
1327,119921_5621fcb4_0,0.00046558838221244514,0.9213961958885193
1328,49403_458914df_5,0.0011451601749286056,0.869488537311554
1329,73525_7f6b2f67_2,0.00019866034563165158,0.6818164587020874
1330,136994_a3a2f50f_3,0.0017759512411430478,0.7999661564826965
1331,31838_2e4bd173_1,0.00434780353680253,0.9058962464332581
1332,35866_d0233b36_6,0.000966259220149368,0.9835272431373596
1333,53053_d6b4d71c_9,0.0037446492351591587,0.9027784466743469
1334,90220_7baf1e18_1,0.0004904434317722917,0.3379403352737427
1335,23364_73dd9d4d_10,0.0002529805351514369,0.6364115476608276
1336,52987_387431ac_3,0.0009418484405614436,0.9224300384521484
1337,51859_6b2fd0f1_4,0.0006382419378496706,0.6451774835586548
1338,51708_867d4509_12,0.00024520649458281696,-1.1240365505218506
