case_num,case_name,MSE,R-Square
0,50417_199cffee_13,0.0025626306887716055,0.9800384640693665
1,48516_2b3135bf_11,0.0014299203176051378,0.9516546726226807
2,41733_1ec9b00c_31,0.003978798631578684,0.6140552759170532
3,31664_1e85c690_0,0.0005617776769213378,0.9697965383529663
4,21893_0500d043_18,0.0005563318845815957,0.9886891841888428
5,31607_9a2f8140_6,0.00044778577284887433,0.9849699139595032
6,41774_88a7a483_18,0.0005850101006217301,0.857196033000946
7,42143_51b31600_4,9.007202606881037e-05,0.8180013298988342
8,23104_3b70eba4_13,0.000640682817902416,-0.05395519733428955
9,129075_8fbf62e5_2,6.310571188805625e-05,0.8334698677062988
10,41624_a15f83c1_13,0.0002237314620288089,0.8901376128196716
11,36088_1ea9c8a9_12,0.0004941214574500918,0.9884726405143738
12,126477_6596d136_14,0.00031343474984169006,0.7158961296081543
13,130441_10c43121_0,0.003459338564425707,0.9823771119117737
14,133385_e6aa64d8_21,0.00036564492620527744,0.7601135969161987
15,26398_b99946da_1,0.0021888860501348972,0.9712123274803162
16,61198_0c99f50a_4,5.429066368378699e-05,-2.4201314449310303
17,26661_ab88a525_0,0.00014663890760857612,0.8305196762084961
18,129075_8fbf62e5_1,0.0012223557569086552,-0.15434575080871582
19,51891_9455ea02_1,0.0009854298550635576,0.9843630194664001
20,34770_6bba5bd4_13,0.00042215484427288175,0.9917113780975342
21,21646_a2dd0d00_53,0.0004218847898300737,0.9649320244789124
22,68909_4ae1bc2e_1,0.00010224147990811616,0.9039163589477539
23,27866_ece3076e_109,0.00023173810041043907,0.9634580016136169
24,92134_52f13f49_6,0.00031600584043189883,0.8178829550743103
25,23342_7193a931_1,7.327574712689966e-05,0.8982982635498047
26,126572_a2d6f794_14,3.674220715765841e-05,-2.693707227706909
27,44344_3e0b0b0c_1,4.130120487388922e-06,0.4279897212982178
28,49331_3bf3bb84_4,0.0004853542777709663,0.9911156296730042
29,33971_46bb0373_0,0.0008217062568292022,0.8950377702713013
30,21517_bfe35b4c_1,0.00029103312408551574,0.5778822302818298
31,23165_369d62aa_6,0.00035241476143710315,0.995749294757843
32,81846_2907c980_0,0.0007392271654680371,0.9671859741210938
33,24168_a0ede173_111,0.0032852538861334324,0.6755155324935913
34,53461_a5942665_1,0.0004458749608602375,0.9834630489349365
35,24907_c72322ea_13,0.0005768245900981128,0.7823439240455627
36,133424_315bcaeb_7,0.00015432998770847917,0.8002907037734985
37,40490_916e13fe_0,0.00034963159123435616,0.9891098141670227
38,38000_b5822e44_3,0.0004799739399459213,0.9927254915237427
39,138520_f4e0bc0b_63,0.00042780122021213174,0.5918577909469604
40,61294_9255796d_3,5.242678525974043e-05,0.9019021987915039
41,22176_272891b8_0,0.0004255997482687235,0.7841126322746277
42,24815_4f2a57e4_1,0.0014489473542198539,0.9574534893035889
43,113343_e692c488_1,8.27102703624405e-05,0.875183641910553
44,33995_18423507_1,0.00022945793170947582,0.6908992528915405
45,127897_029949fd_6,0.0002792046288959682,0.9944170117378235
46,123181_4e56fb4f_0,0.0003839333076030016,0.9944379329681396
47,22670_9353c710_1,2.4981232854770496e-05,0.8477562665939331
48,128642_4d72bf31_2,0.0006159982876852155,0.6663116216659546
49,146667_fe438b5b_6,0.004917697515338659,0.6996830701828003
50,38260_2a31c6df_2,0.0007748932112008333,0.890792191028595
51,24443_996411f9_3,0.000892608892172575,0.979744017124176
52,142074_34e02b6d_1,9.37536678975448e-05,0.9719220995903015
53,41501_b627682a_15,0.0011764286318793893,0.8971955180168152
54,24712_da77fe8f_0,0.0001789299276424572,0.9966522455215454
55,32960_0eaa1de8_26,0.0003407515469007194,0.9936885833740234
56,130757_b2c47f8d_2,5.268027962301858e-05,-0.5744391679763794
57,104817_6d73dc41_0,0.0011648089857771993,0.8694984316825867
58,79243_49539d9f_0,0.0014602539595216513,0.9685406684875488
59,82012_c533307b_1,0.00014067909796722233,0.8689524531364441
60,107649_e651c5ca_1,3.517375807859935e-05,0.7547166347503662
61,40997_e3c88650_12,0.0008503934950567782,0.978187084197998
62,143029_70554264_4,0.0009241238003596663,0.8736746311187744
63,27054_342fcf5c_3,0.00022978053311817348,0.760177493095398
64,41648_577daf16_17,0.0001788423687685281,0.9322992563247681
65,89720_4e65191c_1,0.0008882198599167168,0.978482723236084
66,75382_1b589ea9_12,6.843094888608903e-05,0.8043825626373291
67,120371_433ba1ca_2,0.000400853663450107,0.9650407433509827
68,49024_b7f02205_13,0.001664592418819666,0.9264771938323975
69,51022_47816098_7,0.0016030195401981473,0.9835394024848938
70,41634_4f5d0edb_0,8.915920625440776e-05,0.8217162489891052
71,23170_6ea8ded5_3,0.0007001892081461847,0.9882822632789612
72,69589_cd2fa794_8,0.002990069566294551,0.8044903874397278
73,41504_85e300ee_0,0.001882229815237224,0.7430011034011841
74,128996_42176b10_0,0.0010775949340313673,0.9127814769744873
75,38920_e81879c2_7,5.134635648573749e-05,-60.755340576171875
76,148051_c59af578_6,0.00017597436089999974,0.9952073693275452
77,65494_16d62db5_0,0.00014210118388291448,0.809583842754364
78,25473_0991d519_0,0.0007441742927767336,0.9825166463851929
79,75270_25a261ef_5,0.00042891790508292615,0.9572027325630188
80,49613_1b97c07b_12,2.8286392989684828e-05,0.69957435131073
81,115633_a2c63339_1,0.00021338893566280603,0.936883807182312
82,52366_63042db4_1,0.0004743171448353678,0.9892047047615051
83,30282_88c6933c_5,0.0006291924510151148,0.9247279167175293
84,53474_f29e4438_12,0.0011293395655229688,0.9630270600318909
85,24026_1dd4094b_21,0.0007285951869562268,0.9168892502784729
86,21225_c081eae3_2,0.0011156940599903464,0.8525283336639404
87,35057_9af89947_8,0.0003373788495082408,0.7289882898330688
88,43529_4804941b_20,0.00033959076972678304,0.9896509051322937
89,22103_fd11c71b_3,0.00030044131563045084,0.9624840021133423
90,51536_a18dc325_0,0.0008083883440122008,0.9570972323417664
91,24230_636208ab_13,0.0007857791497372091,0.5174683332443237
92,41117_1b3271f2_56,0.0022108489647507668,0.9658609628677368
93,140499_419d5823_0,0.0004001020861323923,0.9654141068458557
94,115524_a949e82c_2,3.3615291613386944e-05,0.8690545558929443
95,29833_0ed4880f_3,0.0003984126669820398,0.9928315877914429
96,127556_4823a42a_6,0.00034180760849267244,0.9425839185714722
97,23960_48cc0f21_19,8.346630056621507e-05,-0.1704329252243042
98,132987_ba18d2eb_11,0.00010521795775275677,0.7985216379165649
99,51337_f8636fd9_30,9.413263614987954e-05,0.8936426639556885
100,40999_cad6be09_18,0.0008911391487345099,0.9789313077926636
101,136886_99fbdef3_0,0.00016801647143438458,0.7116742730140686
102,30447_4ed3b778_7,0.0009947818471118808,0.996334969997406
103,55811_bc667b2d_13,0.0018971734680235386,0.27775001525878906
104,41716_d55164d4_1,0.0002615430566947907,0.9084674715995789
105,33610_aa697fc9_6,0.00037773168878629804,0.9721186757087708
106,55095_fa260d33_6,0.0011150973150506616,0.9706067442893982
107,115639_bc0cc622_0,0.002372533781453967,0.8262907862663269
108,20841_1620ae7d_0,0.0006817357498221099,0.9061427712440491
109,50823_d1830e58_2,0.0012452404480427504,0.7534970045089722
110,109762_cb162371_48,0.0004234646912664175,0.8511934876441956
111,41387_5f752e39_23,0.0007727844640612602,0.9714210629463196
112,121540_629c716f_0,0.0006619336782023311,0.971979022026062
113,118539_1dff9cf9_12,6.8555932557501364e-06,0.49861419200897217
114,30714_dafa62f6_2,0.002536082174628973,0.9668202996253967
115,79633_bbbde75f_0,0.0012555443681776524,0.9693789482116699
116,33059_531cfd5e_11,0.0004097486671525985,0.9329417943954468
117,20697_d3e106b4_4,4.212662679492496e-05,0.6461982727050781
118,136062_0027ff97_6,0.0005221836036071181,0.9518238306045532
119,146291_6b0c8db3_1,0.002569747855886817,0.9401953220367432
120,45466_5f662bcb_0,9.164424409391358e-05,0.8113054633140564
121,144500_7f600ab6_0,0.00022575313050765544,0.9791239500045776
122,44996_b3e9c266_4,0.0001081199079635553,0.9771631360054016
123,40713_4c9264ef_0,0.0005408806609921157,0.9278338551521301
124,132384_0fcab1fa_13,0.0005091039929538965,0.4523177742958069
125,33738_77d49563_2,0.00028784997994080186,0.665412425994873
126,129422_621d0a90_33,0.0002309634437551722,0.8912984728813171
127,115633_fd3c9b97_32,3.768833266803995e-05,0.845565140247345
128,69337_a122ffde_1,0.0006981472834013402,0.9286444187164307
129,37241_29f91452_0,0.0004420691111590713,0.9897734522819519
130,141199_9ae000ef_6,0.0015492489328607917,-0.30955708026885986
131,147133_92c04b84_4,0.0007791593088768423,0.3147197365760803
132,77687_cbb18594_50,0.0019859950989484787,-0.3708219528198242
133,144290_2a679085_11,3.793946234509349e-05,0.8882627487182617
134,130825_c59bbbfb_0,0.0007075457251630723,0.9818933606147766
135,82512_252da752_6,4.8289908590959385e-05,-73.70966339111328
136,115624_d0acb46b_24,0.0004429491236805916,0.9951939582824707
137,92134_52f13f49_7,0.00026087171863764524,0.8363288640975952
138,100326_0602c712_7,0.0001433055876987055,0.7741047143936157
139,134630_f9e85072_0,0.0008856919594109058,0.7961069345474243
140,108943_b07b2543_1,0.0007041424396447837,0.8838850855827332
141,125416_ab456bc3_5,0.0015720231458544731,0.8665327429771423
142,57222_33b428d7_69,0.00018327009456697851,0.8167021870613098
143,24650_dad8c8ee_13,0.0006086590001359582,0.9892149567604065
144,41749_14d0599c_1,0.0003862094599753618,0.9425489902496338
145,49396_98ab955d_27,9.702666284283623e-05,0.9366542100906372
146,136892_e2a0b32c_4,7.785077468724921e-05,-1.0018310546875
147,31962_e5291336_28,0.0007158881635405123,0.9843762516975403
148,34231_e27353cb_0,0.00012068187788827345,0.8731141090393066
149,112724_d334de09_0,0.0011820868821814656,0.981627345085144
150,56486_82b3e23a_21,1.3373592992138583e-05,0.8444857597351074
151,40500_6055e3d7_17,6.911045602464583e-06,0.7675074338912964
152,39468_15fb2e60_43,0.0002728746912907809,0.55474853515625
153,141710_17531562_7,0.00039473338983953,0.9888439178466797
154,33529_756075a0_12,0.0007786549394950271,0.8474611043930054
155,54169_3a875f10_8,0.0015577231533825397,0.9589135050773621
156,41023_5445cb61_9,0.0002245452778879553,0.802518367767334
157,146380_5c569eeb_2,0.0008773754234425724,0.5284343361854553
158,24195_9791f5d3_38,1.3906963431509212e-05,0.7257611751556396
159,26573_7f7e176d_2,0.0014303153147920966,0.9873135685920715
160,22734_f6bad9f7_25,0.0011192898964509368,0.9819657206535339
161,48112_9538e204_0,0.0002155921538360417,0.9957205057144165
162,127545_6fa39158_10,0.0013010150287300348,0.9898829460144043
163,23788_5c0b60c6_0,0.00026081534451805055,0.8630490303039551
164,23792_5b4c1ce0_21,0.001675939653068781,0.9471173286437988
165,146067_46e58ab3_1,0.0025508024264127016,0.9838164448738098
166,101072_dec6f415_3,0.00019903498468920588,0.9087640047073364
167,22829_b6649a29_0,9.140300971921533e-05,-0.515561580657959
168,55389_a736bd99_0,0.0016499896300956607,0.12353396415710449
169,30259_d709601c_9,0.003204465378075838,0.9087120294570923
170,35866_d0233b36_13,0.00012414460070431232,-0.318234920501709
171,34563_52848c45_5,0.00018829536566045135,0.923783004283905
172,44519_90af0df6_7,0.00150713708717376,0.5603498220443726
173,114111_59282658_8,0.000408756488468498,0.860130786895752
174,45922_26941172_15,0.0020287700463086367,0.9660388231277466
175,41303_bd1def52_3,0.00032082878169603646,0.9188775420188904
176,22053_de30641b_1,5.0669685151660815e-05,0.22435182332992554
177,22298_51433023_4,0.0009446371695958078,0.9794184565544128
178,23479_81a49137_0,0.0010048672556877136,0.6349557638168335
179,22225_a3ce4d29_37,0.0014135612873360515,0.9804291725158691
180,135669_490cd2d7_14,0.002374388510361314,0.872645378112793
181,32173_8b075b1a_4,0.0006029761279933155,0.9902332425117493
182,145119_24107428_5,0.0009668445563875139,0.9266617298126221
183,41774_88a7a483_36,0.00022020636242814362,0.8868255615234375
184,133549_1b6c58d6_0,0.0005621148156933486,0.9880362749099731
185,40936_6de8f4f4_0,0.0048613776452839375,0.969673752784729
186,23008_3d1bb7b2_0,0.0028019032906740904,0.9597982168197632
187,38360_ad61c9b2_1,0.00034153484739363194,0.7780976891517639
188,136109_3d342d3c_2,0.0006052990793250501,0.9756654500961304
189,135790_a27f9deb_11,9.401592251379043e-05,0.8834115862846375
190,140249_7c1c5bba_0,0.00022290182823780924,0.7286643981933594
191,128996_a3d026d6_0,0.0013925667153671384,0.7146270275115967
192,23235_f9ccb8b0_0,0.0007348916842602193,0.42045456171035767
193,93671_f7290ded_0,0.00029802796780131757,0.823398232460022
194,51109_97b211c3_7,0.0004272565711289644,0.9477817416191101
195,51916_fa226b15_13,3.737825318239629e-05,0.9192357659339905
196,86268_094d3fab_1,0.0002477614034432918,0.9950457811355591
197,39637_ca6a9a60_1,0.002607842441648245,0.6774857044219971
198,47219_93cb3619_3,0.0042084138840436935,0.9258751273155212
199,47878_0edb6829_0,0.00048325309762731194,0.9914056062698364
200,26764_ab35159a_6,0.0013167232973501086,0.9474421739578247
201,34341_d19b12fb_12,9.681667143013328e-05,0.8933871984481812
202,118342_c702e084_6,0.00037703747511841357,0.9913871884346008
203,49886_dd68dccb_4,0.000780538481194526,0.9409009218215942
204,23493_57512264_5,6.514552660519257e-05,0.7946211695671082
205,31751_e37382e1_5,0.001538426149636507,0.9605938196182251
206,24338_848cab42_6,0.0033952719531953335,0.7317602634429932
207,24916_42eacca3_10,0.0007428272510878742,0.5986723899841309
208,137485_a953e1be_2,0.0002523248258512467,0.9949547648429871
209,23706_ef15ef9c_18,0.001345184282399714,0.9107701182365417
210,143671_eaf4d13b_6,0.002771970583125949,0.9577069282531738
211,53470_39f2e9dc_13,0.0005513363284990191,0.3012951612472534
212,145772_59253c6d_3,5.521607454284094e-05,0.9221953749656677
213,51893_d531e2bd_2,0.0010506310500204563,0.9771242141723633
214,39389_d641313f_8,0.00173710728995502,0.933718740940094
215,51595_41f3d1a3_5,0.00015459276619367301,0.8532356023788452
216,51674_a70c1c6c_15,0.0001768266229191795,0.3263421654701233
217,37617_3f415463_5,0.00011793695739470422,0.9105489253997803
218,31862_a89f21f9_3,0.0003622602962423116,0.9892343282699585
219,40519_55a097c6_11,0.0013022186467424035,0.9240735173225403
220,111306_9108c940_0,0.0012354031205177307,0.7635805606842041
221,136640_16741d62_4,0.0005502420826815069,0.6255581974983215
222,23155_d7305c5f_2,0.00444798544049263,0.9099032878875732
223,43934_912ff891_41,0.00012790750770363957,0.3902686834335327
224,57017_6033d1e5_0,0.0003815653617493808,0.9807902574539185
225,126913_d253adb7_1,0.0005897171795368195,0.7641632556915283
226,130752_52d74f2f_48,0.0014035591157153249,0.9053853750228882
227,124177_71283cad_0,0.00043492671102285385,0.9664624929428101
228,24650_dad8c8ee_18,0.001051256898790598,0.9731274843215942
229,55199_4d57661f_2,0.0021764200646430254,0.8697054982185364
230,115010_eb737aaf_20,0.00037414420512504876,0.992835521697998
231,27855_19c5895a_12,0.0008648731745779514,0.5463770627975464
232,52772_a6e6e320_0,0.00010988015128532425,0.8525416254997253
233,90917_3d2d21a9_0,0.0028353834059089422,0.9351517558097839
234,40703_5f4e45d4_7,0.00021115856361575425,0.9958111047744751
235,132622_911efd2f_1,0.0020492568146437407,0.9693257808685303
236,43441_e1ab0873_6,0.006058258004486561,0.9043605327606201
237,34917_61633e20_6,0.0006623767549172044,0.9856396913528442
238,67221_275ba7e6_4,0.0007059164927341044,0.9858399033546448
239,130719_e4764a36_10,0.00010587472934275866,0.7691278457641602
240,136318_130d6a06_20,0.000676567608024925,0.938289225101471
241,99636_73c43ebd_10,0.00032461356022395194,0.9912410378456116
242,29377_3a04cb8d_6,0.0006935017299838364,0.8988257646560669
243,23018_63087a41_47,0.0005355221801437438,0.985341489315033
244,26165_100fec74_4,0.00022709066979587078,0.285460889339447
245,135934_d2f6bb2e_46,0.0003554006980266422,0.827475368976593
246,24039_448afafa_5,0.0008174979593604803,0.9606010317802429
247,32775_a79b406b_14,0.0019171753665432334,0.7557178139686584
248,23686_cba4f679_0,0.0013433968415483832,0.8725954294204712
249,35147_bc9f2c5d_0,0.0010138227371498942,0.8363375067710876
250,136337_1351909b_2,0.004403453320264816,0.89540696144104
251,139222_2c10ca9a_1,0.00044198616524226964,0.9619773030281067
252,139379_fe5c3f64_0,0.0003486927889753133,0.9871446490287781
253,33084_344fec27_2,0.00016954336024355143,0.9968085885047913
254,24775_d5c98d77_0,1.3661471712111961e-05,0.5788627862930298
255,56344_3a89f085_23,0.0003270209999755025,0.9696915745735168
256,135112_cf8007b8_5,0.001269628293812275,0.9687381386756897
257,50706_20d07d57_2,0.005893977824598551,0.9435197114944458
258,51744_cd355565_5,0.0014362595975399017,0.9569813013076782
259,51464_da501c24_0,0.0016421349719166756,0.6763339042663574
260,126572_a2d6f794_23,4.409698158269748e-05,-0.5261815786361694
261,70021_e673ae54_2,6.781784759368747e-05,0.902285635471344
262,25144_31b089b6_5,0.0004876642778981477,0.7791119813919067
263,24715_55aac5f2_2,7.213248863990884e-06,0.39949774742126465
264,24532_f82f8000_2,0.00175438541918993,-0.4202423095703125
265,30664_a3084f71_1,0.0009350876207463443,0.6090513467788696
266,81145_5c13a8e9_1,0.0002748756087385118,0.7192419767379761
267,132037_2abb8c63_10,3.811387432506308e-05,0.8247976899147034
268,50414_ac159b58_2,0.00039621093310415745,0.985600471496582
269,21601_360ce1c7_7,0.0003231199807487428,0.9941277503967285
270,22119_27e3ecbe_9,0.0007209805771708488,0.9776427745819092
271,145120_74f7316f_0,0.00429776543751359,0.8056917190551758
272,74574_c302ff1f_0,0.00012405720190145075,0.8370598554611206
273,52443_085efc00_4,0.00023556628730148077,0.923028826713562
274,147546_ede0f31c_3,0.0029783518984913826,0.9355939626693726
275,22492_047b125b_21,0.0013240973930805922,0.9692685008049011
276,72313_5a86e234_0,0.0027402169071137905,0.9476549625396729
277,45589_49e3c7ea_2,0.0003102324262727052,0.9906452298164368
278,83432_a7f85698_0,0.0002656959113664925,0.9940321445465088
279,32775_a79b406b_0,0.0001207230961881578,-0.16257476806640625
280,121703_69c4a5ac_3,3.723476402228698e-05,0.8650869131088257
281,80901_e9080573_6,0.0007270130445249379,0.9716281890869141
282,21809_8bd6b10e_3,0.0048667131923139095,0.8928835391998291
283,49396_98ab955d_15,0.0006516429712064564,0.9378663897514343
284,33766_14917a4a_19,0.0009806194575503469,0.9781814217567444
285,26661_ab88a525_8,0.000179809911060147,0.99495929479599
286,44030_17bd5ec9_0,0.0010319086723029613,-0.26853227615356445
287,53221_74fa81cd_7,0.0002922758285421878,0.747351884841919
288,21887_3306168f_7,0.0025610278826206923,0.7448197603225708
289,86185_85fde9e6_0,0.0005299540935084224,0.9190069437026978
290,87951_500b1dcd_2,0.00011282697232672945,0.879218339920044
291,22276_69c5036b_11,0.0016459653852507472,0.9569354057312012
292,41721_44151488_5,0.001385616254992783,0.8717000484466553
293,102293_5d04e48d_0,0.003541049547493458,0.8319916725158691
294,77687_cbb18594_20,9.338943345937878e-05,0.8704559803009033
295,133248_1bab99ae_0,0.0024789320304989815,-0.09276556968688965
296,24051_4852a192_2,0.0007013787981122732,0.9759263396263123
297,86806_2993395a_1,0.0002394031616859138,0.7967629432678223
298,38558_b0d6b3f8_1,0.0005196191486902535,0.9893349409103394
299,140549_7d01813c_0,0.0014999940758571029,0.952417254447937
300,24559_3c306e71_1,0.0011645585764199495,0.8208801746368408
301,70350_751de4b0_13,0.003401026129722595,-0.38538944721221924
302,39101_23fec10f_8,0.001934284926392138,0.7942137122154236
303,24942_9d1b2ff2_8,0.0005960765993222594,0.9930523037910461
304,30850_05d88af9_3,0.0016859452007338405,0.9719647169113159
305,113358_08641c94_4,0.001602499163709581,0.9502035975456238
306,21234_8b71bd47_27,0.0006158283213153481,0.7772072553634644
307,26245_4aac38e1_21,0.0002336914330953732,0.45780426263809204
308,66072_d301cc88_0,0.0007790228119120002,0.6631084084510803
309,21894_93f0d052_23,0.0013656765222549438,0.8651082515716553
310,147816_7fb70c2b_2,0.0006009454373270273,0.9369676113128662
311,49120_4131d1e7_1,0.0003027649945579469,0.9393843412399292
312,52224_ca16c854_4,0.0018720088992267847,0.732677161693573
313,105762_19e04e0b_1,6.962822953937575e-05,0.4503462314605713
314,30400_8824ce97_36,0.0009250828297808766,0.8667535185813904
315,95199_ffcff41e_0,0.0002716889721341431,0.7216338515281677
316,50417_199cffee_3,0.00011909203021787107,0.9073108434677124
317,24544_d06c82dd_5,0.0005065798759460449,0.9916165471076965
318,22604_565b91f5_2,0.00034316969686187804,0.9856818318367004
319,22788_b6a9e30a_4,0.0001631849881960079,0.9592211246490479
320,45789_d5126eab_14,0.0008904979913495481,0.8180941939353943
321,37267_b2be4b50_3,3.674934487207793e-05,-2.6978254318237305
322,34330_5eff1ee1_3,0.0010509421117603779,0.8773504495620728
323,137999_d934160e_1,2.238011256849859e-05,0.8268778920173645
324,134921_f5efde94_27,0.00010832762200152501,0.9004033207893372
325,53470_39f2e9dc_8,4.995879498892464e-05,0.4395284652709961
326,23497_f292546d_25,0.0019020468462258577,0.9209476709365845
327,22289_4b848f64_2,0.000622193212620914,0.9157328605651855
328,31392_84b62622_2,0.0010471470886841416,0.9127296805381775
329,51347_1fc6f329_0,0.0015521248569712043,0.6513223052024841
330,50777_2934de55_6,0.0001683249429333955,0.9939947128295898
331,32841_954e8c1a_0,6.0086666053393856e-05,0.9380086660385132
332,31530_6744ae73_3,0.0004047501424793154,0.994059145450592
333,65827_d1469ad6_1,8.22344736661762e-05,0.38458865880966187
334,145461_30637b22_8,5.837624485138804e-05,-1.3333497047424316
335,31973_093ea963_13,0.0002530485508032143,0.9014905691146851
336,70355_e5f58cd5_14,0.0005721484194509685,0.9442012906074524
337,77687_cbb18594_40,6.546633812831715e-05,0.7107626795768738
338,24392_fce351ea_0,0.000356485164957121,0.8088886141777039
339,36853_7efccb8c_3,0.0010359399020671844,0.8586086630821228
340,41644_d15f8e2b_5,6.088902227929793e-05,0.6862243413925171
341,131762_9b5e5ff5_2,0.00048331727157346904,0.9708127975463867
342,82193_96ef9433_2,0.0005558967823162675,0.9913370609283447
343,31347_386f6298_15,0.0009944615885615349,0.9766170382499695
344,34568_fbe47bf9_0,0.00020861248776782304,0.40283697843551636
345,115624_fe3eb392_3,0.0009153294959105551,0.979052722454071
346,130446_e7b58dbe_0,0.0034032808616757393,0.8626919984817505
347,104641_2cd02839_33,5.120605055708438e-05,0.8881325721740723
348,31460_39fdfc6a_7,0.0009530896204523742,0.7854721546173096
349,95541_ced8f936_0,0.00045605210470966995,0.9901710152626038
350,23126_725969ea_17,0.0006396586541086435,0.9324168562889099
351,23676_52069f98_5,1.971416531887371e-05,0.9257601499557495
352,137637_ed9c537d_0,0.0003990000404883176,0.901341438293457
353,22474_b10fea1a_2,0.0005343989469110966,0.9870558381080627
354,143017_21d96cc2_10,0.000763840856961906,0.889885425567627
355,105270_34f92afd_1,0.00012501045421231538,0.8246632814407349
356,95622_0a0787e4_4,0.0005929910694248974,0.9911432266235352
357,55854_13f0399b_0,0.0017173085361719131,0.9630382061004639
358,22118_1e09e0eb_5,0.0014444610569626093,0.938395082950592
359,146717_3e6a84c1_7,0.0016073976876214147,0.9759060144424438
360,63132_330141d7_3,0.00021341109822969884,0.9567190408706665
361,115633_fd3c9b97_46,0.00025395507691428065,0.47691625356674194
362,21644_aa203dc5_29,0.0003295279748272151,0.9191160202026367
363,79791_00f639ca_15,0.00029241194715723395,0.9950769543647766
364,60711_42b5a13e_1,0.000653112365398556,0.9276723861694336
365,137483_cdb8989d_0,0.0004118682991247624,0.9914006590843201
366,21644_aa203dc5_26,0.0004626906884368509,0.9201439619064331
367,131876_b2384623_0,0.0005443295813165605,0.6485446691513062
368,23706_ef15ef9c_10,0.00043226280831731856,0.9338708519935608
369,68948_0d2a01cd_9,0.0019689572509378195,0.9447768330574036
370,145137_4e9eef42_1,0.0006017065024934709,0.8789821267127991
371,30426_2cde26de_20,0.002422297140583396,0.9724363684654236
372,31378_34c52a73_0,0.0002158924617106095,0.9400646090507507
373,92134_52f13f49_4,0.00028563436353579164,0.8072274923324585
374,119634_fc722479_1,0.0005762087530456483,0.9920722842216492
375,24032_d6172503_24,0.0011375645408406854,0.5237218737602234
376,136401_69f29349_4,2.0103096176171675e-05,0.6880800724029541
377,41871_f9a1ad02_26,0.0006700414232909679,0.9491230249404907
378,48220_87941c4e_116,0.002140288008376956,0.6832748651504517
379,115012_9ed88535_2,0.0011617947602644563,0.5359667539596558
380,69488_025cf0a2_1,0.0029199516866356134,0.9802058339118958
381,147427_69f68da4_3,4.1158858948620036e-05,0.885922908782959
382,33766_14917a4a_32,0.0014019989175722003,0.9495670199394226
383,51747_3d58eae0_0,0.0005944592412561178,0.9201803207397461
384,33785_a4c23f61_0,0.003835857380181551,0.9855289459228516
385,114935_797875fe_2,0.002300791209563613,0.9162966012954712
386,51775_49ef614a_26,4.616615115082823e-05,0.9179173707962036
387,38196_ea48fa42_3,4.300799628254026e-05,0.4968798756599426
388,140413_44177109_21,1.0318445674784016e-05,0.8111634254455566
389,27676_79237cc5_1,0.0006862373556941748,0.7754996418952942
390,52883_e518d3f4_33,0.00020891582244075835,0.9958845376968384
391,34347_841c5375_2,0.00011003237887052819,-1.2372009754180908
392,55289_292737cb_0,0.00043695952626876533,0.991611123085022
393,50606_82cb18e2_0,0.0005746599636040628,0.9774148464202881
394,30407_efa567f2_4,0.0005057193920947611,0.9878059029579163
395,31647_ab9ad9dc_13,0.000541507382877171,0.9475395679473877
396,24896_58b4730f_17,0.00030803613481111825,0.9425466060638428
397,23602_5daaccf5_4,0.0011585833271965384,0.91907799243927
398,27725_5cceaeb7_10,0.0005301256896927953,-0.10134756565093994
399,127734_395dcf7d_5,0.0014687475049868226,0.7611715793609619
400,31957_d864f861_3,0.001716749626211822,0.6501544713973999
401,49415_1671b60c_4,0.0012584752403199673,-0.1767176389694214
402,45110_fae73324_4,0.0003681962552946061,0.980350911617279
403,22343_34184fd5_18,0.00016826903447508812,0.3593902587890625
404,22848_cc91b848_38,3.6863859804725507e-06,-3.2494091987609863
405,73652_23b21ef2_1,0.00035682026646099985,0.9928248524665833
406,65569_bd890a32_1,0.000498842098750174,-3.7848076820373535
407,48220_87941c4e_111,0.0033031434286385775,0.4214971661567688
408,30394_e30f932c_0,0.0013212310150265694,0.9244025349617004
409,21941_1a683ec2_26,0.0005351333529688418,0.9776538014411926
410,25564_e646fcb3_1,5.852932372363284e-05,0.8023389577865601
411,134053_87a32e31_3,0.0001866400707513094,0.4907243251800537
412,87950_af56e26e_2,0.0004516170884016901,0.966946005821228
413,51458_54240b70_17,0.00019671522022690624,0.7827191352844238
414,40688_effe215a_1,0.0014893256593495607,0.9631195664405823
415,131494_c8a441d0_0,0.000779686204623431,0.8481718301773071
416,26768_c4df841f_21,0.0005239759339019656,0.3862219452857971
417,136892_2d5f55a9_0,0.0019200288224965334,0.5789597034454346
418,54652_d60ac3e0_10,0.00149429589509964,0.9189297556877136
419,51747_3d58eae0_1,0.000881427782587707,0.6396759748458862
420,54650_df3655c1_0,3.8298927393043414e-05,0.5805283784866333
421,41125_711db4bf_58,0.0005312321591190994,0.9409095048904419
422,45418_f603706b_2,0.0002413404145045206,0.938957154750824
423,21852_6cf9a734_18,0.0045695859007537365,0.9609434008598328
424,122515_758d8b70_6,1.3803271031065378e-05,-10.398560523986816
425,104081_05ba54fa_2,0.0005482363048940897,0.7697513103485107
426,41672_cf87e0b6_0,0.0003799423575401306,0.9413602352142334
427,22638_37f9fe91_1,5.258991222945042e-05,0.8446323871612549
428,24559_3c306e71_3,0.0007924133096821606,0.8560711741447449
429,31589_ac31215d_8,0.0002597376878838986,0.862554669380188
430,49603_143b8bd2_35,0.0015676430193707347,0.8759278059005737
431,127965_c64a91da_0,0.0009400259586982429,0.7567157745361328
432,36062_f2fb6808_1,0.00010215845395578071,0.05585134029388428
433,139280_8874b1ab_18,0.00017376116011291742,0.8330303430557251
434,30997_24dea167_4,0.002420614007860422,0.7816596031188965
435,143471_eb185912_5,3.2712188840378076e-05,0.6650595664978027
436,23176_1bf2a2d5_10,0.0009335986105725169,0.9614015817642212
437,98299_b8146029_5,0.000493864412419498,0.9572296142578125
438,23466_1cf60d09_4,0.0019060204504057765,0.9467038512229919
439,41591_2d0bd0d5_3,0.0006654999451711774,0.9766054749488831
440,134929_9049dcec_1,0.00035626007593236864,0.8089660406112671
441,41785_e8bf0528_0,0.0008307785028591752,0.963798999786377
442,31460_39fdfc6a_6,0.0005795882898382843,0.9875878691673279
443,133710_00be7f31_1,0.005824897903949022,0.3316320776939392
444,24532_f82f8000_0,0.0002997315605171025,0.9340704679489136
445,21234_8b71bd47_3,0.00010841594485100359,0.8358832597732544
446,35175_6edc4126_5,0.0006981994374655187,0.9797680377960205
447,20495_e8e7e80c_1,0.00019897203310392797,0.7679977416992188
448,76546_c17e95aa_2,9.821008279686794e-05,0.42231088876724243
449,41654_e75f89df_0,0.000496586668305099,0.9730472564697266
450,109772_f1a0845e_6,0.0002484371652826667,0.8564484119415283
451,34913_d23e2a24_0,0.0006999248289503157,0.9611133337020874
452,25203_1cc0cb3c_12,0.0011181195732206106,0.9813395738601685
453,37160_2a95674a_4,0.0007536635384894907,0.9508020281791687
454,69240_dc199112_4,0.0009615093003958464,0.8173640966415405
455,25176_d9130589_0,0.0004691618378274143,0.9383403062820435
456,69235_fe79a369_0,0.00022923688811715692,0.48516905307769775
457,39468_15fb2e60_9,0.00148741842713207,0.7842134237289429
458,103284_e25015aa_6,0.00020366552053019404,-0.6231869459152222
459,30377_e18ea3de_0,0.00023460491502191871,0.8099400401115417
460,66080_f578d52b_4,0.0006501744501292706,-2.3417155742645264
461,37444_52b27e94_14,0.0013137412024661899,0.7999237775802612
462,38675_6e07d74b_31,0.0009682453819550574,0.9693626761436462
463,21680_360ba5c7_28,0.0005960182752460241,0.9565747380256653
464,142032_5c32b7db_2,0.00040513320709578693,0.9925398230552673
465,44210_a155c2d1_0,0.0028375943657010794,0.936833918094635
466,38287_88ec74de_92,0.000362969032721594,0.9464152455329895
467,29572_2f9283f2_4,0.0009685116820037365,0.9278553128242493
468,28300_b3a6ab79_10,0.0006545783835463226,0.977366030216217
469,136129_e6a20c7d_5,0.00010385688801761717,0.8406496047973633
470,119381_e4d13609_0,0.0010708242189139128,0.9594858288764954
471,30729_b4d83b07_4,9.343259989691433e-06,0.808137834072113
472,140413_44177109_11,0.0009390807244926691,0.9558332562446594
473,26384_83eddf22_0,0.0008522511343471706,0.9349310994148254
474,82285_e7a738e7_2,0.0024971344973891973,0.792003870010376
475,108599_347602af_0,0.0008637290447950363,0.9731404781341553
476,119889_41a6f268_1,0.00017781526548787951,0.7375868558883667
477,55006_94230c00_1,0.0004106610140297562,0.9871612191200256
478,21517_bfe35b4c_10,0.0001325211051153019,0.9391023516654968
479,20818_098cad7c_6,0.00011420630471548066,0.8776979446411133
480,41855_b82e6ae8_6,0.00031807951745577157,0.9632307887077332
481,137166_90691294_8,0.00010361967724747956,0.9311871528625488
482,69561_f274e705_26,0.0003341353149153292,0.9838908910751343
483,51579_d0c3e154_0,0.0006558773457072675,0.972246527671814
484,23676_52069f98_4,0.0008871156605891883,0.9720665216445923
485,31962_e5291336_1,0.0006793274078518152,0.9799008965492249
486,57222_33b428d7_1,0.00010478879266884178,0.9222052693367004
487,51586_2ad96f8c_17,1.5247565897880122e-05,0.8166001439094543
488,41473_c2137170_32,0.0005034781061112881,0.9215310215950012
489,31123_9a1bfc50_2,0.0013839858584105968,0.8954864740371704
490,23211_3aac9c7e_0,0.00033456948585808277,0.9373124241828918
491,45798_b573e9da_5,0.0038320657331496477,0.8024626970291138
492,27847_d2436f7c_37,0.00016813582624308765,0.8056671619415283
493,54736_6ee1b513_1,0.0008393143652938306,0.2748714089393616
494,132901_7d205bb4_9,0.00031204894185066223,-1.0689411163330078
495,73762_8c704690_0,0.0020821779035031796,0.7192181944847107
496,23209_1592b0a4_1,0.0008696343866176903,0.9396907091140747
497,49024_b7f02205_2,5.69508301850874e-05,0.8556112051010132
498,147630_7f858240_15,0.0004921654472127557,0.9132912158966064
499,69337_2c778611_11,0.0003239238285459578,0.809329628944397
500,82498_92a00cd6_1,0.0009918565629050136,0.6926815509796143
501,78775_e2d8b091_1,0.00043476850260049105,0.9410303831100464
502,40067_95ae6c76_9,0.0006629482377320528,0.9289793968200684
503,80756_6f2e842f_0,0.0004055401077494025,0.9174854159355164
504,25284_1da7aa8a_0,0.00025998472119681537,0.9485540390014648
505,55605_2f8bc12e_62,0.0003749112947843969,0.9871779084205627
506,39792_60786b6c_15,0.0009019119315780699,0.98189377784729
507,34063_0ca1585e_2,0.0008717065211385489,0.4349694848060608
508,31664_1e85c690_13,0.00045303499791771173,0.9870463609695435
509,131193_98f3ac52_1,0.0003893729008268565,0.8258461356163025
510,120221_e2eaa34b_2,0.001223148894496262,0.5802904367446899
511,130286_1f71bfed_3,0.0009501756867393851,0.7169328927993774
512,118342_e8142153_21,0.00020736486476380378,0.9233677983283997
513,128043_9f8cd69e_1,0.00012634127051569521,0.825944721698761
514,41504_85e300ee_1,3.233707684557885e-05,0.8607574105262756
515,78863_d59be42e_0,0.0016527654370293021,0.801313579082489
516,31733_5118b376_3,0.0019225975265726447,0.9862801432609558
517,22208_e177deb7_5,0.0006148230168037117,0.8531193733215332
518,24026_1dd4094b_43,0.00027115875855088234,0.762852132320404
519,73388_10a40b49_1,0.0013697113608941436,0.9193675518035889
520,138219_cdff4f61_0,0.0005032458575442433,0.6678777933120728
521,49399_dc56d180_1,0.00018040902796201408,0.9966259002685547
522,41306_8f26e703_3,0.00020616034453269094,0.9289441108703613
523,51590_034b8b08_14,0.0020599300041794777,0.9651639461517334
524,48402_8c965495_4,7.368098886217922e-05,0.8940103650093079
525,26388_a3367cba_0,0.002057249192148447,0.743565559387207
526,28300_b3a6ab79_6,0.000550101394765079,0.981595516204834
527,43938_418421a7_0,0.000681835226714611,0.6909238696098328
528,41520_60018d18_0,2.6653769964468665e-05,0.8080902099609375
529,137869_344b239b_0,0.0001551634632050991,0.6350129842758179
530,41648_577daf16_0,0.0017461803508922458,0.9252532720565796
531,31347_386f6298_10,0.00015961802273523062,0.996979296207428
532,82190_24b1b0fe_12,0.001454387791454792,0.7452939748764038
533,33741_4a973932_1,0.001624968135729432,0.7305951118469238
534,42005_3da46d94_0,0.00028970485436730087,-5.487003326416016
535,132982_ee1eed2f_0,0.0005141668953001499,0.9780436754226685
536,23898_6e740393_29,0.0006538577144965529,-0.28839266300201416
537,105831_88a0fb85_6,0.0011739848414435983,0.974395751953125
538,31278_749a6317_0,0.0002504650328774005,0.8495523929595947
539,51586_2ad96f8c_4,0.0002739609335549176,0.8749207854270935
540,57000_cd1ddece_14,0.00020116868836339563,0.9180032014846802
541,50692_e7ff2668_8,0.0011468164157122374,0.9592114686965942
542,65346_e89312e5_0,0.00015644512313883752,0.7635704278945923
543,38840_0e449caf_4,0.0010987753048539162,0.7162325382232666
544,29573_ca59fbbf_5,0.00120403035543859,0.987861692905426
545,30164_c5680724_12,0.00115779263433069,0.9389002323150635
546,138620_e21e10ee_0,0.00013755544205196202,0.8827721476554871
547,50305_caf9cef2_34,0.0011806244729086757,-1.0428526401519775
548,83396_fdb2987a_0,0.0016636390937492251,0.9400230646133423
549,28379_7e292343_4,0.001605004770681262,0.9646362662315369
550,33529_756075a0_32,0.0025690561160445213,0.8090988993644714
551,109857_1d24326e_42,6.068456968932878e-06,0.6975873112678528
552,22772_2b5f6629_6,0.00031402293825522065,0.9948466420173645
553,34600_e2685d46_2,0.0004159019445069134,0.9848021268844604
554,122344_ab1b06aa_2,0.0067008077166974545,0.8788623809814453
555,123573_5f5c9584_1,0.00036175522836856544,0.7081385850906372
556,35166_562b126c_20,0.00042842680704779923,0.9834166169166565
557,51350_138f893a_1,3.221430233679712e-05,0.6910167932510376
558,137785_67c3085b_16,0.0008592263329774141,0.9788557291030884
559,50417_199cffee_12,0.0011160229332745075,0.9460846185684204
560,22194_a5c323b9_3,0.00023915854399092495,0.9609819054603577
561,42329_df7f540f_18,0.0003725479473359883,0.9611424207687378
562,41779_25e4203d_6,0.0006424640887416899,0.021195530891418457
563,51094_40aa8332_20,0.0013591214083135128,0.9489902853965759
564,109762_cb162371_38,0.0011941890697926283,0.9371356964111328
565,45922_26941172_9,0.00039530961657874286,0.9319409132003784
566,34587_ed155e93_0,0.00021206501696724445,0.99390709400177
567,69589_a468c1b4_0,0.0010227449238300323,0.9784054160118103
568,44921_00dfb467_0,0.0002665296196937561,0.9349876642227173
569,82672_4705a693_0,0.00042713325819931924,0.8097079992294312
570,26778_a71e88a6_0,3.096207365160808e-05,0.9165399670600891
571,69488_7bfb2b67_0,0.00023795958259142935,0.993387758731842
572,22686_afe3a61e_0,6.976848089834675e-05,0.5689544677734375
573,109772_5faa88e8_5,0.0005390143487602472,0.6312952637672424
574,43938_418421a7_147,0.0005882459809072316,0.9191881418228149
575,141694_b5ac3112_3,0.001977774081751704,0.23771005868911743
576,31973_093ea963_16,0.00011920191172976047,0.9251590371131897
577,26858_e90dc419_25,2.3754879293846898e-05,0.8625321984291077
578,131350_bbdad30d_0,0.0004312596283853054,0.7541103959083557
579,35741_c43475b8_1,0.000469425052870065,0.836406409740448
580,30690_3df2c9e2_1,0.0007328306091949344,0.9375191926956177
581,122758_5f4efbf0_2,0.0017924380954355001,0.8820658922195435
582,37822_3be11c62_0,0.00017396052135154605,0.9260338544845581
583,91174_ee6ee92b_1,0.000675608403980732,0.8417125344276428
584,23676_52069f98_31,0.001455131801776588,0.9853421449661255
585,27958_fee329eb_1,0.00017947223386727273,0.9513164758682251
586,144534_3b4fdb09_18,0.0023288994561880827,0.3492507338523865
587,30292_0b5e0265_1,0.0022317932453006506,0.969618558883667
588,111062_e59e2d31_0,0.005031434353441,0.94282066822052
589,135790_a27f9deb_77,0.0007755977567285299,0.8489331007003784
590,65842_de75838b_10,0.00040894144331105053,0.914451539516449
591,22475_9d9601a8_3,0.00013741434668190777,0.2339237928390503
592,119884_192e3265_0,0.0010841622715815902,0.838189959526062
593,51463_3330e3aa_2,0.0014266023645177484,0.8519635796546936
594,23231_efe613bb_4,0.0014746413799002767,0.9244717359542847
595,22895_4533b542_2,0.00037152841105125844,0.9429341554641724
596,146219_5661130f_4,0.0005908397142775357,0.9871777892112732
597,38953_19054857_19,0.00028456910513341427,0.7471076250076294
598,21847_b2de7eb8_24,0.0009624887607060373,0.9347738027572632
599,51603_034939eb_12,0.0004482629883568734,0.723693311214447
600,24843_5231632c_4,0.00025731464847922325,0.839914083480835
601,41982_f75ceb8f_4,0.0001214148651342839,0.07637780904769897
602,42937_c573c439_2,0.00010536862100707367,0.5570806264877319
603,61288_2d594195_0,0.0006804941804148257,-0.11866867542266846
604,55006_94230c00_0,0.00016272763605229557,0.8379461765289307
605,49898_f42a885e_5,0.0007164482958614826,0.9843845367431641
606,55709_af3825c8_4,0.0008018119260668755,0.9739030003547668
607,144117_83c980ca_2,0.00012680389045272022,0.5585827827453613
608,40417_b8d98f73_7,0.00010667998139979318,0.9290119409561157
609,53200_d1e30b87_11,0.0006171189015731215,0.3233364224433899
610,147009_977ee378_4,1.7399590433342382e-05,0.8463430404663086
611,63056_a5dfd66b_4,0.0003337499510962516,0.39697515964508057
612,22205_f48b96b3_10,0.000697022071108222,0.8412692546844482
613,51585_b695905b_4,0.0005462978733703494,0.9879038333892822
614,24084_71f37c00_1,0.0009729773737490177,0.8047300577163696
615,25815_0e853ad9_10,0.0006690564914606512,0.958162248134613
616,55030_11a6e3e8_3,0.003714738180860877,0.9664329290390015
617,23042_1184de03_5,0.0004882831126451492,0.9857912063598633
618,39719_e9629dbd_4,5.661363684339449e-05,0.3772912621498108
619,51256_ed221095_2,0.00010592587204882875,0.8816688060760498
620,25810_93c8a71a_3,0.0007316364790312946,0.9720277190208435
621,22208_e177deb7_1,0.0007720398134551942,0.9459781050682068
622,115624_d0acb46b_22,0.00041110761230811477,0.9935293197631836
623,30708_4282508b_0,6.629261042689905e-05,-0.026072263717651367
624,31117_cd5cdbdb_12,0.0004975378978997469,0.7852009534835815
625,41733_1ec9b00c_32,0.00010367864888394251,0.693935751914978
626,111387_c4243097_2,0.00013124034740030766,0.8217495083808899
627,119869_e8f0dd81_19,0.00012866519682575017,0.9031694531440735
628,34569_590239d6_0,0.0010916405590251088,0.9498908519744873
629,136318_130d6a06_23,0.0002007255970966071,0.7501383423805237
630,145132_7aea3b66_4,0.0007539322832599282,0.9901320934295654
631,41878_3aeaed3d_0,0.0013723508454859257,0.7768319845199585
632,34583_a1cf326b_0,0.000258464744547382,0.9952696561813354
633,116581_d405b783_0,0.0015032520750537515,0.9795758128166199
634,24044_9bbe7992_3,0.0002999378484673798,0.625643789768219
635,22194_a5c323b9_2,0.0007902045035734773,0.9287844300270081
636,142076_08d80e12_21,4.616616934072226e-05,0.7957445383071899
637,55817_6ac2912d_7,7.444448419846594e-05,0.19721698760986328
638,21165_5cb2d287_2,0.00012812424392905086,0.7300230264663696
639,39796_45dcdc7d_0,0.00566738611087203,0.9264992475509644
640,33044_7fdd9213_1,0.001293783076107502,0.9657152891159058
641,23731_3fe5b501_6,0.00011747494136216119,0.8194212913513184
642,32743_f4c47bbc_31,0.0008299191831611097,0.9228540658950806
643,108775_4908fba2_21,0.0005939353141002357,0.9472183585166931
644,21941_1a683ec2_19,0.0009694866603240371,0.9284465312957764
645,27682_04277f62_18,0.0008426580461673439,0.961301863193512
646,25815_0e853ad9_4,0.0003203286323696375,0.9793291687965393
647,30261_723e95cf_2,0.0008029069285839796,0.966158926486969
648,21385_601444ba_102,0.0007862134370952845,0.9630178213119507
649,30368_d7fd30ce_7,0.00017323797510471195,0.9346672296524048
650,55605_2f8bc12e_3,0.003327353158965707,0.4568319320678711
651,24650_dad8c8ee_15,7.288862434506882e-06,0.772591233253479
652,34227_48203345_7,0.0017334629083052278,0.951672375202179
653,113348_ac85cba3_1,0.0008059105603024364,0.9134529829025269
654,26552_25c5924a_1,0.00021492093219421804,0.9177011251449585
655,55381_cbaffe9b_0,0.00017670076340436935,0.9510844349861145
656,55817_6ac2912d_25,0.000436968170106411,0.9883871674537659
657,138947_0778db40_4,0.00032252396340481937,0.8738729357719421
658,52788_07f7da63_0,0.0008520737756043673,0.7884842157363892
659,70355_e5f58cd5_6,0.00024596520233899355,0.5857871174812317
660,51744_cd355565_8,0.0011970631312578917,0.7545778751373291
661,41227_90e1c07c_16,0.0008617500425316393,0.9782987833023071
662,45359_1768ab3f_42,0.0038244640454649925,0.596377432346344
663,41783_d1c10326_3,8.125249587465078e-05,0.7386123538017273
664,32960_0eaa1de8_13,5.9648875321727246e-05,-3.30617618560791
665,34674_32ee1595_3,0.001352438936010003,0.9541287422180176
666,136885_23632908_1,0.0025271461345255375,0.09813863039016724
667,136808_00592735_3,0.00020631395454984158,0.9551156759262085
668,45589_49e3c7ea_5,0.0002026048896368593,0.9958290457725525
669,141665_0564e852_3,0.0010338356951251626,0.7531260251998901
670,50897_3be92e2f_18,0.00012337621592450887,0.9971188306808472
671,84256_4164b724_3,0.00038853869773447514,0.6272048950195312
672,22994_e6ad8f2b_10,0.0014623051974922419,0.945728600025177
673,28295_0dc908b9_8,0.00034986561513505876,0.8904095888137817
674,23329_6939d5d9_5,0.00018588303646538407,0.7937957048416138
675,123665_0a0da5c7_3,1.9080975107499398e-05,0.8510484099388123
676,121172_0ac63503_7,0.00041959568625316024,0.9205420613288879
677,50941_2a8a8c76_0,0.0002634823031257838,0.9947748780250549
678,37846_cde34fcd_66,0.0005704544018954039,0.9042582511901855
679,56040_9b1307eb_21,0.0020749142859131098,0.6768208742141724
680,146535_229c95bc_1,4.3043979530921206e-05,0.8027790188789368
681,50947_49287c16_2,0.001746723661199212,0.9714494943618774
682,95622_0a0787e4_5,0.00030316278571262956,0.8359306454658508
683,25432_f13e5110_0,0.0005295148584991693,0.9833250641822815
684,32454_e959e3cf_0,0.0011049410095438361,0.9689038395881653
685,65858_61e9b51a_18,0.0009775084909051657,0.7770020961761475
686,70350_751de4b0_3,0.002869565971195698,0.6032955646514893
687,129239_0d49310c_15,0.0005582277080975473,0.787237286567688
688,31008_8fa25b35_8,0.0003044545592274517,0.9357120990753174
689,55306_795d845b_2,4.118766082683578e-05,0.7382250428199768
690,29729_e8bb36f1_2,0.0005009713349863887,0.409650981426239
691,67283_4097cbd6_5,0.00023729172244202346,-1.0175836086273193
692,23904_811e466f_4,0.00014456217468250543,0.8787176012992859
693,116076_12d31fb7_1,0.0008197621209546924,0.8766409754753113
694,45302_02d7e3bc_0,0.0016240623081102967,0.5915162563323975
695,60977_4bb093ec_1,0.0006165086524561048,0.972528338432312
696,49017_76979790_8,0.0007992353639565408,0.8485134840011597
697,146321_0dbae658_10,4.43318367615575e-06,0.553261399269104
698,102194_150e3faf_3,0.0003246443811804056,0.9900568723678589
699,34769_44655d03_5,0.0001587775332154706,0.8224591612815857
700,38953_19054857_6,0.001140347681939602,0.06394010782241821
701,55397_ad24603f_1,0.00010585968266241252,0.8901190757751465
702,21908_385686ec_15,0.0006172764115035534,0.9702044129371643
703,60721_57103153_4,0.00042890262557193637,0.3133203387260437
704,98701_7cd4ec8d_0,0.002023298293352127,0.9632489085197449
705,91703_642cdf1a_1,0.00032293630647473037,0.9939255714416504
706,26661_ab88a525_5,0.0014460833044722676,0.6352227926254272
707,51940_67bb0219_21,0.00010552074672887102,0.7751292586326599
708,22543_684108ff_22,0.00011248142982367426,0.8882267475128174
709,145250_cde4d039_8,0.0002796795160975307,0.6851332187652588
710,20232_e5b060d9_6,4.562213143799454e-05,0.9171817898750305
711,128043_d4650350_0,0.0014524065190926194,0.980496883392334
712,140530_30edf2c4_0,0.0007372123654931784,0.3778383731842041
713,131814_9af6d05a_0,0.00073810393223539,0.8890122175216675
714,26245_4aac38e1_9,0.0002753656590357423,0.88496994972229
715,30282_88c6933c_14,0.0010994498152285814,0.9578168392181396
716,32322_71d0035e_1,0.0004047855327371508,0.979231059551239
717,131762_d10609a4_1,0.0014260400785133243,0.9355855584144592
718,54812_5f7b7aba_2,0.00022384998737834394,0.9017278552055359
719,135830_8fb36dac_4,0.0021211381535977125,0.9060783982276917
720,139280_8874b1ab_4,0.0001291355729335919,0.7226173877716064
721,49904_639055dd_1,0.00031945467344485223,0.9633849859237671
722,53601_59d3ecd2_0,0.0019834781996905804,0.9186832308769226
723,50047_54241fe3_12,0.00036655081203207374,0.9716272354125977
724,136925_70fb0381_3,0.0005196214187890291,0.968201756477356
725,87488_95f678ce_0,0.0016834745183587074,0.9628337025642395
726,137166_90691294_2,0.00010447187378304079,0.9305304884910583
727,44030_17bd5ec9_11,5.7006309361895546e-05,0.9096691012382507
728,137396_b5f6bec4_5,0.0001628222526051104,0.9951096773147583
729,21900_760d2078_10,0.0018670449499040842,0.9729547500610352
730,21185_ac5324ba_5,0.0017827993724495173,0.9443984627723694
731,31132_2320d049_4,0.0002725498052313924,0.9950424432754517
732,82281_80cdf67c_4,0.00011029886081814766,0.7217448949813843
733,38287_88ec74de_15,0.00033238480682484806,0.9935630559921265
734,136128_831e37a6_0,0.0007532330346293747,0.916204571723938
735,21330_f0cee934_18,0.00032420424395240843,0.7872011065483093
736,34109_5a868eae_10,0.0008530759369023144,0.9184390306472778
737,21174_861bd902_2,0.0010313524398952723,0.9101108312606812
738,49783_365bec9e_6,0.0007219931576400995,0.9783411026000977
739,24429_ace910b3_8,6.808711987105198e-06,0.6015280485153198
740,22772_2b5f6629_4,0.0005094335647299886,0.8697491884231567
741,53927_ef5208b9_14,0.0024467322509735823,0.8980658054351807
742,56250_3b6024e3_54,0.0005865503335371614,0.9871819019317627
743,23522_5c2ec58e_8,0.001368218450807035,0.9568872451782227
744,121177_93fb3127_10,4.557042848318815e-05,0.917303204536438
745,138840_b7f948ea_2,0.0005467781447805464,0.9443485140800476
746,41125_711db4bf_6,0.0012077329447492957,0.9714345335960388
747,102606_28922dfc_0,0.00143980432767421,-14.138795852661133
748,31530_6744ae73_50,0.0022461791522800922,0.959926187992096
749,50598_eae0df5a_1,8.320128108607605e-05,0.8478650450706482
750,145726_19ccdbda_12,0.00024991692043840885,0.9198566675186157
751,41469_b94cf3e4_0,0.000980439712293446,0.7990387678146362
752,147009_977ee378_1,0.0008755513117648661,0.9158424139022827
753,24267_8a216138_10,0.0006708684377372265,0.9455351233482361
754,63071_3d434a33_16,0.00043926486978307366,0.9765635132789612
755,34436_ffc43a58_4,0.00044011868885718286,0.6203289031982422
756,50692_e7ff2668_4,0.00033979685395024717,0.8638463616371155
757,146642_883a71d2_9,0.002884374465793371,0.9544491767883301
758,109772_f1a0845e_7,0.0010311146033927798,0.9759385585784912
759,136640_16741d62_1,0.0006797641981393099,0.8274103403091431
760,21680_360ba5c7_11,0.0006087758229114115,0.7526633143424988
761,27729_09d75da1_2,0.0006289682351052761,0.9820840358734131
762,82148_5df06ed9_19,0.003187992610037327,0.7785485982894897
763,55287_8a57a3db_1,0.0011168215423822403,0.9312943816184998
764,53221_74fa81cd_5,0.000508245371747762,0.7562591433525085
765,30417_0010bc7c_39,0.000707145081833005,0.9448010921478271
766,23706_ef15ef9c_40,0.0002729021362029016,0.9610491394996643
767,140763_e14274f8_3,0.0002323531953152269,0.8241009712219238
768,23602_5daaccf5_3,0.00031669551390223205,0.9486608505249023
769,30282_88c6933c_9,0.0009852873627096415,0.9380197525024414
770,56824_0fc773f6_0,0.000984951970167458,0.9438498616218567
771,42410_d3b5588e_1,0.0008620900334790349,0.8690172433853149
772,55055_dd27a8a4_0,0.00025698967510834336,0.9952964782714844
773,115633_a2c63339_6,0.0005625723861157894,0.3772009015083313
774,73651_a41647f8_5,3.767541784327477e-05,0.8539533615112305
775,33413_060ce192_32,0.0007186225848272443,0.9447953104972839
776,97331_a482fa9b_0,0.0014621919253841043,0.6910091638565063
777,23476_705b76d1_0,0.00041367573430761695,0.9838194847106934
778,32566_7bfc936b_6,0.001834960887208581,0.9826574921607971
779,41717_eb1c1e6b_0,0.0017792803701013327,0.8574154376983643
780,60720_ef9a0a95_8,0.000334771117195487,0.28448486328125
781,138700_ab763a46_202,3.4105828490282875e-06,-0.8821591138839722
782,38287_88ec74de_17,0.0040490757673978806,0.33408957719802856
783,135535_0bd0048d_0,0.001873457687906921,0.971783459186554
784,21797_69df08d5_7,0.0043531013652682304,0.9653419256210327
785,65350_b3fa8f4f_47,0.0017945204162970185,0.9917407035827637
786,41714_1d49f4d1_3,0.0008285639341920614,0.9074163436889648
787,66012_a13e1644_1,0.0004629784089047462,0.803665041923523
788,22652_564979ff_11,0.00040138844633474946,0.7016291618347168
789,25127_ecba81df_23,0.0012060906738042831,0.21288901567459106
790,47548_db93c988_4,0.00034939992474392056,0.1452465057373047
791,55927_f8b31711_5,0.0021453138906508684,0.8852591514587402
792,31647_ab9ad9dc_2,0.0009649982093833387,0.8695623874664307
793,41128_ee74f244_8,0.0005694334977306426,0.8441537618637085
794,20959_d4905d19_4,0.00019490871636662632,0.9521811008453369
795,52009_a2b75078_3,0.0033340437803417444,0.9664216041564941
796,22201_473a3a65_16,0.0013639749959111214,0.8152218461036682
797,29442_365e23df_30,0.0014277565060183406,0.9596176147460938
798,51859_6b2fd0f1_8,0.00047693951637484133,0.9837122559547424
799,140413_44177109_15,0.00018181937048211694,0.8387272953987122
800,21822_7d3db422_11,0.0013878028839826584,0.96143639087677
801,24168_a0ede173_100,0.00029190658824518323,0.7893331050872803
802,145532_c2304f89_1,0.0009905390907078981,0.86129230260849
803,104641_2cd02839_13,3.8978090742602944e-05,0.8489235639572144
804,23679_81ef9e37_2,0.0004727856139652431,0.887351393699646
805,95271_de3df8d5_2,2.935143857030198e-05,0.8586745262145996
806,41401_e4117da2_0,3.4422348107909784e-05,0.2499535083770752
807,48006_babdf4af_9,0.0004747383063659072,0.9945023655891418
808,142246_0851be5e_32,0.003147807205095887,0.9477636218070984
809,33615_7bab1106_4,0.0005866899737156928,0.9611787796020508
810,31117_cd5cdbdb_18,0.00048066885210573673,0.9927242994308472
811,34914_8911676d_0,0.0005234078853391111,0.9568502306938171
812,55501_a09e4ced_2,4.165865175309591e-05,-0.5648328065872192
813,41128_ee74f244_9,0.0005129806231707335,0.8301903009414673
814,142246_0851be5e_22,0.00162416638340801,0.7054276466369629
815,22413_901f5867_0,7.57900852477178e-05,0.7706201672554016
816,56490_0a0fba77_0,0.00011937374802073464,0.9661409854888916
817,93676_4f934980_1,0.00026469258591532707,0.41320621967315674
818,146642_883a71d2_96,0.0013345341430976987,0.8543375730514526
819,24032_d6172503_3,0.0007168726297095418,0.8784716725349426
820,44221_25c62f03_1,0.00020736819715239108,0.9961591958999634
821,50315_0f1419bf_33,0.0022501640487462282,0.7815994024276733
822,133389_0938a905_2,0.00012748556036967784,0.9676450490951538
823,24824_cf51e5b6_4,0.0011996610555797815,0.7749511003494263
824,33970_32f36442_3,0.0006900876760482788,0.9784801006317139
825,29359_bbfab271_2,0.000565790687687695,0.9003965258598328
826,23172_4ab01e83_0,0.00041420297930017114,0.9899336099624634
827,98511_1b46a85e_45,0.000840786553453654,0.9763697385787964
828,98511_1b46a85e_46,0.0008041722467169166,0.9763572216033936
829,34248_cc11976c_0,0.0005051156622357666,0.9813370108604431
830,104003_46555fb2_0,0.0003251529415138066,0.2769460678100586
831,34520_035b5e9a_8,0.00021102072787471116,0.9274758100509644
832,38397_93d5d7de_12,0.00234841532073915,0.9674638509750366
833,130023_93b3ca95_1,0.0006057946011424065,0.7867743372917175
834,83213_47c49876_1,0.00031940379994921386,0.9633914232254028
835,43928_6ca53538_63,0.0021558392327278852,0.9498662948608398
836,82779_b7b722e3_9,0.0008839562069624662,0.8944266438484192
837,134967_0f27ef51_1,0.00023539524408988655,0.8238925933837891
838,86024_714b24f4_1,0.00041057521593756974,0.983915388584137
839,40807_58058731_11,0.00043039696174673736,0.9350894689559937
840,26750_cd3cb3ff_0,0.0014428680296987295,0.9749712347984314
841,126913_d253adb7_2,0.0007251788047142327,0.8569161891937256
842,24268_2804c9ff_13,0.0011041443794965744,0.9712804555892944
843,45542_320c16fd_3,0.0002560609136708081,0.9949092864990234
844,22342_274ed8a6_1,0.0004667511093430221,0.8989139199256897
845,133385_e6aa64d8_17,6.450357614085078e-05,0.741425633430481
846,143509_1dd5212d_3,0.0006772565538994968,0.9800251722335815
847,47989_3ff0f41d_0,0.0016332851955667138,0.953536331653595
848,21822_7d3db422_14,0.002720188582316041,0.9607199430465698
849,21517_bfe35b4c_12,0.000418597599491477,0.26928573846817017
850,52883_e518d3f4_10,0.0002427016297588125,0.9605964422225952
851,41871_f9a1ad02_14,0.0010968943824991584,0.8902665972709656
852,37016_455093c1_2,0.00035637253313325346,0.8089519739151001
853,31117_cd5cdbdb_78,0.0013488964177668095,0.9895397424697876
854,129239_0d49310c_22,5.126900941831991e-05,0.8511439561843872
855,30400_8824ce97_6,0.0020979896653443575,0.9561344385147095
856,53233_8dbca22c_8,0.0007282658480107784,0.9489160776138306
857,40514_bb61631d_25,0.0006605860544368625,0.8538565635681152
858,24053_53349e4d_2,9.637633775128052e-05,0.8759670853614807
859,41917_f0c40fa1_16,0.00042022697743959725,0.9900588393211365
860,22543_684108ff_5,0.0014721067855134606,0.9416386485099792
861,138636_c1153075_0,0.0002052169293165207,0.8168153762817383
862,24448_75004b6c_6,0.0004289836506359279,0.9863418936729431
863,24831_bbd3e098_8,0.00011281510523986071,0.8894518613815308
864,53221_74fa81cd_3,0.0003494955599308014,0.9055221080780029
865,76879_65a30a82_4,0.0001226813328685239,0.7994494438171387
866,108773_f9384cff_10,3.198686317773536e-05,0.6624215245246887
867,33671_0e9c6ca3_5,0.00027705985121428967,0.9779946804046631
868,93103_fdb9fcb7_15,0.001189033966511488,0.9358410239219666
869,137675_d2bd633e_0,0.0008716090815141797,0.45411789417266846
870,21893_0500d043_32,0.0007895108428783715,0.48384517431259155
871,22110_0bc70e9f_1,0.0010061005596071482,0.38169556856155396
872,43152_b5472481_1,0.0004226239980198443,0.8412956595420837
873,115717_40314bc2_1,0.00188894709572196,0.8349539041519165
874,102943_ca9e7968_0,0.00012048007192788646,0.8360617160797119
875,136401_69f29349_0,0.0019033707212656736,-0.26252567768096924
876,28542_3c922564_0,0.0007353718392550945,0.7318447232246399
877,24267_8a216138_6,0.000844463414978236,0.9536880254745483
878,84374_272a9731_7,0.0009172513382509351,0.8790646195411682
879,23531_1ecc8346_18,0.0027435803785920143,0.9732383489608765
880,41871_f9a1ad02_30,0.0012882538139820099,0.9609542489051819
881,132461_14abd2d0_0,4.21850272687152e-05,-0.177687406539917
882,37617_3f415463_2,4.179912502877414e-05,0.9316970109939575
883,41696_de0790a1_1,0.0006672939634881914,0.9851821064949036
884,54657_2a66e0de_20,0.0002994595852214843,0.9725018739700317
885,24425_0dc4b306_0,0.0005596968112513423,0.9451867341995239
886,146667_fe438b5b_0,0.00028884821222163737,0.9890145659446716
887,23048_8a1a5553_8,5.380083166528493e-05,-0.4475855827331543
888,51871_86ebf5b2_17,0.001278333947993815,0.7659798860549927
889,30664_a3084f71_6,0.0009952058317139745,0.9389330148696899
890,139801_97e2ca6a_5,0.00039359484799206257,0.9194145202636719
891,22278_12f1fb79_13,0.0013435051077976823,0.9125958681106567
892,22776_facf9bcf_8,0.0012065493501722813,0.95893394947052
893,40500_6055e3d7_15,0.013459473848342896,0.8657590746879578
894,35740_5322d674_13,0.00012587076344061643,0.9234245419502258
895,39792_60786b6c_12,0.0005845782579854131,0.9787776470184326
896,115524_4a411f7e_0,0.0003284807316958904,0.9253811240196228
897,24131_3ea7d5a8_17,0.0009079448063857853,0.9562048316001892
898,100326_0602c712_2,0.002329994458705187,0.9259896874427795
899,34571_25c64838_2,0.001134837744757533,0.9327399134635925
900,143534_4f65fd1a_0,0.00035293764085508883,0.8806747198104858
901,101446_95204330_1,0.0003642014926299453,0.7691196799278259
902,41749_14d0599c_10,8.758017065702006e-05,0.7443989515304565
903,55715_525d1d3e_12,0.00023188497289083898,0.3121865391731262
904,45307_b9b4bca0_30,0.0015890795039013028,0.9886190891265869
905,22654_4c426b0f_0,0.0012768948217853904,0.8401013016700745
906,22670_9353c710_4,0.0005223726038821042,0.8398085832595825
907,99445_94c22a37_11,0.0003794702352024615,0.994361937046051
908,132811_57264a28_4,0.000552161131054163,0.9548906087875366
909,23258_87a2ba81_3,0.00021617354650516063,0.6582956314086914
910,50777_2934de55_22,0.000607524358201772,0.9784342646598816
911,98418_4185a7fb_0,0.00058276008348912,0.9858818650245667
912,43441_e1ab0873_2,5.373038584366441e-05,0.3489251136779785
913,24271_dbc0fd2d_12,0.0002940637059509754,0.9352723956108093
914,38944_0d0c3fce_0,0.002873735036700964,0.9813826680183411
915,40624_e1c5c424_11,1.112340123654576e-05,0.7198458909988403
916,100028_0c3a8f1c_13,0.00043561746133491397,0.9943967461585999
917,40491_ac67bf4c_13,0.00042725971434265375,0.9919856190681458
918,25416_1deb9c75_0,0.000942021666560322,0.8369341492652893
919,21657_2651585a_6,0.0003345152654219419,0.9822694063186646
920,21986_67c5509a_15,0.00030154697014950216,0.9625859260559082
921,32288_34013274_2,0.0014380046632140875,0.7566056251525879
922,55373_ddd74d2f_0,0.0016231629997491837,0.790364146232605
923,26245_4aac38e1_0,0.0005516167730093002,0.9683933258056641
924,33044_7fdd9213_0,0.0003391837817616761,0.9394392371177673
925,31530_6744ae73_48,0.0026984945870935917,0.9739323258399963
926,25555_fd3d9a3c_1,5.7873348850989714e-05,0.9187490940093994
927,54175_7d864ace_6,0.0003098046872764826,0.9304275512695312
928,72950_5074f5a3_0,0.0006143865757621825,0.593856692314148
929,129618_2962c248_0,0.001738357008434832,0.9709662199020386
930,52012_77070fda_10,6.473705434473231e-05,0.898476243019104
931,28295_0dc908b9_7,0.0005140362191013992,0.8619157075881958
932,144419_90e59d67_2,5.5009997595334426e-05,0.3920782208442688
933,22734_f6bad9f7_24,0.0032884322572499514,0.8982299566268921
934,22604_0b4ffb43_14,0.00025698967510834336,0.9952964782714844
935,81996_b3752ed2_3,0.00015332640032283962,0.862402081489563
936,24504_493cee15_8,0.0019007433438673615,0.9243162870407104
937,39124_28e99e62_1,0.00013461126945912838,0.848534345626831
938,29725_0ad4937e_1,0.00015033598174341023,0.7282651662826538
939,109232_04340d62_6,0.0001240288111148402,-1.25614595413208
940,129075_8fbf62e5_0,0.0003463027533143759,0.7259416580200195
941,102937_18c3cb6a_4,0.0005606721388176084,0.9803420901298523
942,52551_8098346a_5,0.00045532817603088915,0.2079523205757141
943,128043_6947b64c_0,0.002570086857303977,0.851635754108429
944,119030_292009a7_41,0.0007744237664155662,0.886400043964386
945,48526_5aecac8a_0,0.000505882257129997,0.9148155450820923
946,32541_86f7df73_4,0.0004623525601346046,0.5601499080657959
947,55114_7bf17f6a_0,0.0013788639334961772,0.9000403881072998
948,55285_6816da52_1,0.0034192742314189672,0.9259986877441406
949,37683_e2cca100_17,0.00017074662900995463,0.7311782836914062
950,78775_e2d8b091_15,0.0014947399031370878,0.951127290725708
951,93199_2146e709_2,0.0003985977091360837,0.9529420733451843
952,135595_656de97a_14,0.0002379725920036435,0.8293832540512085
953,24284_3710e946_16,0.00027206147206015885,0.9938363432884216
954,135521_30553c91_2,0.00010393890988780186,-0.5074719190597534
955,29732_fb15318c_5,0.00021962961181998253,0.791365921497345
956,88060_389bdff4_0,0.0006937933503650129,0.9577797651290894
957,27839_4a077326_28,0.0014777606120333076,0.9633845090866089
958,100435_87bf423d_8,0.000288172101136297,0.9943217039108276
959,25365_bb0e4ede_44,0.000299907784210518,0.5746526718139648
960,146169_144d8264_0,0.0018561914330348372,0.9899751543998718
961,23342_7193a931_3,3.788763933698647e-05,0.8883779048919678
962,57000_cd1ddece_12,0.00024952093372121453,0.9950113296508789
963,119790_1ed376f0_3,0.00035648528137244284,0.6109327077865601
964,72522_e9e87960_4,0.0004245094896759838,0.9920321106910706
965,65366_f618b577_2,0.000249568052822724,0.7827592492103577
966,55707_c78416ed_35,0.0014914076309651136,0.9220595359802246
967,70321_eccffc7e_0,0.0008875791099853814,0.770066499710083
968,120143_b5756e6b_0,0.0018212979193776846,0.7470721006393433
969,27726_aca43af4_35,6.20116843492724e-05,-1.8811285495758057
970,31361_72aab333_20,0.0005741717177443206,0.817522406578064
971,121949_e10b5e85_12,0.000662924547214061,0.9816898107528687
972,146399_0e4b73c4_13,0.0012092250399291515,0.9751757383346558
973,41134_fc146947_6,0.0010117775527760386,0.526991605758667
974,21237_7887a24b_35,0.00022891721164342016,0.05361521244049072
975,24885_55e20ddf_3,8.479716052534059e-05,0.9162231087684631
976,34914_8911676d_23,0.00023771515407133847,0.9577522873878479
977,21803_8a36dcda_12,0.0018847230821847916,0.9369343519210815
978,41306_8f26e703_5,1.563524710945785e-05,0.8312148451805115
979,25118_f50fdc69_10,8.322185749420896e-05,0.8784506916999817
980,25473_0991d519_9,0.0006647068075835705,0.9833549857139587
981,126585_86fa26cb_0,0.00011635079863481224,0.8563084602355957
982,145691_69484976_9,0.0012391828931868076,0.8885825276374817
983,60729_c51868ec_0,0.0004929858259856701,0.7284133434295654
984,123929_e7dbad2c_0,0.0007798001170158386,0.6295859813690186
985,69649_70b07cac_0,0.00012615705782081932,0.9972133040428162
986,55135_f1186d58_9,9.673411841504276e-05,0.879483699798584
987,20838_86c931be_2,0.0003709444135893136,0.9538804888725281
988,45242_626509cb_11,0.00026709120720624924,0.8819712996482849
989,34983_439766af_13,0.0009088529041036963,0.9905464053153992
990,53453_fb0f1640_1,0.0027102495077997446,0.9177243113517761
991,23255_972fbfe6_25,0.00034620531369000673,0.9890873432159424
992,24168_a0ede173_203,0.0033261531498283148,0.9815014004707336
993,55476_1473d91f_0,0.0011320107150822878,0.422893762588501
994,55111_ef389075_1,0.0009812719654291868,0.962494969367981
995,141710_17531562_1,0.0004393911804072559,0.9631075263023376
996,96601_b89e6252_1,6.904951442265883e-05,0.6327988505363464
997,135790_a27f9deb_43,0.0077702137641608715,0.9004471302032471
998,121363_746708db_0,0.0005700107431039214,0.780681848526001
999,136886_3aa46890_0,0.00041595782386139035,0.8449054956436157
1000,50315_0f1419bf_19,0.0009898621356114745,0.9863844513893127
1001,37846_cde34fcd_14,0.0002577525156084448,-1.9142382144927979
1002,24816_ef81ad4c_1,0.00021310894226189703,0.9237963557243347
1003,75646_4baf69b2_7,0.0021505060140043497,0.969886064529419
1004,140155_81f9ac63_0,0.0003352738276589662,0.9163529872894287
1005,51603_034939eb_10,0.0010090055875480175,0.9441015124320984
1006,30435_c97330d2_0,8.671214891364798e-05,0.8533850908279419
1007,27839_4a077326_27,0.0003347017045598477,0.9818011522293091
1008,55627_971fde61_34,0.001613393658772111,0.8752689361572266
1009,134909_ef3d003c_0,0.00016064518422354013,0.8424026966094971
1010,33413_060ce192_51,4.043564786115894e-06,0.4397544264793396
1011,22245_ca848576_12,0.00028219574596732855,0.6704398989677429
1012,52039_ba12c3ac_1,0.00024254093295894563,0.9951510429382324
1013,39707_358f88df_2,0.0007651620544493198,0.1851809024810791
1014,50014_33f250c8_3,0.0030398061498999596,0.9722722172737122
1015,52987_387431ac_1,0.001434621401131153,0.9014943838119507
1016,33501_b1ee5058_15,0.0002174867404391989,0.9956752061843872
1017,82168_4844bddd_1,0.00031361295259557664,0.9576564431190491
1018,30384_95e72fc2_4,6.204834789969027e-05,0.3166314363479614
1019,23554_a0845d54_2,0.0006085606873966753,0.4912880063056946
1020,23800_65e0a5d1_0,0.0002069075999315828,0.3479321599006653
1021,41128_ee74f244_0,0.0005734783480875194,0.42426031827926636
1022,143019_22dbd3e6_2,0.000633344694506377,0.9799056649208069
1023,79993_6087acd5_8,0.002277497434988618,0.9279504418373108
1024,21422_b2a6bf27_0,0.0003024124598596245,0.9950140714645386
1025,25487_dd2c17e8_21,0.0005762004875577986,0.48837924003601074
1026,22654_4c426b0f_10,5.208305083215237e-05,0.6502402424812317
1027,30368_d7fd30ce_6,4.2667910747695714e-05,0.08743917942047119
1028,57249_6bd2af3c_2,0.0004447565879672766,0.9835929870605469
1029,57029_3ab80a22_0,0.0006296482170000672,0.8750904202461243
1030,79906_052c7eb4_3,0.0006880553555674851,0.8508540391921997
1031,82996_b8dc67c9_10,0.00010251122148474678,0.8585311770439148
1032,119884_192e3265_1,0.0006937898579053581,0.6835802793502808
1033,21225_c081eae3_10,0.0013287708861753345,0.923818826675415
1034,121949_e10b5e85_1,0.0005753061268478632,0.8544239401817322
1035,81994_ba8916c9_5,7.122707029338926e-05,0.9377626180648804
1036,22447_4062c6cb_29,0.0002911553892772645,0.995088517665863
1037,55044_ee57bac8_1,0.00016667431918904185,0.36673539876937866
1038,41871_f9a1ad02_13,0.002795506501570344,0.9842993021011353
1039,74688_a5168a45_2,2.2364783944794908e-05,-3.8053832054138184
1040,23218_02d26ab4_4,3.686696436489001e-05,0.9152044057846069
1041,41205_dc60aa5d_0,0.0006157283205538988,0.8469274044036865
1042,41979_ca698776_0,0.00023642615997232497,0.9515112042427063
1043,141453_50ec6f25_7,0.0003130058466922492,0.9911335110664368
1044,97143_5424c420_0,0.0006106258369982243,0.843289852142334
1045,41986_26275a06_2,0.00021072491654194891,0.9801357388496399
1046,136800_c5e4d711_2,0.00022341645671986043,0.6946223974227905
1047,101635_11b839a3_5,2.7217154638492502e-05,0.7770202159881592
1048,55866_b041060d_0,0.00026433789753355086,0.9838209748268127
1049,53846_89405f98_0,0.0007883931393735111,0.8389225602149963
1050,27725_5cceaeb7_1,0.00126562116201967,0.8858046531677246
1051,146137_92faaea5_9,0.0020862328819930553,0.8328417539596558
1052,41211_11f6b8a0_4,0.00017303897766396403,0.9287357330322266
1053,21330_f0cee934_46,0.0002508268225938082,0.9949851632118225
1054,127188_5fecd146_4,6.542738992720842e-05,0.9100964665412903
1055,135949_06517574_8,1.4551449567079544e-05,0.849145770072937
1056,68928_0d4e4a2e_24,0.0015805887524038553,0.9006125926971436
1057,50410_f8f03667_38,7.006960913713556e-06,0.517606258392334
1058,142999_171240b6_21,0.00010154278425034136,0.924920916557312
1059,144709_642fc665_0,0.0010822770418599248,0.8936413526535034
1060,53232_f8760054_10,0.00039890443440526724,-2.8178510665893555
1061,22372_e91792a1_0,4.752664972329512e-05,0.39046937227249146
1062,21767_53eaa558_12,0.005185158923268318,0.9329952001571655
1063,32220_1fd19c5e_0,0.0001407591043971479,0.8553877472877502
1064,22886_a6331748_1,0.0006747053121216595,0.9380548000335693
1065,130996_b842b511_12,0.0002534849918447435,0.9766358733177185
1066,55571_74a416b1_1,0.00013116613263264298,-0.11263704299926758
1067,70169_914780d4_1,0.00029622134752571583,0.8871991634368896
1068,23156_7788f78a_6,0.0030050715431571007,0.9782558679580688
1069,124496_20e20439_10,5.1360970246605575e-05,0.8871153593063354
1070,76300_7cb02add_1,0.000432083586929366,0.9360195398330688
1071,21647_6b6cca6f_10,0.0006699151126667857,0.6343553066253662
1072,22734_f6bad9f7_23,0.0017773736035451293,0.9259573221206665
1073,94176_0a6c42ab_2,3.1451432732865214e-05,-4.772009372711182
1074,24048_d731886d_9,0.0023670820519328117,0.739090621471405
1075,25487_dd2c17e8_30,0.0018842302961274981,0.14826101064682007
1076,115717_40314bc2_4,5.5501615861430764e-05,0.8194656372070312
1077,125592_875faf40_0,0.00172316818498075,0.9200162887573242
1078,41871_f9a1ad02_44,0.0008258598390966654,0.9416546821594238
1079,146642_883a71d2_8,0.00021504158212337643,0.9475334882736206
1080,136883_076fbff9_31,0.00011599036224652082,0.6163289546966553
1081,60766_fb8715eb_3,0.0008120721904560924,0.9406134486198425
1082,30818_33617072_0,0.00329322787001729,0.8332638740539551
1083,130679_7a357a9c_18,0.004374809563159943,0.7426602244377136
1084,55306_795d845b_0,4.986549538443796e-05,0.8931020498275757
1085,135934_d2f6bb2e_33,0.00013525474059861153,0.8196771144866943
1086,111054_e45a0d40_7,0.005151255987584591,0.9501702785491943
1087,36826_d9269c2e_10,0.0005090793129056692,0.9654210805892944
1088,37619_ae810a8d_7,5.551430149353109e-06,-1.5354342460632324
1089,22343_34184fd5_22,0.0001795728603610769,0.44421446323394775
1090,113020_de552f8d_0,0.0002943356230389327,0.8159420490264893
1091,20216_89b90993_0,0.0033724228851497173,0.7753288745880127
1092,23325_292b3294_16,0.0017074380302801728,0.8375635147094727
1093,23522_5c2ec58e_9,0.0008781575015746057,0.9333239793777466
1094,146624_359752bb_20,5.2919485824531876e-06,-1.6677770614624023
1095,104990_11b4aeee_1,0.00030491696088574827,0.9930301904678345
1096,90917_4670b560_0,0.002206752309575677,0.9571112394332886
1097,54818_59adf8c2_5,0.0005109895719215274,0.5580863952636719
1098,34109_5a868eae_3,0.00027603816124610603,0.549647331237793
1099,23161_e7f63a9f_2,0.0007000252953730524,0.936659038066864
1100,37160_2a95674a_27,0.0011485625291243196,0.598717451095581
1101,61280_8bdbc90f_0,0.0006887066992931068,0.9752652645111084
1102,55083_dac1f9cc_2,0.00048379303188994527,0.9597243070602417
1103,34341_d19b12fb_14,1.5249355783453211e-05,0.8483288288116455
1104,54516_ac9e2ef4_61,0.0013519787462428212,0.7755074501037598
1105,24559_3c306e71_2,0.00010260401177220047,0.7911341786384583
1106,105831_88a0fb85_1,0.0006742185214534402,0.9743838906288147
1107,32743_f4c47bbc_19,0.0021622476633638144,0.5982240438461304
1108,40500_6055e3d7_18,0.0008925924776121974,0.9571533203125
1109,22862_f5406bb0_0,0.0005735453451052308,0.9907734394073486
1110,141081_ae61ec46_0,0.00038428386324085295,0.9944369792938232
1111,135112_cf8007b8_4,0.0017330182017758489,0.973709762096405
1112,131442_1512d9ff_5,7.96010353951715e-05,0.8315462470054626
1113,145132_7aea3b66_1,0.003088183468207717,0.9883115291595459
1114,41871_f9a1ad02_45,0.0007250984781421721,0.8602405190467834
1115,51775_49ef614a_1,0.0005818732897751033,0.8351293802261353
1116,143293_fc5b0ff7_23,0.00027883690199814737,0.490577757358551
1117,51547_a7e01c38_6,5.3567899158224463e-05,0.9232500791549683
1118,114021_44c3c39c_2,0.00011436198838055134,0.7148902416229248
1119,123766_c5a4cf5e_0,0.0001130191667471081,0.2794167995452881
1120,23031_0d684603_8,0.0006779948016628623,0.7077667713165283
1121,132996_c742ef84_4,0.0036776219494640827,0.4896642565727234
1122,137096_5d77f285_1,0.0011457432992756367,0.863247275352478
1123,27072_b4756e8c_2,0.0007942878874018788,0.8203568458557129
1124,51915_e704f5dd_2,0.0007314094691537321,0.8856223225593567
1125,132811_57264a28_13,0.0002927463501691818,0.995071530342102
1126,49396_98ab955d_13,0.001697042491286993,0.8108054995536804
1127,132081_761d26ad_0,0.00020627366029657423,0.9944784045219421
1128,82906_7b72e0e8_2,0.001241660793311894,0.9654076099395752
1129,92649_26fe8262_0,0.0002790071885101497,0.8712756037712097
1130,21803_8a36dcda_11,0.001613795175217092,0.956593930721283
1131,30637_f6324fc6_5,0.00016013230197131634,-0.059856414794921875
1132,105560_a6f91315_12,1.0265053788316436e-05,-0.4377340078353882
1133,41737_d80c34b9_0,0.0021918306592851877,0.8690485954284668
1134,34983_439766af_12,0.00027735793264582753,0.9727159738540649
1135,122755_60c41889_10,6.171154382172972e-05,0.011042416095733643
1136,76879_65a30a82_2,0.004727620631456375,0.9577116966247559
1137,89816_cef36e57_4,0.0005072005442343652,0.991635799407959
1138,49406_100c707b_3,0.00013504817616194487,0.9844282865524292
1139,105560_a6f91315_10,1.0141297934751492e-05,0.7810266613960266
1140,129421_483d2957_5,2.7847030651173554e-05,0.8826707601547241
1141,122740_fc5c94eb_33,0.00029947550501674414,0.9908306002616882
1142,135595_656de97a_5,0.0001970163284568116,0.9280440211296082
1143,35740_5322d674_5,4.441358214535285e-06,-0.541449785232544
1144,23681_932e722e_18,0.0002663101477082819,0.9949592351913452
1145,108244_329b1876_17,3.296573140687542e-06,0.23404079675674438
1146,125745_cf468448_6,0.0005124502931721509,0.8795051574707031
1147,138838_c9a9e790_6,0.00034548508119769394,0.9328430891036987
1148,102416_b74464a2_4,6.24505992163904e-06,-1.4771370887756348
1149,30426_2cde26de_21,8.007138967514038e-05,0.7619959115982056
1150,137837_9c9f163d_5,0.00015611037088092417,0.8356174230575562
1151,25487_dd2c17e8_15,0.0020582787692546844,0.7317091226577759
1152,21549_18160a0a_4,4.136491952522192e-06,0.4160979390144348
1153,21385_601444ba_0,0.0010417194571346045,0.9351955652236938
1154,35233_add576ba_9,0.001557998708449304,0.8982438445091248
1155,55345_c6423351_0,0.000543953210581094,0.9119381904602051
1156,110697_4b2725f1_0,0.00040542316855862737,0.9905557036399841
1157,109946_242843a6_1,2.889025563490577e-05,0.3189668655395508
1158,34341_d19b12fb_22,5.106666503706947e-05,-4.805866718292236
1159,23247_bcd1e84f_21,0.0003050988889299333,0.9359381198883057
1160,131765_29b29f08_6,9.190969649353065e-06,0.8009677529335022
1161,21395_7d6fda6f_12,0.00035111955367028713,0.692697286605835
1162,135460_6471e973_15,0.0002391921152593568,0.9214287996292114
1163,51741_49d61151_7,0.0006500307354144752,0.9765122532844543
1164,28382_90b7cc0c_12,0.00018676706531550735,0.9322537183761597
1165,30850_05d88af9_2,0.0016602096147835255,0.9315133094787598
1166,86278_1e55d036_12,0.00019159913063049316,-0.42610740661621094
1167,67240_525e92c1_1,0.0007156450883485377,0.4257565140724182
1168,82002_ef2b4feb_6,0.0004369239613879472,0.991604745388031
1169,53364_ec8aad42_1,0.0034462648909538984,0.8519209623336792
1170,135771_b030a25c_17,0.0005688930978067219,0.3419163227081299
1171,135906_29d7b495_1,8.299165347125381e-05,0.85162353515625
1172,21822_7d3db422_38,0.0003054898988921195,0.6900688409805298
1173,81136_5b86c723_1,4.759894000017084e-05,0.6504485607147217
1174,25473_0991d519_2,0.002305727219209075,0.9601093530654907
1175,73405_94381b7c_5,0.0014149027410894632,0.7621702551841736
1176,24009_c40b0d48_2,0.00032770997495390475,0.989936113357544
1177,22162_439af02a_1,0.00020828095148317516,0.9959046244621277
1178,146159_f3f80701_0,0.0023355206940323114,0.37727510929107666
1179,51895_5760b481_15,0.0024892257060855627,0.9735064506530762
1180,33500_e58e287e_1,0.0041268365457654,0.8079017996788025
1181,31838_2e4bd173_0,0.0017645425396040082,-0.17950081825256348
1182,146137_92faaea5_18,4.800107853952795e-05,0.5798300504684448
1183,124879_2257a334_2,0.00011199233267689124,-0.22915852069854736
1184,144145_510eedc2_7,0.00028795277466997504,0.9946635365486145
1185,21237_7887a24b_78,0.0005796338664367795,0.9495936036109924
1186,82297_93739ce0_6,0.0011696204310283065,0.6155158281326294
1187,51536_a18dc325_31,0.0002924785076174885,-0.4176673889160156
1188,93103_fdb9fcb7_7,0.0008403622778132558,0.8915262222290039
1189,24590_415f7013_9,0.00031388524803332984,0.9418429136276245
1190,130659_16f2db4c_0,0.0001999804808292538,0.9338428378105164
1191,23083_fdb942ac_2,0.000342938321409747,0.9856911301612854
1192,23954_a8c09819_2,0.0002123290760209784,0.9958823919296265
1193,30417_0010bc7c_13,0.0005253134877420962,0.9532878398895264
1194,120535_e304dfca_1,0.0009018301498144865,0.9338508248329163
1195,93199_2146e709_9,0.0011341163190081716,0.739578127861023
1196,23686_cba4f679_15,0.002237388864159584,0.9498518705368042
1197,40807_58058731_20,0.0011209864169359207,0.988717257976532
1198,94410_d32e7520_35,0.002320884959772229,0.9422135949134827
1199,79695_fd8bae0e_0,0.001693403348326683,0.5693966150283813
1200,129422_621d0a90_35,0.0013339478755369782,0.37349456548690796
1201,44932_16cb7f21_5,0.0026822269428521395,0.9240323901176453
1202,136550_8a8672e5_1,0.00018794412608258426,0.9472388625144958
1203,20495_e8e7e80c_3,0.0004267934418749064,0.99236661195755
1204,31962_e5291336_50,0.0008462152327410877,0.1927645206451416
1205,24888_5be1de05_1,3.40382284775842e-05,0.3526211380958557
1206,34114_7e58a97d_10,0.001575541333295405,0.9394280910491943
1207,108433_37a79370_0,0.0028160642832517624,0.75116366147995
1208,22844_9b75b8e0_1,0.00026955458451993763,0.9888184070587158
1209,115637_b4d41e8a_0,0.0011000558733940125,0.893507719039917
1210,53474_f29e4438_15,0.007118783425539732,0.7974916100502014
1211,26766_1aaa348c_0,0.0007093862514011562,0.8993019461631775
1212,51940_67bb0219_7,0.0009723685798235238,0.8411000370979309
1213,41714_1d49f4d1_13,2.96327725664014e-05,0.8831443190574646
1214,21815_7090778f_9,0.0019604030530899763,0.8391187191009521
1215,32843_8e5bdf24_0,0.0014017097419127822,0.9378940463066101
1216,23686_cba4f679_10,0.0006204594974406064,0.9226827025413513
1217,114425_891ab08d_0,0.004349511582404375,0.4576680660247803
1218,41786_02d48cdd_5,0.001104195835068822,0.8291337490081787
1219,22895_4533b542_1,0.0007346157217398286,0.9578966498374939
1220,49016_cd1b47bf_6,0.0033874474465847015,0.8926929235458374
1221,51674_a70c1c6c_3,5.789733768324368e-05,0.9074143767356873
1222,52972_6e5a5ada_11,0.0007963048992678523,0.9662001132965088
1223,120700_d818883a_8,0.00012796813098248094,0.82673579454422
1224,34530_9525ffcd_0,0.0007371501997113228,0.9861376881599426
1225,24355_99bf3f8f_1,0.00014539452968165278,0.7184343338012695
1226,56250_3b6024e3_46,0.002479021903127432,0.9561684131622314
1227,56355_727ca47c_3,0.0010227604070678353,0.7530378103256226
1228,35057_9af89947_1,0.0007610870525240898,0.8805081844329834
1229,120881_a946667f_13,0.00012639493797905743,0.8258706331253052
1230,143021_c6df0146_5,5.989404598949477e-05,0.6664835214614868
1231,69240_dc199112_3,0.0010024559451267123,0.08762401342391968
1232,41733_1ec9b00c_15,0.0005191928357817233,0.8918792009353638
1233,30298_24191733_2,3.440436194068752e-05,0.762071967124939
1234,30400_8824ce97_18,0.0002643103653099388,0.9448102712631226
1235,37040_ecbcd25e_36,0.00045760220382362604,0.8765822649002075
1236,23035_6087bb57_4,6.175704766064882e-05,0.9075797200202942
1237,38675_6e07d74b_26,0.002593564335256815,0.9641140103340149
1238,31751_e37382e1_9,0.0003051213570870459,0.9674660563468933
1239,54601_e1da5b93_4,0.0002639378944877535,0.9947490692138672
1240,142999_171240b6_29,0.0006023331661708653,0.954341471195221
1241,137646_14bca880_0,0.0005313822184689343,0.9509264826774597
1242,37519_442dc408_1,8.498594252159819e-05,0.8961454033851624
1243,47195_a8cd8bad_6,0.00038753007538616657,0.9753568172454834
1244,22474_b10fea1a_6,0.00147349014878273,0.8300564289093018
1245,53200_d1e30b87_10,0.00020006331033073366,0.965187132358551
1246,41472_f9d73638_9,8.316004095831886e-05,0.9145240783691406
1247,126397_cc08a23d_1,7.867330714361742e-05,0.8723180294036865
1248,31838_2e4bd173_4,0.0004563159018289298,0.9918650388717651
1249,52006_d21e4570_7,0.0007027568644843996,0.8606957197189331
1250,62109_08c31aa8_0,0.0009244387038052082,0.8352742195129395
1251,49403_458914df_0,0.00044915510807186365,0.7346893548965454
1252,122914_76ff1f5e_2,4.671916758525185e-05,-3.1581320762634277
1253,34913_d23e2a24_2,0.0014994028024375439,0.32906538248062134
1254,104641_2cd02839_15,5.689922909368761e-05,0.8355742692947388
1255,131632_6144b102_1,0.0003659702488221228,0.995642900466919
1256,30850_05d88af9_0,0.0004998735385015607,0.960777997970581
1257,86296_8a6ed4d3_7,0.00011650347005343065,0.6411659717559814
1258,34983_439766af_7,0.0008491799817420542,0.9879022836685181
1259,33374_7491cbf8_2,0.002384476363658905,0.9769294261932373
1260,50694_afd26bd5_10,0.0004562772228382528,0.9951002597808838
1261,50292_e84db1fb_8,0.0001321814052062109,0.5489405393600464
1262,81367_622a9e51_2,0.00019339440041221678,0.9514377117156982
1263,78966_584c5305_0,0.0005681220209226012,0.7037703394889832
1264,79905_623eae86_1,0.0040626828558743,0.9667303562164307
1265,63055_6b907478_15,0.0003387820324860513,0.9729753732681274
1266,135771_b030a25c_4,0.0002978548582177609,0.6249924898147583
1267,41753_9b4f8d8a_0,0.00027283409144729376,0.9946432113647461
1268,80784_f7ec5f70_1,0.000964922655839473,0.8364995121955872
1269,33607_c6f31fa6_10,0.0011260209139436483,0.8621004819869995
1270,22225_a3ce4d29_42,0.0005775392637588084,0.9379357099533081
1271,51938_8b9cba89_5,0.0021281263325363398,0.9554011225700378
1272,44741_f386a08f_4,0.0010902398498728871,0.9676415324211121
1273,70021_e673ae54_4,0.00032420590287074447,0.9947380423545837
1274,55135_f1186d58_7,0.000858362065628171,0.9230649471282959
1275,31856_2a5a4e32_12,0.0015237238258123398,0.9154751896858215
1276,75303_045fc848_4,0.000650760717689991,0.9000101089477539
1277,129683_3ad38815_10,0.001658557215705514,0.9806050062179565
1278,21894_93f0d052_24,0.0007272605434991419,0.9411841630935669
1279,143823_1b04bf80_13,0.0009243923705071211,0.933295726776123
1280,143823_1b04bf80_18,0.0002527724136598408,0.7554415464401245
1281,111863_c925f4f3_2,8.979749691206962e-05,0.914315402507782
1282,104633_d0a15bd3_6,0.0009705230477266014,0.9186182022094727
1283,48832_22363e53_33,0.0006652135052718222,0.9820318818092346
1284,127466_a18ae326_1,0.0009640322532504797,0.636803150177002
1285,22211_b1ee53f0_12,0.0010358530562371016,0.956713855266571
1286,137837_9c9f163d_6,0.00023431482259184122,0.9361845254898071
1287,122755_b830e22d_17,3.155719969072379e-05,0.6465713977813721
1288,21299_e9cd80a6_12,0.00027863180730491877,0.6263535618782043
1289,44920_70dd4b80_11,0.0003848318592645228,0.9825897216796875
1290,52987_387431ac_7,0.0011630278313532472,0.9645769596099854
1291,147926_b78316a8_10,0.00010849957470782101,0.904941737651825
1292,144653_e3eccdf1_50,0.000109125416202005,0.9272947907447815
1293,56458_c027ed41_0,0.0007402682094834745,0.9081093072891235
1294,23495_6366269c_11,0.0002186846686527133,0.9956510066986084
1295,70883_e2d6a103_2,0.0010988240828737617,0.9836734533309937
1296,32743_f4c47bbc_34,0.000435742549598217,0.7460328936576843
1297,30910_38ea5a06_2,0.0001940605288837105,0.96708744764328
1298,56476_466fc284_17,0.0026449761353433132,0.9452910423278809
1299,22604_0b4ffb43_62,0.0003429719072300941,0.9856898784637451
1300,21534_6367be99_0,0.000895824225153774,0.7176041603088379
1301,133026_1085532d_1,0.00046497510629706085,0.8818303346633911
1302,137828_0b0786fb_1,0.0012393376091495156,0.9761742949485779
1303,55627_971fde61_27,0.0003496227436698973,0.9558643102645874
1304,93869_8b1922a3_0,0.0005019541131332517,0.9595187306404114
1305,24393_9acd18c6_3,0.0003060713643208146,0.9942886829376221
1306,44996_b3e9c266_14,4.010947304777801e-05,0.8430318832397461
1307,55300_b9675d43_1,0.00020883555407635868,0.9958996176719666
1308,113352_879844fe_0,0.0005865109269507229,0.9761167764663696
1309,135317_3c58b0d0_9,0.00021724033285863698,0.7992712259292603
1310,115624_fe3eb392_1,0.004489518702030182,0.7897403240203857
1311,63055_6b907478_21,0.0004631649062503129,0.9831091165542603
1312,40421_032c052f_0,0.00048112854710780084,0.9268684387207031
1313,143029_70554264_3,0.000150836945977062,0.7415989637374878
1314,145117_78f63de3_0,0.00048365554539486766,0.8756088018417358
1315,128996_35f2006e_0,0.00011284831271041185,0.43568331003189087
1316,54503_fc6c6963_1,0.0004268348857294768,0.9460907578468323
1317,24657_0168dc6b_1,0.0005281494813971221,0.9870726466178894
1318,130524_13ad16a8_0,0.00660600746050477,0.9673344492912292
1319,142670_33c641dc_3,0.0002811790909618139,0.8931763172149658
1320,65375_674ff0b9_11,0.0010356118436902761,0.05714774131774902
1321,23168_7fdf5427_3,6.349457635224098e-06,-1.9004318714141846
1322,41717_ab2075ac_0,0.0003628498816397041,0.9866776466369629
1323,21739_57582b8f_4,0.00041773132397793233,0.9754922389984131
1324,143293_fc5b0ff7_30,0.00029760744655504823,0.9918840527534485
1325,135906_587b5c3d_0,0.00028404861222952604,0.8284787535667419
1326,138685_fd9b79cd_0,0.0002622678875923157,0.790286123752594
1327,119921_5621fcb4_0,0.00023514917120337486,0.9603005051612854
1328,49403_458914df_5,0.00044154675561003387,0.9496778845787048
1329,73525_7f6b2f67_2,8.12478392617777e-05,0.8698697090148926
1330,136994_a3a2f50f_3,0.0006416211253963411,0.9277311563491821
1331,31838_2e4bd173_1,0.0028290054760873318,0.9387690424919128
1332,35866_d0233b36_6,0.00028344677411951125,0.9951677918434143
1333,53053_d6b4d71c_9,0.0013092361623421311,0.9660086035728455
1334,90220_7baf1e18_1,0.00025761290453374386,0.6522430181503296
1335,23364_73dd9d4d_10,8.506196900270879e-05,0.8777472972869873
1336,52987_387431ac_3,0.0003593048022594303,0.9704079031944275
1337,51859_6b2fd0f1_4,0.0003012623928952962,0.8325170278549194
1338,51708_867d4509_12,3.033896973647643e-05,0.737196683883667
