case_num,case_name,MSE,R-Square
0000,50417_199cffee_13,0.0018690128345042467,0.9854413866996765
0001,48516_2b3135bf_11,0.0010236609959974885,0.9653902053833008
0002,41733_1ec9b00c_31,0.0014183174353092909,0.8624227643013
0003,31664_1e85c690_0,0.0007303489255718887,0.9607334733009338
0004,21893_0500d043_18,0.00039413251215592027,0.991986870765686
0005,31607_9a2f8140_6,0.0004532938764896244,0.9847850203514099
0006,41774_88a7a483_18,0.000740483112167567,0.8192442655563354
0007,42143_51b31600_4,2.3828393750591204e-05,0.951852560043335
0008,23104_3b70eba4_13,0.0007596113719046116,-0.24959862232208252
0009,129075_8fbf62e5_2,5.963946023257449e-05,0.8426170349121094
0010,41624_a15f83c1_13,0.00010688784095691517,0.9475131630897522
0011,36088_1ea9c8a9_12,0.0004118292999919504,0.9903924465179443
0012,126477_6596d136_14,0.0002059716935036704,0.8133029341697693
0013,130441_10c43121_0,0.0035567162558436394,0.9818810820579529
0014,133385_e6aa64d8_21,0.00021046679466962814,0.8619203567504883
0015,26398_b99946da_1,0.0010514459572732449,0.9861716628074646
0016,61198_0c99f50a_4,1.596225774846971e-05,-0.0055692195892333984
0017,26661_ab88a525_0,8.502700075041503e-05,0.9017286896705627
0018,129075_8fbf62e5_1,0.00030826940201222897,0.708882212638855
0019,51891_9455ea02_1,0.0007399748428724706,0.9882579445838928
0020,34770_6bba5bd4_13,0.00022923883807379752,0.9954991340637207
0021,21646_a2dd0d00_53,0.0005709435208700597,0.9525419473648071
0022,68909_4ae1bc2e_1,8.39569911477156e-05,0.9210996031761169
0023,27866_ece3076e_109,0.00011843179527204484,0.9813249111175537
0024,92134_52f13f49_6,0.00021684679086320102,0.8750292062759399
0025,23342_7193a931_1,8.990246715256944e-05,0.8752214908599854
0026,126572_a2d6f794_14,8.540201633877587e-06,0.14145046472549438
0027,44344_3e0b0b0c_1,4.3060717871412635e-06,0.4036208987236023
0028,49331_3bf3bb84_4,0.00025679677492007613,0.9952993392944336
0029,33971_46bb0373_0,0.0030562863685190678,0.609599232673645
0030,21517_bfe35b4c_1,0.0002258474996779114,0.6724282503128052
0031,23165_369d62aa_6,0.00036778030334971845,0.9955639839172363
0032,81846_2907c980_0,0.0004952525487169623,0.9780159592628479
0033,24168_a0ede173_111,0.00034798908745869994,0.9656291007995605
0034,53461_a5942665_1,0.0001039990529534407,0.9961428046226501
0035,24907_c72322ea_13,0.0006848958437331021,0.7415648698806763
0036,133424_315bcaeb_7,5.990612771711312e-05,0.9224790334701538
0037,40490_916e13fe_0,0.000506764161400497,0.984215497970581
0038,38000_b5822e44_3,0.0003399528213776648,0.9948476552963257
0039,138520_f4e0bc0b_63,0.00011050634202547371,0.8945717811584473
0040,61294_9255796d_3,3.392618236830458e-05,0.9365193843841553
0041,22176_272891b8_0,0.0006181089556775987,0.6864615082740784
0042,24815_4f2a57e4_1,0.001191542949527502,0.9650118350982666
0043,113343_e692c488_1,3.053983527934179e-05,0.9539129734039307
0044,33995_18423507_1,0.0002022246626438573,0.7275848984718323
0045,127897_029949fd_6,0.0001740164589136839,0.9965204000473022
0046,123181_4e56fb4f_0,0.0003709717420861125,0.9946257472038269
0047,22670_9353c710_1,2.7599298846325837e-05,0.8318009376525879
0048,128642_4d72bf31_2,0.00014741292397957295,0.9201459288597107
0049,146667_fe438b5b_6,0.0003674156032502651,0.977562427520752
0050,38260_2a31c6df_2,0.0008254397544078529,0.8836685419082642
0051,24443_996411f9_3,0.0015053461538627744,0.965839147567749
0052,142074_34e02b6d_1,0.0001559192023705691,0.9533044099807739
0053,41501_b627682a_15,0.0007098552887327969,0.9379679560661316
0054,24712_da77fe8f_0,0.00013573450269177556,0.9974604249000549
0055,32960_0eaa1de8_26,0.0005545778549276292,0.9897280335426331
0056,130757_b2c47f8d_2,0.00017579796258360147,-4.254019260406494
0057,104817_6d73dc41_0,0.0011303916107863188,0.873354434967041
0058,79243_49539d9f_0,0.001270689652301371,0.9726245999336243
0059,82012_c533307b_1,0.00010227541497442871,0.9047268629074097
0060,107649_e651c5ca_1,0.00025210739113390446,-0.758064866065979
0061,40997_e3c88650_12,0.0010299597634002566,0.9735811352729797
0062,143029_70554264_4,0.000527446623891592,0.9278993606567383
0063,27054_342fcf5c_3,0.0002015359204960987,0.7896564602851868
0064,41648_577daf16_17,0.0006788675091229379,0.7430148720741272
0065,89720_4e65191c_1,0.00042107593617402017,0.9897993803024292
0066,75382_1b589ea9_12,3.0220116968848743e-05,0.913612425327301
0067,120371_433ba1ca_2,0.0003321671683806926,0.9710310101509094
0068,49024_b7f02205_13,0.0012116017751395702,0.946485161781311
0069,51022_47816098_7,0.001690490054897964,0.9826412200927734
0070,41634_4f5d0edb_0,2.3756827431498095e-05,0.9524955749511719
0071,23170_6ea8ded5_3,0.0005847042193636298,0.9902149438858032
0072,69589_cd2fa794_8,0.001227517961524427,0.9197371602058411
0073,41504_85e300ee_0,0.004578812513500452,0.37481075525283813
0074,128996_42176b10_0,0.0011115288361907005,0.9100349545478821
0075,38920_e81879c2_7,5.006656010664301e-06,-5.021609783172607
0076,148051_c59af578_6,0.00011090786574641243,0.9969794154167175
0077,65494_16d62db5_0,0.00014303538773674518,0.8083320260047913
0078,25473_0991d519_0,0.000344841624610126,0.9918984174728394
0079,75270_25a261ef_5,0.00038959283847361803,0.9611266255378723
0080,49613_1b97c07b_12,0.00032004789682105184,-2.399182081222534
0081,115633_a2c63339_1,0.00015579542377963662,0.9539188146591187
0082,52366_63042db4_1,0.000175380555447191,0.9960083961486816
0083,30282_88c6933c_5,0.0012359219836071134,0.8521431088447571
0084,53474_f29e4438_12,0.0002394388720858842,0.9921610951423645
0085,24026_1dd4094b_21,0.0008394061587750912,0.9042490720748901
0086,21225_c081eae3_2,0.001242024707607925,0.83583003282547
0087,35057_9af89947_8,0.00047965539852157235,0.6146995425224304
0088,43529_4804941b_20,0.0003621625655796379,0.9889630079269409
0089,22103_fd11c71b_3,0.0002466265868861228,0.9692038297653198
0090,51536_a18dc325_0,0.001438730745576322,0.9236437678337097
0091,24230_636208ab_13,0.0003541031910572201,0.7825521230697632
0092,41117_1b3271f2_56,0.0012433495139703155,0.9808006882667542
0093,140499_419d5823_0,0.00024645650410093367,0.9786956310272217
0094,115524_a949e82c_2,1.872169741545804e-05,0.9270712733268738
0095,29833_0ed4880f_3,0.0003701531095430255,0.9933400750160217
0096,127556_4823a42a_6,0.0005633306573145092,0.9053729772567749
0097,23960_48cc0f21_19,2.4691824364708737e-05,0.653751015663147
0098,132987_ba18d2eb_11,7.760110747767612e-05,0.8514041900634766
0099,51337_f8636fd9_30,7.192633347585797e-05,0.9187328219413757
0100,40999_cad6be09_18,0.0006212306907400489,0.9853125810623169
0101,136886_99fbdef3_0,2.9704804546781816e-05,0.9490248560905457
0102,30447_4ed3b778_7,0.0005366229452192783,0.9980229735374451
0103,55811_bc667b2d_13,0.0010591034078970551,0.5968015193939209
0104,41716_d55164d4_1,0.00020952282648067921,0.9266730546951294
0105,33610_aa697fc9_6,0.0004018214822281152,0.9703404903411865
0106,55095_fa260d33_6,0.0007892742287367582,0.979195237159729
0107,115639_bc0cc622_0,0.0006020550499670208,0.9559195041656494
0108,20841_1620ae7d_0,0.0006594773731194437,0.9092072248458862
0109,50823_d1830e58_2,0.000869941315613687,0.8277897834777832
0110,109762_cb162371_48,0.00035399224725551903,0.8756062388420105
0111,41387_5f752e39_23,0.0002713324502110481,0.9899656772613525
0112,121540_629c716f_0,0.00031261314870789647,0.9867664575576782
0113,118539_1dff9cf9_12,1.1406649718992412e-05,0.16577130556106567
0114,30714_dafa62f6_2,0.002068005735054612,0.9729442000389099
0115,79633_bbbde75f_0,0.001159551553428173,0.9717200994491577
0116,33059_531cfd5e_11,0.00023405140382237732,0.9616958498954773
0117,20697_d3e106b4_4,7.418795576086268e-05,0.3769301772117615
0118,136062_0027ff97_6,0.0006866928888484836,0.9366463422775269
0119,146291_6b0c8db3_1,0.0035447992850095034,0.917503297328949
0120,45466_5f662bcb_0,2.393856630078517e-05,0.9507107734680176
0121,144500_7f600ab6_0,0.00025192517205141485,0.9767037630081177
0122,44996_b3e9c266_4,0.00016517557378392667,0.9651119709014893
0123,40713_4c9264ef_0,0.0008286761003546417,0.8894352316856384
0124,132384_0fcab1fa_13,0.0006384748267009854,0.31314367055892944
0125,33738_77d49563_2,0.00010685557936085388,0.875794529914856
0126,129422_621d0a90_33,0.0004320358275435865,0.7966649532318115
0127,115633_fd3c9b97_32,1.643510586291086e-05,0.9326541423797607
0128,69337_a122ffde_1,0.0003363607102073729,0.9656215310096741
0129,37241_29f91452_0,0.0006032763631083071,0.98604416847229
0130,141199_9ae000ef_6,0.0012050666846334934,-0.01862490177154541
0131,147133_92c04b84_4,0.0005247709923423827,0.5384573936462402
0132,77687_cbb18594_50,0.0005563781596720219,0.6159631013870239
0133,144290_2a679085_11,6.126393418526277e-05,0.8195688128471375
0134,130825_c59bbbfb_0,0.00029970143805257976,0.9923304319381714
0135,82512_252da752_6,5.003587375540519e-06,-6.741086959838867
0136,115624_d0acb46b_24,0.0004748819046653807,0.9948474764823914
0137,92134_52f13f49_7,0.00017132934590335935,0.8925078511238098
0138,100326_0602c712_7,0.00012455382966436446,0.8036634922027588
0139,134630_f9e85072_0,0.0002623961481731385,0.9395943880081177
0140,108943_b07b2543_1,0.0007530848379246891,0.8758143782615662
0141,125416_ab456bc3_5,0.0012167508248239756,0.8966959118843079
0142,57222_33b428d7_69,0.0001964242837857455,0.8035459518432617
0143,24650_dad8c8ee_13,0.0010917735053226352,0.9806544780731201
0144,41749_14d0599c_1,0.0014510290930047631,0.7841506004333496
0145,49396_98ab955d_27,7.513574382755905e-05,0.9509461522102356
0146,136892_e2a0b32c_4,2.1947316781734116e-05,0.4356533885002136
0147,31962_e5291336_28,0.0009081352036446333,0.980180561542511
0148,34231_e27353cb_0,0.00010230866610072553,0.8924318552017212
0149,112724_d334de09_0,0.0008995601092465222,0.9860185384750366
0150,56486_82b3e23a_21,1.7822363588493317e-05,0.7927534580230713
0151,40500_6055e3d7_17,7.947138328745496e-06,0.7326525449752808
0152,39468_15fb2e60_43,0.00034993208828382194,0.4290134906768799
0153,141710_17531562_7,0.0004520064976532012,0.9872252345085144
0154,33529_756075a0_12,0.000850070733577013,0.8334707021713257
0155,54169_3a875f10_8,0.0026863638777285814,0.9291445016860962
0156,41023_5445cb61_9,0.0001385266805300489,0.8781694173812866
0157,146380_5c569eeb_2,0.0013958622002974153,0.249761700630188
0158,24195_9791f5d3_38,1.3143209798727185e-05,0.7408220767974854
0159,26573_7f7e176d_2,0.0015281613450497389,0.9864457249641418
0160,22734_f6bad9f7_25,0.0016453955322504044,0.9734889268875122
0161,48112_9538e204_0,0.00015252882440108806,0.9969722628593445
0162,127545_6fa39158_10,0.0008904807036742568,0.9930753707885742
0163,23788_5c0b60c6_0,0.00014891424507368356,0.9218069314956665
0164,23792_5b4c1ce0_21,0.0010196795919910073,0.9678249955177307
0165,146067_46e58ab3_1,0.0020505404099822044,0.9869903326034546
0166,101072_dec6f415_3,0.0003424732421990484,0.8430130481719971
0167,22829_b6649a29_0,3.131244739051908e-05,0.48080551624298096
0168,55389_a736bd99_0,0.0006000564899295568,0.6812530755996704
0169,30259_d709601c_9,0.0020303495693951845,0.94215989112854
0170,35866_d0233b36_13,9.061810123967007e-05,0.037767767906188965
0171,34563_52848c45_5,0.00012617825996130705,0.9489263892173767
0172,44519_90af0df6_7,0.0009459432912990451,0.7240568399429321
0173,114111_59282658_8,0.0001616871013538912,0.9446735382080078
0174,45922_26941172_15,0.0007104522665031254,0.9881072044372559
0175,41303_bd1def52_3,0.0003629167622420937,0.9082354307174683
0176,22053_de30641b_1,3.059281152673066e-05,0.5316872596740723
0177,22298_51433023_4,0.0012047563213855028,0.9737510681152344
0178,23479_81a49137_0,0.001366697601042688,0.5035114288330078
0179,22225_a3ce4d29_37,0.0007264516316354275,0.9899422526359558
0180,135669_490cd2d7_14,0.0003172091965097934,0.9829859137535095
0181,32173_8b075b1a_4,0.0004886386450380087,0.9920852184295654
0182,145119_24107428_5,0.0008517874521203339,0.9353891611099243
0183,41774_88a7a483_36,0.00011857081699417904,0.9390608668327332
0184,133549_1b6c58d6_0,0.0009784925496205688,0.9791743159294128
0185,40936_6de8f4f4_0,0.0021252150181680918,0.9867424964904785
0186,23008_3d1bb7b2_0,0.0009450832731090486,0.9864399433135986
0187,38360_ad61c9b2_1,0.00020270435197744519,0.8682987689971924
0188,136109_3d342d3c_2,0.0006294859340414405,0.9746931195259094
0189,135790_a27f9deb_11,4.712479858426377e-05,0.9415609240531921
0190,140249_7c1c5bba_0,9.026840416481718e-05,0.8901174068450928
0191,128996_a3d026d6_0,0.0014026587596163154,0.712558925151825
0192,23235_f9ccb8b0_0,0.0015161600895226002,-0.1956641674041748
0193,93671_f7290ded_0,0.0002053514908766374,0.8783153295516968
0194,51109_97b211c3_7,0.0009672315791249275,0.8817873597145081
0195,51916_fa226b15_13,6.233778549358249e-05,0.8653050661087036
0196,86268_094d3fab_1,0.00017460997332818806,0.9965085387229919
0197,39637_ca6a9a60_1,0.003494113450869918,0.5678796768188477
0198,47219_93cb3619_3,0.0028857048600912094,0.9491726756095886
0199,47878_0edb6829_0,0.0002969196648336947,0.9947194457054138
0200,26764_ab35159a_6,0.0011479378445073962,0.9541793465614319
0201,34341_d19b12fb_12,7.23666962585412e-05,0.9203110933303833
0202,118342_c702e084_6,0.0002443114062771201,0.9944190979003906
0203,49886_dd68dccb_4,0.0014924721326678991,0.8869963884353638
0204,23493_57512264_5,0.00015145530051086098,0.522519588470459
0205,31751_e37382e1_5,0.001560106291435659,0.9600384831428528
0206,24338_848cab42_6,0.005356728099286556,0.576797604560852
0207,24916_42eacca3_10,0.0008613207610324025,0.5346538424491882
0208,137485_a953e1be_2,0.0001655085216043517,0.9966906309127808
0209,23706_ef15ef9c_18,0.0013245918089523911,0.9121360778808594
0210,143671_eaf4d13b_6,0.0011701873736456037,0.9821459650993347
0211,53470_39f2e9dc_13,0.0010599400848150253,-0.34325504302978516
0212,145772_59253c6d_3,4.243148578098044e-05,0.9402100443840027
0213,51893_d531e2bd_2,0.0003696848580148071,0.9919506907463074
0214,39389_d641313f_8,0.001173787866719067,0.9552128314971924
0215,51595_41f3d1a3_5,0.00020574821974150836,0.8046706318855286
0216,51674_a70c1c6c_15,0.00025155555340461433,0.04164665937423706
0217,37617_3f415463_5,9.542098268866539e-05,0.9276264905929565
0218,31862_a89f21f9_3,0.0004129467997699976,0.9877279996871948
0219,40519_55a097c6_11,0.0021483043674379587,0.8747420907020569
0220,111306_9108c940_0,0.002139915945008397,0.5904836058616638
0221,136640_16741d62_4,0.0004558553046081215,0.6897887587547302
0222,23155_d7305c5f_2,0.0031112991273403168,0.9369786977767944
0223,43934_912ff891_41,0.00015205515956040472,0.27515751123428345
0224,57017_6033d1e5_0,0.0004432740097399801,0.9776835441589355
0225,126913_d253adb7_1,0.0008674726122990251,0.6530847549438477
0226,130752_52d74f2f_48,0.0018505275947973132,0.8752549886703491
0227,124177_71283cad_0,0.00027641362976282835,0.9786855578422546
0228,24650_dad8c8ee_18,0.0006985649815760553,0.9821431040763855
0229,55199_4d57661f_2,0.0033568893559277058,0.7990350127220154
0230,115010_eb737aaf_20,0.00018535454000812024,0.996450662612915
0231,27855_19c5895a_12,0.0001648010074859485,0.9135624170303345
0232,52772_a6e6e320_0,0.0003188481496181339,0.5721080303192139
0233,90917_3d2d21a9_0,0.0017578977858647704,0.9597949981689453
0234,40703_5f4e45d4_7,0.00016368190699722618,0.996752917766571
0235,132622_911efd2f_1,0.0009952369146049023,0.9851028323173523
0236,43441_e1ab0873_6,0.04418780282139778,0.3024238348007202
0237,34917_61633e20_6,0.0010507520055398345,0.9772197604179382
0238,67221_275ba7e6_4,0.0006042366730980575,0.9878795146942139
0239,130719_e4764a36_10,7.467780960723758e-05,0.837156355381012
0240,136318_130d6a06_20,0.0006551251863129437,0.9402450323104858
0241,99636_73c43ebd_10,0.0004208022728562355,0.988645613193512
0242,29377_3a04cb8d_6,0.00026214172248728573,0.9617564082145691
0243,23018_63087a41_47,0.0007352254469878972,0.9798750877380371
0244,26165_100fec74_4,0.0001815839350456372,0.428647518157959
0245,135934_d2f6bb2e_46,0.0002522190916351974,0.8775635361671448
0246,24039_448afafa_5,0.0009139631874859333,0.9559519290924072
0247,32775_a79b406b_14,0.0026949921157211065,0.6566101312637329
0248,23686_cba4f679_0,0.0006123034982010722,0.9419305920600891
0249,35147_bc9f2c5d_0,0.0017473084153607488,0.7179301381111145
0250,136337_1351909b_2,0.007334579713642597,0.8257853388786316
0251,139222_2c10ca9a_1,0.0004582274705171585,0.9605801105499268
0252,139379_fe5c3f64_0,0.00014775723684579134,0.9945526123046875
0253,33084_344fec27_2,0.00013049086555838585,0.9975436925888062
0254,24775_d5c98d77_0,9.258958016289398e-06,0.7145774960517883
0255,56344_3a89f085_23,0.00027950279763899744,0.9740955829620361
0256,135112_cf8007b8_5,0.0007177541847340763,0.982326865196228
0257,50706_20d07d57_2,0.002229242818430066,0.9786378145217896
0258,51744_cd355565_5,0.0009067349601536989,0.9728415608406067
0259,51464_da501c24_0,0.0011650635860860348,0.7703650593757629
0260,126572_a2d6f794_23,2.1874000594834797e-05,0.24294829368591309
0261,70021_e673ae54_2,9.292580944020301e-05,0.8661091327667236
0262,25144_31b089b6_5,0.00036917097168043256,0.8327836394309998
0263,24715_55aac5f2_2,1.180397521238774e-05,0.017320215702056885
0264,24532_f82f8000_2,0.0009252656018361449,0.2509620189666748
0265,30664_a3084f71_1,0.0011006029089912772,0.5398513674736023
0266,81145_5c13a8e9_1,0.00018882221775129437,0.8071369528770447
0267,132037_2abb8c63_10,3.164950612699613e-05,0.8545131683349609
0268,50414_ac159b58_2,0.00028048065723851323,0.9898064732551575
0269,21601_360ce1c7_7,0.000324849970638752,0.9940963387489319
0270,22119_27e3ecbe_9,0.00034841205342672765,0.9891959428787231
0271,145120_74f7316f_0,0.006629799026995897,0.7002570033073425
0272,74574_c302ff1f_0,0.0004173472698312253,0.4518445134162903
0273,52443_085efc00_4,0.00014865703997202218,0.9514263868331909
0274,147546_ede0f31c_3,0.004103207960724831,0.9112692475318909
0275,22492_047b125b_21,0.0012935369741171598,0.9699777960777283
0276,72313_5a86e234_0,0.006804176606237888,0.8700230717658997
0277,45589_49e3c7ea_2,0.00014564127195626497,0.9956083297729492
0278,83432_a7f85698_0,0.00012422731379047036,0.9972097277641296
0279,32775_a79b406b_0,0.00011685942445183173,-0.1253671646118164
0280,121703_69c4a5ac_3,1.85809640242951e-05,0.9326754212379456
0281,80901_e9080573_6,0.0009223065571859479,0.9640068411827087
0282,21809_8bd6b10e_3,0.005427483003586531,0.8805409669876099
0283,49396_98ab955d_15,0.0009266193956136703,0.911647617816925
0284,33766_14917a4a_19,0.0007381047471426427,0.983577311038971
0285,26661_ab88a525_8,0.00013091186701785773,0.9963300824165344
0286,44030_17bd5ec9_0,0.0006632175645790994,0.18470221757888794
0287,53221_74fa81cd_7,0.000203859104658477,0.8237807750701904
0288,21887_3306168f_7,0.002558088628575206,0.7451125979423523
0289,86185_85fde9e6_0,0.0005790415452793241,0.9115049242973328
0290,87951_500b1dcd_2,8.091892959782854e-05,0.913375973701477
0291,22276_69c5036b_11,0.0007524591637775302,0.9803128838539124
0292,41721_44151488_5,0.0017435248009860516,0.8385597467422485
0293,102293_5d04e48d_0,0.0024352381005883217,0.8844579458236694
0294,77687_cbb18594_20,7.009957334958017e-05,0.902762234210968
0295,133248_1bab99ae_0,0.0017923767445608974,0.2098824381828308
0296,24051_4852a192_2,0.0008667256333865225,0.9702510237693787
0297,86806_2993395a_1,0.00012168411922175437,0.8966984152793884
0298,38558_b0d6b3f8_1,0.0002341828221688047,0.9951934814453125
0299,140549_7d01813c_0,0.0014725428773090243,0.9532880187034607
0300,24559_3c306e71_1,0.000837845669593662,0.8711316585540771
0301,70350_751de4b0_13,0.003715520491823554,-0.513496994972229
0302,39101_23fec10f_8,0.0017854067264124751,0.8100526928901672
0303,24942_9d1b2ff2_8,0.0004054378077853471,0.9952743649482727
0304,30850_05d88af9_3,0.0012527366634458303,0.9791684746742249
0305,113358_08641c94_4,0.0006327505107037723,0.9803377985954285
0306,21234_8b71bd47_27,0.0003837061522062868,0.8611838221549988
0307,26245_4aac38e1_21,0.0001272584922844544,0.7047430872917175
0308,66072_d301cc88_0,0.0006900904118083417,0.7015675902366638
0309,21894_93f0d052_23,0.00179710250813514,0.8224951028823853
0310,147816_7fb70c2b_2,0.0008163524325937033,0.9143738746643066
0311,49120_4131d1e7_1,0.0001262564182979986,0.9747226238250732
0312,52224_ca16c854_4,0.0021462268196046352,0.693518877029419
0313,105762_19e04e0b_1,0.00014337121683638543,-0.1317899227142334
0314,30400_8824ce97_36,0.000560588261578232,0.9192543625831604
0315,95199_ffcff41e_0,0.00023081444669514894,0.763512909412384
0316,50417_199cffee_3,0.00014282313350122422,0.8888409733772278
0317,24544_d06c82dd_5,0.0005606120685115457,0.9907223582267761
0318,22604_565b91f5_2,0.0003576419549062848,0.9850780367851257
0319,22788_b6a9e30a_4,0.00015500927111133933,0.9612641334533691
0320,45789_d5126eab_14,0.0011340060736984015,0.7683517336845398
0321,37267_b2be4b50_3,8.535517736163456e-06,0.14113152027130127
0322,34330_5eff1ee1_3,0.0004976096679456532,0.9419267773628235
0323,137999_d934160e_1,1.9438568415353075e-05,0.8496323227882385
0324,134921_f5efde94_27,6.368607137119398e-05,0.941446840763092
0325,53470_39f2e9dc_8,4.978170545655303e-05,0.44151514768600464
0326,23497_f292546d_25,0.0011842993553727865,0.9507784843444824
0327,22289_4b848f64_2,0.0004930883296765387,0.9332183003425598
0328,31392_84b62622_2,0.0008738444885239005,0.9271728992462158
0329,51347_1fc6f329_0,0.0016082843067124486,0.6387063264846802
0330,50777_2934de55_6,0.00015008306945674121,0.9946455359458923
0331,32841_954e8c1a_0,5.936344314250164e-05,0.9387547969818115
0332,31530_6744ae73_3,0.0004009095428045839,0.9941155314445496
0333,65827_d1469ad6_1,0.00023393321316689253,-0.750666618347168
0334,145461_30637b22_8,4.16643415519502e-05,-0.6653602123260498
0335,31973_093ea963_13,0.00021562937763519585,0.9160575270652771
0336,70355_e5f58cd5_14,0.0010871669510379434,0.8939741849899292
0337,77687_cbb18594_40,7.348821236519143e-05,0.6753212213516235
0338,24392_fce351ea_0,0.0002535864769015461,0.8640525341033936
0339,36853_7efccb8c_3,0.0007841591723263264,0.8929732441902161
0340,41644_d15f8e2b_5,3.9258829929167405e-05,0.7976899147033691
0341,131762_9b5e5ff5_2,0.00041669438360258937,0.9748361110687256
0342,82193_96ef9433_2,0.0007188957533799112,0.9887969493865967
0343,31347_386f6298_15,0.0011679239105433226,0.9725383520126343
0344,34568_fbe47bf9_0,0.00012101596803404391,0.6535860896110535
0345,115624_fe3eb392_3,0.0008171875961124897,0.9812986850738525
0346,130446_e7b58dbe_0,0.004726248327642679,0.8093158006668091
0347,104641_2cd02839_33,2.6780191547004506e-05,0.9414945840835571
0348,31460_39fdfc6a_7,0.0017758546164259315,0.6002787351608276
0349,95541_ced8f936_0,0.00032307131914421916,0.9930370450019836
0350,23126_725969ea_17,0.0003563253558240831,0.962352454662323
0351,23676_52069f98_5,3.4734119253698736e-05,0.8691977858543396
0352,137637_ed9c537d_0,0.0004996631178073585,0.8764510750770569
0353,22474_b10fea1a_2,0.0007774979458190501,0.9811674952507019
0354,143017_21d96cc2_10,0.0009193682344630361,0.8674647212028503
0355,105270_34f92afd_1,0.00010683667642297223,0.850153386592865
0356,95622_0a0787e4_4,0.0008543848525732756,0.9872391223907471
0357,55854_13f0399b_0,0.0013549091527238488,0.970838189125061
0358,22118_1e09e0eb_5,0.0014738959725946188,0.9371397495269775
0359,146717_3e6a84c1_7,0.0010468076216056943,0.9843089580535889
0360,63132_330141d7_3,0.00014773871225770563,0.9700377583503723
0361,115633_fd3c9b97_46,0.0001736638805596158,0.6422959566116333
0362,21644_aa203dc5_29,0.0001351253013126552,0.9668329358100891
0363,79791_00f639ca_15,0.0002485137665644288,0.9958160519599915
0364,60711_42b5a13e_1,0.0009454819955863059,0.8952944874763489
0365,137483_cdb8989d_0,0.0002599626895971596,0.9945722818374634
0366,21644_aa203dc5_26,0.0006474347319453955,0.8882588744163513
0367,131876_b2384623_0,0.0004909562994726002,0.6830060482025146
0368,23706_ef15ef9c_10,0.0003776256344281137,0.9422294497489929
0369,68948_0d2a01cd_9,0.0009346931474283338,0.9737847447395325
0370,145137_4e9eef42_1,0.0009791516931727529,0.8030687570571899
0371,30426_2cde26de_20,0.0007886506500653923,0.9910258650779724
0372,31378_34c52a73_0,0.00017791763821151108,0.9506070613861084
0373,92134_52f13f49_4,0.00019698073447216302,0.8670591115951538
0374,119634_fc722479_1,0.0004514906322583556,0.9937881827354431
0375,24032_d6172503_24,0.0008657325524836779,0.6375331282615662
0376,136401_69f29349_4,0.00020613259403035045,-2.1983563899993896
0377,41871_f9a1ad02_26,0.0004651982744690031,0.9646770358085632
0378,48220_87941c4e_116,0.0021442121360450983,0.6826941967010498
0379,115012_9ed88535_2,0.0006371464696712792,0.7455168962478638
0380,69488_025cf0a2_1,0.0010117553174495697,0.9931413531303406
0381,147427_69f68da4_3,8.65796027937904e-05,0.760033369064331
0382,33766_14917a4a_32,0.0002757054753601551,0.9900822639465332
0383,51747_3d58eae0_0,0.00048734978190623224,0.9345622062683105
0384,33785_a4c23f61_0,0.0010880264453589916,0.9958953261375427
0385,114935_797875fe_2,0.0011364677920937538,0.9586549997329712
0386,51775_49ef614a_26,0.00010279949492542073,0.8172242045402527
0387,38196_ea48fa42_3,0.0001262606674572453,-0.47703421115875244
0388,140413_44177109_21,1.1941909178858623e-05,0.7814525961875916
0389,27676_79237cc5_1,0.0015698728384450078,0.48642104864120483
0390,52883_e518d3f4_33,0.00014950982586015016,0.9970548152923584
0391,34347_841c5375_2,7.435583393089473e-05,-0.5118180513381958
0392,55289_292737cb_0,0.00032918411307036877,0.9936802387237549
0393,50606_82cb18e2_0,0.00026090466417372227,0.9897459745407104
0394,30407_efa567f2_4,0.00025437839212827384,0.9938663244247437
0395,31647_ab9ad9dc_13,0.0007335626287385821,0.9289335012435913
0396,24896_58b4730f_17,0.00039250723784789443,0.9267914295196533
0397,23602_5daaccf5_4,0.0022534856107085943,0.8426039218902588
0398,27725_5cceaeb7_10,7.18298542778939e-05,0.8507719039916992
0399,127734_395dcf7d_5,0.0017815346363931894,0.7103102803230286
0400,31957_d864f861_3,0.0025990440044552088,0.4703572988510132
0401,49415_1671b60c_4,0.0011028078151866794,-0.031163334846496582
0402,45110_fae73324_4,0.0005279963370412588,0.9718230366706848
0403,22343_34184fd5_18,0.0002494699729140848,0.05025368928909302
0404,22848_cc91b848_38,1.4884365555190016e-05,-16.15765953063965
0405,73652_23b21ef2_1,0.0002744354133028537,0.9944815039634705
0406,65569_bd890a32_1,0.0002034198259934783,-0.9511679410934448
0407,48220_87941c4e_111,0.0024973114486783743,0.5626282691955566
0408,30394_e30f932c_0,0.001625591772608459,0.9069877862930298
0409,21941_1a683ec2_26,0.0008369549177587032,0.965050220489502
0410,25564_e646fcb3_1,3.684461262309924e-05,0.8755710124969482
0411,134053_87a32e31_3,0.0001750067458488047,0.5224676132202148
0412,87950_af56e26e_2,0.00041047119884751737,0.9699574708938599
0413,51458_54240b70_17,0.00011206539056729525,0.8762187361717224
0414,40688_effe215a_1,0.0008867858559824526,0.978040337562561
0415,131494_c8a441d0_0,0.0007455045124515891,0.8548280000686646
0416,26768_c4df841f_21,0.0005451901233755052,0.3613719940185547
0417,136892_2d5f55a9_0,0.003576076589524746,0.21580737829208374
0418,54652_d60ac3e0_10,0.0008422730606980622,0.954304039478302
0419,51747_3d58eae0_1,0.0004922473453916609,0.798771321773529
0420,54650_df3655c1_0,2.7317764761392027e-05,0.7008002996444702
0421,41125_711db4bf_58,0.00060661492170766,0.9325244426727295
0422,45418_f603706b_2,0.00017185202159453183,0.9565330147743225
0423,21852_6cf9a734_18,0.0011275130091235042,0.9903630614280701
0424,122515_758d8b70_6,1.746855559758842e-05,-13.425304412841797
0425,104081_05ba54fa_2,0.0004303900641389191,0.8192445039749146
0426,41672_cf87e0b6_0,0.0009318095981143415,0.8561859130859375
0427,22638_37f9fe91_1,2.8253631171537563e-05,0.916529655456543
0428,24559_3c306e71_3,0.000769397069234401,0.8602516651153564
0429,31589_ac31215d_8,0.00041363094351254404,0.7811190485954285
0430,49603_143b8bd2_35,0.0006235130131244659,0.9506516456604004
0431,127965_c64a91da_0,0.0005424320115707815,0.8596153855323792
0432,36062_f2fb6808_1,0.0001106876225094311,-0.02297520637512207
0433,139280_8874b1ab_18,0.00022174562036525458,0.7869213819503784
0434,30997_24dea167_4,0.001215010299347341,0.890405535697937
0435,143471_eb185912_5,1.12773695946089e-05,0.8845309019088745
0436,23176_1bf2a2d5_10,0.0007923992816358805,0.967239260673523
0437,98299_b8146029_5,0.0004130869929213077,0.964225172996521
0438,23466_1cf60d09_4,0.0024797827936708927,0.9306603074073792
0439,41591_2d0bd0d5_3,0.0005641923635266721,0.9801667928695679
0440,134929_9049dcec_1,0.00025345952599309385,0.8640897870063782
0441,41785_e8bf0528_0,0.002205098979175091,0.9039132595062256
0442,31460_39fdfc6a_6,0.0008213640539906919,0.982410192489624
0443,133710_00be7f31_1,0.0009959845338016748,0.8857174515724182
0444,24532_f82f8000_0,0.00021182987256906927,0.953405499458313
0445,21234_8b71bd47_3,8.02236536401324e-05,0.8785598874092102
0446,35175_6edc4126_5,0.0009224406676366925,0.9732701778411865
0447,20495_e8e7e80c_1,0.00016140441584866494,0.8118017315864563
0448,76546_c17e95aa_2,8.628577052149922e-05,0.49245184659957886
0449,41654_e75f89df_0,0.0007808910449966788,0.95761638879776
0450,109772_f1a0845e_6,9.971173130907118e-05,0.9423847198486328
0451,34913_d23e2a24_0,0.0005408074939623475,0.9699536561965942
0452,25203_1cc0cb3c_12,0.0004835324070882052,0.9919303059577942
0453,37160_2a95674a_4,0.001047958037815988,0.9315909147262573
0454,69240_dc199112_4,0.0013698774855583906,0.7397956848144531
0455,25176_d9130589_0,0.0002613602264318615,0.9656506776809692
0456,69235_fe79a369_0,8.790928404778242e-05,0.8025692105293274
0457,39468_15fb2e60_9,0.0007024569786153734,0.8980913758277893
0458,103284_e25015aa_6,3.4603264793986455e-05,0.724216639995575
0459,30377_e18ea3de_0,0.00020813752780668437,0.8313819766044617
0460,66080_f578d52b_4,0.0006920803571119905,-2.557100296020508
0461,37444_52b27e94_14,0.0005881673423573375,0.910425066947937
0462,38675_6e07d74b_31,0.0009854641975834966,0.9688178300857544
0463,21680_360ba5c7_28,0.0005082895513623953,0.9629665613174438
0464,142032_5c32b7db_2,0.0005046930746175349,0.9907065033912659
0465,44210_a155c2d1_0,0.004916642792522907,0.8905534744262695
0466,38287_88ec74de_92,0.00048653833800926805,0.9281728267669678
0467,29572_2f9283f2_4,0.0005265815416350961,0.960774838924408
0468,28300_b3a6ab79_10,0.00031195610063150525,0.989213228225708
0469,136129_e6a20c7d_5,9.096414578380063e-05,0.8604313135147095
0470,119381_e4d13609_0,0.0019678936805576086,0.9255455732345581
0471,30729_b4d83b07_4,1.0770611879706848e-05,0.778827428817749
0472,140413_44177109_11,0.0011302202474325895,0.9468436241149902
0473,26384_83eddf22_0,0.0003450431686360389,0.9736561179161072
0474,82285_e7a738e7_2,0.005125131923705339,0.5731076002120972
0475,108599_347602af_0,0.0002930192567873746,0.9908879399299622
0476,119889_41a6f268_1,0.00013342068996280432,0.8031027317047119
0477,55006_94230c00_1,0.0003314406785648316,0.9896379709243774
0478,21517_bfe35b4c_10,0.00019603803229983896,0.9099143147468567
0479,20818_098cad7c_6,6.737465446349233e-05,0.9278493523597717
0480,41855_b82e6ae8_6,0.0003182105429004878,0.9632156491279602
0481,137166_90691294_8,7.029106200207025e-05,0.9533203840255737
0482,69561_f274e705_26,0.00043739649117924273,0.9789125323295593
0483,51579_d0c3e154_0,0.0013662860728800297,0.9421855211257935
0484,23676_52069f98_4,0.001016509486362338,0.9679921269416809
0485,31962_e5291336_1,0.00035498064244166017,0.9894972443580627
0486,57222_33b428d7_1,9.738083463162184e-05,0.927704930305481
0487,51586_2ad96f8c_17,1.7742037016432732e-05,0.7865962982177734
0488,41473_c2137170_32,0.0002980187418870628,0.9535526633262634
0489,31123_9a1bfc50_2,0.0014645493356510997,0.8894026279449463
0490,23211_3aac9c7e_0,0.0004557150532491505,0.9146136045455933
0491,45798_b573e9da_5,0.0031600974034518003,0.8371016979217529
0492,27847_d2436f7c_37,0.00021163534256629646,0.7553900480270386
0493,54736_6ee1b513_1,0.0006286645657382905,0.4568629860877991
0494,132901_7d205bb4_9,0.00029826254467479885,-0.9775346517562866
0495,73762_8c704690_0,0.004412912297993898,0.40491849184036255
0496,23209_1592b0a4_1,0.0010473928414285183,0.9273631572723389
0497,49024_b7f02205_2,5.723104550270364e-05,0.8549007773399353
0498,147630_7f858240_15,0.0003549251123331487,0.9374699592590332
0499,69337_2c778611_11,0.00022688751050736755,0.8664478063583374
0500,82498_92a00cd6_1,0.00027273836894892156,0.9154943227767944
0501,78775_e2d8b091_1,0.00048107505426742136,0.9347496032714844
0502,40067_95ae6c76_9,0.0004070672730449587,0.9563915133476257
0503,80756_6f2e842f_0,0.0005400105728767812,0.8901249766349792
0504,25284_1da7aa8a_0,0.0002586006885394454,0.9488279223442078
0505,55605_2f8bc12e_62,0.0009885735344141722,0.9661905169487
0506,39792_60786b6c_15,0.0006618568440899253,0.9867129921913147
0507,34063_0ca1585e_2,0.0006810036138631403,0.5585809946060181
0508,31664_1e85c690_13,0.0004591129836626351,0.9868725538253784
0509,131193_98f3ac52_1,0.000418789975810796,0.8126888275146484
0510,120221_e2eaa34b_2,0.0013380171731114388,0.540874719619751
0511,130286_1f71bfed_3,0.0007587599684484303,0.7739576101303101
0512,118342_e8142153_21,0.00019825658819172531,0.9267337918281555
0513,128043_9f8cd69e_1,7.010457920841873e-05,0.9034197330474854
0514,41504_85e300ee_1,2.142278572137002e-05,0.9077540636062622
0515,78863_d59be42e_0,0.000981112360022962,0.8820560574531555
0516,31733_5118b376_3,0.002209414029493928,0.9842333793640137
0517,22208_e177deb7_5,0.0005351445288397372,0.8721544742584229
0518,24026_1dd4094b_43,0.0007385556236840785,0.3540799021720886
0519,73388_10a40b49_1,0.0012005479075014591,0.9293258786201477
0520,138219_cdff4f61_0,0.0005539688281714916,0.6344026327133179
0521,49399_dc56d180_1,0.00013650828623212874,0.9974469542503357
0522,41306_8f26e703_3,0.0001424156507709995,0.9509145617485046
0523,51590_034b8b08_14,0.001570325461216271,0.9734438061714172
0524,48402_8c965495_4,7.294562965398654e-05,0.8950681686401367
0525,26388_a3367cba_0,0.0015113841509446502,0.8116071820259094
0526,28300_b3a6ab79_6,0.00037187960697337985,0.9875581860542297
0527,43938_418421a7_0,0.0007171749603003263,0.6749043464660645
0528,41520_60018d18_0,2.5753226509550586e-05,0.8145741820335388
0529,137869_344b239b_0,0.00011462732800282538,0.7303650379180908
0530,41648_577daf16_0,0.005055131856352091,0.7836108803749084
0531,31347_386f6298_10,0.0001162363332696259,0.9978002905845642
0532,82190_24b1b0fe_12,0.0018440549029037356,0.6770519018173218
0533,33741_4a973932_1,0.0010519038187339902,0.8256039619445801
0534,42005_3da46d94_0,0.00014524949074257165,-2.252392530441284
0535,132982_ee1eed2f_0,0.0008875213097780943,0.9621003866195679
0536,23898_6e740393_29,0.00024510789080522954,0.5170276761054993
0537,105831_88a0fb85_6,0.0001509698631707579,0.9967073798179626
0538,31278_749a6317_0,0.00011038828233722597,0.9336926937103271
0539,51586_2ad96f8c_4,8.638411964057013e-05,0.9605605602264404
0540,57000_cd1ddece_14,0.00011476023792056367,0.953223466873169
0541,50692_e7ff2668_8,0.0015325794229283929,0.9454911351203918
0542,65346_e89312e5_0,0.00045497503015212715,0.31241345405578613
0543,38840_0e449caf_4,0.0005801356746815145,0.8501753807067871
0544,29573_ca59fbbf_5,0.0009662618394941092,0.9902586936950684
0545,30164_c5680724_12,0.0011710090329870582,0.9382027983665466
0546,138620_e21e10ee_0,9.790141484700143e-05,0.9165661931037903
0547,50305_caf9cef2_34,0.0011614597169682384,-1.0096917152404785
0548,83396_fdb2987a_0,0.0017749983817338943,0.9360083341598511
0549,28379_7e292343_4,0.0007622566190548241,0.9832049012184143
0550,33529_756075a0_32,0.0014520714757964015,0.8920996785163879
0551,109857_1d24326e_42,5.168357802176615e-06,0.7424424290657043
0552,22772_2b5f6629_6,0.0002586498740129173,0.9957553744316101
0553,34600_e2685d46_2,0.000741134921554476,0.9729174971580505
0554,122344_ab1b06aa_2,0.01785537786781788,0.6772092580795288
0555,123573_5f5c9584_1,0.0006140997866168618,0.5045487880706787
0556,35166_562b126c_20,0.00014088672469370067,0.9945465922355652
0557,51350_138f893a_1,1.0730637768574525e-05,0.897077202796936
0558,137785_67c3085b_16,0.0017158039845526218,0.9577766060829163
0559,50417_199cffee_12,0.002627032110467553,0.8730874061584473
0560,22194_a5c323b9_3,0.00020350368868093938,0.9667989015579224
0561,42329_df7f540f_18,0.0004461004282347858,0.9534707069396973
0562,41779_25e4203d_6,0.0003162517095915973,0.5181853771209717
0563,51094_40aa8332_20,0.0019530971767380834,0.9266975522041321
0564,109762_cb162371_38,0.0008159050485119224,0.9570492506027222
0565,45922_26941172_9,0.000452004955150187,0.9221798777580261
0566,34587_ed155e93_0,0.00012542442709673196,0.9963964223861694
0567,69589_a468c1b4_0,0.0012855094391852617,0.9728573560714722
0568,44921_00dfb467_0,0.00020423413661774248,0.9501828551292419
0569,82672_4705a693_0,0.0004904851084575057,0.7814841270446777
0570,26778_a71e88a6_0,7.025594095466658e-05,0.8106211423873901
0571,69488_7bfb2b67_0,0.00018238970369566232,0.9949318766593933
0572,22686_afe3a61e_0,6.814023799961433e-05,0.5790141224861145
0573,109772_5faa88e8_5,0.0017089160392060876,-0.16895854473114014
0574,43938_418421a7_147,0.0008606772171333432,0.8817622065544128
0575,141694_b5ac3112_3,0.0032355927396565676,-0.24708878993988037
0576,31973_093ea963_16,7.230632763821632e-05,0.9546024203300476
0577,26858_e90dc419_25,2.770360697468277e-05,0.8396811485290527
0578,131350_bbdad30d_0,0.00024167215451598167,0.862206757068634
0579,35741_c43475b8_1,0.00047016647295095026,0.8361480236053467
0580,30690_3df2c9e2_1,0.0007495857425965369,0.9360906481742859
0581,122758_5f4efbf0_2,0.0005986185860820115,0.9606136679649353
0582,37822_3be11c62_0,0.00011689386155921966,0.9502979516983032
0583,91174_ee6ee92b_1,0.00039694886072538793,0.9069993495941162
0584,23676_52069f98_31,0.001280005439184606,0.987106204032898
0585,27958_fee329eb_1,0.0001349953527096659,0.963381290435791
0586,144534_3b4fdb09_18,0.003112958976998925,0.13016605377197266
0587,30292_0b5e0265_1,0.001740749110467732,0.9763031601905823
0588,111062_e59e2d31_0,0.02520880103111267,0.7135167121887207
0589,135790_a27f9deb_77,0.0007224212167784572,0.8592905402183533
0590,65842_de75838b_10,0.00018455658573657274,0.9613916873931885
0591,22475_9d9601a8_3,0.00012722480460070074,0.290729820728302
0592,119884_192e3265_0,0.002045720349997282,0.6946784257888794
0593,51463_3330e3aa_2,0.00104457326233387,0.8916061520576477
0594,23231_efe613bb_4,0.0019982238300144672,0.8976548910140991
0595,22895_4533b542_2,0.0005003261030651629,0.9231511354446411
0596,146219_5661130f_4,0.0004780111485160887,0.9896263480186462
0597,38953_19054857_19,0.0003216192708350718,0.714181661605835
0598,21847_b2de7eb8_24,0.0018914331449195743,0.8718208074569702
0599,51603_034939eb_12,0.00023109951871447265,0.8575515747070312
0600,24843_5231632c_4,0.0001975223858607933,0.8771132826805115
0601,41982_f75ceb8f_4,0.00010083286906592548,0.23294830322265625
0602,42937_c573c439_2,0.0001462243526475504,0.3853425979614258
0603,61288_2d594195_0,0.00133125064894557,-1.1884512901306152
0604,55006_94230c00_0,0.0006370776100084186,0.36556047201156616
0605,49898_f42a885e_5,0.0004926734836772084,0.9892618656158447
0606,55709_af3825c8_4,0.0009697720524854958,0.9684363007545471
0607,144117_83c980ca_2,9.721745300339535e-05,0.6615761518478394
0608,40417_b8d98f73_7,0.00010596116771921515,0.9294902682304382
0609,53200_d1e30b87_11,0.00013388351362664253,0.8531982898712158
0610,147009_977ee378_4,2.0390636564115994e-05,0.8199288845062256
0611,63056_a5dfd66b_4,0.00015313886979129165,0.7233061790466309
0612,22205_f48b96b3_10,0.0005914861685596406,0.8653026223182678
0613,51585_b695905b_4,0.0006654406897723675,0.9852657914161682
0614,24084_71f37c00_1,0.00043563442886807024,0.912571132183075
0615,25815_0e853ad9_10,0.00045759417116642,0.9713854789733887
0616,55030_11a6e3e8_3,0.0013964653480798006,0.9873812794685364
0617,23042_1184de03_5,0.0005171078955754638,0.984952449798584
0618,39719_e9629dbd_4,3.880859730998054e-05,0.5731337070465088
0619,51256_ed221095_2,0.00010194523929385468,0.8861156105995178
0620,25810_93c8a71a_3,0.000429843261372298,0.9835659861564636
0621,22208_e177deb7_1,0.000743687036447227,0.9479620456695557
0622,115624_d0acb46b_22,0.0003690062731038779,0.9941920042037964
0623,30708_4282508b_0,1.5914214600343257e-05,0.753680944442749
0624,31117_cd5cdbdb_12,0.0003278836375102401,0.8584447503089905
0625,41733_1ec9b00c_32,1.885763595055323e-05,0.9443313479423523
0626,111387_c4243097_2,0.0005661849281750619,0.23100829124450684
0627,119869_e8f0dd81_19,7.100339280441403e-05,0.9465644359588623
0628,34569_590239d6_0,0.000988689949735999,0.9546165466308594
0629,136318_130d6a06_23,0.00012769429304171354,0.8410471677780151
0630,145132_7aea3b66_4,0.0006448840722441673,0.9915593862533569
0631,41878_3aeaed3d_0,0.0033050598576664925,0.4625400900840759
0632,34583_a1cf326b_0,0.00017699658928904682,0.9967606663703918
0633,116581_d405b783_0,0.0015040873549878597,0.9795644879341125
0634,24044_9bbe7992_3,0.00017933860362973064,0.776165246963501
0635,22194_a5c323b9_2,0.0009633469744585454,0.9131803512573242
0636,142076_08d80e12_21,2.7860132831847295e-05,0.8767368793487549
0637,55817_6ac2912d_7,6.547218072228134e-05,0.29397112131118774
0638,21165_5cb2d287_2,5.8810586779145524e-05,0.8760772943496704
0639,39796_45dcdc7d_0,0.008234625682234764,0.8932045102119446
0640,33044_7fdd9213_1,0.0012012029765173793,0.9681686162948608
0641,23731_3fe5b501_6,8.323515066877007e-05,0.8720536231994629
0642,32743_f4c47bbc_31,0.0004653897194657475,0.9567392468452454
0643,108775_4908fba2_21,0.0004576580540742725,0.9593290090560913
0644,21941_1a683ec2_19,0.000582803797442466,0.9569858312606812
0645,27682_04277f62_18,0.0007670768536627293,0.9647728204727173
0646,25815_0e853ad9_4,0.00047210504999384284,0.9695350527763367
0647,30261_723e95cf_2,0.000477027875604108,0.9798941612243652
0648,21385_601444ba_102,0.0017024038825184107,0.9199217557907104
0649,30368_d7fd30ce_7,0.0003237580822315067,0.8779019713401794
0650,55605_2f8bc12e_3,0.0005377776687964797,0.9122114181518555
0651,24650_dad8c8ee_15,8.256536602857523e-06,0.7424002885818481
0652,34227_48203345_7,0.0005639051669277251,0.9842787384986877
0653,113348_ac85cba3_1,0.0008840967784635723,0.9050565361976624
0654,26552_25c5924a_1,0.00018595627625472844,0.9287924766540527
0655,55381_cbaffe9b_0,0.00017667078645899892,0.9510927200317383
0656,55817_6ac2912d_25,0.0008439765661023557,0.9775705337524414
0657,138947_0778db40_4,0.00026321347104385495,0.8970670700073242
0658,52788_07f7da63_0,0.0004351700481493026,0.891974925994873
0659,70355_e5f58cd5_6,8.635933772893623e-05,0.8545682430267334
0660,51744_cd355565_8,0.0009490630473010242,0.8054229021072388
0661,41227_90e1c07c_16,0.0007673956570215523,0.9806749224662781
0662,45359_1768ab3f_42,0.0037376987747848034,0.6055343747138977
0663,41783_d1c10326_3,0.0002103457081830129,0.323322057723999
0664,32960_0eaa1de8_13,2.3763346689520404e-05,-0.7155252695083618
0665,34674_32ee1595_3,0.0042990995571017265,0.8541855812072754
0666,136885_23632908_1,0.00263865920715034,0.05834311246871948
0667,136808_00592735_3,0.0001392779959132895,0.9696996212005615
0668,45589_49e3c7ea_5,8.948796312324703e-05,0.9981577396392822
0669,141665_0564e852_3,0.0010763983009383082,0.7429623007774353
0670,50897_3be92e2f_18,0.0001493439922342077,0.9965124726295471
0671,84256_4164b724_3,0.0002123352896887809,0.7962685227394104
0672,22994_e6ad8f2b_10,0.0011411969317123294,0.9576460719108582
0673,28295_0dc908b9_8,0.00015231726865749806,0.9522887468338013
0674,23329_6939d5d9_5,0.00029462299426086247,0.6731679439544678
0675,123665_0a0da5c7_3,2.095300988003146e-05,0.8364347815513611
0676,121172_0ac63503_7,0.0007971206214278936,0.8490509986877441
0677,50941_2a8a8c76_0,0.00017801817739382386,0.9964697360992432
0678,37846_cde34fcd_66,0.0009827903704717755,0.8350542187690735
0679,56040_9b1307eb_21,0.0028690998442471027,0.5531221628189087
0680,146535_229c95bc_1,0.00018627045210450888,0.14653706550598145
0681,50947_49287c16_2,0.0008187803905457258,0.9866169095039368
0682,95622_0a0787e4_5,0.00023694444098509848,0.871767520904541
0683,25432_f13e5110_0,0.00018223981896881014,0.9942610859870911
0684,32454_e959e3cf_0,0.0006005332688800991,0.9830992817878723
0685,65858_61e9b51a_18,0.0012236405164003372,0.720852255821228
0686,70350_751de4b0_3,0.0010124890832230449,0.8600280284881592
0687,129239_0d49310c_15,0.00025593783357180655,0.9024519324302673
0688,31008_8fa25b35_8,0.0003511489776428789,0.9258521795272827
0689,55306_795d845b_2,3.255387127865106e-05,0.793098509311676
0690,29729_e8bb36f1_2,0.000409743282943964,0.5171549320220947
0691,67283_4097cbd6_5,0.00022917991736903787,-0.9486125707626343
0692,23904_811e466f_4,0.00010070516873383895,0.9155120253562927
0693,116076_12d31fb7_1,0.0009771210607141256,0.8529614210128784
0694,45302_02d7e3bc_0,0.0011290541151538491,0.7160205841064453
0695,60977_4bb093ec_1,0.0005937025998719037,0.9735445380210876
0696,49017_76979790_8,0.0007338481373153627,0.8609068989753723
0697,146321_0dbae658_10,6.891816155984998e-06,0.3055013418197632
0698,102194_150e3faf_3,0.0001386214280501008,0.9957543611526489
0699,34769_44655d03_5,8.87769929249771e-05,0.9007319211959839
0700,38953_19054857_6,0.00037746832822449505,0.6901533007621765
0701,55397_ad24603f_1,7.589982851641253e-05,0.9212169647216797
0702,21908_385686ec_15,0.0005307780811563134,0.9743795990943909
0703,60721_57103153_4,0.0004821582115255296,0.22805726528167725
0704,98701_7cd4ec8d_0,0.0021340511739253998,0.9612371921539307
0705,91703_642cdf1a_1,0.00036405501305125654,0.9931520819664001
0706,26661_ab88a525_5,0.0027354795020073652,0.30997025966644287
0707,51940_67bb0219_21,0.00012356505612842739,0.7366757988929749
0708,22543_684108ff_22,7.79201727709733e-05,0.9225704073905945
0709,145250_cde4d039_8,0.0002276127488585189,0.7437506318092346
0710,20232_e5b060d9_6,0.00010108888818649575,0.81649249792099
0711,128043_d4650350_0,0.0007206660229712725,0.9903228282928467
0712,140530_30edf2c4_0,0.0016660066321492195,-0.4060065746307373
0713,131814_9af6d05a_0,0.0003090299724135548,0.9535315632820129
0714,26245_4aac38e1_9,0.0002645419735927135,0.8894913792610168
0715,30282_88c6933c_14,0.0018956316635012627,0.9272692799568176
0716,32322_71d0035e_1,0.0003968791861552745,0.9796367287635803
0717,131762_d10609a4_1,0.0010245722951367497,0.9537199139595032
0718,54812_5f7b7aba_2,0.0001146171780419536,0.9496820569038391
0719,135830_8fb36dac_4,0.0013106812257319689,0.9419645071029663
0720,139280_8874b1ab_4,4.7326175263151526e-05,0.898343563079834
0721,49904_639055dd_1,0.00031373195815831423,0.9640408754348755
0722,53601_59d3ecd2_0,0.0056156013160943985,0.7697768807411194
0723,50047_54241fe3_12,0.00039225470391102135,0.9696376323699951
0724,136925_70fb0381_3,0.0006627780967392027,0.9594412446022034
0725,87488_95f678ce_0,0.0007472715806216002,0.9835023880004883
0726,137166_90691294_2,7.241564890136942e-05,0.9518465995788574
0727,44030_17bd5ec9_11,9.899260476231575e-05,0.843138575553894
0728,137396_b5f6bec4_5,0.00017457807553000748,0.9947565793991089
0729,21900_760d2078_10,0.0018034493550658226,0.9738759398460388
0730,21185_ac5324ba_5,0.001486284309066832,0.9536460638046265
0731,31132_2320d049_4,0.00023151883215177804,0.9957887530326843
0732,82281_80cdf67c_4,2.6735637220554054e-05,0.9325529932975769
0733,38287_88ec74de_15,0.0001328179205302149,0.9974278211593628
0734,136128_831e37a6_0,0.0005074550281278789,0.9435467720031738
0735,21330_f0cee934_18,0.0002156584960175678,0.8584476113319397
0736,34109_5a868eae_10,0.0005798148922622204,0.9445649981498718
0737,21174_861bd902_2,0.0009586868691258132,0.9164441227912903
0738,49783_365bec9e_6,0.0005340583738870919,0.9839789271354675
0739,24429_ace910b3_8,6.7049372773908544e-06,0.6076014041900635
0740,22772_2b5f6629_4,0.0003055099805351347,0.9218879342079163
0741,53927_ef5208b9_14,0.002542693866416812,0.8940678834915161
0742,56250_3b6024e3_54,0.0014729578979313374,0.967810869216919
0743,23522_5c2ec58e_8,0.0013574229087680578,0.9572274088859558
0744,121177_93fb3127_10,0.00010119324724655598,0.8163642883300781
0745,138840_b7f948ea_2,0.000821801892016083,0.9163564443588257
0746,41125_711db4bf_6,0.0008930877665989101,0.9788765907287598
0747,102606_28922dfc_0,0.00022132458980195224,-1.327113389968872
0748,31530_6744ae73_50,0.0017486774595454335,0.9688020348548889
0749,50598_eae0df5a_1,2.4158520318451338e-05,0.9558257460594177
0750,145726_19ccdbda_12,0.00024625807418487966,0.9210300445556641
0751,41469_b94cf3e4_0,0.0007425714866258204,0.847794771194458
0752,147009_977ee378_1,0.0012657478218898177,0.8783369064331055
0753,24267_8a216138_10,0.0006336932419799268,0.948553204536438
0754,63071_3d434a33_16,0.00046109745744615793,0.9753986597061157
0755,34436_ffc43a58_4,0.00024658520123921335,0.7872817516326904
0756,50692_e7ff2668_4,0.00045373215107247233,0.8181934952735901
0757,146642_883a71d2_9,0.002768885111436248,0.9562730193138123
0758,109772_f1a0845e_7,0.0005614532274194062,0.9868982434272766
0759,136640_16741d62_1,0.0012470579240471125,0.6833765506744385
0760,21680_360ba5c7_11,0.00048341689398512244,0.8035948276519775
0761,27729_09d75da1_2,0.00045387190766632557,0.9870715737342834
0762,82148_5df06ed9_19,0.002961796475574374,0.79426109790802
0763,55287_8a57a3db_1,0.0015800215769559145,0.9027988314628601
0764,53221_74fa81cd_5,0.0003799549303948879,0.8177838325500488
0765,30417_0010bc7c_39,0.00069957016967237,0.945392370223999
0766,23706_ef15ef9c_40,0.0001777934521669522,0.9746238589286804
0767,140763_e14274f8_3,0.00017228999058716,0.869570791721344
0768,23602_5daaccf5_3,0.00013568572467193007,0.9780041575431824
0769,30282_88c6933c_9,0.0009665790712460876,0.9391965866088867
0770,56824_0fc773f6_0,0.0017561279237270355,0.8998867273330688
0771,42410_d3b5588e_1,0.00039998951251618564,0.9392271041870117
0772,55055_dd27a8a4_0,0.0001762641768436879,0.9967739582061768
0773,115633_a2c63339_6,0.00014720064064022154,0.8370406627655029
0774,73651_a41647f8_5,2.4502813175786287e-05,0.9050161838531494
0775,33413_060ce192_32,0.000648033746983856,0.9502179622650146
0776,97331_a482fa9b_0,0.001763501320965588,0.627336323261261
0777,23476_705b76d1_0,0.00015927429194562137,0.9937701225280762
0778,32566_7bfc936b_6,0.0017126263119280338,0.9838137030601501
0779,41717_eb1c1e6b_0,0.004643931984901428,0.627853512763977
0780,60720_ef9a0a95_8,0.0002925453591160476,0.37473511695861816
0781,138700_ab763a46_202,5.150761808181414e-06,-1.842491626739502
0782,38287_88ec74de_17,0.004843616858124733,0.2034195065498352
0783,135535_0bd0048d_0,0.001640451606363058,0.9752928018569946
0784,21797_69df08d5_7,0.018218452110886574,0.8549502491950989
0785,65350_b3fa8f4f_47,0.0018761656247079372,0.9913649559020996
0786,41714_1d49f4d1_3,0.0018958075670525432,0.7881626486778259
0787,66012_a13e1644_1,0.0002898943203035742,0.8770647048950195
0788,22652_564979ff_11,0.0005552852526307106,0.5872304439544678
0789,25127_ecba81df_23,0.0010654187062755227,0.30469340085983276
0790,47548_db93c988_4,0.0002568699128460139,0.3716070055961609
0791,55927_f8b31711_5,0.0017643707105889916,0.9056336879730225
0792,31647_ab9ad9dc_2,0.0008038620580919087,0.8913429975509644
0793,41128_ee74f244_8,0.0007915787282399833,0.7833556532859802
0794,20959_d4905d19_4,0.00014157987607177347,0.9652647972106934
0795,52009_a2b75078_3,0.003906475380063057,0.960656464099884
0796,22201_473a3a65_16,0.0007715990068390965,0.8954712152481079
0797,29442_365e23df_30,0.0007836527656763792,0.9778352975845337
0798,51859_6b2fd0f1_8,0.00021578614541795105,0.9926307797431946
0799,140413_44177109_15,0.0001341546740150079,0.8810056447982788
0800,21822_7d3db422_11,0.0006741116521880031,0.9812681078910828
0801,24168_a0ede173_100,0.00019520713249221444,0.8591203689575195
0802,145532_c2304f89_1,0.000551281264051795,0.9228026866912842
0803,104641_2cd02839_13,1.767349021974951e-05,0.9314987659454346
0804,23679_81ef9e37_2,0.00045422473340295255,0.8917738199234009
0805,95271_de3df8d5_2,3.6599012673832476e-05,0.8237779140472412
0806,41401_e4117da2_0,1.0708363333833404e-05,0.7666698694229126
0807,48006_babdf4af_9,0.0004643179418053478,0.994623064994812
0808,142246_0851be5e_32,0.0008905281429179013,0.9852221012115479
0809,33615_7bab1106_4,0.0009381704148836434,0.9379213452339172
0810,31117_cd5cdbdb_18,0.0003481472667772323,0.9947302341461182
0811,34914_8911676d_0,0.0005044514546170831,0.9584130048751831
0812,55501_a09e4ced_2,1.6379812223021872e-05,0.384721577167511
0813,41128_ee74f244_9,0.0005102810682728887,0.8310838937759399
0814,142246_0851be5e_22,0.0019578917417675257,0.6449004411697388
0815,22413_901f5867_0,3.305762220406905e-05,0.8999506235122681
0816,56490_0a0fba77_0,0.00013210924225859344,0.9625287652015686
0817,93676_4f934980_1,0.0002939534606412053,0.34833818674087524
0818,146642_883a71d2_96,0.0010170566383749247,0.8889897465705872
0819,24032_d6172503_3,0.0003273508627898991,0.9445056319236755
0820,44221_25c62f03_1,0.00015036435797810555,0.9972150325775146
0821,50315_0f1419bf_33,0.001036537461914122,0.8993937969207764
0822,133389_0938a905_2,0.00013571183080784976,0.9655572772026062
0823,24824_cf51e5b6_4,0.0005389185971580446,0.8989022374153137
0824,33970_32f36442_3,0.000495447195135057,0.9845498204231262
0825,29359_bbfab271_2,0.0006434390670619905,0.8867270350456238
0826,23172_4ab01e83_0,0.00019995502952951938,0.9951404929161072
0827,98511_1b46a85e_45,0.0007959737558849156,0.9776292443275452
0828,98511_1b46a85e_46,0.0006568232784047723,0.980689287185669
0829,34248_cc11976c_0,0.000641480612102896,0.9762986302375793
0830,104003_46555fb2_0,0.000474005559226498,-0.054062724113464355
0831,34520_035b5e9a_8,0.0002537388645578176,0.9127943515777588
0832,38397_93d5d7de_12,0.0016742502339184284,0.9768040776252747
0833,130023_93b3ca95_1,0.0009240016806870699,0.6747728586196899
0834,83213_47c49876_1,0.0003138441243208945,0.9640285968780518
0835,43928_6ca53538_63,0.0013721075374633074,0.9680918455123901
0836,82779_b7b722e3_9,0.0009439151617698371,0.8872655630111694
0837,134967_0f27ef51_1,0.00020478921942412853,0.8467900156974792
0838,86024_714b24f4_1,0.00016235728980973363,0.9936395287513733
0839,40807_58058731_11,0.0007518851780332625,0.8866040706634521
0840,26750_cd3cb3ff_0,0.0010442539351060987,0.9818857908248901
0841,126913_d253adb7_2,0.0008312180289067328,0.835993766784668
0842,24268_2804c9ff_13,0.001983559923246503,0.9484062790870667
0843,45542_320c16fd_3,0.00017064051644410938,0.9966075420379639
0844,22342_274ed8a6_1,0.00042423492413945496,0.9081218242645264
0845,133385_e6aa64d8_17,8.179093856597319e-05,0.6721261143684387
0846,143509_1dd5212d_3,0.0009796848753467202,0.9711054563522339
0847,47989_3ff0f41d_0,0.0013733982341364026,0.9609295725822449
0848,21822_7d3db422_14,0.002421250566840172,0.9650366902351379
0849,21517_bfe35b4c_12,0.00023899899679236114,0.5827974677085876
0850,52883_e518d3f4_10,0.000358245539246127,0.9418374300003052
0851,41871_f9a1ad02_14,0.002198820700868964,0.780029833316803
0852,37016_455093c1_2,0.0002535688690841198,0.86406409740448
0853,31117_cd5cdbdb_78,0.0008423602557741106,0.9934677481651306
0854,129239_0d49310c_22,2.4234950615209527e-05,0.9296355247497559
0855,30400_8824ce97_6,0.001981787383556366,0.958564043045044
0856,53233_8dbca22c_8,0.0007274257950484753,0.9489749670028687
0857,40514_bb61631d_25,0.0005730050033889711,0.873232364654541
0858,24053_53349e4d_2,9.176727326121181e-05,0.8818987607955933
0859,41917_f0c40fa1_16,0.0004907254478894174,0.988391101360321
0860,22543_684108ff_5,0.0022697674576193094,0.9100155234336853
0861,138636_c1153075_0,0.0001332733518211171,0.8810350298881531
0862,24448_75004b6c_6,0.00038697593845427036,0.9876793622970581
0863,24831_bbd3e098_8,7.928265404189005e-05,0.922310471534729
0864,53221_74fa81cd_3,0.00014851005107630044,0.9598537683486938
0865,76879_65a30a82_4,7.255785021698102e-05,0.8813876509666443
0866,108773_f9384cff_10,1.1508857824082952e-05,0.8785394430160522
0867,33671_0e9c6ca3_5,0.00020016456255689263,0.9841020703315735
0868,93103_fdb9fcb7_15,0.000503850809764117,0.9728127717971802
0869,137675_d2bd633e_0,0.0003434564860071987,0.7848957777023315
0870,21893_0500d043_32,0.0005772496806457639,0.6226141452789307
0871,22110_0bc70e9f_1,0.0006464571342803538,0.602716326713562
0872,43152_b5472481_1,0.0002271351113449782,0.9147058725357056
0873,115717_40314bc2_1,0.0009118839516304433,0.920324444770813
0874,102943_ca9e7968_0,0.00011437698412919417,0.844366192817688
0875,136401_69f29349_0,0.000803896866273135,0.4667668342590332
0876,28542_3c922564_0,0.00046510540414601564,0.8303980827331543
0877,24267_8a216138_6,0.0009293766343034804,0.9490311741828918
0878,84374_272a9731_7,0.0018254296155646443,0.7593255043029785
0879,23531_1ecc8346_18,0.0018204469233751297,0.9822428226470947
0880,41871_f9a1ad02_30,0.000740241666790098,0.9775639772415161
0881,132461_14abd2d0_0,2.796105582092423e-05,0.21940594911575317
0882,37617_3f415463_2,0.00010501078941160813,0.8284043073654175
0883,41696_de0790a1_1,0.0011912655318155885,0.9735468626022339
0884,54657_2a66e0de_20,0.0003365473239682615,0.9690962433815002
0885,24425_0dc4b306_0,0.0007747518247924745,0.9241255521774292
0886,146667_fe438b5b_0,0.00014568695041816682,0.9944592714309692
0887,23048_8a1a5553_8,3.5197492252336815e-05,0.05296295881271362
0888,51871_86ebf5b2_17,0.0012618053006008267,0.7690057158470154
0889,30664_a3084f71_6,0.0016541773220524192,0.8984977602958679
0890,139801_97e2ca6a_5,0.0003410737554077059,0.9301677942276001
0891,22278_12f1fb79_13,0.0006410752539522946,0.9582936763763428
0892,22776_facf9bcf_8,0.0022625697311013937,0.9229912161827087
0893,40500_6055e3d7_15,0.010371312499046326,0.896559476852417
0894,35740_5322d674_13,0.00030745615367777646,0.8129541873931885
0895,39792_60786b6c_12,0.0008133871015161276,0.9704710245132446
0896,115524_4a411f7e_0,0.0006693037576042116,0.8479584455490112
0897,24131_3ea7d5a8_17,0.001691475510597229,0.9184107780456543
0898,100326_0602c712_2,0.0013205161085352302,0.9580549001693726
0899,34571_25c64838_2,0.001479793805629015,0.9122949242591858
0900,143534_4f65fd1a_0,0.0003535686118993908,0.8804613947868347
0901,101446_95204330_1,0.00024552654940634966,0.8443519473075867
0902,41749_14d0599c_10,9.213752491632476e-05,0.7310984134674072
0903,55715_525d1d3e_12,0.0003307200677227229,0.019023478031158447
0904,45307_b9b4bca0_30,0.0006262831157073379,0.9955145716667175
0905,22654_4c426b0f_0,0.0009558490128256381,0.8803041577339172
0906,22670_9353c710_4,0.0005674643907696009,0.8259806632995605
0907,99445_94c22a37_11,0.000365745450835675,0.9945658445358276
0908,132811_57264a28_4,0.0003757924132514745,0.9692992568016052
0909,23258_87a2ba81_3,7.531503069913015e-05,0.8809499144554138
0910,50777_2934de55_22,0.0006091902614571154,0.9783751368522644
0911,98418_4185a7fb_0,0.00044497285853140056,0.9892199635505676
0912,43441_e1ab0873_2,5.945844895904884e-05,0.2795156240463257
0913,24271_dbc0fd2d_12,0.00025790868676267564,0.9432306289672852
0914,38944_0d0c3fce_0,0.00041707968921400607,0.9972979426383972
0915,40624_e1c5c424_11,1.2108082955819555e-05,0.6950455904006958
0916,100028_0c3a8f1c_13,0.0004242912691552192,0.9945424795150757
0917,40491_ac67bf4c_13,0.000290346157271415,0.994553804397583
0918,25416_1deb9c75_0,0.0006519847083836794,0.887140154838562
0919,21657_2651585a_6,0.0003509786620270461,0.9813967943191528
0920,21986_67c5509a_15,0.00024565652711316943,0.9695204496383667
0921,32288_34013274_2,0.0011478500673547387,0.8057166934013367
0922,55373_ddd74d2f_0,0.0014087335439398885,0.8180583119392395
0923,26245_4aac38e1_0,0.0005426323041319847,0.9689081311225891
0924,33044_7fdd9213_0,0.00026353320572525263,0.9529465436935425
0925,31530_6744ae73_48,0.002032224088907242,0.9803685545921326
0926,25555_fd3d9a3c_1,6.097803634474985e-05,0.9143903255462646
0927,54175_7d864ace_6,0.00013178389053791761,0.9704054594039917
0928,72950_5074f5a3_0,0.0010696096578612924,0.2929292917251587
0929,129618_2962c248_0,0.001638450426980853,0.9726348519325256
0930,52012_77070fda_10,4.500856812228449e-05,0.9294154047966003
0931,28295_0dc908b9_7,0.00026386516401544213,0.9291185140609741
0932,144419_90e59d67_2,8.188805622921791e-06,0.9095045924186707
0933,22734_f6bad9f7_24,0.002077169483527541,0.9357159733772278
0934,22604_0b4ffb43_14,0.0001762641768436879,0.9967739582061768
0935,81996_b3752ed2_3,0.00010619219392538071,0.9047011733055115
0936,24504_493cee15_8,0.0007520053186453879,0.9700566530227661
0937,39124_28e99e62_1,0.00015025930770207196,0.8309270739555359
0938,29725_0ad4937e_1,8.804854587651789e-05,0.8408507704734802
0939,109232_04340d62_6,9.653987945057452e-05,-0.7561085224151611
0940,129075_8fbf62e5_0,0.00046169120469130576,0.6346251964569092
0941,102937_18c3cb6a_4,0.00036428504972718656,0.9872276782989502
0942,52551_8098346a_5,0.0004863307694904506,0.15402299165725708
0943,128043_6947b64c_0,0.0008162534795701504,0.9528799057006836
0944,119030_292009a7_41,0.0006009677890688181,0.9118442535400391
0945,48526_5aecac8a_0,0.0003356398665346205,0.9434823393821716
0946,32541_86f7df73_4,0.0002900051767937839,0.7241092920303345
0947,55114_7bf17f6a_0,0.006235965061932802,0.5479287505149841
0948,55285_6816da52_1,0.0012118823360651731,0.9737719297409058
0949,37683_e2cca100_17,8.239358430728316e-05,0.870280385017395
0950,78775_e2d8b091_15,0.0024310960434377193,0.920511782169342
0951,93199_2146e709_2,0.0012764559360221028,0.8493033051490784
0952,135595_656de97a_14,0.00023003623937256634,0.8350732326507568
0953,24284_3710e946_16,0.0002201391471317038,0.9950127005577087
0954,135521_30553c91_2,0.00042036492959596217,-5.096738338470459
0955,29732_fb15318c_5,7.722356531303376e-05,0.9266425371170044
0956,88060_389bdff4_0,0.0006239798967726529,0.9620282053947449
0957,27839_4a077326_28,0.0034555126912891865,0.9143804311752319
0958,100435_87bf423d_8,0.00011337022442603484,0.9977660775184631
0959,25365_bb0e4ede_44,0.000279553874861449,0.6035197973251343
0960,146169_144d8264_0,0.0006022261804901063,0.9967475533485413
0961,23342_7193a931_3,6.12906733294949e-05,0.8194293975830078
0962,57000_cd1ddece_12,0.0001753354154061526,0.9964945316314697
0963,119790_1ed376f0_3,0.00022306958271656185,0.7565423250198364
0964,72522_e9e87960_4,0.0002900524705182761,0.9945558309555054
0965,65366_f618b577_2,0.0004532247257884592,0.605482816696167
0966,55707_c78416ed_35,0.0008662118925713003,0.9547320604324341
0967,70321_eccffc7e_0,0.0007816387224011123,0.797511100769043
0968,120143_b5756e6b_0,0.0011463866103440523,0.8407986164093018
0969,27726_aca43af4_35,4.533284663921222e-05,-1.1062121391296387
0970,31361_72aab333_20,0.0011846523266285658,0.6235053539276123
0971,121949_e10b5e85_12,0.0011723178904503584,0.9676201939582825
0972,146399_0e4b73c4_13,0.0012710674200206995,0.9739061594009399
0973,41134_fc146947_6,0.0006226859404705465,0.708892822265625
0974,21237_7887a24b_35,0.0001537621283205226,0.3643198013305664
0975,24885_55e20ddf_3,0.00010189088789047673,0.8993350267410278
0976,34914_8911676d_23,0.00015453265223186463,0.9725358486175537
0977,21803_8a36dcda_12,0.0013144725235179067,0.9560158252716064
0978,41306_8f26e703_5,1.836783303588163e-05,0.8017160892486572
0979,25118_f50fdc69_10,3.242361344746314e-05,0.952643871307373
0980,25473_0991d519_9,0.00034058402525261045,0.9914714097976685
0981,126585_86fa26cb_0,7.777430437272415e-05,0.9039498567581177
0982,145691_69484976_9,0.00037607800913974643,0.9661860466003418
0983,60729_c51868ec_0,0.0005680469912476838,0.6870620250701904
0984,123929_e7dbad2c_0,0.0007965630502440035,0.6216233968734741
0985,69649_70b07cac_0,0.00012783348211087286,0.9971762299537659
0986,55135_f1186d58_9,7.079524948494509e-05,0.9117996692657471
0987,20838_86c931be_2,0.00036204815842211246,0.954986572265625
0988,45242_626509cb_11,0.00046768723404966295,0.7933270931243896
0989,34983_439766af_13,0.000755014771129936,0.9921466112136841
0990,53453_fb0f1640_1,0.002170140389353037,0.9341205358505249
0991,23255_972fbfe6_25,0.0006441045552492142,0.9796972870826721
0992,24168_a0ede173_203,0.0009600466000847518,0.9946606159210205
0993,55476_1473d91f_0,0.0010872631100937724,0.4457063674926758
0994,55111_ef389075_1,0.0009737946675159037,0.9627807140350342
0995,141710_17531562_1,0.00045465014409273863,0.9618263244628906
0996,96601_b89e6252_1,5.633314867736772e-05,0.7004237174987793
0997,135790_a27f9deb_43,0.029475871473550797,0.6223517656326294
0998,121363_746708db_0,0.0006600067135877907,0.7460548877716064
0999,136886_3aa46890_0,0.0002217657893197611,0.9173121452331543
1000,50315_0f1419bf_19,0.0007561257807537913,0.9895995259284973
1001,37846_cde34fcd_14,6.709899753332138e-05,0.2413557767868042
1002,24816_ef81ad4c_1,0.00032061582896858454,0.8853539824485779
1003,75646_4baf69b2_7,0.0019280747510492802,0.9730008244514465
1004,140155_81f9ac63_0,0.00013591302558779716,0.9660912752151489
1005,51603_034939eb_10,0.0014654149999842048,0.9188166260719299
1006,30435_c97330d2_0,0.0001758103317115456,0.7027358412742615
1007,27839_4a077326_27,0.0005910085747018456,0.9678648710250854
1008,55627_971fde61_34,0.0018642492359504104,0.8558753728866577
1009,134909_ef3d003c_0,0.00020369132107589394,0.800173282623291
1010,33413_060ce192_51,4.32563547292375e-06,0.4006728529930115
1011,22245_ca848576_12,0.00024454668164253235,0.7144080400466919
1012,52039_ba12c3ac_1,0.00017352121358271688,0.9965309500694275
1013,39707_358f88df_2,0.0005360003560781479,0.42921459674835205
1014,50014_33f250c8_3,0.0035023335367441177,0.9680532813072205
1015,52987_387431ac_1,0.0018353646155446768,0.8739780783653259
1016,33501_b1ee5058_15,0.00016569405852351338,0.9967051148414612
1017,82168_4844bddd_1,0.0004372663388494402,0.9409609436988831
1018,30384_95e72fc2_4,3.340539478813298e-05,0.6320902109146118
1019,23554_a0845d54_2,0.00014762059436179698,0.8766000270843506
1020,23800_65e0a5d1_0,0.00016005452198442072,0.49558931589126587
1021,41128_ee74f244_0,0.0002359034406254068,0.7631663680076599
1022,143019_22dbd3e6_2,0.0004706012550741434,0.9850690364837646
1023,79993_6087acd5_8,0.0018657866166904569,0.9409750699996948
1024,21422_b2a6bf27_0,0.0002974443486891687,0.99509596824646
1025,25487_dd2c17e8_21,0.0006112009868957102,0.4573015570640564
1026,22654_4c426b0f_10,4.2882515117526054e-05,0.7120257616043091
1027,30368_d7fd30ce_6,2.2385356714949012e-05,0.5212327241897583
1028,57249_6bd2af3c_2,0.00010185065912082791,0.9962427616119385
1029,57029_3ab80a22_0,0.0005159898428246379,0.8976379632949829
1030,79906_052c7eb4_3,0.0007724958704784513,0.8325503468513489
1031,82996_b8dc67c9_10,0.00010137035133084282,0.8601056337356567
1032,119884_192e3265_1,0.0017108956817537546,0.2197045087814331
1033,21225_c081eae3_10,0.0012734719784930348,0.9269891977310181
1034,121949_e10b5e85_1,0.0003043918404728174,0.9229763746261597
1035,81994_ba8916c9_5,7.461183122359216e-05,0.9348050355911255
1036,22447_4062c6cb_29,0.00024765756097622216,0.9958222508430481
1037,55044_ee57bac8_1,9.505842899670824e-05,0.63883376121521
1038,41871_f9a1ad02_13,0.0020528519526124,0.9884703755378723
1039,74688_a5168a45_2,1.6529376807739027e-05,-2.551565408706665
1040,23218_02d26ab4_4,5.3395571740111336e-05,0.8771879076957703
1041,41205_dc60aa5d_0,0.00034027828951366246,0.9154053926467896
1042,41979_ca698776_0,0.0003829177003353834,0.921467125415802
1043,141453_50ec6f25_7,0.00032029402791522443,0.9909270405769348
1044,97143_5424c420_0,0.00026353716384619474,0.9323661923408508
1045,41986_26275a06_2,0.0006173942820169032,0.9418005347251892
1046,136800_c5e4d711_2,0.00017602478328626603,0.7593998908996582
1047,101635_11b839a3_5,3.8349360693246126e-05,0.6858183145523071
1048,55866_b041060d_0,0.0003413438971620053,0.9791077375411987
1049,53846_89405f98_0,0.0009968456579372287,0.7963334321975708
1050,27725_5cceaeb7_1,0.0014834040775895119,0.8661544322967529
1051,146137_92faaea5_9,0.0006228809943422675,0.9500920176506042
1052,41211_11f6b8a0_4,0.00012778121163137257,0.9473746418952942
1053,21330_f0cee934_46,0.00017584755551069975,0.9964842796325684
1054,127188_5fecd146_4,5.267882443149574e-05,0.9276142120361328
1055,135949_06517574_8,1.767957473930437e-05,0.8167166113853455
1056,68928_0d4e4a2e_24,0.001399716828018427,0.9119858145713806
1057,50410_f8f03667_38,6.517293059005169e-06,0.5513173937797546
1058,142999_171240b6_21,8.169115608325228e-05,0.9395988583564758
1059,144709_642fc665_0,0.000433603796409443,0.9573884606361389
1060,53232_f8760054_10,0.00013213518832344562,-0.2646448612213135
1061,22372_e91792a1_0,3.2504802220501006e-05,0.5831249952316284
1062,21767_53eaa558_12,0.005747384391725063,0.9257298707962036
1063,32220_1fd19c5e_0,7.421650661854073e-05,0.9237518906593323
1064,22886_a6331748_1,0.00080224679550156,0.9263451099395752
1065,130996_b842b511_12,0.00017396578914485872,0.983965277671814
1066,55571_74a416b1_1,0.00012109247472835705,-0.027185797691345215
1067,70169_914780d4_1,0.00069776875898242,0.7342902421951294
1068,23156_7788f78a_6,0.0017045339336618781,0.9876663088798523
1069,124496_20e20439_10,5.273281203699298e-05,0.8841002583503723
1070,76300_7cb02add_1,0.00045296389725990593,0.9329277276992798
1071,21647_6b6cca6f_10,0.0007700280984863639,0.5797128677368164
1072,22734_f6bad9f7_23,0.001224315376020968,0.948996901512146
1073,94176_0a6c42ab_2,5.355486791813746e-06,0.01715385913848877
1074,24048_d731886d_9,0.0005725555820390582,0.9368906021118164
1075,25487_dd2c17e8_30,0.000984721234999597,0.5548710227012634
1076,115717_40314bc2_4,2.135661998181604e-05,0.9305316805839539
1077,125592_875faf40_0,0.0019101954530924559,0.9113351106643677
1078,41871_f9a1ad02_44,0.001508920919150114,0.8933978080749512
1079,146642_883a71d2_8,0.000117130832222756,0.9714220762252808
1080,136883_076fbff9_31,7.526337140006945e-05,0.7510449886322021
1081,60766_fb8715eb_3,0.0006591466371901333,0.95179682970047
1082,30818_33617072_0,0.008283847942948341,0.580588698387146
1083,130679_7a357a9c_18,0.001914465450681746,0.8873852491378784
1084,55306_795d845b_0,2.619810402393341e-05,0.9438384771347046
1085,135934_d2f6bb2e_33,8.521357813151553e-05,0.8863924145698547
1086,111054_e45a0d40_7,0.003591428976505995,0.9652590155601501
1087,36826_d9269c2e_10,0.0007369444356299937,0.9499434232711792
1088,37619_ae810a8d_7,9.469024917052593e-06,-3.324667453765869
1089,22343_34184fd5_22,0.00017595439567230642,0.455413818359375
1090,113020_de552f8d_0,0.00016985603724606335,0.8937833309173584
1091,20216_89b90993_0,0.0039178128354251385,0.7389949560165405
1092,23325_292b3294_16,0.004125717096030712,0.6075015068054199
1093,23522_5c2ec58e_9,0.000998997245915234,0.9241489171981812
1094,146624_359752bb_20,6.13728070675279e-06,-2.093925714492798
1095,104990_11b4aeee_1,0.00025624624686315656,0.9941427111625671
1096,90917_4670b560_0,0.0022625490091741085,0.9560268521308899
1097,54818_59adf8c2_5,0.0004966337000951171,0.5705015659332275
1098,34109_5a868eae_3,0.0002116620889864862,0.654676079750061
1099,23161_e7f63a9f_2,0.0005198698490858078,0.952960193157196
1100,37160_2a95674a_27,0.0010767033090814948,0.6238234639167786
1101,61280_8bdbc90f_0,0.0011372602311894298,0.9591556191444397
1102,55083_dac1f9cc_2,0.0007406523800455034,0.9383408427238464
1103,34341_d19b12fb_14,1.906983379740268e-05,0.8103300929069519
1104,54516_ac9e2ef4_61,0.0016794573748484254,0.7211304903030396
1105,24559_3c306e71_2,0.00012016377877444029,0.7553886771202087
1106,105831_88a0fb85_1,0.0006169152911752462,0.9765610694885254
1107,32743_f4c47bbc_19,0.0012388136237859726,0.7698110342025757
1108,40500_6055e3d7_18,0.0006337486556731164,0.9695784449577332
1109,22862_f5406bb0_0,0.0005130612989887595,0.9917464256286621
1110,141081_ae61ec46_0,0.0003711259050760418,0.9946274757385254
1111,135112_cf8007b8_4,0.0015058983117341995,0.9771552085876465
1112,131442_1512d9ff_5,3.993841164628975e-05,0.9154813289642334
1113,145132_7aea3b66_1,0.0016398513689637184,0.9937933087348938
1114,41871_f9a1ad02_45,0.0006525277276523411,0.8742281794548035
1115,51775_49ef614a_1,0.0005854618502780795,0.8341125249862671
1116,143293_fc5b0ff7_23,0.00014374441525433213,0.7373855113983154
1117,51547_a7e01c38_6,3.3285839890595526e-05,0.9523093700408936
1118,114021_44c3c39c_2,2.7904598027816974e-05,0.9304325580596924
1119,123766_c5a4cf5e_0,0.00012935894483234733,0.1752382516860962
1120,23031_0d684603_8,0.00016401897300966084,0.9293035864830017
1121,132996_c742ef84_4,0.0010401292238384485,0.8556634783744812
1122,137096_5d77f285_1,0.0005757590406574309,0.9312790036201477
1123,27072_b4756e8c_2,0.0008867605938576162,0.7994424104690552
1124,51915_e704f5dd_2,0.003167053684592247,0.5047367811203003
1125,132811_57264a28_13,0.00024848367320373654,0.995816707611084
1126,49396_98ab955d_13,0.001401870627887547,0.8437126874923706
1127,132081_761d26ad_0,0.0001907072146423161,0.9948951005935669
1128,82906_7b72e0e8_2,0.000824294111225754,0.9770353436470032
1129,92649_26fe8262_0,0.00048795543261803687,0.7748740315437317
1130,21803_8a36dcda_11,0.0009835450910031796,0.9735456705093384
1131,30637_f6324fc6_5,0.00010327760537620634,0.3164438009262085
1132,105560_a6f91315_12,7.296661351574585e-06,-0.021977901458740234
1133,41737_d80c34b9_0,0.0019077456090599298,0.8860213756561279
1134,34983_439766af_12,0.00015137033187784255,0.9851095080375671
1135,122755_60c41889_10,4.58663962490391e-05,0.2649686336517334
1136,76879_65a30a82_2,0.0028736437670886517,0.974295437335968
1137,89816_cef36e57_4,0.0005681294715031981,0.9906309843063354
1138,49406_100c707b_3,0.0003041026066057384,0.9649355411529541
1139,105560_a6f91315_10,1.1868301953654736e-05,0.7437368035316467
1140,129421_483d2957_5,2.961586505989544e-05,0.8752180337905884
1141,122740_fc5c94eb_33,0.0004837374435737729,0.9851888418197632
1142,135595_656de97a_5,0.00014227331848815084,0.9480377435684204
1143,35740_5322d674_5,4.4829148464486934e-06,-0.5558727979660034
1144,23681_932e722e_18,0.00021469000785145909,0.9959362745285034
1145,108244_329b1876_17,5.378421974455705e-06,-0.24967706203460693
1146,125745_cf468448_6,0.0007964022224768996,0.8127382397651672
1147,138838_c9a9e790_6,0.00030852429335936904,0.9400277137756348
1148,102416_b74464a2_4,5.808276000607293e-06,-1.3038842678070068
1149,30426_2cde26de_21,3.057095818803646e-05,0.9091309309005737
1150,137837_9c9f163d_5,8.45686299726367e-05,0.9109501242637634
1151,25487_dd2c17e8_15,0.0019007677910849452,0.7522402405738831
1152,21549_18160a0a_4,4.294232894608285e-06,0.39383143186569214
1153,21385_601444ba_0,0.0014860120136290789,0.9075564742088318
1154,35233_add576ba_9,0.0029700719751417637,0.8060184121131897
1155,55345_c6423351_0,0.0002462566189933568,0.9601329565048218
1156,110697_4b2725f1_0,0.00027336186030879617,0.9936320781707764
1157,109946_242843a6_1,3.440915679675527e-05,0.1888691782951355
1158,34341_d19b12fb_22,4.317354068916757e-06,0.5091517567634583
1159,23247_bcd1e84f_21,0.0002265902585349977,0.9524226784706116
1160,131765_29b29f08_6,1.0264191587339155e-05,0.7777268886566162
1161,21395_7d6fda6f_12,0.00027646604576148093,0.7580346465110779
1162,135460_6471e973_15,0.00034773489460349083,0.8857740759849548
1163,51741_49d61151_7,0.0006450048531405628,0.976693868637085
1164,28382_90b7cc0c_12,9.873563249129802e-05,0.9641854763031006
1165,30850_05d88af9_2,0.0015246500261127949,0.9371053576469421
1166,86278_1e55d036_12,9.521083120489493e-05,0.2913283705711365
1167,67240_525e92c1_1,0.00044981102109886706,0.6390653848648071
1168,82002_ef2b4feb_6,0.0003270483866799623,0.9937159419059753
1169,53364_ec8aad42_1,0.003730748314410448,0.8396973013877869
1170,135771_b030a25c_17,0.00036857087980024517,0.5736448764801025
1171,135906_29d7b495_1,2.4500637664459646e-05,0.9561966061592102
1172,21822_7d3db422_38,0.00015822140267118812,0.8394783139228821
1173,81136_5b86c723_1,2.428913830954116e-05,0.8216283321380615
1174,25473_0991d519_2,0.0032102488912642,0.9444605112075806
1175,73405_94381b7c_5,0.001685543218627572,0.7166785001754761
1176,24009_c40b0d48_2,0.00013769420911557972,0.9957714676856995
1177,22162_439af02a_1,0.00014932267367839813,0.9970638751983643
1178,146159_f3f80701_0,0.0024874613154679537,0.33676284551620483
1179,51895_5760b481_15,0.0023054941557347775,0.9754619598388672
1180,33500_e58e287e_1,0.0017713062698021531,0.9175482988357544
1181,31838_2e4bd173_0,0.001356126507744193,0.09350317716598511
1182,146137_92faaea5_18,5.3308660426409915e-05,0.5333709716796875
1183,124879_2257a334_2,6.27566478215158e-05,0.3112218379974365
1184,144145_510eedc2_7,0.00030242491629906,0.9943953156471252
1185,21237_7887a24b_78,0.0007741211447864771,0.9326804876327515
1186,82297_93739ce0_6,0.0003451735246926546,0.8865326642990112
1187,51536_a18dc325_31,0.0002848385483957827,-0.38063597679138184
1188,93103_fdb9fcb7_7,0.0003278352087363601,0.9576830863952637
1189,24590_415f7013_9,0.00026331457775086164,0.9512127041816711
1190,130659_16f2db4c_0,0.00019068882102146745,0.9369166493415833
1191,23083_fdb942ac_2,0.00035730356466956437,0.9850917458534241
1192,23954_a8c09819_2,0.00015319093654397875,0.9970292448997498
1193,30417_0010bc7c_13,0.0003688995202537626,0.9671965837478638
1194,120535_e304dfca_1,0.0005335427704267204,0.9608646631240845
1195,93199_2146e709_9,0.0006708718137815595,0.8459508419036865
1196,23686_cba4f679_15,0.0005797790945507586,0.9870049953460693
1197,40807_58058731_20,0.0010933345183730125,0.9889956116676331
1198,94410_d32e7520_35,0.0010209950851276517,0.9745787978172302
1199,79695_fd8bae0e_0,0.0008995641837827861,0.7712562680244446
1200,129422_621d0a90_35,0.0008675479330122471,0.5925451517105103
1201,44932_16cb7f21_5,0.004403211176395416,0.8752896785736084
1202,136550_8a8672e5_1,0.00011941790580749512,0.9664760828018188
1203,20495_e8e7e80c_3,0.0002661709440872073,0.9952394366264343
1204,31962_e5291336_50,0.0002798656059894711,0.7330260276794434
1205,24888_5be1de05_1,1.1188380995008629e-05,0.7872062921524048
1206,34114_7e58a97d_10,0.0012025508331134915,0.9537677764892578
1207,108433_37a79370_0,0.0009450028301216662,0.9164965748786926
1208,22844_9b75b8e0_1,0.00024148679221980274,0.9899827241897583
1209,115637_b4d41e8a_0,0.00035612512147054076,0.9655248522758484
1210,53474_f29e4438_15,0.002778179245069623,0.9209690093994141
1211,26766_1aaa348c_0,0.0005357560585252941,0.9239489436149597
1212,51940_67bb0219_7,0.0005754192243330181,0.905967652797699
1213,41714_1d49f4d1_13,4.2288087570341304e-05,0.8332386016845703
1214,21815_7090778f_9,0.0019189203158020973,0.8425230383872986
1215,32843_8e5bdf24_0,0.0021650076378136873,0.9040744304656982
1216,23686_cba4f679_10,0.000898074998985976,0.8880881667137146
1217,114425_891ab08d_0,0.003972230479121208,0.5047104358673096
1218,41786_02d48cdd_5,0.0010248365579172969,0.8414140343666077
1219,22895_4533b542_1,0.00045228860108181834,0.9740777611732483
1220,49016_cd1b47bf_6,0.002898023696616292,0.9081968665122986
1221,51674_a70c1c6c_3,3.2104813726618886e-05,0.9486600756645203
1222,52972_6e5a5ada_11,0.0010747495107352734,0.9543812870979309
1223,120700_d818883a_8,4.632711716112681e-05,0.9372747540473938
1224,34530_9525ffcd_0,0.0009317214135080576,0.9824787378311157
1225,24355_99bf3f8f_1,0.0004399619938340038,0.14798569679260254
1226,56250_3b6024e3_46,0.002233280334621668,0.9605133533477783
1227,56355_727ca47c_3,0.0016738508129492402,0.5958213806152344
1228,35057_9af89947_1,0.0015088621294125915,0.7631063461303711
1229,120881_a946667f_13,7.007800741121173e-05,0.9034562706947327
1230,143021_c6df0146_5,2.8109774575568736e-05,0.8434723615646362
1231,69240_dc199112_3,0.0003919991431757808,0.6432256102561951
1232,41733_1ec9b00c_15,0.0007126322016119957,0.8515958189964294
1233,30298_24191733_2,1.5021591934782919e-05,0.8961161375045776
1234,30400_8824ce97_18,0.0002768900303635746,0.9421835541725159
1235,37040_ecbcd25e_36,0.00035893451422452927,0.903193473815918
1236,23035_6087bb57_4,7.590064342366531e-05,0.8864136338233948
1237,38675_6e07d74b_26,0.0015868813497945666,0.9780430197715759
1238,31751_e37382e1_9,0.0003180383937433362,0.9660887718200684
1239,54601_e1da5b93_4,0.00017818453488871455,0.9964551329612732
1240,142999_171240b6_29,0.0005977287073619664,0.9546905159950256
1241,137646_14bca880_0,0.000538396998308599,0.950278639793396
1242,37519_442dc408_1,5.698778113583103e-05,0.9303597211837769
1243,47195_a8cd8bad_6,0.0010352935642004013,0.9341652989387512
1244,22474_b10fea1a_6,0.0008232694817706943,0.9050490260124207
1245,53200_d1e30b87_10,0.0004954244941473007,0.9137915372848511
1246,41472_f9d73638_9,0.00023193455126602203,0.7616063952445984
1247,126397_cc08a23d_1,5.106706885271706e-05,0.9171212911605835
1248,31838_2e4bd173_4,0.00044999903184361756,0.9919776916503906
1249,52006_d21e4570_7,0.0006577675812877715,0.8696137070655823
1250,62109_08c31aa8_0,0.0008323590736836195,0.8516818881034851
1251,49403_458914df_0,0.00014481293328572065,0.9144607186317444
1252,122914_76ff1f5e_2,1.5718856957391836e-05,-0.399020791053772
1253,34913_d23e2a24_2,0.00013844293425790966,0.9380512237548828
1254,104641_2cd02839_15,3.8598878745688125e-05,0.8884580731391907
1255,131632_6144b102_1,0.00037943373899906874,0.9954826235771179
1256,30850_05d88af9_0,0.0004147015861235559,0.9674609303474426
1257,86296_8a6ed4d3_7,0.0001208974645123817,0.6276323795318604
1258,34983_439766af_7,0.0007777321734465659,0.9889201521873474
1259,33374_7491cbf8_2,0.0008927407907322049,0.991362452507019
1260,50694_afd26bd5_10,0.0004874348232988268,0.9947656989097595
1261,50292_e84db1fb_8,3.0294670068542473e-05,0.8966216444969177
1262,81367_622a9e51_2,0.00021701710647903383,0.9455059170722961
1263,78966_584c5305_0,0.000613572308793664,0.6800717115402222
1264,79905_623eae86_1,0.002202422358095646,0.9819641709327698
1265,63055_6b907478_15,0.00030762067763134837,0.9754611253738403
1266,135771_b030a25c_4,0.00018399831606075168,0.768341064453125
1267,41753_9b4f8d8a_0,0.00018413351790513843,0.9963847398757935
1268,80784_f7ec5f70_1,0.0009446684853173792,0.8399314880371094
1269,33607_c6f31fa6_10,0.0005556786782108247,0.9319481253623962
1270,22225_a3ce4d29_42,0.0012561975745484233,0.86500483751297
1271,51938_8b9cba89_5,0.0016520078061148524,0.9653791189193726
1272,44741_f386a08f_4,0.0014062407426536083,0.9582626223564148
1273,70021_e673ae54_4,0.00026306137442588806,0.995730459690094
1274,55135_f1186d58_7,0.0005836085765622556,0.9476911425590515
1275,31856_2a5a4e32_12,0.002594355260953307,0.8560845851898193
1276,75303_045fc848_4,0.0005562182632274926,0.9145366549491882
1277,129683_3ad38815_10,0.0015973870176821947,0.9813203811645508
1278,21894_93f0d052_24,0.0009911408415064216,0.919843316078186
1279,143823_1b04bf80_13,0.0008717089076526463,0.9370973706245422
1280,143823_1b04bf80_18,0.00017252964607905596,0.8330768346786499
1281,111863_c925f4f3_2,0.00010047016985481605,0.9041315317153931
1282,104633_d0a15bd3_6,0.0010796290589496493,0.9094692468643188
1283,48832_22363e53_33,0.00046003572060726583,0.9875739812850952
1284,127466_a18ae326_1,0.0015281768282875419,0.4242629408836365
1285,22211_b1ee53f0_12,0.00071457598824054,0.9701393842697144
1286,137837_9c9f163d_6,0.00016730201605241746,0.954435408115387
1287,122755_b830e22d_17,1.2625548151845578e-05,0.8585987091064453
1288,21299_e9cd80a6_12,0.00020230333029758185,0.728710412979126
1289,44920_70dd4b80_11,0.0005142436712048948,0.97673499584198
1290,52987_387431ac_7,0.0003033924731425941,0.9907593727111816
1291,147926_b78316a8_10,0.0004672725626733154,0.5906147956848145
1292,144653_e3eccdf1_50,0.00010810759704327211,0.9279729127883911
1293,56458_c027ed41_0,0.0004366966604720801,0.9457921385765076
1294,23495_6366269c_11,0.000153577551827766,0.9969457983970642
1295,70883_e2d6a103_2,0.0007688805926591158,0.98857581615448
1296,32743_f4c47bbc_34,0.0005626775091513991,0.6720504760742188
1297,30910_38ea5a06_2,0.00018566254584584385,0.9685117602348328
1298,56476_466fc284_17,0.0007678713882341981,0.9841172695159912
1299,22604_0b4ffb43_62,0.00035716459387913346,0.9850977063179016
1300,21534_6367be99_0,0.0006439334247261286,0.7970091104507446
1301,133026_1085532d_1,0.00022364883625414222,0.9431614279747009
1302,137828_0b0786fb_1,0.0006763437995687127,0.9869976043701172
1303,55627_971fde61_27,0.0003267260908614844,0.9587547779083252
1304,93869_8b1922a3_0,0.0005426752613857388,0.9562346935272217
1305,24393_9acd18c6_3,0.0002790730504784733,0.9947924613952637
1306,44996_b3e9c266_14,3.0175189749570563e-05,0.8819096088409424
1307,55300_b9675d43_1,0.00014887152065057307,0.9970769882202148
1308,113352_879844fe_0,0.000820463290438056,0.9665899872779846
1309,135317_3c58b0d0_9,0.0002220126916654408,0.7948616147041321
1310,115624_fe3eb392_1,0.0029807849787175655,0.8603995442390442
1311,63055_6b907478_21,0.00027642291388474405,0.9899193048477173
1312,40421_032c052f_0,0.00044528566650114954,0.9323165416717529
1313,143029_70554264_3,6.658649363089353e-05,0.8859296441078186
1314,145117_78f63de3_0,0.0005563120939768851,0.8569222688674927
1315,128996_35f2006e_0,0.00010299248970113695,0.48496896028518677
1316,54503_fc6c6963_1,0.00036201183684170246,0.9542779326438904
1317,24657_0168dc6b_1,0.0008836984052322805,0.978369951248169
1318,130524_13ad16a8_0,0.002138135489076376,0.9894272685050964
1319,142670_33c641dc_3,8.646837522974238e-05,0.9671494960784912
1320,65375_674ff0b9_11,0.0014383797533810139,-0.3095444440841675
1321,23168_7fdf5427_3,6.998814569669776e-06,-2.1970579624176025
1322,41717_ab2075ac_0,0.00014486662985291332,0.9946810603141785
1323,21739_57582b8f_4,0.0005494257202371955,0.9677658677101135
1324,143293_fc5b0ff7_30,0.00033808022271841764,0.9907803535461426
1325,135906_587b5c3d_0,0.0002195292036049068,0.8674384355545044
1326,138685_fd9b79cd_0,0.00015167395758908242,0.878718912601471
1327,119921_5621fcb4_0,0.00016585543926339597,0.9719991683959961
1328,49403_458914df_5,0.0003839819401036948,0.9562383890151978
1329,73525_7f6b2f67_2,2.7633805075311102e-05,0.9557404518127441
1330,136994_a3a2f50f_3,0.0008263569907285273,0.9069234728813171
1331,31838_2e4bd173_1,0.005016452167183161,0.8914240002632141
1332,35866_d0233b36_6,0.00024495564866811037,0.9958240389823914
1333,53053_d6b4d71c_9,0.0012291786260902882,0.9680870771408081
1334,90220_7baf1e18_1,0.00019037051242776215,0.743014931678772
1335,23364_73dd9d4d_10,5.34730643266812e-05,0.9231474995613098
1336,52987_387431ac_3,0.0003757453232537955,0.9690538644790649
1337,51859_6b2fd0f1_4,0.00023755966685712337,0.8679317235946655
1338,51708_867d4509_12,0.00011691293184412643,-0.01272737979888916
1339,93199_2146e709_3,0.0002483412972651422,0.9947346448898315
