case_num,case_name,MSE,R-Square
0,50417_199cffee_13,0.02571715973317623,0.7996771335601807
1,48516_2b3135bf_11,0.004402486141771078,0.8511527180671692
2,41733_1ec9b00c_31,0.00637506227940321,0.3816169500350952
3,31664_1e85c690_0,0.003765322035178542,0.79756098985672
4,21893_0500d043_18,0.0017420133808627725,0.9645829200744629
5,31607_9a2f8140_6,0.004154583904892206,0.8605499267578125
6,41774_88a7a483_18,0.004448037128895521,-0.08578860759735107
7,42143_51b31600_4,0.0009616772294975817,-0.9431557655334473
8,23104_3b70eba4_13,0.000958956137765199,-0.5775308609008789
9,129075_8fbf62e5_2,0.0002965978637803346,0.21730577945709229
10,41624_a15f83c1_13,0.0007167906151153147,0.6480230093002319
11,36088_1ea9c8a9_12,0.0024213034193962812,0.9435134530067444
12,126477_6596d136_14,0.0003654488828033209,0.6687494516372681
13,130441_10c43121_0,0.12770423293113708,0.34943801164627075
14,133385_e6aa64d8_21,0.000819943321403116,0.46206480264663696
15,26398_b99946da_1,0.013204570859670639,0.8263369202613831
16,61198_0c99f50a_4,0.00020628386118914932,-11.995198249816895
17,26661_ab88a525_0,0.00036495315725915134,0.5781995058059692
18,129075_8fbf62e5_1,0.0003983857750426978,0.6237797737121582
19,51891_9455ea02_1,0.006273679900914431,0.9004480838775635
20,34770_6bba5bd4_13,0.0022303771693259478,0.9562085866928101
21,21646_a2dd0d00_53,0.0043223826214671135,0.6407142877578735
22,68909_4ae1bc2e_1,0.0007107267156243324,0.3320794105529785
23,27866_ece3076e_109,0.0006794186192564666,0.8928647637367249
24,92134_52f13f49_6,0.0007831933326087892,0.5486385822296143
25,23342_7193a931_1,0.0006020962609909475,0.16433143615722656
26,126572_a2d6f794_14,0.0002820436202455312,-27.353944778442383
27,44344_3e0b0b0c_1,0.00016273844812531024,-21.53882598876953
28,49331_3bf3bb84_4,0.0025219551753252745,0.953835666179657
29,33971_46bb0373_0,0.0016858290182426572,0.7846572995185852
30,21517_bfe35b4c_1,0.0009654214954935014,-0.40025830268859863
31,23165_369d62aa_6,0.0033010628540068865,0.96018385887146
32,81846_2907c980_0,0.005206287372857332,0.7688949108123779
33,24168_a0ede173_111,0.004246382042765617,0.5805849432945251
34,53461_a5942665_1,0.0016752512892708182,0.9378669857978821
35,24907_c72322ea_13,0.0013432081323117018,0.4931606650352478
36,133424_315bcaeb_7,0.0005992533406242728,0.22454172372817993
37,40490_916e13fe_0,0.0033846418373286724,0.8945764303207397
38,38000_b5822e44_3,0.007925658486783504,0.8798781037330627
39,138520_f4e0bc0b_63,0.0003054631524719298,0.7085739374160767
40,61294_9255796d_3,0.0010246363235637546,-0.917237401008606
41,22176_272891b8_0,0.0015121104661375284,0.23297524452209473
42,24815_4f2a57e4_1,0.003080673050135374,0.9095399379730225
43,113343_e692c488_1,0.0008974210941232741,-0.35427939891815186
44,33995_18423507_1,0.00028208683943375945,0.6200032234191895
45,127897_029949fd_6,0.002198538277298212,0.9560381174087524
46,123181_4e56fb4f_0,0.002609902061522007,0.9621903300285339
47,22670_9353c710_1,0.0003748571325559169,-1.2845003604888916
48,128642_4d72bf31_2,0.003281970974057913,-0.7778550386428833
49,146667_fe438b5b_6,0.00888140220195055,0.45762521028518677
50,38260_2a31c6df_2,0.0014511093031615019,0.7954912185668945
51,24443_996411f9_3,0.001806185464374721,0.9590122103691101
52,142074_34e02b6d_1,0.00040891426033340394,0.8775359392166138
53,41501_b627682a_15,0.0025698833633214235,0.7754257917404175
54,24712_da77fe8f_0,0.002040296792984009,0.9618265628814697
55,32960_0eaa1de8_26,0.0029414736200124025,0.9455177187919617
56,130757_b2c47f8d_2,0.00021232063591014594,-5.3455610275268555
57,104817_6d73dc41_0,0.005104525946080685,0.4281046986579895
58,79243_49539d9f_0,0.0022697532549500465,0.9511010050773621
59,82012_c533307b_1,0.0005738974432460964,0.46539419889450073
60,107649_e651c5ca_1,0.00025892205303534865,-0.8055869340896606
61,40997_e3c88650_12,0.0041437456384301186,0.8937113881111145
62,143029_70554264_4,0.0010722322622314095,0.8534286022186279
63,27054_342fcf5c_3,0.0006445181206800044,0.3273148536682129
64,41648_577daf16_17,0.0017797533655539155,0.3262747526168823
65,89720_4e65191c_1,0.00228500715456903,0.9446452856063843
66,75382_1b589ea9_12,0.0006266727577894926,-0.7914135456085205
67,120371_433ba1ca_2,0.001235214527696371,0.8922744393348694
68,49024_b7f02205_13,0.002293808152899146,0.8986855745315552
69,51022_47816098_7,0.008835638873279095,0.909271240234375
70,41634_4f5d0edb_0,0.0009584088693372905,-0.9164453744888306
71,23170_6ea8ded5_3,0.0025110263377428055,0.9579777717590332
72,69589_cd2fa794_8,0.0049373372457921505,0.6771657466888428
73,41504_85e300ee_0,0.00228254240937531,0.6883425712585449
74,128996_42176b10_0,0.0034485580399632454,0.7208802103996277
75,38920_e81879c2_7,0.00015497033018618822,-185.38604736328125
76,148051_c59af578_6,0.0005574547103606164,0.9848177433013916
77,65494_16d62db5_0,0.00066611438523978,0.10740417242050171
78,25473_0991d519_0,0.002523403614759445,0.9407161474227905
79,75270_25a261ef_5,0.0010438411263749003,0.8958460092544556
80,49613_1b97c07b_12,0.0002277255116496235,-1.4186394214630127
81,115633_a2c63339_1,0.0006898007704876363,0.7959706783294678
82,52366_63042db4_1,0.0022079579066485167,0.9497475624084473
83,30282_88c6933c_5,0.001972096972167492,0.7640723586082458
84,53474_f29e4438_12,0.00347620970569551,0.8861938714981079
85,24026_1dd4094b_21,0.001209753449074924,0.8620035648345947
86,21225_c081eae3_2,0.0017517555970698595,0.7684541940689087
87,35057_9af89947_8,0.00037935140426270664,0.6952723264694214
88,43529_4804941b_20,0.004500230308622122,0.8628547191619873
89,22103_fd11c71b_3,0.0009066564380191267,0.8867862224578857
90,51536_a18dc325_0,0.0021935496479272842,0.8835840225219727
91,24230_636208ab_13,0.001386274816468358,0.14871567487716675
92,41117_1b3271f2_56,0.006648652255535126,0.8973342776298523
93,140499_419d5823_0,0.0007769206422381103,0.932840883731842
94,115524_a949e82c_2,0.0003611118590924889,-0.40667974948883057
95,29833_0ed4880f_3,0.00302425236441195,0.9455864429473877
96,127556_4823a42a_6,0.002186571480706334,0.6327046751976013
97,23960_48cc0f21_19,0.00020346013479866087,-1.8530848026275635
98,132987_ba18d2eb_11,0.00038153171772137284,0.26941752433776855
99,51337_f8636fd9_30,0.0005021006800234318,0.4326930642127991
100,40999_cad6be09_18,0.0028902541380375624,0.9316673874855042
101,136886_99fbdef3_0,0.0003823176957666874,0.3439213037490845
102,30447_4ed3b778_7,0.006622925400733948,0.9755995273590088
103,55811_bc667b2d_13,0.002581352600827813,0.017284512519836426
104,41716_d55164d4_1,0.0006703613908030093,0.7653927803039551
105,33610_aa697fc9_6,0.0012572458945214748,0.9071994423866272
106,55095_fa260d33_6,0.005654879845678806,0.850941002368927
107,115639_bc0cc622_0,0.006488340441137552,0.5249447226524353
108,20841_1620ae7d_0,0.0016839347081258893,0.768166184425354
109,50823_d1830e58_2,0.0012214932357892394,0.7581979036331177
110,109762_cb162371_48,0.0012025177711620927,0.5774322748184204
111,41387_5f752e39_23,0.00210079294629395,0.9223089814186096
112,121540_629c716f_0,0.0029764447826892138,0.874001145362854
113,118539_1dff9cf9_12,0.00016317663539666682,-10.93397045135498
114,30714_dafa62f6_2,0.023525888100266457,0.6922097206115723
115,79633_bbbde75f_0,0.002822047332301736,0.9311740398406982
116,33059_531cfd5e_11,0.0008170339278876781,0.8662867546081543
117,20697_d3e106b4_4,0.00017318539903499186,-0.4545029401779175
118,136062_0027ff97_6,0.005106339231133461,0.5288936495780945
119,146291_6b0c8db3_1,0.03403955325484276,0.207811176776886
120,45466_5f662bcb_0,0.0009666620753705502,-0.9903469085693359
121,144500_7f600ab6_0,0.0016847852384671569,0.8442031741142273
122,44996_b3e9c266_4,0.000982922618277371,0.7923891544342041
123,40713_4c9264ef_0,0.0020690166857093573,0.7239447832107544
124,132384_0fcab1fa_13,0.001170016941614449,-0.2586768865585327
125,33738_77d49563_2,0.0008154659299179912,0.05212867259979248
126,129422_621d0a90_33,0.0007216368103399873,0.6603660583496094
127,115633_fd3c9b97_32,0.0003916744899470359,-0.6049579381942749
128,69337_a122ffde_1,0.0031779382843524218,0.67519211769104
129,37241_29f91452_0,0.0022041788324713707,0.9490099549293518
130,141199_9ae000ef_6,0.004544126335531473,-2.8410825729370117
131,147133_92c04b84_4,0.0017300336621701717,-0.5215860605239868
132,77687_cbb18594_50,0.001718820072710514,-0.18640589714050293
133,144290_2a679085_11,0.0005111774662509561,-0.5054918527603149
134,130825_c59bbbfb_0,0.002913223346695304,0.9254483580589294
135,82512_252da752_6,0.00015805273142177612,-243.52455139160156
136,115624_d0acb46b_24,0.0038888349663466215,0.9578055143356323
137,92134_52f13f49_7,0.0006182147772051394,0.6121315360069275
138,100326_0602c712_7,0.00026695270207710564,0.5791975259780884
139,134630_f9e85072_0,0.0014790231361985207,0.6595175862312317
140,108943_b07b2543_1,0.0036263999063521624,0.4019973874092102
141,125416_ab456bc3_5,0.0013981114607304335,0.8812981247901917
142,57222_33b428d7_69,0.001840463257394731,-0.840741753578186
143,24650_dad8c8ee_13,0.0033409001771360636,0.9408014416694641
144,41749_14d0599c_1,0.011502924375236034,-0.711129903793335
145,49396_98ab955d_27,0.0005667133955284953,0.6300100088119507
146,136892_e2a0b32c_4,0.0002495757071301341,-5.417513847351074
147,31962_e5291336_28,0.002423285972326994,0.9471133947372437
148,34231_e27353cb_0,0.0005926021258346736,0.376933217048645
149,112724_d334de09_0,0.012011183425784111,0.8133156299591064
150,56486_82b3e23a_21,0.00023901386884972453,-1.7793619632720947
151,40500_6055e3d7_17,0.0001756982965162024,-4.910617828369141
152,39468_15fb2e60_43,0.0005259579629637301,0.14179092645645142
153,141710_17531562_7,0.002680140780285001,0.924252986907959
154,33529_756075a0_12,0.001588713494129479,0.6887701749801636
155,54169_3a875f10_8,0.0029121926054358482,0.9231880307197571
156,41023_5445cb61_9,0.00039954399107955396,0.6486116051673889
157,146380_5c569eeb_2,0.002510027727112174,-0.34907233715057373
158,24195_9791f5d3_38,0.000201318776817061,-2.96991229057312
159,26573_7f7e176d_2,0.054923057556152344,0.5128502249717712
160,22734_f6bad9f7_25,0.009448163211345673,0.8477687239646912
161,48112_9538e204_0,0.0021239116322249174,0.9578402042388916
162,127545_6fa39158_10,0.0025290511548519135,0.9803334474563599
163,23788_5c0b60c6_0,0.0009812582284212112,0.4847530722618103
164,23792_5b4c1ce0_21,0.0029462205711752176,0.9070348739624023
165,146067_46e58ab3_1,0.022216275334358215,0.8590489625930786
166,101072_dec6f415_3,0.0012079821899533272,0.44627082347869873
167,22829_b6649a29_0,0.00016124187095556408,-1.6735658645629883
168,55389_a736bd99_0,0.003325644414871931,-0.7665653228759766
169,30259_d709601c_9,0.015288496389985085,0.5644651651382446
170,35866_d0233b36_13,0.00032785345683805645,-2.4813263416290283
171,34563_52848c45_5,0.0008000005618669093,0.6761809587478638
172,44519_90af0df6_7,0.00458384957164526,-0.33716440200805664
173,114111_59282658_8,0.0006632089498452842,0.7730616927146912
174,45922_26941172_15,0.034350790083408356,0.4249753952026367
175,41303_bd1def52_3,0.001410296536050737,0.6434024572372437
176,22053_de30641b_1,0.0003085401258431375,-3.723112106323242
177,22298_51433023_4,0.0032061936799436808,0.9301442503929138
178,23479_81a49137_0,0.008076793514192104,-1.9341063499450684
179,22225_a3ce4d29_37,0.009481468237936497,0.868728756904602
180,135669_490cd2d7_14,0.009796660393476486,0.4745383858680725
181,32173_8b075b1a_4,0.003997839521616697,0.935244619846344
182,145119_24107428_5,0.0020711037795990705,0.8429001569747925
183,41774_88a7a483_36,0.0006971529801376164,0.641700267791748
184,133549_1b6c58d6_0,0.0028146086260676384,0.9400954842567444
185,40936_6de8f4f4_0,0.04220059514045715,0.7367444038391113
186,23008_3d1bb7b2_0,0.006235089153051376,0.9105387330055237
187,38360_ad61c9b2_1,0.000957285228651017,0.378031849861145
188,136109_3d342d3c_2,0.003320759627968073,0.8664971590042114
189,135790_a27f9deb_11,0.000848323164973408,-0.05199885368347168
190,140249_7c1c5bba_0,0.0005221852334216237,0.36435049772262573
191,128996_a3d026d6_0,0.00158227002248168,0.6757519245147705
192,23235_f9ccb8b0_0,0.0011986129684373736,0.054757773876190186
193,93671_f7290ded_0,0.0008811099105514586,0.4778827428817749
194,51109_97b211c3_7,0.0036666078958660364,0.5518763065338135
195,51916_fa226b15_13,0.0005063447169959545,-0.09407293796539307
196,86268_094d3fab_1,0.0011321614729240537,0.9773615002632141
197,39637_ca6a9a60_1,0.004149303305894136,0.4868517518043518
198,47219_93cb3619_3,0.04317410662770271,0.23955321311950684
199,47878_0edb6829_0,0.0028364514000713825,0.9495552182197571
200,26764_ab35159a_6,0.005129802506417036,0.7952407002449036
201,34341_d19b12fb_12,0.0008776782779023051,0.033516108989715576
202,118342_c702e084_6,0.003716351231560111,0.9151061177253723
203,49886_dd68dccb_4,0.0022496413439512253,0.8296667337417603
204,23493_57512264_5,0.0005362390074878931,-0.6905559301376343
205,31751_e37382e1_5,0.0027971719391644,0.9283515214920044
206,24338_848cab42_6,0.008811659179627895,0.3038445711135864
207,24916_42eacca3_10,0.0014245499623939395,0.23035776615142822
208,137485_a953e1be_2,0.0021238767076283693,0.9575330018997192
209,23706_ef15ef9c_18,0.005422381684184074,0.6403180360794067
210,143671_eaf4d13b_6,0.006865613162517548,0.8952485918998718
211,53470_39f2e9dc_13,0.0008390140137635171,-0.06327688694000244
212,145772_59253c6d_3,0.0006034200196154416,0.14972436428070068
213,51893_d531e2bd_2,0.002482326002791524,0.9459513425827026
214,39389_d641313f_8,0.012087056413292885,0.5388047695159912
215,51595_41f3d1a3_5,0.0005103712901473045,0.5154733657836914
216,51674_a70c1c6c_15,0.00023479334777221084,0.10550582408905029
217,37617_3f415463_5,0.0008036184008233249,0.3904832601547241
218,31862_a89f21f9_3,0.003231855109333992,0.903955340385437
219,40519_55a097c6_11,0.0065496498718857765,0.618119478225708
220,111306_9108c940_0,0.003381023183465004,0.3529725670814514
221,136640_16741d62_4,0.000783668365329504,0.46671074628829956
222,23155_d7305c5f_2,0.020432833582162857,0.5861203074455261
223,43934_912ff891_41,0.0002635113778524101,-0.2561509609222412
224,57017_6033d1e5_0,0.002267256146296859,0.8858559131622314
225,126913_d253adb7_1,0.0008279037429019809,0.668908953666687
226,130752_52d74f2f_48,0.004669131711125374,0.6852514743804932
227,124177_71283cad_0,0.0031861800234764814,0.7543115019798279
228,24650_dad8c8ee_18,0.003446312388405204,0.9119044542312622
229,55199_4d57661f_2,0.009417167864739895,0.4362277388572693
230,115010_eb737aaf_20,0.0023018710780888796,0.9559214115142822
231,27855_19c5895a_12,0.0016084767412394285,0.1563594937324524
232,52772_a6e6e320_0,0.001194298965856433,-0.6027408838272095
233,90917_3d2d21a9_0,0.010874094441533089,0.7512978911399841
234,40703_5f4e45d4_7,0.0012758836383000016,0.974689245223999
235,132622_911efd2f_1,0.011136981658637524,0.8332964777946472
236,43441_e1ab0873_6,0.04648149013519287,0.2662142515182495
237,34917_61633e20_6,0.002599596045911312,0.9436408281326294
238,67221_275ba7e6_4,0.003251892514526844,0.9347698092460632
239,130719_e4764a36_10,0.00023304455680772662,0.49181926250457764
240,136318_130d6a06_20,0.0020557965617626905,0.8124876618385315
241,99636_73c43ebd_10,0.0020276550203561783,0.9452884197235107
242,29377_3a04cb8d_6,0.0007269852794706821,0.8939408659934998
243,23018_63087a41_47,0.0026351960841566324,0.9278683662414551
244,26165_100fec74_4,0.0004039201303385198,-0.270931601524353
245,135934_d2f6bb2e_46,0.0009881658479571342,0.5203077793121338
246,24039_448afafa_5,0.002807065611705184,0.8647145628929138
247,32775_a79b406b_14,0.007178174797445536,0.08537304401397705
248,23686_cba4f679_0,0.003687962656840682,0.6502423286437988
249,35147_bc9f2c5d_0,0.00353527651168406,0.4292965531349182
250,136337_1351909b_2,0.010605421848595142,0.7480946183204651
251,139222_2c10ca9a_1,0.005412553437054157,0.5343745946884155
252,139379_fe5c3f64_0,0.0019052173011004925,0.9297599792480469
253,33084_344fec27_2,0.0019531380385160446,0.9632349014282227
254,24775_d5c98d77_0,0.00020142791618127376,-5.209344387054443
255,56344_3a89f085_23,0.0010147931752726436,0.9059486389160156
256,135112_cf8007b8_5,0.006756613031029701,0.8336329460144043
257,50706_20d07d57_2,0.030867798253893852,0.7042027711868286
258,51744_cd355565_5,0.008526989258825779,0.7446005344390869
259,51464_da501c24_0,0.0034523422364145517,0.3195405602455139
260,126572_a2d6f794_23,0.0002512631472200155,-7.696132659912109
261,70021_e673ae54_2,0.0005959809059277177,0.14128941297531128
262,25144_31b089b6_5,0.0012260930379852653,0.44463998079299927
263,24715_55aac5f2_2,0.0003510708047542721,-28.226608276367188
264,24532_f82f8000_2,0.003646698547527194,-1.9521422386169434
265,30664_a3084f71_1,0.008349636569619179,-2.4908809661865234
266,81145_5c13a8e9_1,0.0010781242744997144,-0.1011962890625
267,132037_2abb8c63_10,0.0003640957875177264,-0.6736799478530884
268,50414_ac159b58_2,0.00226428359746933,0.9177089929580688
269,21601_360ce1c7_7,0.0026641821023076773,0.9515824317932129
270,22119_27e3ecbe_9,0.0019143212120980024,0.9406379461288452
271,145120_74f7316f_0,0.00941456574946642,0.5743535757064819
272,74574_c302ff1f_0,0.0014127911999821663,-0.8555991649627686
273,52443_085efc00_4,0.001434897305443883,0.5311480760574341
274,147546_ede0f31c_3,0.015557875856757164,0.6635651588439941
275,22492_047b125b_21,0.006232064682990313,0.8553576469421387
276,72313_5a86e234_0,0.04015672206878662,0.2329053282737732
277,45589_49e3c7ea_2,0.0006585268420167267,0.9801427721977234
278,83432_a7f85698_0,0.0019257429521530867,0.9567456245422363
279,32775_a79b406b_0,0.0005306524108164012,-4.110232353210449
280,121703_69c4a5ac_3,0.000365104409866035,-0.3228861093521118
281,80901_e9080573_6,0.001756309880875051,0.9314597249031067
282,21809_8bd6b10e_3,0.026204846799373627,0.4232308268547058
283,49396_98ab955d_15,0.0022883203346282244,0.7818105220794678
284,33766_14917a4a_19,0.001697419909760356,0.9622327089309692
285,26661_ab88a525_8,0.0005130015197210014,0.9856187105178833
286,44030_17bd5ec9_0,0.0015843515284359455,-0.9476538896560669
287,53221_74fa81cd_7,0.000693873327691108,0.4002041816711426
288,21887_3306168f_7,0.00585010414943099,0.4170968532562256
289,86185_85fde9e6_0,0.002963009290397167,0.5471624135971069
290,87951_500b1dcd_2,0.0006836814573034644,0.2681165933609009
291,22276_69c5036b_11,0.007279512006789446,0.809540867805481
292,41721_44151488_5,0.00745445815846324,0.3097606301307678
293,102293_5d04e48d_0,0.020762188360095024,0.014919161796569824
294,77687_cbb18594_20,0.0004220208793412894,0.41459888219833374
295,133248_1bab99ae_0,0.005052158609032631,-1.2270982265472412
296,24051_4852a192_2,0.0025836459826678038,0.9113205671310425
297,86806_2993395a_1,0.0011544714216142893,0.019932031631469727
298,38558_b0d6b3f8_1,0.0027641034685075283,0.9432675838470459
299,140549_7d01813c_0,0.019749796018004417,0.3734976053237915
300,24559_3c306e71_1,0.003670515026897192,0.4354410171508789
301,70350_751de4b0_13,0.007956639863550663,-2.241093635559082
302,39101_23fec10f_8,0.003288496984168887,0.6501407027244568
303,24942_9d1b2ff2_8,0.006444466765969992,0.9248853325843811
304,30850_05d88af9_3,0.014699011109769344,0.7555728554725647
305,113358_08641c94_4,0.003935366868972778,0.8777115345001221
306,21234_8b71bd47_27,0.0018858882831409574,0.31772834062576294
307,26245_4aac38e1_21,0.0014117193641141057,-2.2753798961639404
308,66072_d301cc88_0,0.0012150106485933065,0.4745636582374573
309,21894_93f0d052_23,0.0023765654768794775,0.7652599215507507
310,147816_7fb70c2b_2,0.0046464926563203335,0.5126355886459351
311,49120_4131d1e7_1,0.0012173879658803344,0.7562705874443054
312,52224_ca16c854_4,0.005673178471624851,0.18987023830413818
313,105762_19e04e0b_1,0.00028982313233427703,-1.2878994941711426
314,30400_8824ce97_36,0.002239455934613943,0.6774346828460693
315,95199_ffcff41e_0,0.0007847014931030571,0.1960132122039795
316,50417_199cffee_3,0.001130659133195877,0.1200098991394043
317,24544_d06c82dd_5,0.003686839947476983,0.9389858245849609
318,22604_565b91f5_2,0.0030668447725474834,0.8720413446426392
319,22788_b6a9e30a_4,0.0012953802943229675,0.6762925982475281
320,45789_d5126eab_14,0.004001149442046881,0.18266820907592773
321,37267_b2be4b50_3,0.00028207950526848435,-27.383657455444336
322,34330_5eff1ee1_3,0.0027101195883005857,0.6837171912193298
323,137999_d934160e_1,0.0004268118354957551,-2.30161714553833
324,134921_f5efde94_27,0.0010450902627781034,0.039141297340393066
325,53470_39f2e9dc_8,0.00022082026407588273,-1.477311134338379
326,23497_f292546d_25,0.0054174805991351604,0.774840235710144
327,22289_4b848f64_2,0.0011479932582005858,0.8445208668708801
328,31392_84b62622_2,0.004907669499516487,0.5909897685050964
329,51347_1fc6f329_0,0.002427921863272786,0.4545785188674927
330,50777_2934de55_6,0.000915199052542448,0.9673488140106201
331,32841_954e8c1a_0,0.0007041245116852224,0.2735556960105896
332,31530_6744ae73_3,0.002376546850427985,0.965117335319519
333,65827_d1469ad6_1,0.00032084068516269326,-1.4010488986968994
334,145461_30637b22_8,0.00030246126698330045,-11.089641571044922
335,31973_093ea963_13,0.0009320441167801619,0.6371639966964722
336,70355_e5f58cd5_14,0.0006931436946615577,0.9324012398719788
337,77687_cbb18594_40,0.00038511419552378356,-0.7014758586883545
338,24392_fce351ea_0,0.0010081776417791843,0.45951688289642334
339,36853_7efccb8c_3,0.0016303916927427053,0.7774742841720581
340,41644_d15f8e2b_5,0.0003189939889125526,-0.6438521146774292
341,131762_9b5e5ff5_2,0.00325588951818645,0.8033790588378906
342,82193_96ef9433_2,0.004146230407059193,0.9353864789009094
343,31347_386f6298_15,0.00544401491060853,0.8719937801361084
344,34568_fbe47bf9_0,0.00041033164598047733,-0.17459356784820557
345,115624_fe3eb392_3,0.0035837297327816486,0.9179865121841431
346,130446_e7b58dbe_0,0.017583133652806282,0.29059475660324097
347,104641_2cd02839_33,0.0005691004334948957,-0.2432863712310791
348,31460_39fdfc6a_7,0.003427152754738927,0.22859346866607666
349,95541_ced8f936_0,0.002776067005470395,0.9401692152023315
350,23126_725969ea_17,0.0011750917183235288,0.8758456707000732
351,23676_52069f98_5,0.00037942349445074797,-0.42883801460266113
352,137637_ed9c537d_0,0.0009628870175220072,0.7619122266769409
353,22474_b10fea1a_2,0.0023371262941509485,0.9433903098106384
354,143017_21d96cc2_10,0.001464827568270266,0.7888318300247192
355,105270_34f92afd_1,0.0003350425395183265,0.5300772190093994
356,95622_0a0787e4_4,0.004383455496281385,0.9345299005508423
357,55854_13f0399b_0,0.005042106378823519,0.8914783000946045
358,22118_1e09e0eb_5,0.006050486583262682,0.7419524192810059
359,146717_3e6a84c1_7,0.0053013903088867664,0.9205352067947388
360,63132_330141d7_3,0.0031564603559672832,0.3598526120185852
361,115633_fd3c9b97_46,0.00023986451560631394,0.505939245223999
362,21644_aa203dc5_29,0.001029621809720993,0.7472751140594482
363,79791_00f639ca_15,0.0018854419467970729,0.9682568907737732
364,60711_42b5a13e_1,0.0017046957509592175,0.8112168312072754
365,137483_cdb8989d_0,0.0020404858514666557,0.9573971033096313
366,21644_aa203dc5_26,0.0014976577367633581,0.7415183782577515
367,131876_b2384623_0,0.0005754388985224068,0.6284584403038025
368,23706_ef15ef9c_10,0.0019203901756554842,0.7062116861343384
369,68948_0d2a01cd_9,0.005908357910811901,0.8342887759208679
370,145137_4e9eef42_1,0.0018614213913679123,0.6256227493286133
371,30426_2cde26de_20,0.030117573216557503,0.6572881937026978
372,31378_34c52a73_0,0.0006555509171448648,0.8180080056190491
373,92134_52f13f49_4,0.0005313195288181305,0.6414163112640381
374,119634_fc722479_1,0.005486518144607544,0.9245140552520752
375,24032_d6172503_24,0.0016384512418881059,0.31400948762893677
376,136401_69f29349_4,0.00019952513684984297,-2.095834970474243
377,41871_f9a1ad02_26,0.00262506864964962,0.8006758093833923
378,48220_87941c4e_116,0.003647332079708576,0.4602587819099426
379,115012_9ed88535_2,0.0037610987201333046,-0.502223014831543
380,69488_025cf0a2_1,0.019537201151251793,0.8675585389137268
381,147427_69f68da4_3,0.0005169052165001631,-0.43266987800598145
382,33766_14917a4a_32,0.0011769941775128245,0.957660973072052
383,51747_3d58eae0_0,0.0010069991694763303,0.8647874593734741
384,33785_a4c23f61_0,0.027561349794268608,0.896022617816925
385,114935_797875fe_2,0.005913203582167625,0.7848761081695557
386,51775_49ef614a_26,0.0005811234004795551,-0.03322780132293701
387,38196_ea48fa42_3,0.00027244898956269026,-2.187187910079956
388,140413_44177109_21,0.0001971115416381508,-2.607313394546509
389,27676_79237cc5_1,0.003999124746769667,-0.3083009719848633
390,52883_e518d3f4_33,0.002168118953704834,0.9572900533676147
391,34347_841c5375_2,0.0004724282189272344,-8.605507850646973
392,55289_292737cb_0,0.00258980062790215,0.9502803683280945
393,50606_82cb18e2_0,0.0017745380755513906,0.9302575588226318
394,30407_efa567f2_4,0.0014595692045986652,0.9648063778877258
395,31647_ab9ad9dc_13,0.004675134550780058,0.5470799207687378
396,24896_58b4730f_17,0.0011326012900099158,0.7887526750564575
397,23602_5daaccf5_4,0.0056836651638150215,0.6030208468437195
398,27725_5cceaeb7_10,0.002864526817575097,-4.951116561889648
399,127734_395dcf7d_5,0.004466238897293806,0.2737589478492737
400,31957_d864f861_3,0.004503243137151003,0.08231264352798462
401,49415_1671b60c_4,0.0014782577054575086,-0.3822218179702759
402,45110_fae73324_4,0.002149770502001047,0.885275661945343
403,22343_34184fd5_18,0.00039916703826747835,-0.5196514129638672
404,22848_cc91b848_38,0.0004084682441316545,-469.853759765625
405,73652_23b21ef2_1,0.005871964152902365,0.8819230794906616
406,65569_bd890a32_1,0.0012758546508848667,-11.237777709960938
407,48220_87941c4e_111,0.002998179756104946,0.47490763664245605
408,30394_e30f932c_0,0.00296505494043231,0.8303470611572266
409,21941_1a683ec2_26,0.002672095550224185,0.8884180188179016
410,25564_e646fcb3_1,0.0002852171892300248,0.036784827709198
411,134053_87a32e31_3,0.0005258493474684656,-0.43485963344573975
412,87950_af56e26e_2,0.0015996486181393266,0.8829211592674255
413,51458_54240b70_17,0.0008861460373736918,0.021211683750152588
414,40688_effe215a_1,0.003348700003698468,0.917075514793396
415,131494_c8a441d0_0,0.003078918671235442,0.4004426598548889
416,26768_c4df841f_21,0.0006786019075661898,0.2050952911376953
417,136892_2d5f55a9_0,0.006248603109270334,-0.37024712562561035
418,54652_d60ac3e0_10,0.010426999069750309,0.4343024492263794
419,51747_3d58eae0_1,0.0008992886869236827,0.6323745250701904
420,54650_df3655c1_0,0.00014697194274049252,-0.6097204685211182
421,41125_711db4bf_58,0.0015866328030824661,0.8235141634941101
422,45418_f603706b_2,0.0011985015589743853,0.6968598365783691
423,21852_6cf9a734_18,0.024923451244831085,0.7869773507118225
424,122515_758d8b70_6,0.00019828564836643636,-162.74169921875
425,104081_05ba54fa_2,0.001404806156642735,0.4100085496902466
426,41672_cf87e0b6_0,0.003578170435503125,0.447750449180603
427,22638_37f9fe91_1,0.0005560032441280782,-0.6426132917404175
428,24559_3c306e71_3,0.0018421674612909555,0.6654006242752075
429,31589_ac31215d_8,0.0006814251537434757,0.6394104361534119
430,49603_143b8bd2_35,0.00472705252468586,0.6258741617202759
431,127965_c64a91da_0,0.0006942156469449401,0.8203328847885132
432,36062_f2fb6808_1,0.0002527784090489149,-1.3361787796020508
433,139280_8874b1ab_18,0.0007216664380393922,0.30654025077819824
434,30997_24dea167_4,0.0027398027013987303,0.75286865234375
435,143471_eb185912_5,0.0004391887632664293,-3.4968581199645996
436,23176_1bf2a2d5_10,0.007101180963218212,0.7064108848571777
437,98299_b8146029_5,0.0028129704296588898,0.7563868165016174
438,23466_1cf60d09_4,0.0037420017179101706,0.8953661322593689
439,41591_2d0bd0d5_3,0.004299240652471781,0.8488674163818359
440,134929_9049dcec_1,0.0010075875325128436,0.45971083641052246
441,41785_e8bf0528_0,0.002422476653009653,0.8944410681724548
442,31460_39fdfc6a_6,0.0019865494687110186,0.9574572443962097
443,133710_00be7f31_1,0.010224483907222748,-0.17319083213806152
444,24532_f82f8000_0,0.0008679727907292545,0.8090790510177612
445,21234_8b71bd47_3,0.0003252504102420062,0.507645845413208
446,35175_6edc4126_5,0.00285462848842144,0.9172805547714233
447,20495_e8e7e80c_1,0.0003015283145941794,0.6484166383743286
448,76546_c17e95aa_2,0.0001978132495423779,-0.1635725498199463
449,41654_e75f89df_0,0.002493408741429448,0.8646677732467651
450,109772_f1a0845e_6,0.0006330860778689384,0.6341911554336548
451,34913_d23e2a24_0,0.0021202636417001486,0.8822016716003418
452,25203_1cc0cb3c_12,0.00676485151052475,0.8871006965637207
453,37160_2a95674a_4,0.003622016403824091,0.7635603547096252
454,69240_dc199112_4,0.0024998572189360857,0.5251593589782715
455,25176_d9130589_0,0.0010142468381673098,0.8667024374008179
456,69235_fe79a369_0,0.00026115303626284003,0.41349029541015625
457,39468_15fb2e60_9,0.0033197696320712566,0.5183858871459961
458,103284_e25015aa_6,0.00012257997877895832,0.023054003715515137
459,30377_e18ea3de_0,0.001084650750271976,0.12129420042037964
460,66080_f578d52b_4,0.0013255358207970858,-5.812885284423828
461,37444_52b27e94_14,0.0014197214040905237,0.783783495426178
462,38675_6e07d74b_31,0.001999436877667904,0.936733603477478
463,21680_360ba5c7_28,0.0018521002493798733,0.8650580048561096
464,142032_5c32b7db_2,0.0026039984077215195,0.9520496129989624
465,44210_a155c2d1_0,0.02259945310652256,0.49692654609680176
466,38287_88ec74de_92,0.001455702935345471,0.7850959300994873
467,29572_2f9283f2_4,0.002945571905001998,0.7805836200714111
468,28300_b3a6ab79_10,0.0032352490816265345,0.8881317973136902
469,136129_e6a20c7d_5,0.00037069275276735425,0.43123626708984375
470,119381_e4d13609_0,0.002585208974778652,0.9021897315979004
471,30729_b4d83b07_4,0.00019197202345822006,-2.942110776901245
472,140413_44177109_11,0.002817995147779584,0.8674643039703369
473,26384_83eddf22_0,0.007077437359839678,0.45964157581329346
474,82285_e7a738e7_2,0.011720063164830208,0.023789823055267334
475,108599_347602af_0,0.0037096424493938684,0.8846406936645508
476,119889_41a6f268_1,0.0003694749902933836,0.45474255084991455
477,55006_94230c00_1,0.008177647367119789,0.7443368434906006
478,21517_bfe35b4c_10,0.0008383197127841413,0.6147655248641968
479,20818_098cad7c_6,0.0007830818649381399,0.16140753030776978
480,41855_b82e6ae8_6,0.000989674124866724,0.8855960965156555
481,137166_90691294_8,0.00045399952796287835,0.6985033750534058
482,69561_f274e705_26,0.002778151072561741,0.8660615086555481
483,51579_d0c3e154_0,0.0023958468809723854,0.8986196517944336
484,23676_52069f98_4,0.003905361285433173,0.8770279884338379
485,31962_e5291336_1,0.0025331315118819475,0.9250527620315552
486,57222_33b428d7_1,0.0007538938079960644,0.44031256437301636
487,51586_2ad96f8c_17,0.00024609133834019303,-1.9600205421447754
488,41473_c2137170_32,0.00244912994094193,0.6182938814163208
489,31123_9a1bfc50_2,0.00180625612847507,0.8635982275009155
490,23211_3aac9c7e_0,0.003599954769015312,0.32548409700393677
491,45798_b573e9da_5,0.016760502010583878,0.13602107763290405
492,27847_d2436f7c_37,0.0004569822340272367,0.47181594371795654
493,54736_6ee1b513_1,0.0022680608090013266,-0.9594991207122803
494,132901_7d205bb4_9,0.00026523895212449133,-0.7585822343826294
495,73762_8c704690_0,0.0010452556889504194,0.8590471744537354
496,23209_1592b0a4_1,0.0027547350618988276,0.8089586496353149
497,49024_b7f02205_2,0.0005530210910364985,-0.40208733081817627
498,147630_7f858240_15,0.002045577159151435,0.6396141052246094
499,69337_2c778611_11,0.0009746549767442048,0.4262915253639221
500,82498_92a00cd6_1,0.0017632980598136783,0.45365679264068604
501,78775_e2d8b091_1,0.0015361375408247113,0.7916466593742371
502,40067_95ae6c76_9,0.0013810695381835103,0.8520482182502747
503,80756_6f2e842f_0,0.0014077661326155066,0.7135642170906067
504,25284_1da7aa8a_0,0.0008261222974397242,0.8365263342857361
505,55605_2f8bc12e_62,0.0018124203197658062,0.9380147457122803
506,39792_60786b6c_15,0.004543322138488293,0.9087912440299988
507,34063_0ca1585e_2,0.0016206277068704367,-0.05047285556793213
508,31664_1e85c690_13,0.001047928468324244,0.9700365662574768
509,131193_98f3ac52_1,0.0014533258508890867,0.3499745726585388
510,120221_e2eaa34b_2,0.0012941942550241947,0.5559120178222656
511,130286_1f71bfed_3,0.0014310620026662946,0.5736719369888306
512,118342_e8142153_21,0.0006261937087401748,0.7685885429382324
513,128043_9f8cd69e_1,0.0005003496189601719,0.3106885552406311
514,41504_85e300ee_1,0.0003646058321464807,-0.5699830055236816
515,78863_d59be42e_0,0.0028422579634934664,0.658319354057312
516,31733_5118b376_3,0.023150498047471046,0.8347955942153931
517,22208_e177deb7_5,0.0015752281760796905,0.623679518699646
518,24026_1dd4094b_43,0.0010036141611635685,0.12226706743240356
519,73388_10a40b49_1,0.0036472221836447716,0.7852945327758789
520,138219_cdff4f61_0,0.004391127731651068,-1.8979692459106445
521,49399_dc56d180_1,0.0020433031022548676,0.9617853760719299
522,41306_8f26e703_3,0.0007801154279150069,0.7311227917671204
523,51590_034b8b08_14,0.043000344187021255,0.2728096842765808
524,48402_8c965495_4,0.000792448001448065,-0.13993120193481445
525,26388_a3367cba_0,0.005135416518896818,0.359874427318573
526,28300_b3a6ab79_6,0.004158563446253538,0.8608690500259399
527,43938_418421a7_0,0.0017137947725132108,0.223136305809021
528,41520_60018d18_0,0.00043461896711960435,-2.129300355911255
529,137869_344b239b_0,0.00037583825178444386,0.11592531204223633
530,41648_577daf16_0,0.006940154358744621,0.7029209136962891
531,31347_386f6298_10,0.001971933990716934,0.9626818895339966
532,82190_24b1b0fe_12,0.0025715369265526533,0.5496484041213989
533,33741_4a973932_1,0.0016890697879716754,0.7199676632881165
534,42005_3da46d94_0,0.00021992961410433054,-3.924612522125244
535,132982_ee1eed2f_0,0.0018431437201797962,0.9212927222251892
536,23898_6e740393_29,0.001945042866282165,-2.8326056003570557
537,105831_88a0fb85_6,0.0012652638833969831,0.9724050164222717
538,31278_749a6317_0,0.0007044076337479055,0.5768811702728271
539,51586_2ad96f8c_4,0.000713274406734854,0.6743484735488892
540,57000_cd1ddece_14,0.000485949101857841,0.8019260168075562
541,50692_e7ff2668_8,0.0035633558873087168,0.8732630014419556
542,65346_e89312e5_0,0.0012027788907289505,-0.8177142143249512
543,38840_0e449caf_4,0.0009361133561469615,0.7582412958145142
544,29573_ca59fbbf_5,0.006175006274133921,0.9377472400665283
545,30164_c5680724_12,0.006426325999200344,0.6608660221099854
546,138620_e21e10ee_0,0.0009179490734823048,0.21770304441452026
547,50305_caf9cef2_34,0.0017440064111724496,-2.0176808834075928
548,83396_fdb2987a_0,0.0021548885852098465,0.9223126769065857
549,28379_7e292343_4,0.0035921111702919006,0.9208534955978394
550,33529_756075a0_32,0.005850295536220074,0.5652770400047302
551,109857_1d24326e_42,0.00016412697732448578,-7.179028511047363
552,22772_2b5f6629_6,0.0020079747773706913,0.9670476913452148
553,34600_e2685d46_2,0.001300082542002201,0.9524924755096436
554,122344_ab1b06aa_2,0.011903620325028896,0.7848055362701416
555,123573_5f5c9584_1,0.0007320564473047853,0.4093822240829468
556,35166_562b126c_20,0.001980249537155032,0.9233493804931641
557,51350_138f893a_1,0.0004365039349067956,-3.1867241859436035
558,137785_67c3085b_16,0.0035157310776412487,0.9134830832481384
559,50417_199cffee_12,0.0057496437802910805,0.7222331762313843
560,22194_a5c323b9_3,0.000759576098062098,0.8760771155357361
561,42329_df7f540f_18,0.001365950796753168,0.8575282096862793
562,41779_25e4203d_6,0.0006976122385822237,-0.06282365322113037
563,51094_40aa8332_20,0.004242751281708479,0.8407636284828186
564,109762_cb162371_38,0.004591938573867083,0.7582720518112183
565,45922_26941172_9,0.0011600590078160167,0.8002766966819763
566,34587_ed155e93_0,0.0005226652137935162,0.9849832057952881
567,69589_a468c1b4_0,0.003477871883660555,0.9265671372413635
568,44921_00dfb467_0,0.0008166719344444573,0.8007960319519043
569,82672_4705a693_0,0.0008143397280946374,0.6372036933898926
570,26778_a71e88a6_0,0.0005114917294122279,-0.37875473499298096
571,69488_7bfb2b67_0,0.0004933137679472566,0.9862921237945557
572,22686_afe3a61e_0,0.00032574671786278486,-1.0125372409820557
573,109772_5faa88e8_5,0.0011717237066477537,0.198499858379364
574,43938_418421a7_147,0.001490781083703041,0.795199990272522
575,141694_b5ac3112_3,0.0033797682262957096,-0.3026580810546875
576,31973_093ea963_16,0.000575847749132663,0.6384537220001221
577,26858_e90dc419_25,0.00038389948895201087,-1.2215993404388428
578,131350_bbdad30d_0,0.0004681739374063909,0.7330631017684937
579,35741_c43475b8_1,0.004167588893324137,-0.4523954391479492
580,30690_3df2c9e2_1,0.0023084634449332952,0.8031814694404602
581,122758_5f4efbf0_2,0.002268221927806735,0.8507615327835083
582,37822_3be11c62_0,0.0006268989527598023,0.7334492802619934
583,91174_ee6ee92b_1,0.0015995930880308151,0.6252332925796509
584,23676_52069f98_31,0.003702194197103381,0.9627069234848022
585,27958_fee329eb_1,0.0006503042532131076,0.8235989809036255
586,144534_3b4fdb09_18,0.006665618158876896,-0.8625305891036987
587,30292_0b5e0265_1,0.020789608359336853,0.71699059009552
588,111062_e59e2d31_0,0.032857995480298996,0.6265881061553955
589,135790_a27f9deb_77,0.0012341337278485298,0.7596218585968018
590,65842_de75838b_10,0.002815720858052373,0.4109657406806946
591,22475_9d9601a8_3,0.0002620059240143746,-0.460666298866272
592,119884_192e3265_0,0.005435004364699125,0.18883150815963745
593,51463_3330e3aa_2,0.025907251983880997,-1.6883575916290283
594,23231_efe613bb_4,0.007117018103599548,0.6354801654815674
595,22895_4533b542_2,0.002103708917275071,0.6768754720687866
596,146219_5661130f_4,0.0031435282435268164,0.9317800998687744
597,38953_19054857_19,0.0008827779092825949,0.2154882550239563
598,21847_b2de7eb8_24,0.002881677122786641,0.8047136664390564
599,51603_034939eb_12,0.0007128930883482099,0.5605767965316772
600,24843_5231632c_4,0.0006224647513590753,0.6127393245697021
601,41982_f75ceb8f_4,0.0003620502247940749,-1.754173755645752
602,42937_c573c439_2,0.00022957420151215047,0.03497958183288574
603,61288_2d594195_0,0.002092628041282296,-2.440084218978882
604,55006_94230c00_0,0.0005116945249028504,0.49042439460754395
605,49898_f42a885e_5,0.0028557060286402702,0.9377579092979431
606,55709_af3825c8_4,0.0060790120624005795,0.8021431565284729
607,144117_83c980ca_2,0.0001609395258128643,0.4397531747817993
608,40417_b8d98f73_7,0.0007571328897029161,0.4961809515953064
609,53200_d1e30b87_11,0.0008406976121477783,0.07818502187728882
610,147009_977ee378_4,0.00029790299595333636,-1.6308016777038574
611,63056_a5dfd66b_4,0.0006685106200166047,-0.20787596702575684
612,22205_f48b96b3_10,0.003245508298277855,0.2609102129936218
613,51585_b695905b_4,0.0047189174219965935,0.8955134153366089
614,24084_71f37c00_1,0.002036102581769228,0.5913680791854858
615,25815_0e853ad9_10,0.0029670579824596643,0.8144625425338745
616,55030_11a6e3e8_3,0.020156357437372208,0.817863404750824
617,23042_1184de03_5,0.0036808897275477648,0.8928880095481873
618,39719_e9629dbd_4,0.0002441669930703938,-1.6856589317321777
619,51256_ed221095_2,0.001000529038719833,-0.11770415306091309
620,25810_93c8a71a_3,0.003959229215979576,0.8486286997795105
621,22208_e177deb7_1,0.0032852557487785816,0.7701209783554077
622,115624_d0acb46b_22,0.003108688397333026,0.9510704278945923
623,30708_4282508b_0,0.00029287111829034984,-3.5330381393432617
624,31117_cd5cdbdb_12,0.0013380921445786953,0.42231351137161255
625,41733_1ec9b00c_32,0.001057485700584948,-2.1217479705810547
626,111387_c4243097_2,0.001758155063726008,-1.3879241943359375
627,119869_e8f0dd81_19,0.0006239598733372986,0.5304218530654907
628,34569_590239d6_0,0.002335695782676339,0.8927854895591736
629,136318_130d6a06_23,0.0004126759304199368,0.48630422353744507
630,145132_7aea3b66_4,0.0060536800883710384,0.9207658171653748
631,41878_3aeaed3d_0,0.002696548355743289,0.5614945888519287
632,34583_a1cf326b_0,0.002364438259974122,0.956726610660553
633,116581_d405b783_0,0.019541382789611816,0.7344977259635925
634,24044_9bbe7992_3,0.00033141771564260125,0.5863534212112427
635,22194_a5c323b9_2,0.0016957377083599567,0.847175121307373
636,142076_08d80e12_21,0.00039676573942415416,-0.75543212890625
637,55817_6ac2912d_7,0.00033771974267438054,-2.641850233078003
638,21165_5cb2d287_2,0.0008843038231134415,-0.8633608818054199
639,39796_45dcdc7d_0,0.038491975516080856,0.5007946491241455
640,33044_7fdd9213_1,0.005675514694303274,0.8496012091636658
641,23731_3fe5b501_6,0.00032643505255691707,0.4982144832611084
642,32743_f4c47bbc_31,0.0030525338370352983,0.7162488698959351
643,108775_4908fba2_21,0.0031048674136400223,0.7240777015686035
644,21941_1a683ec2_19,0.0018639074405655265,0.8624333143234253
645,27682_04277f62_18,0.0032034083269536495,0.8528870344161987
646,25815_0e853ad9_4,0.002619354519993067,0.8309729099273682
647,30261_723e95cf_2,0.006334339268505573,0.7330191135406494
648,21385_601444ba_102,0.003190315794199705,0.8499329090118408
649,30368_d7fd30ce_7,0.0006456559058278799,0.75650554895401
650,55605_2f8bc12e_3,0.007174747996032238,-0.17122948169708252
651,24650_dad8c8ee_15,0.0001731797819957137,-4.403120517730713
652,34227_48203345_7,0.004517686553299427,0.8740503191947937
653,113348_ac85cba3_1,0.002113638911396265,0.7730156183242798
654,26552_25c5924a_1,0.0016243421705439687,0.37799662351608276
655,55381_cbaffe9b_0,0.0011404453543946147,0.6842938661575317
656,55817_6ac2912d_25,0.0022291974164545536,0.9407570362091064
657,138947_0778db40_4,0.0007079319329932332,0.7231543064117432
658,52788_07f7da63_0,0.001641778857447207,0.5924506187438965
659,70355_e5f58cd5_6,0.0012202078942209482,-1.0548670291900635
660,51744_cd355565_8,0.0012474748073145747,0.7442424297332764
661,41227_90e1c07c_16,0.004650885239243507,0.8828781247138977
662,45359_1768ab3f_42,0.010731709189713001,-0.13259267807006836
663,41783_d1c10326_3,0.0004638572863768786,-0.4922196865081787
664,32960_0eaa1de8_13,0.00023048030561767519,-15.638851165771484
665,34674_32ee1595_3,0.0031731578055769205,0.8923746347427368
666,136885_23632908_1,0.00391699792817235,-0.3978569507598877
667,136808_00592735_3,0.0026018761564046144,0.43395304679870605
668,45589_49e3c7ea_5,0.0014366507530212402,0.9704242944717407
669,141665_0564e852_3,0.002819826127961278,0.32664185762405396
670,50897_3be92e2f_18,0.000678776646964252,0.9841488599777222
671,84256_4164b724_3,0.000325559638440609,0.6876320838928223
672,22994_e6ad8f2b_10,0.0042746360413730145,0.8413528203964233
673,28295_0dc908b9_8,0.000792873150203377,0.751643717288971
674,23329_6939d5d9_5,0.0005744790541939437,0.3627172112464905
675,123665_0a0da5c7_3,0.0003123679489362985,-1.43843412399292
676,121172_0ac63503_7,0.0009961181785911322,0.8113672137260437
677,50941_2a8a8c76_0,0.0011246767826378345,0.9776965379714966
678,37846_cde34fcd_66,0.002480482216924429,0.5836902856826782
679,56040_9b1307eb_21,0.0023499566596001387,0.6339815258979797
680,146535_229c95bc_1,0.00018724276742432266,0.1420820951461792
681,50947_49287c16_2,0.005069927778095007,0.9171310663223267
682,95622_0a0787e4_5,0.0007533074240200222,0.5923159122467041
683,25432_f13e5110_0,0.0012086097849532962,0.9619396924972534
684,32454_e959e3cf_0,0.0021439483389258385,0.9396632313728333
685,65858_61e9b51a_18,0.002805425552651286,0.3600013256072998
686,70350_751de4b0_3,0.005310666747391224,0.26582449674606323
687,129239_0d49310c_15,0.0002504063886590302,0.9045602083206177
688,31008_8fa25b35_8,0.0032955664210021496,0.30411583185195923
689,55306_795d845b_2,0.00039989256765693426,-1.5415830612182617
690,29729_e8bb36f1_2,0.0003628528502304107,0.5724110007286072
691,67283_4097cbd6_5,0.0007075867615640163,-5.0162882804870605
692,23904_811e466f_4,0.000945194682572037,0.2070159912109375
693,116076_12d31fb7_1,0.0018178466707468033,0.7264477610588074
694,45302_02d7e3bc_0,0.0027878328692167997,0.2988049387931824
695,60977_4bb093ec_1,0.003551043104380369,0.8417652249336243
696,49017_76979790_8,0.003824373474344611,0.2751308083534241
697,146321_0dbae658_10,0.00015435004024766386,-14.554084777832031
698,102194_150e3faf_3,0.0007062660879455507,0.9783686399459839
699,34769_44655d03_5,0.0005532612558454275,0.3813578486442566
700,38953_19054857_6,0.0009592694696038961,0.21257901191711426
701,55397_ad24603f_1,0.0008938504615798593,0.07219523191452026
702,21908_385686ec_15,0.0043199495412409306,0.7914783358573914
703,60721_57103153_4,0.001421902677975595,-1.2764878273010254
704,98701_7cd4ec8d_0,0.004487273748964071,0.9184934496879578
705,91703_642cdf1a_1,0.002918737940490246,0.945098340511322
706,26661_ab88a525_5,0.0035807404201477766,0.09675157070159912
707,51940_67bb0219_21,0.0003035666886717081,0.3530820608139038
708,22543_684108ff_22,0.0008827700512483716,0.12278807163238525
709,145250_cde4d039_8,0.0003047729260288179,0.6568827629089355
710,20232_e5b060d9_6,0.0005805193213745952,-0.053821563720703125
711,128043_d4650350_0,0.004271793179214001,0.9426378607749939
712,140530_30edf2c4_0,0.001836078125052154,-0.5495364665985107
713,131814_9af6d05a_0,0.003693875391036272,0.4445565342903137
714,26245_4aac38e1_9,0.0010993888135999441,0.5407459735870361
715,30282_88c6933c_14,0.00424166489392519,0.8372577428817749
716,32322_71d0035e_1,0.0017668603686615825,0.9093450903892517
717,131762_d10609a4_1,0.0062240250408649445,0.7188597917556763
718,54812_5f7b7aba_2,0.0006694829207845032,0.706091046333313
719,135830_8fb36dac_4,0.003452554577961564,0.8471248149871826
720,139280_8874b1ab_4,0.0009756821673363447,-1.0957610607147217
721,49904_639055dd_1,0.005257540848106146,0.3973950743675232
722,53601_59d3ecd2_0,0.012653401121497154,0.48124778270721436
723,50047_54241fe3_12,0.002670707879588008,0.793274462223053
724,136925_70fb0381_3,0.001758221653290093,0.8924055099487305
725,87488_95f678ce_0,0.005986877251416445,0.8678269386291504
726,137166_90691294_2,0.0004429673426784575,0.7054449915885925
727,44030_17bd5ec9_11,0.0005887818988412619,0.06702953577041626
728,137396_b5f6bec4_5,0.0010872513521462679,0.9673445820808411
729,21900_760d2078_10,0.0034790337085723877,0.9496040940284729
730,21185_ac5324ba_5,0.002986573614180088,0.9068554043769836
731,31132_2320d049_4,0.0016558942152187228,0.9698798656463623
732,82281_80cdf67c_4,0.0009911158122122288,-1.5003254413604736
733,38287_88ec74de_15,0.0019836146384477615,0.9615853428840637
734,136128_831e37a6_0,0.005539855919778347,0.38370370864868164
735,21330_f0cee934_18,0.0006359960534609854,0.5825494527816772
736,34109_5a868eae_10,0.0023998937103897333,0.7705507278442383
737,21174_861bd902_2,0.001574907684698701,0.8627364635467529
738,49783_365bec9e_6,0.0022112885490059853,0.9336640238761902
739,24429_ace910b3_8,0.0001610991166671738,-8.42813777923584
740,22772_2b5f6629_4,0.0007628341554664075,0.804960310459137
741,53927_ef5208b9_14,0.01450889278203249,0.39553964138031006
742,56250_3b6024e3_54,0.0011410630540922284,0.9750639200210571
743,23522_5c2ec58e_8,0.0033302223309874535,0.8950642347335815
744,121177_93fb3127_10,0.0005806959816254675,-0.053790926933288574
745,138840_b7f948ea_2,0.002247998956590891,0.7711970806121826
746,41125_711db4bf_6,0.005496242083609104,0.870002269744873
747,102606_28922dfc_0,0.024518979713320732,-256.80438232421875
748,31530_6744ae73_50,0.02039623074233532,0.6361134052276611
749,50598_eae0df5a_1,0.0009376084781251848,-0.7144328355789185
750,145726_19ccdbda_12,0.0006390616181306541,0.7950658798217773
751,41469_b94cf3e4_0,0.0031465052161365747,0.3550592064857483
752,147009_977ee378_1,0.004940696991980076,0.5251023769378662
753,24267_8a216138_10,0.0012379407417029142,0.8994970321655273
754,63071_3d434a33_16,0.005216207820922136,0.721694827079773
755,34436_ffc43a58_4,0.0003710603923536837,0.6799024343490601
756,50692_e7ff2668_4,0.0015769851161167026,0.3681158423423767
757,146642_883a71d2_9,0.022446122020483017,0.6455245614051819
758,109772_f1a0845e_7,0.004326940514147282,0.8990291357040405
759,136640_16741d62_1,0.0014973455108702183,0.6198294758796692
760,21680_360ba5c7_11,0.001650814083404839,0.3292984962463379
761,27729_09d75da1_2,0.002823655027896166,0.9195690155029297
762,82148_5df06ed9_19,0.008853769861161709,0.384979784488678
763,55287_8a57a3db_1,0.004735967144370079,0.7086485624313354
764,53221_74fa81cd_5,0.0011615080293267965,0.4429718852043152
765,30417_0010bc7c_39,0.002191778738051653,0.8289123773574829
766,23706_ef15ef9c_40,0.0016806622734293342,0.7601218819618225
767,140763_e14274f8_3,0.0004896137397736311,0.6293461918830872
768,23602_5daaccf5_3,0.0019207814475521445,0.688624382019043
769,30282_88c6933c_9,0.00323089468292892,0.7967580556869507
770,56824_0fc773f6_0,0.003674417966976762,0.7905288338661194
771,42410_d3b5588e_1,0.0031239003874361515,0.5253661870956421
772,55055_dd27a8a4_0,0.002355368575081229,0.9568911194801331
773,115633_a2c63339_6,0.00036005175206810236,0.6014025211334229
774,73651_a41647f8_5,0.0003148362447973341,-0.22044503688812256
775,33413_060ce192_32,0.00531969778239727,0.5913398861885071
776,97331_a482fa9b_0,0.0027570680249482393,0.41737550497055054
777,23476_705b76d1_0,0.0020652981474995613,0.9192179441452026
778,32566_7bfc936b_6,0.0103753712028265,0.9019408822059631
779,41717_eb1c1e6b_0,0.0016132553573697805,0.8707200288772583
780,60720_ef9a0a95_8,0.0005019017262384295,-0.07272779941558838
781,138700_ab763a46_202,0.00038997401134110987,-214.21047973632812
782,38287_88ec74de_17,0.00995464064180851,-0.6371387243270874
783,135535_0bd0048d_0,0.013396873138844967,0.7982268333435059
784,21797_69df08d5_7,0.060542963445186615,0.5179754495620728
785,65350_b3fa8f4f_47,0.09412693977355957,0.5667803287506104
786,41714_1d49f4d1_3,0.0012211317662149668,0.8635508418083191
787,66012_a13e1644_1,0.0009303298429585993,0.605475664138794
788,22652_564979ff_11,0.000789356417953968,0.4132344126701355
789,25127_ecba81df_23,0.0028541134670376778,-0.8626328706741333
790,47548_db93c988_4,0.0016151657328009605,-2.9512557983398438
791,55927_f8b31711_5,0.005008879117667675,0.7321031093597412
792,31647_ab9ad9dc_2,0.0010435811709612608,0.8589404821395874
793,41128_ee74f244_8,0.0008958069956861436,0.7548297643661499
794,20959_d4905d19_4,0.0023813387379050255,0.41576236486434937
795,52009_a2b75078_3,0.09058726578950882,0.08766216039657593
796,22201_473a3a65_16,0.0023415526375174522,0.6827890872955322
797,29442_365e23df_30,0.007318200543522835,0.793013334274292
798,51859_6b2fd0f1_8,0.0013157498324289918,0.9550665020942688
799,140413_44177109_15,0.0012252901215106249,-0.08682501316070557
800,21822_7d3db422_11,0.0048241340555250645,0.865949273109436
801,24168_a0ede173_100,0.0008050450123846531,0.41900473833084106
802,145532_c2304f89_1,0.006933573167771101,0.02907407283782959
803,104641_2cd02839_13,0.0003869004431180656,-0.4995994567871094
804,23679_81ef9e37_2,0.0021062511950731277,0.4981526732444763
805,95271_de3df8d5_2,0.0004275135579518974,-1.058452844619751
806,41401_e4117da2_0,0.00016294047236442566,-2.5503947734832764
807,48006_babdf4af_9,0.0038607157766819,0.9552918076515198
808,142246_0851be5e_32,0.012387570925056934,0.7944341897964478
809,33615_7bab1106_4,0.002815413288772106,0.8137043714523315
810,31117_cd5cdbdb_18,0.005951405502855778,0.9099157452583313
811,34914_8911676d_0,0.002292586723342538,0.8109990358352661
812,55501_a09e4ced_2,0.0002519438276067376,-8.46381950378418
813,41128_ee74f244_9,0.0038505743723362684,-0.2746387720108032
814,142246_0851be5e_22,0.003362772986292839,0.39009952545166016
815,22413_901f5867_0,0.0010825286153703928,-2.276289224624634
816,56490_0a0fba77_0,0.000560311833396554,0.8410739898681641
817,93676_4f934980_1,0.0009142069611698389,-1.0266942977905273
818,146642_883a71d2_96,0.005294106435030699,0.4221559166908264
819,24032_d6172503_3,0.00334353419020772,0.4331851005554199
820,44221_25c62f03_1,0.0021876206155866385,0.9594817757606506
821,50315_0f1419bf_33,0.006750029046088457,0.34484314918518066
822,133389_0938a905_2,0.0005318165640346706,0.8650286197662354
823,24824_cf51e5b6_4,0.0024860526900738478,0.5336321592330933
824,33970_32f36442_3,0.0036718198098242283,0.8854968547821045
825,29359_bbfab271_2,0.002254595048725605,0.6030943393707275
826,23172_4ab01e83_0,0.002309860195964575,0.9438632130622864
827,98511_1b46a85e_45,0.005564436316490173,0.8436119556427002
828,98511_1b46a85e_46,0.005471294745802879,0.8391430377960205
829,34248_cc11976c_0,0.0036028840113431215,0.8668808341026306
830,104003_46555fb2_0,0.0003781431878451258,0.15910983085632324
831,34520_035b5e9a_8,0.0009685236727818847,0.6671351194381714
832,38397_93d5d7de_12,0.00827443040907383,0.8853618502616882
833,130023_93b3ca95_1,0.003067413344979286,-0.07965826988220215
834,83213_47c49876_1,0.005256775300949812,0.39749252796173096
835,43928_6ca53538_63,0.00919278059154749,0.7862234115600586
836,82779_b7b722e3_9,0.0028697827365249395,0.6572538614273071
837,134967_0f27ef51_1,0.0008909679600037634,0.333435595035553
838,86024_714b24f4_1,0.0020795033778995275,0.9185336828231812
839,40807_58058731_11,0.002564849564805627,0.6131808757781982
840,26750_cd3cb3ff_0,0.005225433502346277,0.9093568921089172
841,126913_d253adb7_2,0.0010378861334174871,0.79521644115448
842,24268_2804c9ff_13,0.004253793973475695,0.8893559575080872
843,45542_320c16fd_3,0.002084108768031001,0.9585661888122559
844,22342_274ed8a6_1,0.0009168127435259521,0.8014422655105591
845,133385_e6aa64d8_17,0.0001739207364153117,0.3028069734573364
846,143509_1dd5212d_3,0.002854302991181612,0.9158159494400024
847,47989_3ff0f41d_0,0.004446577746421099,0.8735038042068481
848,21822_7d3db422_14,0.008833502419292927,0.8724425435066223
849,21517_bfe35b4c_12,0.0011040258686989546,-0.9272147417068481
850,52883_e518d3f4_10,0.0024411804042756557,0.6036646366119385
851,41871_f9a1ad02_14,0.018774263560771942,-0.8781784772872925
852,37016_455093c1_2,0.0010079051135107875,0.4596713185310364
853,31117_cd5cdbdb_78,0.08826208859682083,0.3155563473701477
854,129239_0d49310c_22,0.00031546439277008176,0.08407104015350342
855,30400_8824ce97_6,0.005369183141738176,0.8877391219139099
856,53233_8dbca22c_8,0.0029256497509777546,0.7947813272476196
857,40514_bb61631d_25,0.002052279654890299,0.5459679365158081
858,24053_53349e4d_2,0.0010852294508367777,-0.3966517448425293
859,41917_f0c40fa1_16,0.0015266408445313573,0.9638848304748535
860,22543_684108ff_5,0.00405510887503624,0.8392360210418701
861,138636_c1153075_0,0.00044446653919294477,0.6032518744468689
862,24448_75004b6c_6,0.0030783498659729958,0.9019906520843506
863,24831_bbd3e098_8,0.0008829893777146935,0.13475382328033447
864,53221_74fa81cd_3,0.0015807441668584943,0.5726829171180725
865,76879_65a30a82_4,0.00037247041473165154,0.39111220836639404
866,108773_f9384cff_10,0.00044084410183131695,-3.6525187492370605
867,33671_0e9c6ca3_5,0.002990292850881815,0.7624978423118591
868,93103_fdb9fcb7_15,0.004708456341177225,0.7459367513656616
869,137675_d2bd633e_0,0.0026718750596046448,-0.6733750104904175
870,21893_0500d043_32,0.0016809501685202122,-0.09894692897796631
871,22110_0bc70e9f_1,0.0008556352113373578,0.47416484355926514
872,43152_b5472481_1,0.0007820446044206619,0.7063255310058594
873,115717_40314bc2_1,0.002213941188529134,0.8065576553344727
874,102943_ca9e7968_0,0.0009147996897809207,-0.24477612972259521
875,136401_69f29349_0,0.0027844018768519163,-0.846922755241394
876,28542_3c922564_0,0.0010334643302485347,0.6231445074081421
877,24267_8a216138_6,0.0029457539785653353,0.8384491801261902
878,84374_272a9731_7,0.0039267088286578655,0.4822814464569092
879,23531_1ecc8346_18,0.015558445826172829,0.848238468170166
880,41871_f9a1ad02_30,0.007818072102963924,0.7630416750907898
881,132461_14abd2d0_0,0.0002447896695230156,-5.8338398933410645
882,37617_3f415463_2,0.0005939792026765645,0.0293923020362854
883,41696_de0790a1_1,0.0009724097326397896,0.9784067273139954
884,54657_2a66e0de_20,0.0010233925422653556,0.9060260653495789
885,24425_0dc4b306_0,0.0010566625278443098,0.8965169191360474
886,146667_fe438b5b_0,0.0024162696208804846,0.9081047773361206
887,23048_8a1a5553_8,0.00046384899178519845,-11.480497360229492
888,51871_86ebf5b2_17,0.0021045291796326637,0.6147311925888062
889,30664_a3084f71_6,0.005951032042503357,0.634837806224823
890,139801_97e2ca6a_5,0.0012918717693537474,0.7354992628097534
891,22278_12f1fb79_13,0.007766493130475283,0.49473685026168823
892,22776_facf9bcf_8,0.003842929843813181,0.8692021369934082
893,40500_6055e3d7_15,0.06959131360054016,0.3059162497520447
894,35740_5322d674_13,0.0014743345091119409,0.10306525230407715
895,39792_60786b6c_12,0.0016435584984719753,0.9403326511383057
896,115524_4a411f7e_0,0.0008040772518143058,0.8173428177833557
897,24131_3ea7d5a8_17,0.0047008018009364605,0.77325439453125
898,100326_0602c712_2,0.008734337985515594,0.7225611805915833
899,34571_25c64838_2,0.004250963684171438,0.7480519413948059
900,143534_4f65fd1a_0,0.0015495318220928311,0.47611624002456665
901,101446_95204330_1,0.0010472674621269107,0.3360998034477234
902,41749_14d0599c_10,0.0007846700609661639,-1.2900443077087402
903,55715_525d1d3e_12,0.00042051979107782245,-0.24733901023864746
904,45307_b9b4bca0_30,0.04833962768316269,0.653793215751648
905,22654_4c426b0f_0,0.0034306077286601067,0.5704033374786377
906,22670_9353c710_4,0.0017687155632302165,0.4576035737991333
907,99445_94c22a37_11,0.002506440505385399,0.9627600312232971
908,132811_57264a28_4,0.002261609071865678,0.8152354955673218
909,23258_87a2ba81_3,0.001215540338307619,-0.9213981628417969
910,50777_2934de55_22,0.014202666468918324,0.49583810567855835
911,98418_4185a7fb_0,0.0018137490842491388,0.9560595154762268
912,43441_e1ab0873_2,0.00015861568681430072,-0.9220166206359863
913,24271_dbc0fd2d_12,0.0008506838930770755,0.812752366065979
914,38944_0d0c3fce_0,0.02009727992117405,0.8698008060455322
915,40624_e1c5c424_11,0.0001974942279048264,-3.974092483520508
916,100028_0c3a8f1c_13,0.0030277373734861612,0.9610550403594971
917,40491_ac67bf4c_13,0.004137207288295031,0.9223959445953369
918,25416_1deb9c75_0,0.002150321612134576,0.6277749538421631
919,21657_2651585a_6,0.001907520112581551,0.8988940715789795
920,21986_67c5509a_15,0.0009402784053236246,0.8833360075950623
921,32288_34013274_2,0.0033704128582030535,0.42952924966812134
922,55373_ddd74d2f_0,0.0031431312672793865,0.5940561890602112
923,26245_4aac38e1_0,0.0042213271372020245,0.7581254243850708
924,33044_7fdd9213_0,0.0018447303446009755,0.670626163482666
925,31530_6744ae73_48,0.07823558896780014,0.24423742294311523
926,25555_fd3d9a3c_1,0.0006453499663621187,0.09396523237228394
927,54175_7d864ace_6,0.0016315424581989646,0.6336066722869873
928,72950_5074f5a3_0,0.001248807180672884,0.17446988821029663
929,129618_2962c248_0,0.004650397691875696,0.9223297834396362
930,52012_77070fda_10,0.0009704630356281996,-0.5219262838363647
931,28295_0dc908b9_7,0.0010094924364238977,0.7288224697113037
932,144419_90e59d67_2,0.00024613592540845275,-1.720076084136963
933,22734_f6bad9f7_24,0.01682770624756813,0.47921788692474365
934,22604_0b4ffb43_14,0.002355368575081229,0.9568911194801331
935,81996_b3752ed2_3,0.0003654074389487505,0.6720767021179199
936,24504_493cee15_8,0.0030521946027874947,0.8784677982330322
937,39124_28e99e62_1,0.0006343474378809333,0.28622740507125854
938,29725_0ad4937e_1,0.0002357813937123865,0.5738211870193481
939,109232_04340d62_6,0.0004906435497105122,-7.925049781799316
940,129075_8fbf62e5_0,0.0009577885502949357,0.2420218586921692
941,102937_18c3cb6a_4,0.0014385092072188854,0.9495639801025391
942,52551_8098346a_5,0.0009933015098795295,-0.7278574705123901
943,128043_6947b64c_0,0.0036740454379469156,0.7879071831703186
944,119030_292009a7_41,0.0034036447759717703,0.5007205009460449
945,48526_5aecac8a_0,0.0007051608408801258,0.8812594413757324
946,32541_86f7df73_4,0.0009620998753234744,0.08472514152526855
947,55114_7bf17f6a_0,0.011381332762539387,0.17491942644119263
948,55285_6816da52_1,0.01830981858074665,0.603731632232666
949,37683_e2cca100_17,0.0004940814105793834,0.22212332487106323
950,78775_e2d8b091_15,0.005429996643215418,0.8224583864212036
951,93199_2146e709_2,0.0016287979669868946,0.8077062368392944
952,135595_656de97a_14,0.0006131954723969102,0.5603635311126709
953,24284_3710e946_16,0.0016867431113496423,0.9617863297462463
954,135521_30553c91_2,0.00024345720885321498,-2.5309674739837646
955,29732_fb15318c_5,0.0007644777069799602,0.2737951874732971
956,88060_389bdff4_0,0.002231098711490631,0.8642282485961914
957,27839_4a077326_28,0.00572918402031064,0.8580440878868103
958,100435_87bf423d_8,0.0018151295371353626,0.9642335176467896
959,25365_bb0e4ede_44,0.0005838445504195988,0.17195630073547363
960,146169_144d8264_0,0.026819759979844093,0.8551530838012695
961,23342_7193a931_3,0.0005113209481351078,-0.5064206123352051
962,57000_cd1ddece_12,0.0011312176939100027,0.9773836135864258
963,119790_1ed376f0_3,0.0007035589660517871,0.23213714361190796
964,72522_e9e87960_4,0.004148469306528568,0.9221349358558655
965,65366_f618b577_2,0.0003376895620021969,0.7060523629188538
966,55707_c78416ed_35,0.004364121705293655,0.7719324231147766
967,70321_eccffc7e_0,0.000577717088162899,0.8503383994102478
968,120143_b5756e6b_0,0.003922215197235346,0.4553127884864807
969,27726_aca43af4_35,0.0001542542304378003,-6.166814804077148
970,31361_72aab333_20,0.001212836941704154,0.6145480275154114
971,121949_e10b5e85_12,0.004267273470759392,0.8821364641189575
972,146399_0e4b73c4_13,0.020634233951568604,0.5763978958129883
973,41134_fc146947_6,0.0008949819020926952,0.5815938711166382
974,21237_7887a24b_35,0.00031147681875154376,-0.2877010107040405
975,24885_55e20ddf_3,0.0006496955174952745,0.35812151432037354
976,34914_8911676d_23,0.0037505370564758778,0.3334392309188843
977,21803_8a36dcda_12,0.0033137337304651737,0.8891175985336304
978,41306_8f26e703_5,0.00026342528872191906,-1.8437206745147705
979,25118_f50fdc69_10,0.0008897311636246741,-0.29949259757995605
980,25473_0991d519_9,0.0040768589824438095,0.8979108333587646
981,126585_86fa26cb_0,0.0004971165326423943,0.3860684037208557
982,145691_69484976_9,0.0023727226071059704,0.7866636514663696
983,60729_c51868ec_0,0.0008748646941967309,0.5180356502532959
984,123929_e7dbad2c_0,0.002379984362050891,-0.13051986694335938
985,69649_70b07cac_0,0.0009234612807631493,0.9796013832092285
986,55135_f1186d58_9,0.0008521041017957032,-0.06159472465515137
987,20838_86c931be_2,0.0021852615755051374,0.7283063530921936
988,45242_626509cb_11,0.001977217849344015,0.12625938653945923
989,34983_439766af_13,0.003734723897650838,0.9611526727676392
990,53453_fb0f1640_1,0.02283431403338909,0.30681341886520386
991,23255_972fbfe6_25,0.0017729513347148895,0.944115161895752
992,24168_a0ede173_203,0.05647721141576767,0.6858984231948853
993,55476_1473d91f_0,0.0022884802892804146,-0.16668164730072021
994,55111_ef389075_1,0.00211348757147789,0.9192206859588623
995,141710_17531562_1,0.0009612828143872321,0.9192880988121033
996,96601_b89e6252_1,0.00013764537288807333,0.2680101990699768
997,135790_a27f9deb_43,0.035966139286756516,0.5391978025436401
998,121363_746708db_0,0.001029751030728221,0.6037914752960205
999,136886_3aa46890_0,0.0008715926669538021,0.6750168800354004
1000,50315_0f1419bf_19,0.012609114870429039,0.8265617489814758
1001,37846_cde34fcd_14,0.0006982733611948788,-6.8949174880981445
1002,24816_ef81ad4c_1,0.0012468199711292982,0.5541613101959229
1003,75646_4baf69b2_7,0.009192419238388538,0.87127685546875
1004,140155_81f9ac63_0,0.0008540311246179044,0.7869290113449097
1005,51603_034939eb_10,0.006235941778868437,0.6545315384864807
1006,30435_c97330d2_0,0.00091532152146101,-0.5476466417312622
1007,27839_4a077326_27,0.001797731383703649,0.9022513628005981
1008,55627_971fde61_34,0.004901581909507513,0.6210600137710571
1009,134909_ef3d003c_0,0.0007528950809501112,0.26138943433761597
1010,33413_060ce192_51,0.00016256420349236578,-21.523658752441406
1011,22245_ca848576_12,0.0009603518410585821,-0.12153935432434082
1012,52039_ba12c3ac_1,0.0011507844319567084,0.976993203163147
1013,39707_358f88df_2,0.0006620343192480505,0.2950013279914856
1014,50014_33f250c8_3,0.031941477209329605,0.7086440324783325
1015,52987_387431ac_1,0.004725172650068998,0.6755546927452087
1016,33501_b1ee5058_15,0.001243581878952682,0.9752711057662964
1017,82168_4844bddd_1,0.0024339586962014437,0.6713705062866211
1018,30384_95e72fc2_4,0.0002453948254697025,-1.7026522159576416
1019,23554_a0845d54_2,0.0007491500582545996,0.37376564741134644
1020,23800_65e0a5d1_0,0.0004743956960737705,-0.4950547218322754
1021,41128_ee74f244_0,0.00044547926518134773,0.5527641177177429
1022,143019_22dbd3e6_2,0.004579075146466494,0.8547179698944092
1023,79993_6087acd5_8,0.004798812326043844,0.8481876850128174
1024,21422_b2a6bf27_0,0.003188489703461528,0.9474307298660278
1025,25487_dd2c17e8_21,0.001150391879491508,-0.021457672119140625
1026,22654_4c426b0f_10,0.00012293620966374874,0.17443132400512695
1027,30368_d7fd30ce_6,0.00022080677445046604,-3.7225093841552734
1028,57249_6bd2af3c_2,0.0016409341478720307,0.9394662380218506
1029,57029_3ab80a22_0,0.00272959447465837,0.4585030674934387
1030,79906_052c7eb4_3,0.0014697620645165443,0.6814078092575073
1031,82996_b8dc67c9_10,0.000301343941828236,0.5841355323791504
1032,119884_192e3265_1,0.0031614117324352264,-0.44183850288391113
1033,21225_c081eae3_10,0.0017832128796726465,0.8977646827697754
1034,121949_e10b5e85_1,0.0012276377528905869,0.6893572807312012
1035,81994_ba8916c9_5,0.0007980294758453965,0.3026912212371826
1036,22447_4062c6cb_29,0.001875061308965087,0.9683696627616882
1037,55044_ee57bac8_1,0.00024106138153001666,0.08410817384719849
1038,41871_f9a1ad02_13,0.026545096188783646,0.8509122133255005
1039,74688_a5168a45_2,0.00021059733990114182,-44.249752044677734
1040,23218_02d26ab4_4,0.0004080965300090611,0.06136059761047363
1041,41205_dc60aa5d_0,0.0014300033217296004,0.6444952487945557
1042,41979_ca698776_0,0.0012992091942578554,0.7335442304611206
1043,141453_50ec6f25_7,0.0028315288946032524,0.9197914004325867
1044,97143_5424c420_0,0.002216234803199768,0.4312288165092468
1045,41986_26275a06_2,0.0019712415523827076,0.8141784071922302
1046,136800_c5e4d711_2,0.000270889257080853,0.6297340393066406
1047,101635_11b839a3_5,0.00035224546445533633,-1.885812759399414
1048,55866_b041060d_0,0.006202300079166889,0.6203823685646057
1049,53846_89405f98_0,0.0017517650267109275,0.6420950293540955
1050,27725_5cceaeb7_1,0.0019058475736528635,0.8280378580093384
1051,146137_92faaea5_9,0.006276267115026712,0.4971175789833069
1052,41211_11f6b8a0_4,0.0006153268623165786,0.7465841770172119
1053,21330_f0cee934_46,0.0011218935251235962,0.9775698184967041
1054,127188_5fecd146_4,0.0008392955060116947,-0.1532728672027588
1055,135949_06517574_8,0.00026083580451086164,-1.7040739059448242
1056,68928_0d4e4a2e_24,0.00324737885966897,0.7958047986030579
1057,50410_f8f03667_38,0.00015665520913898945,-9.784916877746582
1058,142999_171240b6_21,0.00046943381312303245,0.652908205986023
1059,144709_642fc665_0,0.017200009897351265,-0.6902971267700195
1060,53232_f8760054_10,0.0007484150701202452,-6.162961483001709
1061,22372_e91792a1_0,0.0001965507835848257,-1.5207693576812744
1062,21767_53eaa558_12,0.023789774626493454,0.6925784349441528
1063,32220_1fd19c5e_0,0.0005588506464846432,0.42585140466690063
1064,22886_a6331748_1,0.004973795264959335,0.543351948261261
1065,130996_b842b511_12,0.0009633285808376968,0.9112085103988647
1066,55571_74a416b1_1,0.0006777971284464002,-4.749519348144531
1067,70169_914780d4_1,0.0012403514701873064,0.5276751518249512
1068,23156_7788f78a_6,0.0580066554248333,0.580274224281311
1069,124496_20e20439_10,0.0006327481241896749,-0.39069664478302
1070,76300_7cb02add_1,0.0020285984501242638,0.6996167898178101
1071,21647_6b6cca6f_10,0.0009507490321993828,0.4810740351676941
1072,22734_f6bad9f7_23,0.013836029917001724,0.42361223697662354
1073,94176_0a6c42ab_2,0.0002889098832383752,-52.0211296081543
1074,24048_d731886d_9,0.001881696400232613,0.7925918102264404
1075,25487_dd2c17e8_30,0.003249166766181588,-0.4687386751174927
1076,115717_40314bc2_4,0.0005757272010669112,-0.8727118968963623
1077,125592_875faf40_0,0.004365748260170221,0.7973566055297852
1078,41871_f9a1ad02_44,0.0035938601940870285,0.7461010217666626
1079,146642_883a71d2_8,0.0014954161597415805,0.6351436376571655
1080,136883_076fbff9_31,0.0006623121444135904,-1.1907856464385986
1081,60766_fb8715eb_3,0.003121949266642332,0.7716929316520691
1082,30818_33617072_0,0.017597537487745285,0.10903656482696533
1083,130679_7a357a9c_18,0.007758111692965031,0.5436439514160156
1084,55306_795d845b_0,0.0005601794109679759,-0.20087087154388428
1085,135934_d2f6bb2e_33,0.0003388001932762563,0.548308253288269
1086,111054_e45a0d40_7,0.03126398101449013,0.6975737810134888
1087,36826_d9269c2e_10,0.0022380948066711426,0.8479785919189453
1088,37619_ae810a8d_7,0.00016131156007759273,-72.67378234863281
1089,22343_34184fd5_22,0.00024814598145894706,0.23197788000106812
1090,113020_de552f8d_0,0.0007658388349227607,0.5210952758789062
1091,20216_89b90993_0,0.010102597065269947,0.3269640803337097
1092,23325_292b3294_16,0.00732375169172883,0.30325770378112793
1093,23522_5c2ec58e_9,0.0038300680462270975,0.7091937065124512
1094,146624_359752bb_20,0.00017226688214577734,-85.84317779541016
1095,104990_11b4aeee_1,0.003093833802267909,0.9292808175086975
1096,90917_4670b560_0,0.024024201557040215,0.5330840349197388
1097,54818_59adf8c2_5,0.001759444479830563,-0.5216015577316284
1098,34109_5a868eae_3,0.0003283427795395255,0.4643130302429199
1099,23161_e7f63a9f_2,0.0046502030454576015,0.579231858253479
1100,37160_2a95674a_27,0.0016742468578740954,0.4150548577308655
1101,61280_8bdbc90f_0,0.004117795266211033,0.8521104454994202
1102,55083_dac1f9cc_2,0.0011994121596217155,0.9001492261886597
1103,34341_d19b12fb_14,0.000273361976724118,-1.7188775539398193
1104,54516_ac9e2ef4_61,0.0028551695868372917,0.5259064435958862
1105,24559_3c306e71_2,0.0005625175544992089,-0.1450885534286499
1106,105831_88a0fb85_1,0.00183268787804991,0.9303693175315857
1107,32743_f4c47bbc_19,0.0034286342561244965,0.3629117012023926
1108,40500_6055e3d7_18,0.00376947782933712,0.8190555572509766
1109,22862_f5406bb0_0,0.0031696436926722527,0.9490102529525757
1110,141081_ae61ec46_0,0.002612644573673606,0.9621784090995789
1111,135112_cf8007b8_4,0.008267133496701717,0.8745858669281006
1112,131442_1512d9ff_5,0.00032889010617509484,0.3039942979812622
1113,145132_7aea3b66_1,0.09347546100616455,0.6462037563323975
1114,41871_f9a1ad02_45,0.002391897141933441,0.5389724969863892
1115,51775_49ef614a_1,0.0008333284058608115,0.7638809084892273
1116,143293_fc5b0ff7_23,0.0008686423534527421,-0.5869698524475098
1117,51547_a7e01c38_6,0.0009105358039960265,-0.30457937717437744
1118,114021_44c3c39c_2,0.001012444612570107,-1.5240716934204102
1119,123766_c5a4cf5e_0,0.00037081752088852227,-1.364243984222412
1120,23031_0d684603_8,0.0018439138075336814,0.20522552728652954
1121,132996_c742ef84_4,0.006124950014054775,0.15005367994308472
1122,137096_5d77f285_1,0.0019237552769482136,0.7703858613967896
1123,27072_b4756e8c_2,0.002794563304632902,0.3679569959640503
1124,51915_e704f5dd_2,0.0021863568108528852,0.6580979824066162
1125,132811_57264a28_13,0.0018845933955162764,0.9682723879814148
1126,49396_98ab955d_13,0.005164820700883865,0.4242008328437805
1127,132081_761d26ad_0,0.0004695909738074988,0.9874297976493835
1128,82906_7b72e0e8_2,0.006150601897388697,0.8286455273628235
1129,92649_26fe8262_0,0.001475202152505517,0.3193921446800232
1130,21803_8a36dcda_11,0.005566587671637535,0.850275993347168
1131,30637_f6324fc6_5,0.00020682461035903543,-0.3688955307006836
1132,105560_a6f91315_12,0.00015817598614376038,-21.1542911529541
1133,41737_d80c34b9_0,0.014616027474403381,0.12676239013671875
1134,34983_439766af_12,0.001018768991343677,0.8997825980186462
1135,122755_60c41889_10,0.0005192733369767666,-7.321608543395996
1136,76879_65a30a82_2,0.04501361772418022,0.5973557233810425
1137,89816_cef36e57_4,0.0037125349044799805,0.9387767314910889
1138,49406_100c707b_3,0.0013292176881805062,0.846734881401062
1139,105560_a6f91315_10,0.00019204877025913447,-3.1467628479003906
1140,129421_483d2957_5,0.0004206398443784565,-0.7723026275634766
1141,122740_fc5c94eb_33,0.0029596402309834957,0.9093813896179199
1142,135595_656de97a_5,0.0007591810426674783,0.7227254509925842
1143,35740_5322d674_5,0.000162109499797225,-55.26289367675781
1144,23681_932e722e_18,0.001452920725569129,0.9724987745285034
1145,108244_329b1876_17,0.00038374686846509576,-88.16363525390625
1146,125745_cf468448_6,0.0015846568858250976,0.6273922920227051
1147,138838_c9a9e790_6,0.0019380837911739945,0.6232666969299316
1148,102416_b74464a2_4,0.00015830462507437915,-61.79239273071289
1149,30426_2cde26de_21,0.0011068159947171807,-2.28989839553833
1150,137837_9c9f163d_5,0.0010620404500514269,-0.11831772327423096
1151,25487_dd2c17e8_15,0.0059754070825874805,0.22112244367599487
1152,21549_18160a0a_4,0.00016264282749034464,-21.958459854125977
1153,21385_601444ba_0,0.0028983033262193203,0.8196991086006165
1154,35233_add576ba_9,0.0030972911044955254,0.7977094650268555
1155,55345_c6423351_0,0.001415052218362689,0.7709140777587891
1156,110697_4b2725f1_0,0.0013124281540513039,0.9694271087646484
1157,109946_242843a6_1,0.0003474864352028817,-7.191335678100586
1158,34341_d19b12fb_22,0.0001548673171782866,-16.607160568237305
1159,23247_bcd1e84f_21,0.001340037095360458,0.7186312675476074
1160,131765_29b29f08_6,0.000187056721188128,-3.0507497787475586
1161,21395_7d6fda6f_12,0.001271406770683825,-0.11274564266204834
1162,135460_6471e973_15,0.0010089451679959893,0.6685760021209717
1163,51741_49d61151_7,0.007000321988016367,0.7470552921295166
1164,28382_90b7cc0c_12,0.0015484559116885066,0.43832623958587646
1165,30850_05d88af9_2,0.0020958385430276394,0.9135428071022034
1166,86278_1e55d036_12,0.0002816004562191665,-1.096003770828247
1167,67240_525e92c1_1,0.0013116287300363183,-0.05246901512145996
1168,82002_ef2b4feb_6,0.002583460183814168,0.9503602981567383
1169,53364_ec8aad42_1,0.01018269918859005,0.5624700784683228
1170,135771_b030a25c_17,0.000816166284494102,0.05587583780288696
1171,135906_29d7b495_1,0.0009339951211586595,-0.6698410511016846
1172,21822_7d3db422_38,0.0009508579387329519,0.03531825542449951
1173,81136_5b86c723_1,0.0003409484925214201,-1.503817081451416
1174,25473_0991d519_2,0.016296107321977615,0.7180660963058472
1175,73405_94381b7c_5,0.0024506307672709227,0.5880756378173828
1176,24009_c40b0d48_2,0.000714847119525075,0.978047251701355
1177,22162_439af02a_1,0.002212860621511936,0.9564889073371887
1178,146159_f3f80701_0,0.0061244661919772625,-0.6329795122146606
1179,51895_5760b481_15,0.011915098875761032,0.873184084892273
1180,33500_e58e287e_1,0.006930985953658819,0.6773727536201477
1181,31838_2e4bd173_0,0.005062345415353775,-2.3839027881622314
1182,146137_92faaea5_18,0.00017971328634303063,-0.5730923414230347
1183,124879_2257a334_2,0.0006674759206362069,-6.325802326202393
1184,144145_510eedc2_7,0.0025767178740352392,0.9522472023963928
1185,21237_7887a24b_78,0.0030080177821218967,0.7384153604507446
1186,82297_93739ce0_6,0.0014101024717092514,0.5364632606506348
1187,51536_a18dc325_31,0.0004583838162943721,-1.2218241691589355
1188,93103_fdb9fcb7_7,0.0024964939802885056,0.6777529716491699
1189,24590_415f7013_9,0.0020649824291467667,0.6173971891403198
1190,130659_16f2db4c_0,0.0006549256504513323,0.7833386659622192
1191,23083_fdb942ac_2,0.003066716715693474,0.872043251991272
1192,23954_a8c09819_2,0.0023004261311143637,0.9553887844085693
1193,30417_0010bc7c_13,0.0014425880508497357,0.871721625328064
1194,120535_e304dfca_1,0.0017053948249667883,0.8749094605445862
1195,93199_2146e709_9,0.0015180541668087244,0.6514162421226501
1196,23686_cba4f679_15,0.0059141437523067,0.86744225025177
1197,40807_58058731_20,0.004153854679316282,0.9581915140151978
1198,94410_d32e7520_35,0.014988615177571774,0.6268067955970764
1199,79695_fd8bae0e_0,0.0015675813192501664,0.6013910174369812
1200,129422_621d0a90_35,0.00268120807595551,-0.2592630386352539
1201,44932_16cb7f21_5,0.0028434693813323975,0.9194656014442444
1202,136550_8a8672e5_1,0.001992601901292801,0.44062143564224243
1203,20495_e8e7e80c_3,0.0027449666522443295,0.9509050846099854
1204,31962_e5291336_50,0.0015469995560124516,-0.47573912143707275
1205,24888_5be1de05_1,0.00024701529764570296,-3.698025703430176
1206,34114_7e58a97d_10,0.008009885437786579,0.6920589208602905
1207,108433_37a79370_0,0.005001512356102467,0.5580505728721619
1208,22844_9b75b8e0_1,0.0017663268372416496,0.926729679107666
1209,115637_b4d41e8a_0,0.0024542147293686867,0.7624167799949646
1210,53474_f29e4438_15,0.01724080927670002,0.5095498561859131
1211,26766_1aaa348c_0,0.0018546886276453733,0.7367252111434937
1212,51940_67bb0219_7,0.0019451751140877604,0.6821285486221313
1213,41714_1d49f4d1_13,0.00044088682625442743,-0.7386200428009033
1214,21815_7090778f_9,0.0058960821479558945,0.5161356925964355
1215,32843_8e5bdf24_0,0.002808051649481058,0.8755828738212585
1216,23686_cba4f679_10,0.0020980755798518658,0.738552451133728
1217,114425_891ab08d_0,0.006038611754775047,0.2470574975013733
1218,41786_02d48cdd_5,0.002427484607324004,0.6243644952774048
1219,22895_4533b542_1,0.001528259483166039,0.9124101996421814
1220,49016_cd1b47bf_6,0.006763332057744265,0.7857521772384644
1221,51674_a70c1c6c_3,0.0005711604026146233,0.08663779497146606
1222,52972_6e5a5ada_11,0.0034255655482411385,0.8545988202095032
1223,120700_d818883a_8,0.000825032708235085,-0.11706423759460449
1224,34530_9525ffcd_0,0.003991172648966312,0.9249448776245117
1225,24355_99bf3f8f_1,0.0006480278680101037,-0.25494706630706787
1226,56250_3b6024e3_46,0.006766969338059425,0.8803532123565674
1227,56355_727ca47c_3,0.0020923647098243237,0.49476438760757446
1228,35057_9af89947_1,0.0011409277794882655,0.8208726048469543
1229,120881_a946667f_13,0.0005001776735298336,0.31092482805252075
1230,143021_c6df0146_5,0.0003187952097505331,-0.7751924991607666
1231,69240_dc199112_3,0.0014463762054219842,-0.3164060115814209
1232,41733_1ec9b00c_15,0.001762688858434558,0.6329237222671509
1233,30298_24191733_2,0.0004190065956208855,-1.8976967334747314
1234,30400_8824ce97_18,0.0009154981235042214,0.8088380098342896
1235,37040_ecbcd25e_36,0.003078552894294262,0.16969817876815796
1236,23035_6087bb57_4,0.0007996335625648499,-0.19666266441345215
1237,38675_6e07d74b_26,0.021408185362815857,0.703784704208374
1238,31751_e37382e1_9,0.004262675531208515,0.5454868078231812
1239,54601_e1da5b93_4,0.0011221684981137514,0.9776750802993774
1240,142999_171240b6_29,0.006287314463406801,0.5234043002128601
1241,137646_14bca880_0,0.0006435769028030336,0.9405652284622192
1242,37519_442dc408_1,0.0008601357112638652,-0.05110359191894531
1243,47195_a8cd8bad_6,0.0017384530510753393,0.8894510865211487
1244,22474_b10fea1a_6,0.003569865133613348,0.5882730484008789
1245,53200_d1e30b87_10,0.0020552370697259903,0.6423697471618652
1246,41472_f9d73638_9,0.0016286263708025217,-0.6739813089370728
1247,126397_cc08a23d_1,0.000490156002342701,0.20450663566589355
1248,31838_2e4bd173_4,0.0033448897302150726,0.9403692483901978
1249,52006_d21e4570_7,0.0008359182393178344,0.8342996835708618
1250,62109_08c31aa8_0,0.0027261083014309406,0.5142346620559692
1251,49403_458914df_0,0.0007400364265777171,0.562869131565094
1252,122914_76ff1f5e_2,0.0002131045621354133,-17.966882705688477
1253,34913_d23e2a24_2,0.0013999680522829294,0.37355923652648926
1254,104641_2cd02839_15,0.00036182624171487987,-0.04559493064880371
1255,131632_6144b102_1,0.0029533335473388433,0.9648388624191284
1256,30850_05d88af9_0,0.0015891288639977574,0.8753108382225037
1257,86296_8a6ed4d3_7,0.0002569080388639122,0.20871585607528687
1258,34983_439766af_7,0.008185998536646366,0.8833794593811035
1259,33374_7491cbf8_2,0.0336516797542572,0.6744096279144287
1260,50694_afd26bd5_10,0.003960005939006805,0.9574756026268005
1261,50292_e84db1fb_8,0.0004393643466755748,-0.49929893016815186
1262,81367_622a9e51_2,0.0006881543667986989,0.8272010087966919
1263,78966_584c5305_0,0.0005873441114090383,0.6937475800514221
1264,79905_623eae86_1,0.023129737004637718,0.810588538646698
1265,63055_6b907478_15,0.002130276057869196,0.830068051815033
1266,135771_b030a25c_4,0.00021452296641655266,0.7299096584320068
1267,41753_9b4f8d8a_0,0.0011442980030551553,0.9775330424308777
1268,80784_f7ec5f70_1,0.002102626021951437,0.643722414970398
1269,33607_c6f31fa6_10,0.0013337897835299373,0.8366557955741882
1270,22225_a3ce4d29_42,0.0015281342202797532,0.8357815742492676
1271,51938_8b9cba89_5,0.012652355246245861,0.734846293926239
1272,44741_f386a08f_4,0.0022880856413394213,0.9320893287658691
1273,70021_e673ae54_4,0.0020611328072845936,0.9665472507476807
1274,55135_f1186d58_7,0.0016660868423059583,0.8506684899330139
1275,31856_2a5a4e32_12,0.007185420021414757,0.6014066338539124
1276,75303_045fc848_4,0.0019708722829818726,0.697174072265625
1277,129683_3ad38815_10,0.014205869287252426,0.8338782787322998
1278,21894_93f0d052_24,0.001426628907211125,0.8846240043640137
1279,143823_1b04bf80_13,0.0027210828848183155,0.8036462068557739
1280,143823_1b04bf80_18,0.0011396282352507114,-0.10259532928466797
1281,111863_c925f4f3_2,0.0004774827102664858,0.5443868041038513
1282,104633_d0a15bd3_6,0.00394222978502512,0.6694300174713135
1283,48832_22363e53_33,0.001554422895424068,0.9580134153366089
1284,127466_a18ae326_1,0.002390623092651367,0.09933829307556152
1285,22211_b1ee53f0_12,0.005290334112942219,0.7789280414581299
1286,137837_9c9f163d_6,0.00140391883905977,0.6176438331604004
1287,122755_b830e22d_17,0.00044441537465900183,-3.9772820472717285
1288,21299_e9cd80a6_12,0.0006488685612566769,0.12986457347869873
1289,44920_70dd4b80_11,0.0013133585453033447,0.9405820965766907
1290,52987_387431ac_7,0.0013215672224760056,0.9597482085227966
1291,147926_b78316a8_10,0.0007187435985542834,0.370296835899353
1292,144653_e3eccdf1_50,0.0007488675764761865,0.5010643601417542
1293,56458_c027ed41_0,0.0025732447393238544,0.6805788278579712
1294,23495_6366269c_11,0.0021207197569310665,0.9578253626823425
1295,70883_e2d6a103_2,0.018720487132668495,0.7218468189239502
1296,32743_f4c47bbc_34,0.0011460743844509125,0.33202481269836426
1297,30910_38ea5a06_2,0.0013861225452274084,0.7649146318435669
1298,56476_466fc284_17,0.010891289450228214,0.7747235298156738
1299,22604_0b4ffb43_62,0.003067572833970189,0.8720088601112366
1300,21534_6367be99_0,0.0010986827546730638,0.6536558866500854
1301,133026_1085532d_1,0.00047203473513945937,0.8800361752510071
1302,137828_0b0786fb_1,0.0057690818794071674,0.8890919089317322
1303,55627_971fde61_27,0.0009640800417400897,0.8782964944839478
1304,93869_8b1922a3_0,0.0015138739254325628,0.8779101371765137
1305,24393_9acd18c6_3,0.0027184681966900826,0.9492732286453247
1306,44996_b3e9c266_14,0.0003449024516157806,-0.34977293014526367
1307,55300_b9675d43_1,0.002224551746621728,0.9563220143318176
1308,113352_879844fe_0,0.0028130256105214357,0.885451078414917
1309,135317_3c58b0d0_9,0.0007169743184931576,0.3375200629234314
1310,115624_fe3eb392_1,0.012238990515470505,0.4268057346343994
1311,63055_6b907478_21,0.0026503356639295816,0.9033464193344116
1312,40421_032c052f_0,0.0028820077423006296,0.5619345903396606
1313,143029_70554264_3,0.0008597117848694324,-0.4727853536605835
1314,145117_78f63de3_0,0.0012274142354726791,0.6843217611312866
1315,128996_35f2006e_0,0.0003225324908271432,-0.6128772497177124
1316,54503_fc6c6963_1,0.00369648402556777,0.5331341028213501
1317,24657_0168dc6b_1,0.0010430749971419573,0.9744689464569092
1318,130524_13ad16a8_0,0.030062612146139145,0.8513456583023071
1319,142670_33c641dc_3,0.0006376507808454335,0.7577479481697083
1320,65375_674ff0b9_11,0.0022372647654265165,-1.0368733406066895
1321,23168_7fdf5427_3,0.0001724663161439821,-77.78260040283203
1322,41717_ab2075ac_0,0.0013946356484666467,0.9487946033477783
1323,21739_57582b8f_4,0.0026501957327127457,0.8445162773132324
1324,143293_fc5b0ff7_30,0.004218113608658314,0.8849694728851318
1325,135906_587b5c3d_0,0.0008056405931711197,0.5135181546211243
1326,138685_fd9b79cd_0,0.00044576835352927446,0.6435561180114746
1327,119921_5621fcb4_0,0.0038853862788528204,0.3440427780151367
1328,49403_458914df_5,0.0019150628941133618,0.7817443609237671
1329,73525_7f6b2f67_2,0.0009096253197640181,-0.4568976163864136
1330,136994_a3a2f50f_3,0.0025787772610783577,0.7095400094985962
1331,31838_2e4bd173_1,0.00587178161367774,0.872911274433136
1332,35866_d0233b36_6,0.001824685139581561,0.9688928723335266
1333,53053_d6b4d71c_9,0.004117798060178757,0.8930904865264893
1334,90220_7baf1e18_1,0.00043559938785620034,0.4119754433631897
1335,23364_73dd9d4d_10,0.0005765868118032813,0.1713184118270874
1336,52987_387431ac_3,0.001080385409295559,0.9110202789306641
1337,51859_6b2fd0f1_4,0.0006372880307026207,0.6457078456878662
1338,51708_867d4509_12,0.00019575716578401625,-0.6956946849822998
1339,93199_2146e709_3,0.0017805596580728889,0.9622486233711243
