case_num,case_name,MSE,R-Square
0,50417_199cffee_13,0.005565847735852003,0.9566450119018555
1,48516_2b3135bf_11,0.008155904710292816,0.724250316619873
2,41733_1ec9b00c_31,0.004316007252782583,0.5813459157943726
3,31664_1e85c690_0,0.0020124202128499746,0.8918040990829468
4,21893_0500d043_18,0.0017697856528684497,0.9640182852745056
5,31607_9a2f8140_6,0.0008574621169827878,0.971219003200531
6,41774_88a7a483_18,0.001395905390381813,0.659252405166626
7,42143_51b31600_4,0.00016591903113294393,0.664745569229126
8,23104_3b70eba4_13,0.0006432802765630186,-0.058228254318237305
9,129075_8fbf62e5_2,0.00040843980968929827,-0.07783472537994385
10,41624_a15f83c1_13,0.0002958576660603285,0.8547203540802002
11,36088_1ea9c8a9_12,0.0006793176871724427,0.9841521978378296
12,126477_6596d136_14,0.0007695314125157893,0.3024805188179016
13,130441_10c43121_0,0.018452569842338562,0.9059973359107971
14,133385_e6aa64d8_21,0.00039974585524760187,0.7377411723136902
15,26398_b99946da_1,0.002692508278414607,0.9645888209342957
16,61198_0c99f50a_4,8.214606350520626e-05,-4.174929141998291
17,26661_ab88a525_0,0.0006913741817697883,0.200933039188385
18,129075_8fbf62e5_1,0.0018936588894575834,-0.7882986068725586
19,51891_9455ea02_1,0.0020827066618949175,0.9669512510299683
20,34770_6bba5bd4_13,0.001071925857104361,0.9789537191390991
21,21646_a2dd0d00_53,0.000933170085772872,0.9224328994750977
22,68909_4ae1bc2e_1,0.00039306163671426475,0.6306118965148926
23,27866_ece3076e_109,0.00014253376866690814,0.9775243401527405
24,92134_52f13f49_6,0.0006036385893821716,0.6521176099777222
25,23342_7193a931_1,0.00015920920122880489,0.7790284752845764
26,126572_a2d6f794_14,2.9110289688105695e-05,-1.9264676570892334
27,44344_3e0b0b0c_1,5.8605011872714385e-05,-7.116632461547852
28,49331_3bf3bb84_4,0.0033396512735635042,0.9388677477836609
29,33971_46bb0373_0,0.0025289729237556458,0.6769566535949707
30,21517_bfe35b4c_1,0.0002711724955588579,0.6066882610321045
31,23165_369d62aa_6,0.0022471852134913206,0.9728953242301941
32,81846_2907c980_0,0.0019687179010361433,0.9126093983650208
33,24168_a0ede173_111,0.0022533712908625603,0.7774345874786377
34,53461_a5942665_1,0.000929884728975594,0.9655117392539978
35,24907_c72322ea_13,0.0011327308602631092,0.5725810527801514
36,133424_315bcaeb_7,0.0002990228240378201,0.613052248954773
37,40490_916e13fe_0,0.0011805309914052486,0.963229238986969
38,38000_b5822e44_3,0.0016224051360040903,0.9754106998443604
39,138520_f4e0bc0b_63,0.0011038052616640925,-0.053081512451171875
40,61294_9255796d_3,0.0001401136687491089,0.7378277778625488
41,22176_272891b8_0,0.0011918883537873626,0.39540934562683105
42,24815_4f2a57e4_1,0.006092662923038006,0.8210965991020203
43,113343_e692c488_1,0.00024190486874431372,0.6349464654922485
44,33995_18423507_1,0.00025684188585728407,0.654010534286499
45,127897_029949fd_6,0.0013596542412415147,0.9728124141693115
46,123181_4e56fb4f_0,0.0016365881310775876,0.976290762424469
47,22670_9353c710_1,9.252149902749807e-05,0.4361441135406494
48,128642_4d72bf31_2,0.0026156012900173664,-0.4168802499771118
49,146667_fe438b5b_6,0.004499310161918402,0.7252334356307983
50,38260_2a31c6df_2,0.0007695818203501403,0.8915407657623291
51,24443_996411f9_3,0.0018558886367827654,0.9578842520713806
52,142074_34e02b6d_1,0.0004009551485069096,0.8799195885658264
53,41501_b627682a_15,0.006234596949070692,0.45517778396606445
54,24712_da77fe8f_0,0.0019007432274520397,0.9644375443458557
55,32960_0eaa1de8_26,0.0010943763190880418,0.9797298312187195
56,130757_b2c47f8d_2,0.00015498163702432066,-3.631887912750244
57,104817_6d73dc41_0,0.007562006823718548,0.15277618169784546
58,79243_49539d9f_0,0.0021521560847759247,0.95363450050354
59,82012_c533307b_1,0.00041621646960265934,0.6122796535491943
60,107649_e651c5ca_1,0.0001657209504628554,-0.15565121173858643
61,40997_e3c88650_12,0.0018331912579014897,0.9529779553413391
62,143029_70554264_4,0.0006947330548427999,0.9050317406654358
63,27054_342fcf5c_3,0.0003415397077333182,0.6435341835021973
64,41648_577daf16_17,0.000682555721141398,0.7416186928749084
65,89720_4e65191c_1,0.0016408347291871905,0.9602504968643188
66,75382_1b589ea9_12,0.00010958606435451657,0.6867361068725586
67,120371_433ba1ca_2,0.0017503598937764764,0.847347617149353
68,49024_b7f02205_13,0.0027577185537666082,0.8781952857971191
69,51022_47816098_7,0.0029845598619431257,0.9693530201911926
70,41634_4f5d0edb_0,0.00016870707622729242,0.6626514196395874
71,23170_6ea8ded5_3,0.0024668287951499224,0.958717405796051
72,69589_cd2fa794_8,0.0026551063638180494,0.826392412185669
73,41504_85e300ee_0,0.00500141829252243,0.3171083331108093
74,128996_42176b10_0,0.001693504978902638,0.8629308938980103
75,38920_e81879c2_7,8.327443538291845e-06,-9.01559066772461
76,148051_c59af578_6,0.0013502691872417927,0.9632254838943481
77,65494_16d62db5_0,0.00023910692834760994,0.6795958280563354
78,25473_0991d519_0,0.0028322262223809958,0.9334607720375061
79,75270_25a261ef_5,0.001398456864990294,0.8604626059532166
80,49613_1b97c07b_12,0.0001820074685383588,-0.933074951171875
81,115633_a2c63339_1,0.0004918234189972281,0.8545284271240234
82,52366_63042db4_1,0.0031548161059617996,0.9281973838806152
83,30282_88c6933c_5,0.002083598170429468,0.7507331967353821
84,53474_f29e4438_12,0.015846533700823784,0.4812071919441223
85,24026_1dd4094b_21,0.0018736826023086905,0.7862692475318909
86,21225_c081eae3_2,0.0018724737456068397,0.7524977326393127
87,35057_9af89947_8,0.0005567955668084323,0.5527338981628418
88,43529_4804941b_20,0.0007531466544605792,0.9770477414131165
89,22103_fd11c71b_3,0.001024384400807321,0.8720855712890625
90,51536_a18dc325_0,0.0018176956800743937,0.9035313129425049
91,24230_636208ab_13,0.001341073657386005,0.17647278308868408
92,41117_1b3271f2_56,0.003501506522297859,0.9459311962127686
93,140499_419d5823_0,0.0005672219558618963,0.9509677886962891
94,115524_a949e82c_2,0.00023847882403060794,0.07102656364440918
95,29833_0ed4880f_3,0.0006636643083766103,0.9880591034889221
96,127556_4823a42a_6,0.0018261889927089214,0.6932408809661865
97,23960_48cc0f21_19,0.00011024095147149637,-0.5458890199661255
98,132987_ba18d2eb_11,0.00021692232985515147,0.5846226215362549
99,51337_f8636fd9_30,0.000301934516755864,0.6588541269302368
100,40999_cad6be09_18,0.0015826590824872255,0.9625821113586426
101,136886_99fbdef3_0,0.00020314197172410786,0.6513969302177429
102,30447_4ed3b778_7,0.010657577775418758,0.9607348442077637
103,55811_bc667b2d_13,0.0014927942538633943,0.431696355342865
104,41716_d55164d4_1,0.0006618782645091414,0.7683616280555725
105,33610_aa697fc9_6,0.0007247649482451379,0.946503221988678
106,55095_fa260d33_6,0.0022199051454663277,0.9414847493171692
107,115639_bc0cc622_0,0.004524937365204096,0.668698787689209
108,20841_1620ae7d_0,0.0011502105044201016,0.8416460752487183
109,50823_d1830e58_2,0.0015505324117839336,0.6930625438690186
110,109762_cb162371_48,0.0006856025429442525,0.7590775489807129
111,41387_5f752e39_23,0.0007061739452183247,0.9738844633102417
112,121540_629c716f_0,0.0007429494871757925,0.9685494899749756
113,118539_1dff9cf9_12,6.0265745560172945e-05,-3.407553195953369
114,30714_dafa62f6_2,0.01086859405040741,0.8578057289123535
115,79633_bbbde75f_0,0.005380403250455856,0.8687791228294373
116,33059_531cfd5e_11,0.0006241420051082969,0.8978548049926758
117,20697_d3e106b4_4,0.00019733862427528948,-0.657354474067688
118,136062_0027ff97_6,0.0004773432156071067,0.955960750579834
119,146291_6b0c8db3_1,0.03851223737001419,0.10372018814086914
120,45466_5f662bcb_0,0.00016133079770952463,0.6678215861320496
121,144500_7f600ab6_0,0.000659792625810951,0.938987135887146
122,44996_b3e9c266_4,0.00025480028125457466,0.9461816549301147
123,40713_4c9264ef_0,0.0017730718245729804,0.7634307146072388
124,132384_0fcab1fa_13,0.0007925828103907406,0.14735788106918335
125,33738_77d49563_2,0.00037994852755218744,0.5583600997924805
126,129422_621d0a90_33,0.000442306452896446,0.7918311357498169
127,115633_fd3c9b97_32,0.0002497707027941942,-0.023481249809265137
128,69337_a122ffde_1,0.0006268939469009638,0.9359269738197327
129,37241_29f91452_0,0.0009679354843683541,0.9776083827018738
130,141199_9ae000ef_6,0.0022807037457823753,-0.9278450012207031
131,147133_92c04b84_4,0.000768334255553782,0.324240505695343
132,77687_cbb18594_50,0.0011694341665133834,0.19280463457107544
133,144290_2a679085_11,0.00014614046085625887,0.5695950984954834
134,130825_c59bbbfb_0,0.0011916845105588436,0.9695038795471191
135,82512_252da752_6,9.81995435722638e-06,-14.192523002624512
136,115624_d0acb46b_24,0.0026552993804216385,0.971189558506012
137,92134_52f13f49_7,0.0007143461843952537,0.5518186092376709
138,100326_0602c712_7,0.0007808502414263785,-0.23086881637573242
139,134630_f9e85072_0,0.003430353943258524,0.2103063464164734
140,108943_b07b2543_1,0.0011997140245512128,0.8021640777587891
141,125416_ab456bc3_5,0.004585565999150276,0.6106781959533691
142,57222_33b428d7_69,0.0002939731057267636,0.7059824466705322
143,24650_dad8c8ee_13,0.0011001399252563715,0.9805062413215637
144,41749_14d0599c_1,0.001760688261128962,0.7380869388580322
145,49396_98ab955d_27,0.0003566555678844452,0.7671504020690918
146,136892_e2a0b32c_4,5.777724436484277e-05,-0.4856663942337036
147,31962_e5291336_28,0.0012829734478145838,0.972000002861023
148,34231_e27353cb_0,0.0005338643677532673,0.4386906027793884
149,112724_d334de09_0,0.004464671015739441,0.9306076169013977
150,56486_82b3e23a_21,6.695236515952274e-05,0.22144746780395508
151,40500_6055e3d7_17,4.239797272020951e-05,-0.42629849910736084
152,39468_15fb2e60_43,0.0005171888042241335,0.1560996174812317
153,141710_17531562_7,0.0015206466196104884,0.957023024559021
154,33529_756075a0_12,0.0013656168011948466,0.7324749231338501
155,54169_3a875f10_8,0.0033433183562010527,0.9118166565895081
156,41023_5445cb61_9,0.0007280396530404687,0.359708309173584
157,146380_5c569eeb_2,0.001962267793715,-0.05466604232788086
158,24195_9791f5d3_38,5.2357361710164696e-05,-0.0324627161026001
159,26573_7f7e176d_2,0.005589401349425316,0.9504238367080688
160,22734_f6bad9f7_25,0.010108372196555138,0.8371312618255615
161,48112_9538e204_0,0.0010854583233594894,0.9784535765647888
162,127545_6fa39158_10,0.007375478278845549,0.942646324634552
163,23788_5c0b60c6_0,0.0009554028511047363,0.4983294606208801
164,23792_5b4c1ce0_21,0.0016034935833886266,0.9494033455848694
165,146067_46e58ab3_1,0.006816603243350983,0.9567520618438721
166,101072_dec6f415_3,0.0004963212995789945,0.772490382194519
167,22829_b6649a29_0,8.0502824857831e-05,-0.3348245620727539
168,55389_a736bd99_0,0.0006628857809118927,0.6478784680366516
169,30259_d709601c_9,0.007837957702577114,0.7767142653465271
170,35866_d0233b36_13,0.0001013143701129593,-0.07581102848052979
171,34563_52848c45_5,0.000470841332571581,0.809415876865387
172,44519_90af0df6_7,0.0011709321988746524,0.6584248542785645
173,114111_59282658_8,0.0004059418570250273,0.8610939383506775
174,45922_26941172_15,0.022714750841259956,0.6197601556777954
175,41303_bd1def52_3,0.00034173662425018847,0.9135909080505371
176,22053_de30641b_1,7.310707587748766e-05,-0.119118332862854
177,22298_51433023_4,0.0013426294317469,0.9707471132278442
178,23479_81a49137_0,0.002066547516733408,0.2492726445198059
179,22225_a3ce4d29_37,0.00211317022331059,0.9707430601119995
180,135669_490cd2d7_14,0.011702409014105797,0.37232011556625366
181,32173_8b075b1a_4,0.0012346842559054494,0.9800010919570923
182,145119_24107428_5,0.0013536231126636267,0.8973233699798584
183,41774_88a7a483_36,0.000287336646579206,0.8523241281509399
184,133549_1b6c58d6_0,0.0024669356644153595,0.94749516248703
185,40936_6de8f4f4_0,0.008117977529764175,0.9493584632873535
186,23008_3d1bb7b2_0,0.0219402015209198,0.6852012872695923
187,38360_ad61c9b2_1,0.0006961383624002337,0.5477043390274048
188,136109_3d342d3c_2,0.0004799645976163447,0.9807042479515076
189,135790_a27f9deb_11,0.0003373740764800459,0.5816250443458557
190,140249_7c1c5bba_0,0.00018608447862789035,0.7734816670417786
191,128996_a3d026d6_0,0.0022467728704214096,0.5395780801773071
192,23235_f9ccb8b0_0,0.0024282813537865877,-0.9149752855300903
193,93671_f7290ded_0,0.00040999430348165333,0.757050633430481
194,51109_97b211c3_7,0.0006952745607122779,0.9150252938270569
195,51916_fa226b15_13,0.00016458486788906157,0.6443769931793213
196,86268_094d3fab_1,0.0011776370229199529,0.9764521718025208
197,39637_ca6a9a60_1,0.004485619720071554,0.4452592134475708
198,47219_93cb3619_3,0.04178212210536003,0.26407086849212646
199,47878_0edb6829_0,0.0033524837344884872,0.9403778314590454
200,26764_ab35159a_6,0.002667540218681097,0.8935234546661377
201,34341_d19b12fb_12,0.0001861683849710971,0.7949946522712708
202,118342_c702e084_6,0.0014267878141254187,0.9674074053764343
203,49886_dd68dccb_4,0.0036742216907441616,0.7218035459518433
204,23493_57512264_5,0.00012264233373571187,0.6133557558059692
205,31751_e37382e1_5,0.001738875056616962,0.9554594159126282
206,24338_848cab42_6,0.006201568990945816,0.5100518465042114
207,24916_42eacca3_10,0.0014286284567788243,0.22815430164337158
208,137485_a953e1be_2,0.0007685019518248737,0.9846338033676147
209,23706_ef15ef9c_18,0.00345846195705235,0.7705904245376587
210,143671_eaf4d13b_6,0.0022798944264650345,0.965214729309082
211,53470_39f2e9dc_13,0.0007887156680226326,0.0004658699035644531
212,145772_59253c6d_3,0.00020914713968522847,0.7052919864654541
213,51893_d531e2bd_2,0.0009408781188540161,0.9795138835906982
214,39389_d641313f_8,0.0045180548913776875,0.8276085257530212
215,51595_41f3d1a3_5,0.00038185069570317864,0.6374857425689697
216,51674_a70c1c6c_15,0.00021736470807809383,0.1719038486480713
217,37617_3f415463_5,0.00019056473684031516,0.8554632663726807
218,31862_a89f21f9_3,0.0008869072771631181,0.9736427664756775
219,40519_55a097c6_11,0.0047186207957565784,0.7248785495758057
220,111306_9108c940_0,0.0020702548790723085,0.6038147211074829
221,136640_16741d62_4,0.0006172385183162987,0.5799668431282043
222,23155_d7305c5f_2,0.007012767717242241,0.8579520583152771
223,43934_912ff891_41,0.00017807920812629163,0.15110164880752563
224,57017_6033d1e5_0,0.0013324356405064464,0.9329190850257874
225,126913_d253adb7_1,0.001319158123806119,0.4724489450454712
226,130752_52d74f2f_48,0.0026993793435394764,0.8180334568023682
227,124177_71283cad_0,0.0013371799141168594,0.8968891501426697
228,24650_dad8c8ee_18,0.0013497249456122518,0.9654979705810547
229,55199_4d57661f_2,0.0042757634073495865,0.7440252900123596
230,115010_eb737aaf_20,0.003372013568878174,0.9354292154312134
231,27855_19c5895a_12,0.0005806985427625477,0.6954256296157837
232,52772_a6e6e320_0,0.00035715472768060863,0.5207008123397827
233,90917_3d2d21a9_0,0.004203759599477053,0.903855562210083
234,40703_5f4e45d4_7,0.0011756104649975896,0.9766784906387329
235,132622_911efd2f_1,0.007421994581818581,0.8889041543006897
236,43441_e1ab0873_6,0.05034918338060379,0.2051563858985901
237,34917_61633e20_6,0.0020955363288521767,0.9545688629150391
238,67221_275ba7e6_4,0.002109697088599205,0.9576812982559204
239,130719_e4764a36_10,0.0004299136344343424,0.06252336502075195
240,136318_130d6a06_20,0.0012716591591015458,0.8840100169181824
241,99636_73c43ebd_10,0.0012218785705044866,0.9670304656028748
242,29377_3a04cb8d_6,0.0008103698492050171,0.881775975227356
243,23018_63087a41_47,0.0012490269728004932,0.9658111333847046
244,26165_100fec74_4,0.00019601511303335428,0.3832399249076843
245,135934_d2f6bb2e_46,0.0005263086059130728,0.7445103526115417
246,24039_448afafa_5,0.005602668505162001,0.729981541633606
247,32775_a79b406b_14,0.002337211510166526,0.7021977305412292
248,23686_cba4f679_0,0.0010177497752010822,0.9034790396690369
249,35147_bc9f2c5d_0,0.0030876807868480682,0.501552402973175
250,136337_1351909b_2,0.009804973378777504,0.7671072483062744
251,139222_2c10ca9a_1,0.0040992628782987595,0.647352933883667
252,139379_fe5c3f64_0,0.0009314294438809156,0.965660810470581
253,33084_344fec27_2,0.002162023913115263,0.9593029618263245
254,24775_d5c98d77_0,3.983993155998178e-05,-0.22813093662261963
255,56344_3a89f085_23,0.0016278899274766445,0.8491266965866089
256,135112_cf8007b8_5,0.0027723670937120914,0.931736409664154
257,50706_20d07d57_2,0.009105573408305645,0.9127439260482788
258,51744_cd355565_5,0.0018938010325655341,0.9432770609855652
259,51464_da501c24_0,0.002675117924809456,0.4727321267127991
260,126572_a2d6f794_23,6.74458424327895e-05,-1.334277629852295
261,70021_e673ae54_2,0.00015893035742919892,0.7710074782371521
262,25144_31b089b6_5,0.0009079703013412654,0.588733971118927
263,24715_55aac5f2_2,5.085278462502174e-05,-3.2334890365600586
264,24532_f82f8000_2,0.001746324822306633,-0.4137169122695923
265,30664_a3084f71_1,0.0016947288531810045,0.29145461320877075
266,81145_5c13a8e9_1,0.00041265113395638764,0.5785180330276489
267,132037_2abb8c63_10,0.0003321734839119017,-0.5269391536712646
268,50414_ac159b58_2,0.0014735152944922447,0.9464479684829712
269,21601_360ce1c7_7,0.0014211020898073912,0.9741735458374023
270,22119_27e3ecbe_9,0.0018230814021080732,0.9434672594070435
271,145120_74f7316f_0,0.009858854115009308,0.5542666912078857
272,74574_c302ff1f_0,0.00043390123755671084,0.4301021099090576
273,52443_085efc00_4,0.00037115346640348434,0.8787257671356201
274,147546_ede0f31c_3,0.007659879978746176,0.8343571424484253
275,22492_047b125b_21,0.0034884316846728325,0.9190356731414795
276,72313_5a86e234_0,0.04253794625401497,0.1874178647994995
277,45589_49e3c7ea_2,0.001052466337569058,0.9682638645172119
278,83432_a7f85698_0,0.003147162962704897,0.9293110966682434
279,32775_a79b406b_0,8.008639269974083e-05,0.22876060009002686
280,121703_69c4a5ac_3,0.00026197824627161026,0.05077183246612549
281,80901_e9080573_6,0.0017710077809169888,0.9308861494064331
282,21809_8bd6b10e_3,0.033151693642139435,0.27033060789108276
283,49396_98ab955d_15,0.002179196337237954,0.7922154068946838
284,33766_14917a4a_19,0.0016753505915403366,0.9627237319946289
285,26661_ab88a525_8,0.0015689019346609712,0.9560180306434631
286,44030_17bd5ec9_0,0.0019342305604368448,-1.3777625560760498
287,53221_74fa81cd_7,0.0004643876163754612,0.5985754728317261
288,21887_3306168f_7,0.005803643260151148,0.4217262268066406
289,86185_85fde9e6_0,0.0015020051505416632,0.7704480886459351
290,87951_500b1dcd_2,0.0004763383185490966,0.4900781512260437
291,22276_69c5036b_11,0.0020044182892888784,0.9475569725036621
292,41721_44151488_5,0.002596084261313081,0.7596177458763123
293,102293_5d04e48d_0,0.01915111392736435,0.0913580060005188
294,77687_cbb18594_20,0.00042938170372508466,0.4043883681297302
295,133248_1bab99ae_0,0.0011393144959583879,0.4977661371231079
296,24051_4852a192_2,0.001533317961730063,0.9473713636398315
297,86806_2993395a_1,0.00024323779507540166,0.7935075759887695
298,38558_b0d6b3f8_1,0.0006480967858806252,0.9866979718208313
299,140549_7d01813c_0,0.02755652368068695,0.12585288286209106
300,24559_3c306e71_1,0.0011286978842690587,0.8263958692550659
301,70350_751de4b0_13,0.0047392575070261955,-0.9305106401443481
302,39101_23fec10f_8,0.004373583011329174,0.5346996784210205
303,24942_9d1b2ff2_8,0.0011358800111338496,0.9867605566978455
304,30850_05d88af9_3,0.023584308102726936,0.6078208684921265
305,113358_08641c94_4,0.0029160245321691036,0.9093868136405945
306,21234_8b71bd47_27,0.0017635849071666598,0.36197495460510254
307,26245_4aac38e1_21,0.0002681159821804613,0.37793463468551636
308,66072_d301cc88_0,0.0012400054838508368,0.4637545347213745
309,21894_93f0d052_23,0.001312807435169816,0.8703303337097168
310,147816_7fb70c2b_2,0.0010975104523822665,0.8848835825920105
311,49120_4131d1e7_1,0.0002683651400730014,0.9462714791297913
312,52224_ca16c854_4,0.002013843273743987,0.7124232053756714
313,105762_19e04e0b_1,0.0003297683142591268,-1.60323166847229
314,30400_8824ce97_36,0.0008699843310751021,0.8746897578239441
315,95199_ffcff41e_0,0.00027360301464796066,0.7196727991104126
316,50417_199cffee_3,0.0004347970534581691,0.6615981459617615
317,24544_d06c82dd_5,0.0009434481617063284,0.9843867421150208
318,22604_565b91f5_2,0.0011232736287638545,0.9531334042549133
319,22788_b6a9e30a_4,0.0005745278904214501,0.8564291000366211
320,45789_d5126eab_14,0.0014626068295910954,0.701227068901062
321,37267_b2be4b50_3,2.910443436121568e-05,-1.928572416305542
322,34330_5eff1ee1_3,0.0012762397527694702,0.851057231426239
323,137999_d934160e_1,0.00011269909009570256,0.12821245193481445
324,134921_f5efde94_27,0.00017365158419124782,0.8403443098068237
325,53470_39f2e9dc_8,0.00012286569108255208,-0.3783903121948242
326,23497_f292546d_25,0.0024689571000635624,0.8973859548568726
327,22289_4b848f64_2,0.0005644220509566367,0.9235571622848511
328,31392_84b62622_2,0.0019141059601679444,0.8404764533042908
329,51347_1fc6f329_0,0.0012174975126981735,0.7264947891235352
330,50777_2934de55_6,0.0016977451741695404,0.9394301772117615
331,32841_954e8c1a_0,0.00020439595391508192,0.7891249656677246
332,31530_6744ae73_3,0.001977035542950034,0.9709813594818115
333,65827_d1469ad6_1,0.00021819572430104017,-0.6328933238983154
334,145461_30637b22_8,5.226811845204793e-05,-1.0892024040222168
335,31973_093ea963_13,0.0007573322509415448,0.7051776647567749
336,70355_e5f58cd5_14,0.002075327793136239,0.797603964805603
337,77687_cbb18594_40,0.00021153982379473746,0.0653943419456482
338,24392_fce351ea_0,0.0005554658127948642,0.7022152543067932
339,36853_7efccb8c_3,0.0018815958173945546,0.7431884407997131
340,41644_d15f8e2b_5,6.565123476320878e-05,0.6616834998130798
341,131762_9b5e5ff5_2,0.002098746132105589,0.8732581734657288
342,82193_96ef9433_2,0.0011169244535267353,0.9825941920280457
343,31347_386f6298_15,0.0015399893745779991,0.9637899398803711
344,34568_fbe47bf9_0,0.0002196354471379891,0.37128323316574097
345,115624_fe3eb392_3,0.001717248116619885,0.9607008695602417
346,130446_e7b58dbe_0,0.019574018195271492,0.21027100086212158
347,104641_2cd02839_33,0.00014382867084350437,0.6857844591140747
348,31460_39fdfc6a_7,0.0022392000537365675,0.49598580598831177
349,95541_ced8f936_0,0.0012404726585373282,0.9732648730278015
350,23126_725969ea_17,0.001187384594231844,0.8745468854904175
351,23676_52069f98_5,0.00012434068776201457,0.5317561626434326
352,137637_ed9c537d_0,0.0008678806480020285,0.7854039669036865
353,22474_b10fea1a_2,0.0014001724775880575,0.9660851359367371
354,143017_21d96cc2_10,0.0017286721849814057,0.7507961988449097
355,105270_34f92afd_1,0.00028184481197968125,0.6046911478042603
356,95622_0a0787e4_4,0.0012325389543548226,0.9815911054611206
357,55854_13f0399b_0,0.002777033019810915,0.9402296543121338
358,22118_1e09e0eb_5,0.0016211018664762378,0.9308615326881409
359,146717_3e6a84c1_7,0.003223562613129616,0.9516806602478027
360,63132_330141d7_3,0.00035159324761480093,0.9286949634552002
361,115633_fd3c9b97_46,0.0007458398467861116,-0.5362429618835449
362,21644_aa203dc5_29,0.000454674125649035,0.8883984088897705
363,79791_00f639ca_15,0.0015695802867412567,0.973574697971344
364,60711_42b5a13e_1,0.0013336408883333206,0.8523085713386536
365,137483_cdb8989d_0,0.0005581243894994259,0.988347053527832
366,21644_aa203dc5_26,0.0005894334171898663,0.8982693552970886
367,131876_b2384623_0,0.0008734168368391693,0.43606406450271606
368,23706_ef15ef9c_10,0.0007834099233150482,0.880151093006134
369,68948_0d2a01cd_9,0.0029611028730869293,0.9169502258300781
370,145137_4e9eef42_1,0.0015192680293694139,0.6944381594657898
371,30426_2cde26de_20,0.011866632848978043,0.8649680614471436
372,31378_34c52a73_0,0.00045610303641296923,0.8733780980110168
373,92134_52f13f49_4,0.001137865474447608,0.2320629358291626
374,119634_fc722479_1,0.0014188142959028482,0.9804793000221252
375,24032_d6172503_24,0.0016899972688406706,0.29242807626724243
376,136401_69f29349_4,0.00016774673713371158,-1.6027607917785645
377,41871_f9a1ad02_26,0.0011892345501109958,0.9097001552581787
378,48220_87941c4e_116,0.0024748786818236113,0.6337613463401794
379,115012_9ed88535_2,0.0021992139518260956,0.12161046266555786
380,69488_025cf0a2_1,0.018507331609725952,0.8745399713516235
381,147427_69f68da4_3,0.00012108491500839591,0.6643974781036377
382,33766_14917a4a_32,0.0011736176675185561,0.9577823877334595
383,51747_3d58eae0_0,0.0007509429124183953,0.8991687893867493
384,33785_a4c23f61_0,0.020235026255249977,0.9236617684364319
385,114935_797875fe_2,0.004998171702027321,0.8181651830673218
386,51775_49ef614a_26,0.0001605626312084496,0.7145223021507263
387,38196_ea48fa42_3,7.883248326834291e-05,0.07779461145401001
388,140413_44177109_21,5.0621674745343626e-05,0.07357907295227051
389,27676_79237cc5_1,0.0024480971042066813,0.19911283254623413
390,52883_e518d3f4_33,0.0009583487408235669,0.9811214208602905
391,34347_841c5375_2,6.1006805481156334e-05,-0.2404029369354248
392,55289_292737cb_0,0.0010749632492661476,0.9793626070022583
393,50606_82cb18e2_0,0.0003858860582113266,0.9848340153694153
394,30407_efa567f2_4,0.002166825346648693,0.947752833366394
395,31647_ab9ad9dc_13,0.0012871576473116875,0.8753020763397217
396,24896_58b4730f_17,0.0008671324467286468,0.8382666707038879
397,23602_5daaccf5_4,0.0022582418750971556,0.8422716856002808
398,27725_5cceaeb7_10,0.00037399973371066153,0.2230074405670166
399,127734_395dcf7d_5,0.013137980364263058,-1.1363255977630615
400,31957_d864f861_3,0.005392642691731453,-0.09893238544464111
401,49415_1671b60c_4,0.0010853013955056667,-0.014794111251831055
402,45110_fae73324_4,0.0010998802026733756,0.9413039684295654
403,22343_34184fd5_18,0.00021014724916312844,0.19995760917663574
404,22848_cc91b848_38,5.10622703586705e-06,-4.88610315322876
405,73652_23b21ef2_1,0.0014427482383325696,0.970988392829895
406,65569_bd890a32_1,0.00042506001773290336,-3.0771021842956543
407,48220_87941c4e_111,0.0040434738621115685,0.2918378710746765
408,30394_e30f932c_0,0.002380100078880787,0.8638167381286621
409,21941_1a683ec2_26,0.0013134086038917303,0.9451543688774109
410,25564_e646fcb3_1,0.0001633740757824853,0.4482647776603699
411,134053_87a32e31_3,0.00023230513033922762,0.36612027883529663
412,87950_af56e26e_2,0.002121324185281992,0.844739556312561
413,51458_54240b70_17,0.00017945715808309615,0.8017814755439758
414,40688_effe215a_1,0.0034940929617732763,0.9134751558303833
415,131494_c8a441d0_0,0.0007849775720387697,0.847141444683075
416,26768_c4df841f_21,0.00081820716150105,0.04156368970870972
417,136892_2d5f55a9_0,0.0048568518832325935,-0.06505191326141357
418,54652_d60ac3e0_10,0.002890253672376275,0.8431946039199829
419,51747_3d58eae0_1,0.0016956640174612403,0.3068195581436157
420,54650_df3655c1_0,0.00017457094509154558,-0.9120004177093506
421,41125_711db4bf_58,0.0012320654932409525,0.8629537224769592
422,45418_f603706b_2,0.0005863766418769956,0.8516862392425537
423,21852_6cf9a734_18,0.005847934167832136,0.9500172734260559
424,122515_758d8b70_6,0.00016099002095870674,-131.94345092773438
425,104081_05ba54fa_2,0.0010298992274329066,0.5674622654914856
426,41672_cf87e0b6_0,0.001198350335471332,0.815048336982727
427,22638_37f9fe91_1,0.00013079322525300086,0.6135945320129395
428,24559_3c306e71_3,0.0015770973404869437,0.7135462760925293
429,31589_ac31215d_8,0.00044966646237298846,0.7620501518249512
430,49603_143b8bd2_35,0.0026266213972121477,0.7921142578125
431,127965_c64a91da_0,0.00138382101431489,0.6418589353561401
432,36062_f2fb6808_1,0.0001349153317278251,-0.24688780307769775
433,139280_8874b1ab_18,0.0003265012928750366,0.6862601637840271
434,30997_24dea167_4,0.0025860571768134832,0.7667365670204163
435,143471_eb185912_5,4.7883102524792776e-05,0.5097244381904602
436,23176_1bf2a2d5_10,0.005318913143128157,0.7800964713096619
437,98299_b8146029_5,0.0009207006660290062,0.9202640652656555
438,23466_1cf60d09_4,0.0034329385962337255,0.904008150100708
439,41591_2d0bd0d5_3,0.0008598797721788287,0.9697723388671875
440,134929_9049dcec_1,0.0005558253615163267,0.7019550204277039
441,41785_e8bf0528_0,0.002410976914688945,0.8949421644210815
442,31460_39fdfc6a_6,0.0015961325261741877,0.9658181667327881
443,133710_00be7f31_1,0.01094034407287836,-0.25533103942871094
444,24532_f82f8000_0,0.0005379225476644933,0.881677508354187
445,21234_8b71bd47_3,0.0006353561766445637,0.038217246532440186
446,35175_6edc4126_5,0.0010346830822527409,0.970017671585083
447,20495_e8e7e80c_1,0.0005432976759038866,0.3665124773979187
448,76546_c17e95aa_2,0.00013591912284027785,0.20049959421157837
449,41654_e75f89df_0,0.0014529575128108263,0.9211392998695374
450,109772_f1a0845e_6,0.0006104460335336626,0.6472730040550232
451,34913_d23e2a24_0,0.001394196879118681,0.9225407242774963
452,25203_1cc0cb3c_12,0.001849369378760457,0.9691357016563416
453,37160_2a95674a_4,0.0013809868833050132,0.9098513126373291
454,69240_dc199112_4,0.002640849445015192,0.49837827682495117
455,25176_d9130589_0,0.0007560024387203157,0.9006422162055969
456,69235_fe79a369_0,0.00017755641601979733,0.6012355089187622
457,39468_15fb2e60_9,0.0016356068663299084,0.7627150416374207
458,103284_e25015aa_6,0.00023598878760822117,-0.8807988166809082
459,30377_e18ea3de_0,0.001048229867592454,0.15079981088638306
460,66080_f578d52b_4,0.001700954046100378,-7.742430686950684
461,37444_52b27e94_14,0.00329147488810122,0.4987247586250305
462,38675_6e07d74b_31,0.0013105449033901095,0.9585316181182861
463,21680_360ba5c7_28,0.0012957273283973336,0.9055947065353394
464,142032_5c32b7db_2,0.0018730609444901347,0.9655091762542725
465,44210_a155c2d1_0,0.013465975411236286,0.7002416849136353
466,38287_88ec74de_92,0.0006379482802003622,0.9058203101158142
467,29572_2f9283f2_4,0.002242224058136344,0.8329761624336243
468,28300_b3a6ab79_10,0.001180514576844871,0.9591802358627319
469,136129_e6a20c7d_5,0.00023538048844784498,0.6388494968414307
470,119381_e4d13609_0,0.0022165619302541018,0.9161373376846313
471,30729_b4d83b07_4,4.5200471504358575e-05,0.07181644439697266
472,140413_44177109_11,0.0021369019523262978,0.8994974493980408
473,26384_83eddf22_0,0.0007518359343521297,0.9425977468490601
474,82285_e7a738e7_2,0.009179158136248589,0.23543179035186768
475,108599_347602af_0,0.0022314912639558315,0.9306069612503052
476,119889_41a6f268_1,0.0005025937571190298,0.2582908272743225
477,55006_94230c00_1,0.0008464314159937203,0.9735374450683594
478,21517_bfe35b4c_10,0.0002004864509217441,0.9078701138496399
479,20818_098cad7c_6,0.00044185854494571686,0.5268192887306213
480,41855_b82e6ae8_6,0.0009873639792203903,0.8858631253242493
481,137166_90691294_8,0.00021416413073893636,0.8577756881713867
482,69561_f274e705_26,0.0006312862387858331,0.9695647954940796
483,51579_d0c3e154_0,0.0015758228255435824,0.9333189725875854
484,23676_52069f98_4,0.001422576722688973,0.9552059173583984
485,31962_e5291336_1,0.000702905235812068,0.9792032837867737
486,57222_33b428d7_1,0.00012218841584399343,0.9092878699302673
487,51586_2ad96f8c_17,5.655206769006327e-05,0.31978386640548706
488,41473_c2137170_32,0.0006986496155150235,0.8911128044128418
489,31123_9a1bfc50_2,0.0013105281395837665,0.9010337591171265
490,23211_3aac9c7e_0,0.0005143367452546954,0.9036297798156738
491,45798_b573e9da_5,0.017848951742053032,0.07991307973861694
492,27847_d2436f7c_37,0.0003924576158169657,0.5463941097259521
493,54736_6ee1b513_1,0.001129606505855918,0.02407240867614746
494,132901_7d205bb4_9,0.00031064351787790656,-1.0596227645874023
495,73762_8c704690_0,0.005141925998032093,0.30661094188690186
496,23209_1592b0a4_1,0.001325724646449089,0.9080607891082764
497,49024_b7f02205_2,0.00018644653027877212,0.5272977352142334
498,147630_7f858240_15,0.0003993838035967201,0.9296373128890991
499,69337_2c778611_11,0.0003577958850655705,0.7893915772438049
500,82498_92a00cd6_1,0.0007283061277121305,0.7743403911590576
501,78775_e2d8b091_1,0.0011352214496582747,0.846024751663208
502,40067_95ae6c76_9,0.0012721115490421653,0.863720715045929
503,80756_6f2e842f_0,0.0012870291247963905,0.7381303310394287
504,25284_1da7aa8a_0,0.000609244336374104,0.8794422745704651
505,55605_2f8bc12e_62,0.0021306807175278664,0.9271301031112671
506,39792_60786b6c_15,0.0028896022122353315,0.9419902563095093
507,34063_0ca1585e_2,0.0013732986990362406,0.10984307527542114
508,31664_1e85c690_13,0.0014802812365815043,0.9576742649078369
509,131193_98f3ac52_1,0.0005880673415958881,0.7369766235351562
510,120221_e2eaa34b_2,0.0020673207473009825,0.2906224727630615
511,130286_1f71bfed_3,0.0024778752122074366,0.2618154287338257
512,118342_e8142153_21,0.00041639429400675,0.8461204171180725
513,128043_9f8cd69e_1,0.0003704928094521165,0.48958706855773926
514,41504_85e300ee_1,0.00020462108659557998,0.11890709400177002
515,78863_d59be42e_0,0.002631002338603139,0.6837153434753418
516,31733_5118b376_3,0.005270940717309713,0.9623860120773315
517,22208_e177deb7_5,0.0015088192885741591,0.6395446062088013
518,24026_1dd4094b_43,0.0004514423490036279,0.605181097984314
519,73388_10a40b49_1,0.011166034266352654,0.3426755666732788
520,138219_cdff4f61_0,0.00136781414039433,0.09729713201522827
521,49399_dc56d180_1,0.0023311269469559193,0.9564023613929749
522,41306_8f26e703_3,0.0007328838692046702,0.747401773929596
523,51590_034b8b08_14,0.057858433574438095,0.021540522575378418
524,48402_8c965495_4,0.00019426686048973352,0.7205483913421631
525,26388_a3367cba_0,0.008937298320233822,-0.11402714252471924
526,28300_b3a6ab79_6,0.0012561074690893292,0.9579750299453735
527,43938_418421a7_0,0.0010953092714771628,0.503495991230011
528,41520_60018d18_0,0.00013162067625671625,0.052317917346954346
529,137869_344b239b_0,0.0008707103552296758,-1.048149585723877
530,41648_577daf16_0,0.01144457794725895,0.5101053714752197
531,31347_386f6298_10,0.0022850558161735535,0.9567561745643616
532,82190_24b1b0fe_12,0.002003585221245885,0.6491134166717529
533,33741_4a973932_1,0.003717877669259906,0.3836098313331604
534,42005_3da46d94_0,0.000292637589154765,-5.552672386169434
535,132982_ee1eed2f_0,0.0008746492094360292,0.9626500606536865
536,23898_6e740393_29,0.0004864735237788409,0.041429221630096436
537,105831_88a0fb85_6,0.0016037400346249342,0.9650229215621948
538,31278_749a6317_0,0.000820126268081367,0.5073720812797546
539,51586_2ad96f8c_4,0.0005289498367346823,0.7585034370422363
540,57000_cd1ddece_14,0.00026831659488379955,0.8906335234642029
541,50692_e7ff2668_8,0.002904735505580902,0.8966880440711975
542,65346_e89312e5_0,0.0005397775094024837,0.1842547059059143
543,38840_0e449caf_4,0.001332468818873167,0.6558793187141418
544,29573_ca59fbbf_5,0.001614416134543717,0.9837244153022766
545,30164_c5680724_12,0.007258397992700338,0.6169553995132446
546,138620_e21e10ee_0,0.0002086496533593163,0.8221840858459473
547,50305_caf9cef2_34,0.0011260096216574311,-0.9483517408370972
548,83396_fdb2987a_0,0.0033428806345909834,0.8794835805892944
549,28379_7e292343_4,0.004549202509224415,0.8997654914855957
550,33529_756075a0_32,0.001901794457808137,0.8586816787719727
551,109857_1d24326e_42,4.611823533196002e-05,-1.2982349395751953
552,22772_2b5f6629_6,0.0015659034252166748,0.974302351474762
553,34600_e2685d46_2,0.0031699242535978556,0.8841649293899536
554,122344_ab1b06aa_2,0.024102821946144104,0.5642675757408142
555,123573_5f5c9584_1,0.0008209189982153475,0.3376886248588562
556,35166_562b126c_20,0.0009340448887087405,0.9638453722000122
557,51350_138f893a_1,5.066380981588736e-05,0.5140584707260132
558,137785_67c3085b_16,0.0024780475068837404,0.939018964767456
559,50417_199cffee_12,0.005408024415373802,0.7387368679046631
560,22194_a5c323b9_3,0.0006697649951092899,0.890729546546936
561,42329_df7f540f_18,0.0011100228875875473,0.8842220902442932
562,41779_25e4203d_6,0.00046722422121092677,0.2881762981414795
563,51094_40aa8332_20,0.003029261017218232,0.8863075971603394
564,109762_cb162371_38,0.005004970822483301,0.7365292310714722
565,45922_26941172_9,0.0007355600828304887,0.8733611702919006
566,34587_ed155e93_0,0.0013398240553215146,0.9615052342414856
567,69589_a468c1b4_0,0.006361689418554306,0.8656772971153259
568,44921_00dfb467_0,0.0007828315137885511,0.809050440788269
569,82672_4705a693_0,0.000588768336456269,0.737697958946228
570,26778_a71e88a6_0,0.00015108278603293002,0.5927478075027466
571,69488_7bfb2b67_0,0.001006517675705254,0.9720315933227539
572,22686_afe3a61e_0,0.00010253013897454366,0.36654555797576904
573,109772_5faa88e8_5,0.007759914267808199,-4.308053493499756
574,43938_418421a7_147,0.001025552162900567,0.8591120839118958
575,141694_b5ac3112_3,0.0032440873328596354,-0.2503628730773926
576,31973_093ea963_16,0.0002210752572864294,0.8611977696418762
577,26858_e90dc419_25,9.410805068910122e-05,0.45540332794189453
578,131350_bbdad30d_0,0.0015280706575140357,0.12874603271484375
579,35741_c43475b8_1,0.000330470415065065,0.8848317861557007
580,30690_3df2c9e2_1,0.0010802901815623045,0.9078949689865112
581,122758_5f4efbf0_2,0.001183786429464817,0.9221123456954956
582,37822_3be11c62_0,0.0003689627628773451,0.8431209921836853
583,91174_ee6ee92b_1,0.0009180420893244445,0.7849130034446716
584,23676_52069f98_31,0.004759861622005701,0.9520527720451355
585,27958_fee329eb_1,0.0005398527137003839,0.8535599708557129
586,144534_3b4fdb09_18,0.004234539344906807,-0.18322980403900146
587,30292_0b5e0265_1,0.004758460912853479,0.9352229833602905
588,111062_e59e2d31_0,0.041842229664325714,0.5244876146316528
589,135790_a27f9deb_77,0.0007344632758758962,0.8569450378417969
590,65842_de75838b_10,0.0009210145217366517,0.8073285222053528
591,22475_9d9601a8_3,9.965892240870744e-05,0.4444078803062439
592,119884_192e3265_0,0.0047241393476724625,0.29492729902267456
593,51463_3330e3aa_2,0.003072913270443678,0.6811282634735107
594,23231_efe613bb_4,0.0016034651780501008,0.9178736209869385
595,22895_4533b542_2,0.0008128099143505096,0.8751543760299683
596,146219_5661130f_4,0.0009304240811616182,0.9798082113265991
597,38953_19054857_19,0.0003235784824937582,0.712440550327301
598,21847_b2de7eb8_24,0.0020958720706403255,0.8579663634300232
599,51603_034939eb_12,0.0005106781027279794,0.6852209568023682
600,24843_5231632c_4,0.0007591302273795009,0.5277141332626343
601,41982_f75ceb8f_4,8.86055568116717e-05,0.3259633779525757
602,42937_c573c439_2,0.00017903951811604202,0.24740326404571533
603,61288_2d594195_0,0.0029524110723286867,-3.853487014770508
604,55006_94230c00_0,0.0008531780331395566,0.15035492181777954
605,49898_f42a885e_5,0.0016658821841701865,0.9636909365653992
606,55709_af3825c8_4,0.0021942839957773685,0.9285814762115479
607,144117_83c980ca_2,0.0001427103707101196,0.5032106637954712
608,40417_b8d98f73_7,0.00027138032601214945,0.8194153308868408
609,53200_d1e30b87_11,0.00028252042829990387,0.6902197003364563
610,147009_977ee378_4,6.42822778900154e-05,0.4323188066482544
611,63056_a5dfd66b_4,0.0012681834632530808,-1.291374683380127
612,22205_f48b96b3_10,0.0005493718199431896,0.8748931884765625
613,51585_b695905b_4,0.0011105537414550781,0.9754100441932678
614,24084_71f37c00_1,0.0009756527142599225,0.8041931390762329
615,25815_0e853ad9_10,0.0014449118170887232,0.9096460938453674
616,55030_11a6e3e8_3,0.004783261101692915,0.9567775726318359
617,23042_1184de03_5,0.001149590127170086,0.9665475487709045
618,39719_e9629dbd_4,7.454570732079446e-05,0.18005156517028809
619,51256_ed221095_2,0.00025816328707151115,0.7116024494171143
620,25810_93c8a71a_3,0.001404923154041171,0.9462862610816956
621,22208_e177deb7_1,0.0013202213449403644,0.9076202511787415
622,115624_d0acb46b_22,0.0017859870567917824,0.9718892574310303
623,30708_4282508b_0,2.824071816576179e-05,0.5628921985626221
624,31117_cd5cdbdb_12,0.0004325898189563304,0.8132405877113342
625,41733_1ec9b00c_32,0.00012378822430036962,0.6345713138580322
626,111387_c4243097_2,0.0003021103038918227,0.5896741151809692
627,119869_e8f0dd81_19,0.00019463674107100815,0.8535207509994507
628,34569_590239d6_0,0.002291056327521801,0.894834578037262
629,136318_130d6a06_23,0.00022365916811395437,0.7215907573699951
630,145132_7aea3b66_4,0.0011041403049603105,0.9855483770370483
631,41878_3aeaed3d_0,0.0029161935672163963,0.5257765054702759
632,34583_a1cf326b_0,0.0026965171564370394,0.9506490230560303
633,116581_d405b783_0,0.05850678309798241,0.20508772134780884
634,24044_9bbe7992_3,0.0006955324206501245,0.1318972110748291
635,22194_a5c323b9_2,0.0012615718878805637,0.8863034248352051
636,142076_08d80e12_21,0.000154042529175058,0.3184613585472107
637,55817_6ac2912d_7,0.00010553652100497857,-0.1380685567855835
638,21165_5cb2d287_2,7.597252988489345e-05,0.8399145007133484
639,39796_45dcdc7d_0,0.057898107916116714,0.24911504983901978
640,33044_7fdd9213_1,0.0045561883598566055,0.8792629241943359
641,23731_3fe5b501_6,0.0004976073396392167,0.23509395122528076
642,32743_f4c47bbc_31,0.0012869024649262428,0.8803747892379761
643,108775_4908fba2_21,0.0010343565372750163,0.9080791473388672
644,21941_1a683ec2_19,0.0012028987985104322,0.9112194180488586
645,27682_04277f62_18,0.0011146975448355079,0.9488087296485901
646,25815_0e853ad9_4,0.0021975140552967787,0.8581943511962891
647,30261_723e95cf_2,0.0009994758293032646,0.9578738808631897
648,21385_601444ba_102,0.004047457594424486,0.8096144199371338
649,30368_d7fd30ce_7,0.0006067916401661932,0.7711622714996338
650,55605_2f8bc12e_3,0.004431175533682108,0.27664029598236084
651,24650_dad8c8ee_15,4.115077535971068e-05,-0.2838829755783081
652,34227_48203345_7,0.00370623916387558,0.8966728448867798
653,113348_ac85cba3_1,0.0012473238166421652,0.8660494685173035
654,26552_25c5924a_1,0.0003896992711815983,0.8507738709449768
655,55381_cbaffe9b_0,0.0005782911321148276,0.8399133682250977
656,55817_6ac2912d_25,0.0024131748359650373,0.9358676671981812
657,138947_0778db40_4,0.00025136006297543645,0.9017024636268616
658,52788_07f7da63_0,0.001032491447404027,0.743698000907898
659,70355_e5f58cd5_6,0.00013639943790622056,0.7702991962432861
660,51744_cd355565_8,0.0017575719393789768,0.6396622657775879
661,41227_90e1c07c_16,0.0009231287986040115,0.9767531156539917
662,45359_1768ab3f_42,0.005259898025542498,0.4448859691619873
663,41783_d1c10326_3,0.00019028031965717673,0.38787198066711426
664,32960_0eaa1de8_13,9.060080628842115e-05,-5.5406599044799805
665,34674_32ee1595_3,0.0054323081858456135,0.815750002861023
666,136885_23632908_1,0.0030388350132852793,-0.08446741104125977
667,136808_00592735_3,0.00028910813853144646,0.9371035099029541
668,45589_49e3c7ea_5,0.0030230446718633175,0.9377658367156982
669,141665_0564e852_3,0.0025724126026034355,0.38572269678115845
670,50897_3be92e2f_18,0.001951419049873948,0.9544295072555542
671,84256_4164b724_3,0.0009724035044200718,0.06699824333190918
672,22994_e6ad8f2b_10,0.002608237089589238,0.9031988978385925
673,28295_0dc908b9_8,0.0006023357273079455,0.8113268613815308
674,23329_6939d5d9_5,0.0005079369875602424,0.4365338087081909
675,123665_0a0da5c7_3,6.891369412187487e-05,0.4620398283004761
676,121172_0ac63503_7,0.001274299924261868,0.7586885690689087
677,50941_2a8a8c76_0,0.0011102755088359118,0.9779821634292603
678,37846_cde34fcd_66,0.001295287162065506,0.7826065421104431
679,56040_9b1307eb_21,0.002012885408475995,0.6864821910858154
680,146535_229c95bc_1,7.073752931319177e-05,0.6758913993835449
681,50947_49287c16_2,0.003111765254288912,0.9491376280784607
682,95622_0a0787e4_5,0.0008074975339695811,0.5629886388778687
683,25432_f13e5110_0,0.0013046209933236241,0.9589162468910217
684,32454_e959e3cf_0,0.0009170463890768588,0.9741917252540588
685,65858_61e9b51a_18,0.0021149013191461563,0.5175299048423767
686,70350_751de4b0_3,0.0046639209613204,0.35523414611816406
687,129239_0d49310c_15,0.0004233263316564262,0.8386535048484802
688,31008_8fa25b35_8,0.0003197232144884765,0.932487964630127
689,55306_795d845b_2,8.315213926834986e-05,0.4715128540992737
690,29729_e8bb36f1_2,0.00047360730241052806,0.4418969750404358
691,67283_4097cbd6_5,0.00017451730673201382,-0.48384130001068115
692,23904_811e466f_4,0.00020947723533026874,0.824256181716919
693,116076_12d31fb7_1,0.0018275011098012328,0.7249948978424072
694,45302_02d7e3bc_0,0.002329316921532154,0.4141307473182678
695,60977_4bb093ec_1,0.00124705012422055,0.9444313645362854
696,49017_76979790_8,0.001193137839436531,0.7738534212112427
697,146321_0dbae658_10,7.4198585934937e-05,-6.477102756500244
698,102194_150e3faf_3,0.0009716252097859979,0.9702413082122803
699,34769_44655d03_5,0.0002944126899819821,0.6707954406738281
700,38953_19054857_6,0.0006331963813863695,0.4802376627922058
701,55397_ad24603f_1,0.00018929365614894778,0.8035157322883606
702,21908_385686ec_15,0.0007773615070618689,0.9624771475791931
703,60721_57103153_4,0.0007656400557607412,-0.2258014678955078
704,98701_7cd4ec8d_0,0.00796443596482277,0.855334460735321
705,91703_642cdf1a_1,0.0009390190243721008,0.9823369979858398
706,26661_ab88a525_5,0.003959230612963438,0.0012767314910888672
707,51940_67bb0219_21,0.00021407715394161642,0.5437893867492676
708,22543_684108ff_22,0.0001843193604145199,0.8168411254882812
709,145250_cde4d039_8,0.0003303794073872268,0.6280546188354492
710,20232_e5b060d9_6,0.00015383241407107562,0.7207467555999756
711,128043_d4650350_0,0.002656754106283188,0.9643247723579407
712,140530_30edf2c4_0,0.0014936503721401095,-0.26054859161376953
713,131814_9af6d05a_0,0.0009514157427474856,0.8569368124008179
714,26245_4aac38e1_9,0.0005797339836135507,0.7578244209289551
715,30282_88c6933c_14,0.0022798366844654083,0.9125282764434814
716,32322_71d0035e_1,0.0014410053845494986,0.9260641932487488
717,131762_d10609a4_1,0.008442928083240986,0.6186316013336182
718,54812_5f7b7aba_2,0.000344617641530931,0.8487098217010498
719,135830_8fb36dac_4,0.008671612478792667,0.6160308122634888
720,139280_8874b1ab_4,6.065166599000804e-05,0.869720458984375
721,49904_639055dd_1,0.0011643139878287911,0.866549551486969
722,53601_59d3ecd2_0,0.010863393545150757,0.554632842540741
723,50047_54241fe3_12,0.0019749801140278578,0.8471270799636841
724,136925_70fb0381_3,0.0025368451606482267,0.8447575569152832
725,87488_95f678ce_0,0.004211570601910353,0.907020628452301
726,137166_90691294_2,0.00026042110403068364,0.8268306851387024
727,44030_17bd5ec9_11,0.00015773222548887134,0.7500610947608948
728,137396_b5f6bec4_5,0.002508255187422037,0.9246649146080017
729,21900_760d2078_10,0.002529541961848736,0.9633580446243286
730,21185_ac5324ba_5,0.002609575167298317,0.9186131358146667
731,31132_2320d049_4,0.0014314090367406607,0.9739631414413452
732,82281_80cdf67c_4,0.00012001918366877362,0.6972230672836304
733,38287_88ec74de_15,0.0035585840232670307,0.9310845136642456
734,136128_831e37a6_0,0.002363256411626935,0.7370931506156921
735,21330_f0cee934_18,0.000833625381346792,0.4528309106826782
736,34109_5a868eae_10,0.002017899416387081,0.8070724606513977
737,21174_861bd902_2,0.002152025932446122,0.8124367594718933
738,49783_365bec9e_6,0.0036553179379552603,0.8903449177742004
739,24429_ace910b3_8,4.613217242876999e-05,-1.6998317241668701
740,22772_2b5f6629_4,0.0005659146700054407,0.8553082346916199
741,53927_ef5208b9_14,0.005185562185943127,0.7839623689651489
742,56250_3b6024e3_54,0.0023149079643189907,0.9494114518165588
743,23522_5c2ec58e_8,0.0066477637737989426,0.7905281186103821
744,121177_93fb3127_10,0.00015388618339784443,0.7207422256469727
745,138840_b7f948ea_2,0.0016939997440204024,0.8275834918022156
746,41125_711db4bf_6,0.002136966912075877,0.9494562149047852
747,102606_28922dfc_0,0.0016758349956944585,-16.62053680419922
748,31530_6744ae73_50,0.005016203038394451,0.910506546497345
749,50598_eae0df5a_1,0.00017599479178898036,0.6781905889511108
750,145726_19ccdbda_12,0.0011364563833922148,0.6355614066123962
751,41469_b94cf3e4_0,0.0028838610742241144,0.4088934659957886
752,147009_977ee378_1,0.003465013112872839,0.6669444441795349
753,24267_8a216138_10,0.002226108219474554,0.8192720413208008
754,63071_3d434a33_16,0.00261503248475492,0.8604777455329895
755,34436_ffc43a58_4,0.0009806876769289374,0.1540037989616394
756,50692_e7ff2668_4,0.0008901152177713811,0.6433385610580444
757,146642_883a71d2_9,0.007182707544416189,0.8865686655044556
758,109772_f1a0845e_7,0.0020321381743997335,0.9525792598724365
759,136640_16741d62_1,0.0013631494948640466,0.6539013385772705
760,21680_360ba5c7_11,0.0016261697746813297,0.3393111228942871
761,27729_09d75da1_2,0.0007131865131668746,0.9796850681304932
762,82148_5df06ed9_19,0.004033353645354509,0.7198262214660645
763,55287_8a57a3db_1,0.0022456215228885412,0.8618518710136414
764,53221_74fa81cd_5,0.0008831035229377449,0.5764871835708618
765,30417_0010bc7c_39,0.001323042088188231,0.8967249393463135
766,23706_ef15ef9c_40,0.0009650328429415822,0.862262487411499
767,140763_e14274f8_3,0.0005192850367166102,0.6068840026855469
768,23602_5daaccf5_3,0.00026020986842922866,0.9578176736831665
769,30282_88c6933c_9,0.0018698166823014617,0.8823777437210083
770,56824_0fc773f6_0,0.0023815270978957415,0.8642339706420898
771,42410_d3b5588e_1,0.0003381379065103829,0.9486246109008789
772,55055_dd27a8a4_0,0.0026906884741038084,0.9507539868354797
773,115633_a2c63339_6,0.001255942159332335,-0.39039814472198486
774,73651_a41647f8_5,0.0002684073115233332,-0.04046595096588135
775,33413_060ce192_32,0.001084734802134335,0.9166705012321472
776,97331_a482fa9b_0,0.0015900247963145375,0.6639954447746277
777,23476_705b76d1_0,0.0009064952610060573,0.964543342590332
778,32566_7bfc936b_6,0.002832844853401184,0.9732263684272766
779,41717_eb1c1e6b_0,0.0030817834194749594,0.7530379891395569
780,60720_ef9a0a95_8,0.0007519468199461699,-0.6071557998657227
781,138700_ab763a46_202,2.284154288645368e-05,-11.60529899597168
782,38287_88ec74de_17,0.009440025314688683,-0.5525052547454834
783,135535_0bd0048d_0,0.007035741116851568,0.8940331935882568
784,21797_69df08d5_7,0.0446326807141304,0.6446482539176941
785,65350_b3fa8f4f_47,0.1988982856273651,0.08456987142562866
786,41714_1d49f4d1_3,0.002085238927975297,0.7669956088066101
787,66012_a13e1644_1,0.0013015023432672024,0.4480728507041931
788,22652_564979ff_11,0.0003971485421061516,0.7047809362411499
789,25127_ecba81df_23,0.0013592642499133945,0.11292582750320435
790,47548_db93c988_4,0.00037626601988449693,0.07952272891998291
791,55927_f8b31711_5,0.00966836977750063,0.4828929901123047
792,31647_ab9ad9dc_2,0.0009737451910041273,0.868380069732666
793,41128_ee74f244_8,0.0010063472436740994,0.724576473236084
794,20959_d4905d19_4,0.0002780772920232266,0.9317765235900879
795,52009_a2b75078_3,0.03465207666158676,0.6510061025619507
796,22201_473a3a65_16,0.0013829829404130578,0.8126468658447266
797,29442_365e23df_30,0.0010897760512307286,0.9691769480705261
798,51859_6b2fd0f1_8,0.0006615253514610231,0.9774085879325867
799,140413_44177109_15,0.00019398528093006462,0.8279362320899963
800,21822_7d3db422_11,0.006586253643035889,0.8169844150543213
801,24168_a0ede173_100,0.00045586854685097933,0.6710028648376465
802,145532_c2304f89_1,0.0014267578953877091,0.8002074360847473
803,104641_2cd02839_13,0.0002628470538184047,-0.018777132034301758
804,23679_81ef9e37_2,0.0015847152099013329,0.6224167346954346
805,95271_de3df8d5_2,0.00011525316222105175,0.4450627565383911
806,41401_e4117da2_0,4.827922384720296e-05,-0.051981210708618164
807,48006_babdf4af_9,0.0022467770613729954,0.9739816784858704
808,142246_0851be5e_32,0.008016249164938927,0.8669741749763489
809,33615_7bab1106_4,0.0013484922237694263,0.9107704162597656
810,31117_cd5cdbdb_18,0.0016849806997925043,0.9744950532913208
811,34914_8911676d_0,0.0010380017338320613,0.9144271016120911
812,55501_a09e4ced_2,7.025140803307295e-05,-1.6388685703277588
813,41128_ee74f244_9,0.0007316821720451117,0.7577944397926331
814,142246_0851be5e_22,0.0019361835438758135,0.6488376259803772
815,22413_901f5867_0,8.39884378365241e-05,0.7458077669143677
816,56490_0a0fba77_0,0.00045810313895344734,0.8700643181800842
817,93676_4f934980_1,0.0004082004015799612,0.09506547451019287
818,146642_883a71d2_96,0.0025376398116350174,0.7230203151702881
819,24032_d6172503_3,0.000558392726816237,0.9053381085395813
820,44221_25c62f03_1,0.002533439313992858,0.9530766606330872
821,50315_0f1419bf_33,0.002526054624468088,0.7548214793205261
822,133389_0938a905_2,0.00032086734427139163,0.918566107749939
823,24824_cf51e5b6_4,0.0032634905073791742,0.3877897262573242
824,33970_32f36442_3,0.0015638198237866163,0.9512333869934082
825,29359_bbfab271_2,0.0036569060757756233,0.3562272787094116
826,23172_4ab01e83_0,0.0006952881230972707,0.9831023216247559
827,98511_1b46a85e_45,0.0011959669645875692,0.9663874506950378
828,98511_1b46a85e_46,0.0012883365852758288,0.9621226787567139
829,34248_cc11976c_0,0.0014561776770278811,0.9461972117424011
830,104003_46555fb2_0,0.0007276982651092112,-0.6182080507278442
831,34520_035b5e9a_8,0.0007918929914012551,0.7278400659561157
832,38397_93d5d7de_12,0.010040239430963993,0.860897421836853
833,130023_93b3ca95_1,0.0010563975665718317,0.6281725168228149
834,83213_47c49876_1,0.0011643044417724013,0.8665527701377869
835,43928_6ca53538_63,0.00644715316593647,0.8500725030899048
836,82779_b7b722e3_9,0.0015294014010578394,0.817339301109314
837,134967_0f27ef51_1,0.00027702547959052026,0.7927474975585938
838,86024_714b24f4_1,0.0008830549195408821,0.9654055833816528
839,40807_58058731_11,0.0014021273236721754,0.7885374426841736
840,26750_cd3cb3ff_0,0.0024156682193279266,0.9580965638160706
841,126913_d253adb7_2,0.0015041534788906574,0.7032180428504944
842,24268_2804c9ff_13,0.0022399176377803087,0.9417382478713989
843,45542_320c16fd_3,0.001296624424867332,0.9742220044136047
844,22342_274ed8a6_1,0.0005935163353569806,0.8714598417282104
845,133385_e6aa64d8_17,0.0004280674911569804,-0.7159866094589233
846,143509_1dd5212d_3,0.0017986793536692858,0.9469502568244934
847,47989_3ff0f41d_0,0.0024640467017889023,0.9299028515815735
848,21822_7d3db422_14,0.0036838827654719353,0.9468040466308594
849,21517_bfe35b4c_12,0.0002600206935312599,0.546101450920105
850,52883_e518d3f4_10,0.0004144757112953812,0.932708203792572
851,41871_f9a1ad02_14,0.002211150946095586,0.7787963151931763
852,37016_455093c1_2,0.0005557789700105786,0.7020519971847534
853,31117_cd5cdbdb_78,0.009769385680556297,0.9242416024208069
854,129239_0d49310c_22,0.00033365009585395455,0.03127014636993408
855,30400_8824ce97_6,0.006333025638014078,0.8675867915153503
856,53233_8dbca22c_8,0.0013099561911076307,0.9081135988235474
857,40514_bb61631d_25,0.0033809090964496136,0.25203120708465576
858,24053_53349e4d_2,0.0001820280303945765,0.7657364010810852
859,41917_f0c40fa1_16,0.0006618512561544776,0.9843428134918213
860,22543_684108ff_5,0.004270446021109819,0.8306990265846252
861,138636_c1153075_0,0.0006292508915066719,0.43830615282058716
862,24448_75004b6c_6,0.0011362936347723007,0.9638223648071289
863,24831_bbd3e098_8,0.00019244082795921713,0.8114261627197266
864,53221_74fa81cd_3,0.0003168483090121299,0.9143474698066711
865,76879_65a30a82_4,0.00014676422870252281,0.7600803971290588
866,108773_f9384cff_10,5.3526768169831485e-05,0.4350966811180115
867,33671_0e9c6ca3_5,0.0007079715142026544,0.9437698125839233
868,93103_fdb9fcb7_15,0.007531244307756424,0.593622088432312
869,137675_d2bd633e_0,0.0006521411123685539,0.5915689468383789
870,21893_0500d043_32,0.0005881285178475082,0.6155019998550415
871,22110_0bc70e9f_1,0.0013807900249958038,0.15142816305160522
872,43152_b5472481_1,0.00043526795343495905,0.8365475535392761
873,115717_40314bc2_1,0.007646152749657631,0.3319200873374939
874,102943_ca9e7968_0,0.00023873794998507947,0.6751471757888794
875,136401_69f29349_0,0.0024669135455042124,-0.6363295316696167
876,28542_3c922564_0,0.0007662392454221845,0.7205888628959656
877,24267_8a216138_6,0.0012554210843518376,0.9311503171920776
878,84374_272a9731_7,0.001996032427996397,0.7368322610855103
879,23531_1ecc8346_18,0.004642831161618233,0.9547125101089478
880,41871_f9a1ad02_30,0.007089248858392239,0.7851316332817078
881,132461_14abd2d0_0,7.17252551112324e-05,-1.0023677349090576
882,37617_3f415463_2,0.0001754601253196597,0.7132846713066101
883,41696_de0790a1_1,0.005264632869511843,0.8830940127372742
884,54657_2a66e0de_20,0.001304956735111773,0.8801711797714233
885,24425_0dc4b306_0,0.001014505629427731,0.9006455540657043
886,146667_fe438b5b_0,0.0010104934917762876,0.96156907081604
887,23048_8a1a5553_8,8.827101555652916e-05,-1.3750534057617188
888,51871_86ebf5b2_17,0.001966620096936822,0.639977753162384
889,30664_a3084f71_6,0.002154225017875433,0.8678142428398132
890,139801_97e2ca6a_5,0.000964753155130893,0.8024742603302002
891,22278_12f1fb79_13,0.0012013553641736507,0.9218436479568481
892,22776_facf9bcf_8,0.0035061067901551723,0.8806662559509277
893,40500_6055e3d7_15,0.032701022922992706,0.6738494038581848
894,35740_5322d674_13,0.00021141895558685064,0.8713799118995667
895,39792_60786b6c_12,0.00355533161200583,0.8709281086921692
896,115524_4a411f7e_0,0.0012192502617835999,0.7230305671691895
897,24131_3ea7d5a8_17,0.0019986217375844717,0.9035954475402832
898,100326_0602c712_2,0.004497973248362541,0.8571256995201111
899,34571_25c64838_2,0.002074374118819833,0.8770550489425659
900,143534_4f65fd1a_0,0.0007213415810838342,0.7561204433441162
901,101446_95204330_1,0.0017315699951723218,-0.09770405292510986
902,41749_14d0599c_10,0.0002379936195211485,0.30542027950286865
903,55715_525d1d3e_12,0.0002756469475571066,0.18238049745559692
904,45307_b9b4bca0_30,0.021031107753515244,0.8493759036064148
905,22654_4c426b0f_0,0.001995228696614504,0.7501481771469116
906,22670_9353c710_4,0.00117701874114573,0.6390540599822998
907,99445_94c22a37_11,0.0016190403839573264,0.9759447574615479
908,132811_57264a28_4,0.000610290328040719,0.9501416683197021
909,23258_87a2ba81_3,0.00015614221047144383,0.753186821937561
910,50777_2934de55_22,0.0013418440939858556,0.9523676633834839
911,98418_4185a7fb_0,0.0014433986507356167,0.9650317430496216
912,43441_e1ab0873_2,8.800147043075413e-05,-0.06635284423828125
913,24271_dbc0fd2d_12,0.0007900340715423226,0.8261022567749023
914,38944_0d0c3fce_0,0.006459885276854038,0.9581499695777893
915,40624_e1c5c424_11,4.4803371565649286e-05,-0.12841832637786865
916,100028_0c3a8f1c_13,0.0019371090456843376,0.9750835299491882
917,40491_ac67bf4c_13,0.0016029528342187405,0.9699324369430542
918,25416_1deb9c75_0,0.0028570115100592375,0.5054455399513245
919,21657_2651585a_6,0.0010048396652564406,0.9467396140098572
920,21986_67c5509a_15,0.0010591711616143584,0.8685845136642456
921,32288_34013274_2,0.0039762756787240505,0.3269818425178528
922,55373_ddd74d2f_0,0.002694992581382394,0.6519345045089722
923,26245_4aac38e1_0,0.0008282752241939306,0.9525412917137146
924,33044_7fdd9213_0,0.0009614035370759666,0.8283427953720093
925,31530_6744ae73_48,0.006719574797898531,0.9350883364677429
926,25555_fd3d9a3c_1,0.00017608409689273685,0.7527879476547241
927,54175_7d864ace_6,0.0008715887670405209,0.804268479347229
928,72950_5074f5a3_0,0.001217213342897594,0.1953551173210144
929,129618_2962c248_0,0.003995473030954599,0.9332682490348816
930,52012_77070fda_10,0.00015943765174597502,0.749962329864502
931,28295_0dc908b9_7,0.0007611209293827415,0.7955419421195984
932,144419_90e59d67_2,8.225364581448957e-05,0.09100556373596191
933,22734_f6bad9f7_24,0.0059518963098526,0.8158013224601746
934,22604_0b4ffb43_14,0.0026906884741038084,0.9507539868354797
935,81996_b3752ed2_3,0.00047939587966538966,0.5697814226150513
936,24504_493cee15_8,0.0013891196576878428,0.944688081741333
937,39124_28e99e62_1,0.0002962290891446173,0.6666807532310486
938,29725_0ad4937e_1,0.0006285109557211399,-0.13604402542114258
939,109232_04340d62_6,9.466413757763803e-05,-0.7219878435134888
940,129075_8fbf62e5_0,0.0005934795481152833,0.5303300023078918
941,102937_18c3cb6a_4,0.001714528538286686,0.9398863911628723
942,52551_8098346a_5,0.0005960945272818208,-0.03691208362579346
943,128043_6947b64c_0,0.004131573252379894,0.7614953517913818
944,119030_292009a7_41,0.0009301825193688273,0.8635518550872803
945,48526_5aecac8a_0,0.0009008036577142775,0.8483155965805054
946,32541_86f7df73_4,0.0004994134651497006,0.5248928070068359
947,55114_7bf17f6a_0,0.030761197209358215,-1.2300081253051758
948,55285_6816da52_1,0.010362036526203156,0.7757406830787659
949,37683_e2cca100_17,0.0003499889571685344,0.44898098707199097
950,78775_e2d8b091_15,0.0032958376687020063,0.8922377824783325
951,93199_2146e709_2,0.0021447876933962107,0.7467892169952393
952,135595_656de97a_14,0.0007138489745557308,0.48819899559020996
953,24284_3710e946_16,0.001990340184420347,0.9549082517623901
954,135521_30553c91_2,0.0002064025029540062,-1.993546724319458
955,29732_fb15318c_5,0.0002952689537778497,0.7195134162902832
956,88060_389bdff4_0,0.0009835147066041827,0.9401490092277527
957,27839_4a077326_28,0.01165295485407114,0.7112667560577393
958,100435_87bf423d_8,0.0035432816948741674,0.9301809668540955
959,25365_bb0e4ede_44,0.0003717457002494484,0.47276771068573
960,146169_144d8264_0,0.015406030230224133,0.9167958498001099
961,23342_7193a931_3,0.00014608590572606772,0.5696111917495728
962,57000_cd1ddece_12,0.0010314800310879946,0.9793776273727417
963,119790_1ed376f0_3,0.0003509896341711283,0.6169306039810181
964,72522_e9e87960_4,0.0016093511367216706,0.9697931408882141
965,65366_f618b577_2,0.00045349987340159714,0.6052433252334595
966,55707_c78416ed_35,0.002007698407396674,0.8950783610343933
967,70321_eccffc7e_0,0.0015186129603534937,0.6065928936004639
968,120143_b5756e6b_0,0.002718069590628147,0.6225353479385376
969,27726_aca43af4_35,5.591451554209925e-05,-1.5978477001190186
970,31361_72aab333_20,0.001987608615309,0.36831772327423096
971,121949_e10b5e85_12,0.0009571520495228469,0.9735631346702576
972,146399_0e4b73c4_13,0.01225263811647892,0.7484644651412964
973,41134_fc146947_6,0.0009479170548729599,0.5568464994430542
974,21237_7887a24b_35,0.00016103377856779844,0.33425748348236084
975,24885_55e20ddf_3,0.0002787104167509824,0.7246429920196533
976,34914_8911676d_23,0.00047987321158871055,0.9147149920463562
977,21803_8a36dcda_12,0.002091488102450967,0.9300157427787781
978,41306_8f26e703_5,5.5934338888619095e-05,0.39617931842803955
979,25118_f50fdc69_10,0.00025505671510472894,0.6274781227111816
980,25473_0991d519_9,0.0016168494476005435,0.9595122337341309
981,126585_86fa26cb_0,0.0004123588150832802,0.49074286222457886
982,145691_69484976_9,0.0017648626817390323,0.8413175344467163
983,60729_c51868ec_0,0.000719694362487644,0.6035192608833313
984,123929_e7dbad2c_0,0.0014941900735720992,0.2902425527572632
985,69649_70b07cac_0,0.002302102744579315,0.9491481184959412
986,55135_f1186d58_9,0.00019116626936011016,0.7618353366851807
987,20838_86c931be_2,0.0012425992172211409,0.8455076217651367
988,45242_626509cb_11,0.0007651132182218134,0.661893367767334
989,34983_439766af_13,0.003188441041857004,0.9668349623680115
990,53453_fb0f1640_1,0.009526796638965607,0.7107927799224854
991,23255_972fbfe6_25,0.0016110199503600597,0.9492193460464478
992,24168_a0ede173_203,0.0635971873998642,0.646300196647644
993,55476_1473d91f_0,0.0031780533026903868,-0.6201915740966797
994,55111_ef389075_1,0.002112699206918478,0.9192508459091187
995,141710_17531562_1,0.0017032576724886894,0.8569899201393127
996,96601_b89e6252_1,0.00036270811688154936,-0.9288598299026489
997,135790_a27f9deb_43,0.060045309364795685,0.23069268465042114
998,121363_746708db_0,0.000817480031400919,0.6854652166366577
999,136886_3aa46890_0,0.0003882308374159038,0.8552438020706177
1000,50315_0f1419bf_19,0.005843620281666517,0.9196210503578186
1001,37846_cde34fcd_14,0.0001542994286864996,-0.7445621490478516
1002,24816_ef81ad4c_1,0.00045898568350821733,0.8358756303787231
1003,75646_4baf69b2_7,0.006337434984743595,0.9112557172775269
1004,140155_81f9ac63_0,0.00045790604781359434,0.8857576847076416
1005,51603_034939eb_10,0.002378283068537712,0.8682441711425781
1006,30435_c97330d2_0,0.0001629538310226053,0.7244739532470703
1007,27839_4a077326_27,0.0008720314363017678,0.9525847434997559
1008,55627_971fde61_34,0.0038125338032841682,0.7052540183067322
1009,134909_ef3d003c_0,0.00042451266199350357,0.5835415124893188
1010,33413_060ce192_51,6.686117558274418e-05,-8.263775825500488
1011,22245_ca848576_12,0.00033331464510411024,0.610741138458252
1012,52039_ba12c3ac_1,0.0010852520354092121,0.9783033728599548
1013,39707_358f88df_2,0.000850444717798382,0.09436357021331787
1014,50014_33f250c8_3,0.012368365190923214,0.887181282043457
1015,52987_387431ac_1,0.004479128401726484,0.6924488544464111
1016,33501_b1ee5058_15,0.0011484125861898065,0.977163553237915
1017,82168_4844bddd_1,0.0029975587967783213,0.5952740907669067
1018,30384_95e72fc2_4,7.035340968286619e-05,0.22516387701034546
1019,23554_a0845d54_2,0.0004372446273919195,0.6344956755638123
1020,23800_65e0a5d1_0,0.00029470110894180834,0.07125145196914673
1021,41128_ee74f244_0,0.001527387765236199,-0.5334105491638184
1022,143019_22dbd3e6_2,0.0012869937345385551,0.9591670632362366
1023,79993_6087acd5_8,0.005120829213410616,0.8380005359649658
1024,21422_b2a6bf27_0,0.001511411159299314,0.9750810861587524
1025,25487_dd2c17e8_21,0.0009046057239174843,0.1967812180519104
1026,22654_4c426b0f_10,0.0002462584525346756,-0.6537297964096069
1027,30368_d7fd30ce_6,8.80161314853467e-05,-0.8824467658996582
1028,57249_6bd2af3c_2,0.0009368842584080994,0.9654384851455688
1029,57029_3ab80a22_0,0.0019727516919374466,0.6086455583572388
1030,79906_052c7eb4_3,0.001195108750835061,0.7409428954124451
1031,82996_b8dc67c9_10,0.0004912624135613441,0.3220418691635132
1032,119884_192e3265_1,0.0015253518940880895,0.30432623624801636
1033,21225_c081eae3_10,0.002142789540812373,0.8771494030952454
1034,121949_e10b5e85_1,0.000659376906696707,0.8331505656242371
1035,81994_ba8916c9_5,0.0002685916260816157,0.7653077840805054
1036,22447_4062c6cb_29,0.0015694856410846114,0.9735243916511536
1037,55044_ee57bac8_1,0.0005281802732497454,-1.0067753791809082
1038,41871_f9a1ad02_13,0.005735807586461306,0.9677854180335999
1039,74688_a5168a45_2,7.014926814008504e-05,-14.072541236877441
1040,23218_02d26ab4_4,0.0002034861099673435,0.5319732427597046
1041,41205_dc60aa5d_0,0.0010094874305650592,0.7490372657775879
1042,41979_ca698776_0,0.0009615272283554077,0.8027997016906738
1043,141453_50ec6f25_7,0.0005555698880925775,0.9842624068260193
1044,97143_5424c420_0,0.00121599982958287,0.6879276037216187
1045,41986_26275a06_2,0.0015348430024459958,0.8553160429000854
1046,136800_c5e4d711_2,0.0009076432324945927,-0.24061524868011475
1047,101635_11b839a3_5,5.643604163196869e-05,0.5376410484313965
1048,55866_b041060d_0,0.0007192892953753471,0.9559752345085144
1049,53846_89405f98_0,0.0015001181745901704,0.6935092806816101
1050,27725_5cceaeb7_1,0.00332208932377398,0.7002522349357605
1051,146137_92faaea5_9,0.006419919431209564,0.4856075048446655
1052,41211_11f6b8a0_4,0.00041318833245895803,0.8298327922821045
1053,21330_f0cee934_46,0.0011448768200352788,0.9771103262901306
1054,127188_5fecd146_4,0.0002022853004746139,0.7220405340194702
1055,135949_06517574_8,5.534658703254536e-05,0.4262242913246155
1056,68928_0d4e4a2e_24,0.0013539277715608478,0.9148650169372559
1057,50410_f8f03667_38,4.62418029201217e-05,-2.183513879776001
1058,142999_171240b6_21,0.0002675834984984249,0.8021531105041504
1059,144709_642fc665_0,0.0017857608618214726,0.8245078921318054
1060,53232_f8760054_10,0.0017044245032593608,-15.312776565551758
1061,22372_e91792a1_0,0.00013692617358174175,-0.7560820579528809
1062,21767_53eaa558_12,0.014381450600922108,0.8141567707061768
1063,32220_1fd19c5e_0,0.00030053796945139766,0.6912351250648499
1064,22886_a6331748_1,0.0009828442707657814,0.909764289855957
1065,130996_b842b511_12,0.0006409180350601673,0.9409255981445312
1066,55571_74a416b1_1,0.00011762671056203544,0.002213120460510254
1067,70169_914780d4_1,0.0008926661103032529,0.6600735187530518
1068,23156_7788f78a_6,0.01138302031904459,0.9176344871520996
1069,124496_20e20439_10,0.00035368918906897306,0.22263795137405396
1070,76300_7cb02add_1,0.001326994621194899,0.8035062551498413
1071,21647_6b6cca6f_10,0.0011795968748629093,0.35616713762283325
1072,22734_f6bad9f7_23,0.003264243947342038,0.864016592502594
1073,94176_0a6c42ab_2,2.774392305582296e-05,-4.091601848602295
1074,24048_d731886d_9,0.0037624051328748465,0.5852924585342407
1075,25487_dd2c17e8_30,0.0020112707279622555,0.09083425998687744
1076,115717_40314bc2_4,9.956313442671672e-05,0.6761434078216553
1077,125592_875faf40_0,0.0032744300551712513,0.8480119109153748
1078,41871_f9a1ad02_44,0.002525064628571272,0.8216093182563782
1079,146642_883a71d2_8,0.00036325756809674203,0.9113712906837463
1080,136883_076fbff9_31,0.0002909254690166563,0.03768134117126465
1081,60766_fb8715eb_3,0.0011365534737706184,0.9168842434883118
1082,30818_33617072_0,0.015224096365272999,0.2292039394378662
1083,130679_7a357a9c_18,0.00557674327865243,0.6719588041305542
1084,55306_795d845b_0,0.00015333117335103452,0.6713000535964966
1085,135934_d2f6bb2e_33,0.0003272147732786834,0.5637540817260742
1086,111054_e45a0d40_7,0.01918434351682663,0.8144238591194153
1087,36826_d9269c2e_10,0.001273053465411067,0.9135285019874573
1088,37619_ae810a8d_7,8.249100937973708e-05,-36.675071716308594
1089,22343_34184fd5_22,0.00018307508435100317,0.4333750009536743
1090,113020_de552f8d_0,0.0006049201474525034,0.6217230558395386
1091,20216_89b90993_0,0.00854461919516325,0.43075668811798096
1092,23325_292b3294_16,0.005627242382615805,0.46465444564819336
1093,23522_5c2ec58e_9,0.0011343833757564425,0.9138694405555725
1094,146624_359752bb_20,7.51339175621979e-05,-36.87650680541992
1095,104990_11b4aeee_1,0.0010942871449515224,0.9749866724014282
1096,90917_4670b560_0,0.009582646191120148,0.8137590289115906
1097,54818_59adf8c2_5,0.001719251973554492,-0.4868422746658325
1098,34109_5a868eae_3,0.00023158120166044682,0.622178316116333
1099,23161_e7f63a9f_2,0.0022856551222503185,0.7931851744651794
1100,37160_2a95674a_27,0.000812540587503463,0.7161161303520203
1101,61280_8bdbc90f_0,0.002069240901619196,0.9256837368011475
1102,55083_dac1f9cc_2,0.0020660599693655968,0.8280009627342224
1103,34341_d19b12fb_14,6.01596366323065e-05,0.40164798498153687
1104,54516_ac9e2ef4_61,0.0026611979119479656,0.5581150054931641
1105,24559_3c306e71_2,0.00031733239302411675,0.35402244329452515
1106,105831_88a0fb85_1,0.0014364853268489242,0.9454225301742554
1107,32743_f4c47bbc_19,0.0015359503449872136,0.7145988941192627
1108,40500_6055e3d7_18,0.001178825506940484,0.9434133768081665
1109,22862_f5406bb0_0,0.001722118817269802,0.9722964763641357
1110,141081_ae61ec46_0,0.0016375291161239147,0.9762945175170898
1111,135112_cf8007b8_4,0.005972215905785561,0.909400224685669
1112,131442_1512d9ff_5,0.0004957724013365805,-0.049166321754455566
1113,145132_7aea3b66_1,0.018526984378695488,0.9298770427703857
1114,41871_f9a1ad02_45,0.0012018949491903186,0.7683401107788086
1115,51775_49ef614a_1,0.0009374368819408119,0.7343823313713074
1116,143293_fc5b0ff7_23,0.00043172852019779384,0.21125173568725586
1117,51547_a7e01c38_6,0.00020132250210735947,0.711553156375885
1118,114021_44c3c39c_2,0.00011932280176552013,0.7025226354598999
1119,123766_c5a4cf5e_0,0.00013221630069892853,0.15702050924301147
1120,23031_0d684603_8,0.001659550005570054,0.28469109535217285
1121,132996_c742ef84_4,0.001594167435541749,0.7787807583808899
1122,137096_5d77f285_1,0.0014935671351850033,0.8217319250106812
1123,27072_b4756e8c_2,0.0009413810330443084,0.7870889902114868
1124,51915_e704f5dd_2,0.008471168577671051,-0.3247196674346924
1125,132811_57264a28_13,0.001569297630339861,0.9735804796218872
1126,49396_98ab955d_13,0.0036950064823031425,0.5880628824234009
1127,132081_761d26ad_0,0.0011224475456401706,0.9699538946151733
1128,82906_7b72e0e8_2,0.0022841966710984707,0.9363627433776855
1129,92649_26fe8262_0,0.00027739640790969133,0.8720187544822693
1130,21803_8a36dcda_11,0.0023696059361100197,0.9362649321556091
1131,30637_f6324fc6_5,0.00020938085799571127,-0.3858144283294678
1132,105560_a6f91315_12,7.167086005210876e-05,-9.038293838500977
1133,41737_d80c34b9_0,0.017364153638482094,-0.03742504119873047
1134,34983_439766af_12,0.0002337182086193934,0.9770088791847229
1135,122755_60c41889_10,6.466906052082777e-05,-0.036353349685668945
1136,76879_65a30a82_2,0.017459943890571594,0.8438217639923096
1137,89816_cef36e57_4,0.0009371815831400454,0.9845449924468994
1138,49406_100c707b_3,0.0002936162636615336,0.9661446213722229
1139,105560_a6f91315_10,4.779843220603652e-05,-0.03207516670227051
1140,129421_483d2957_5,0.00011349644046276808,0.5217998027801514
1141,122740_fc5c94eb_33,0.0009051281376741827,0.9722867012023926
1142,135595_656de97a_5,0.0006895132828503847,0.7481701374053955
1143,35740_5322d674_5,6.409787602024153e-05,-21.24626922607422
1144,23681_932e722e_18,0.0012174563016742468,0.9769557118415833
1145,108244_329b1876_17,2.308096009073779e-05,-4.362864017486572
1146,125745_cf468448_6,0.0006631123833358288,0.844079315662384
1147,138838_c9a9e790_6,0.0006370869232341647,0.8761602640151978
1148,102416_b74464a2_4,5.50413788005244e-05,-20.83246421813965
1149,30426_2cde26de_21,8.650443487567827e-05,0.7428743243217468
1150,137837_9c9f163d_5,0.00048433674965053797,0.48999840021133423
1151,25487_dd2c17e8_15,0.004408478736877441,0.42536717653274536
1152,21549_18160a0a_4,5.871793473488651e-05,-7.28855037689209
1153,21385_601444ba_0,0.007325835060328245,0.5442662239074707
1154,35233_add576ba_9,0.0037805589381605387,0.7530838251113892
1155,55345_c6423351_0,0.0005767612019553781,0.9066268801689148
1156,110697_4b2725f1_0,0.0011324838269501925,0.9736188650131226
1157,109946_242843a6_1,4.4105658162152395e-05,-0.03970754146575928
1158,34341_d19b12fb_22,5.1705905207199976e-05,-4.878543376922607
1159,23247_bcd1e84f_21,0.0005587561754509807,0.8826774954795837
1160,131765_29b29f08_6,4.5231092371977866e-05,0.020511865615844727
1161,21395_7d6fda6f_12,0.001250307890586555,-0.09427976608276367
1162,135460_6471e973_15,0.0005961185088381171,0.8041836023330688
1163,51741_49d61151_7,0.0015480023575946689,0.9440655708312988
1164,28382_90b7cc0c_12,0.0004036523459944874,0.8535825610160828
1165,30850_05d88af9_2,0.0018567421939224005,0.9234059453010559
1166,86278_1e55d036_12,0.00022030150284990668,-0.6397444009780884
1167,67240_525e92c1_1,0.001115566585212946,0.10485398769378662
1168,82002_ef2b4feb_6,0.0010747684864327312,0.9793489575386047
1169,53364_ec8aad42_1,0.00551970861852169,0.7628293037414551
1170,135771_b030a25c_17,0.0007389363017864525,0.14521390199661255
1171,135906_29d7b495_1,0.00018312386237084866,0.6726024150848389
1172,21822_7d3db422_38,0.0006027944618836045,0.3884419798851013
1173,81136_5b86c723_1,6.017496343702078e-05,0.5580942630767822
1174,25473_0991d519_2,0.013765526004135609,0.7618468999862671
1175,73405_94381b7c_5,0.0024026024620980024,0.596148669719696
1176,24009_c40b0d48_2,0.0009828750044107437,0.9698161482810974
1177,22162_439af02a_1,0.0009285208652727306,0.9817426204681396
1178,146159_f3f80701_0,0.005167824681848288,-0.37790822982788086
1179,51895_5760b481_15,0.006117502227425575,0.9348896145820618
1180,33500_e58e287e_1,0.004287607502192259,0.8004181385040283
1181,31838_2e4bd173_0,0.0020634494721889496,-0.37930381298065186
1182,146137_92faaea5_18,0.00020343094365671277,-0.7807011604309082
1183,124879_2257a334_2,9.198542102240026e-05,-0.0095750093460083
1184,144145_510eedc2_7,0.0006022679735906422,0.9888384938240051
1185,21237_7887a24b_78,0.0012318016961216927,0.8928794860839844
1186,82297_93739ce0_6,0.0009821502026170492,0.6771420836448669
1187,51536_a18dc325_31,0.0002002250257646665,0.029492735862731934
1188,93103_fdb9fcb7_7,0.001131602912209928,0.8539329171180725
1189,24590_415f7013_9,0.0004169841413386166,0.9227405786514282
1190,130659_16f2db4c_0,0.0006415063980966806,0.7877780199050903
1191,23083_fdb942ac_2,0.0011225498747080564,0.9531623721122742
1192,23954_a8c09819_2,0.0007432152051478624,0.9855871200561523
1193,30417_0010bc7c_13,0.0013059454504400492,0.8838721513748169
1194,120535_e304dfca_1,0.0007925838581286371,0.941864013671875
1195,93199_2146e709_9,0.0011554661905393004,0.7346756458282471
1196,23686_cba4f679_15,0.006225092802196741,0.8604726791381836
1197,40807_58058731_20,0.005276527721434832,0.9468918442726135
1198,94410_d32e7520_35,0.0017001437954604626,0.9576690793037415
1199,79695_fd8bae0e_0,0.0013924752129241824,0.6459174752235413
1200,129422_621d0a90_35,0.0014487564330920577,0.3195732831954956
1201,44932_16cb7f21_5,0.004673877265304327,0.8676236867904663
1202,136550_8a8672e5_1,0.00028825196204707026,0.9190796613693237
1203,20495_e8e7e80c_3,0.003186888759955764,0.9430010914802551
1204,31962_e5291336_50,0.000576066377107054,0.45046931505203247
1205,24888_5be1de05_1,3.281822500866838e-05,0.37582463026046753
1206,34114_7e58a97d_10,0.0019192455802112818,0.926214337348938
1207,108433_37a79370_0,0.004761985037475824,0.579215943813324
1208,22844_9b75b8e0_1,0.0006806958117522299,0.971763551235199
1209,115637_b4d41e8a_0,0.0018615751760080457,0.8197879791259766
1210,53474_f29e4438_15,0.015881089493632317,0.5482299327850342
1211,26766_1aaa348c_0,0.000909443770069629,0.8709036111831665
1212,51940_67bb0219_7,0.0005972784128971398,0.9023955464363098
1213,41714_1d49f4d1_13,0.00012389269249979407,0.511434018611908
1214,21815_7090778f_9,0.006625684443861246,0.4562605619430542
1215,32843_8e5bdf24_0,0.004963429644703865,0.7800838947296143
1216,23686_cba4f679_10,0.0014218746218830347,0.8228158950805664
1217,114425_891ab08d_0,0.004308570176362991,0.4627729058265686
1218,41786_02d48cdd_5,0.005079937167465687,0.21391689777374268
1219,22895_4533b542_1,0.0007448018295690417,0.957312822341919
1220,49016_cd1b47bf_6,0.0046304925344884396,0.8533159494400024
1221,51674_a70c1c6c_3,0.00017321189807262272,0.7230108976364136
1222,52972_6e5a5ada_11,0.0014698312152177095,0.9376116991043091
1223,120700_d818883a_8,0.00015524918853770941,0.7897982597351074
1224,34530_9525ffcd_0,0.0007889194530434906,0.9851641654968262
1225,24355_99bf3f8f_1,0.0002887022856157273,0.440909743309021
1226,56250_3b6024e3_46,0.003610673826187849,0.9361596703529358
1227,56355_727ca47c_3,0.003330324776470661,0.19583874940872192
1228,35057_9af89947_1,0.0015004342421889305,0.7644295692443848
1229,120881_a946667f_13,0.0003705450799316168,0.4895145893096924
1230,143021_c6df0146_5,8.002897084224969e-05,0.5543633699417114
1231,69240_dc199112_3,0.0005766132962889969,0.4752007722854614
1232,41733_1ec9b00c_15,0.001466804533265531,0.6945410370826721
1233,30298_24191733_2,7.598183583468199e-05,0.47453737258911133
1234,30400_8824ce97_18,0.0006265235133469105,0.8691777586936951
1235,37040_ecbcd25e_36,0.0009337984956800938,0.7481496334075928
1236,23035_6087bb57_4,0.00019284238805994391,0.7114087343215942
1237,38675_6e07d74b_26,0.0067673129960894585,0.9063637852668762
1238,31751_e37382e1_9,0.0009686870034784079,0.8967125415802002
1239,54601_e1da5b93_4,0.0010915501043200493,0.9782841801643372
1240,142999_171240b6_29,0.002973881782963872,0.7745715975761414
1241,137646_14bca880_0,0.0016808081418275833,0.8447761535644531
1242,37519_442dc408_1,0.00018258526688441634,0.7768770456314087
1243,47195_a8cd8bad_6,0.0006982742343097925,0.9555964469909668
1244,22474_b10fea1a_6,0.00489618768915534,0.4353029727935791
1245,53200_d1e30b87_10,0.0011803231900557876,0.7946128249168396
1246,41472_f9d73638_9,0.00025661246036179364,0.7362412214279175
1247,126397_cc08a23d_1,0.0003560064942575991,0.42222315073013306
1248,31838_2e4bd173_4,0.0009625370148569345,0.9828404188156128
1249,52006_d21e4570_7,0.0006708434666506946,0.8670217394828796
1250,62109_08c31aa8_0,0.0006037998246029019,0.8924089074134827
1251,49403_458914df_0,0.0010581309907138348,0.3749743700027466
1252,122914_76ff1f5e_2,5.259055978967808e-05,-3.6807022094726562
1253,34913_d23e2a24_2,0.0003381377027835697,0.8486942052841187
1254,104641_2cd02839_15,0.0003789805341511965,-0.09516704082489014
1255,131632_6144b102_1,0.002272210782393813,0.9729480147361755
1256,30850_05d88af9_0,0.0022155423648655415,0.8261600732803345
1257,86296_8a6ed4d3_7,0.0007005431689321995,-1.1576931476593018
1258,34983_439766af_7,0.003612387925386429,0.9485366940498352
1259,33374_7491cbf8_2,0.003124631941318512,0.969768226146698
1260,50694_afd26bd5_10,0.002712077694013715,0.9708764553070068
1261,50292_e84db1fb_8,0.0002357704215683043,0.19545060396194458
1262,81367_622a9e51_2,0.0006048216600902379,0.8481262922286987
1263,78966_584c5305_0,0.0009177358006127179,0.521475076675415
1264,79905_623eae86_1,0.007640685420483351,0.9374297857284546
1265,63055_6b907478_15,0.0008567863260395825,0.9316542148590088
1266,135771_b030a25c_4,0.0006422453443519771,0.1913953423500061
1267,41753_9b4f8d8a_0,0.0011122552677989006,0.9781621694564819
1268,80784_f7ec5f70_1,0.0012502734316512942,0.7881485223770142
1269,33607_c6f31fa6_10,0.0011636655544862151,0.8574903011322021
1270,22225_a3ce4d29_42,0.0012731304159387946,0.8631851673126221
1271,51938_8b9cba89_5,0.004168725572526455,0.9126365780830383
1272,44741_f386a08f_4,0.002321794396266341,0.9310888648033142
1273,70021_e673ae54_4,0.0016461017075926065,0.9732833504676819
1274,55135_f1186d58_7,0.0019903939682990313,0.8216008543968201
1275,31856_2a5a4e32_12,0.005381197668612003,0.7014913558959961
1276,75303_045fc848_4,0.0005303993239067495,0.9185037612915039
1277,129683_3ad38815_10,0.005943162366747856,0.930501401424408
1278,21894_93f0d052_24,0.0023542363196611404,0.8096054792404175
1279,143823_1b04bf80_13,0.0012150343973189592,0.9123229384422302
1280,143823_1b04bf80_18,0.00034384624450467527,0.6673272848129272
1281,111863_c925f4f3_2,0.0003392744984012097,0.6762648224830627
1282,104633_d0a15bd3_6,0.0031089100521057844,0.7393068075180054
1283,48832_22363e53_33,0.0007177849765866995,0.9806118607521057
1284,127466_a18ae326_1,0.0021839658729732037,0.1771959662437439
1285,22211_b1ee53f0_12,0.0029400044586509466,0.877143383026123
1286,137837_9c9f163d_6,0.0006593356374651194,0.8204304575920105
1287,122755_b830e22d_17,5.0639275286812335e-05,0.43285948038101196
1288,21299_e9cd80a6_12,0.0003530583926476538,0.5265471935272217
1289,44920_70dd4b80_11,0.003829514142125845,0.8267481327056885
1290,52987_387431ac_7,0.0009679171489551663,0.9705195426940918
1291,147926_b78316a8_10,0.00035681697772815824,0.6873867511749268
1292,144653_e3eccdf1_50,0.00023985952429939061,0.8401927351951599
1293,56458_c027ed41_0,0.00048366753617301583,0.9399615526199341
1294,23495_6366269c_11,0.0011304023209959269,0.9775197505950928
1295,70883_e2d6a103_2,0.0033804650884121656,0.949772298336029
1296,32743_f4c47bbc_34,0.0010217742528766394,0.40447163581848145
1297,30910_38ea5a06_2,0.0004908037954010069,0.9167600274085999
1298,56476_466fc284_17,0.0032142375130206347,0.9335163831710815
1299,22604_0b4ffb43_62,0.0011208755895495415,0.9532327055931091
1300,21534_6367be99_0,0.001296189147979021,0.5913947820663452
1301,133026_1085532d_1,0.00037523949868045747,0.9046359062194824
1302,137828_0b0786fb_1,0.0021803106646984816,0.9580844640731812
1303,55627_971fde61_27,0.001080043031834066,0.8636575937271118
1304,93869_8b1922a3_0,0.0018501406302675605,0.8507911562919617
1305,24393_9acd18c6_3,0.001585093094035983,0.970422089099884
1306,44996_b3e9c266_14,0.00039353835745714605,-0.5401091575622559
1307,55300_b9675d43_1,0.0008995312382467091,0.9823381304740906
1308,113352_879844fe_0,0.0009481855668127537,0.9613890647888184
1309,135317_3c58b0d0_9,0.00027498643612489104,0.7459142208099365
1310,115624_fe3eb392_1,0.006858796812593937,0.6787788271903992
1311,63055_6b907478_21,0.0012843877775594592,0.9531604051589966
1312,40421_032c052f_0,0.0007885830709710717,0.8801352977752686
1313,143029_70554264_3,0.00018571800319477916,0.681843638420105
1314,145117_78f63de3_0,0.0023195468820631504,0.403436541557312
1315,128996_35f2006e_0,0.0001934105239342898,0.03281855583190918
1316,54503_fc6c6963_1,0.000510260637383908,0.9355540871620178
1317,24657_0168dc6b_1,0.0011899408418685198,0.9708741307258606
1318,130524_13ad16a8_0,0.02091096341609955,0.8965989947319031
1319,142670_33c641dc_3,0.0005179550498723984,0.8032219409942627
1320,65375_674ff0b9_11,0.0015747962752357125,-0.4337421655654907
1321,23168_7fdf5427_3,8.014138438738883e-05,-35.608577728271484
1322,41717_ab2075ac_0,0.001304997713305056,0.9520857334136963
1323,21739_57582b8f_4,0.0014009049627929926,0.9178106188774109
1324,143293_fc5b0ff7_30,0.0013289435300976038,0.9637588858604431
1325,135906_587b5c3d_0,0.0005970781785435975,0.6394574642181396
1326,138685_fd9b79cd_0,0.0012908108765259385,-0.032154202461242676
1327,119921_5621fcb4_0,0.0005815189797431231,0.9018239974975586
1328,49403_458914df_5,0.0009044474572874606,0.8969220519065857
1329,73525_7f6b2f67_2,0.00021878340339753777,0.6495864987373352
1330,136994_a3a2f50f_3,0.0029097790829837322,0.6722577214241028
1331,31838_2e4bd173_1,0.004941699560731649,0.8930419683456421
1332,35866_d0233b36_6,0.0015767974546179175,0.9731188416481018
1333,53053_d6b4d71c_9,0.0019653907511383295,0.9489730000495911
1334,90220_7baf1e18_1,0.0004301608132664114,0.4193170666694641
1335,23364_73dd9d4d_10,0.0002710754924919456,0.6104050874710083
1336,52987_387431ac_3,0.0015673632733523846,0.8709131479263306
1337,51859_6b2fd0f1_4,0.0009068278595805168,0.49586057662963867
1338,51708_867d4509_12,0.00018712991732172668,-0.6209635734558105
1339,93199_2146e709_3,0.001037217560224235,0.9780089259147644
