case_num,case_name,MSE,R-Square
0000,50417_199cffee_13,0.0026104170829057693,0.9796662330627441
0001,48516_2b3135bf_11,0.0013401350006461143,0.9546902775764465
0002,41733_1ec9b00c_31,0.003210643073543906,0.6885666251182556
0003,31664_1e85c690_0,0.002020517596974969,0.8913687467575073
0004,21893_0500d043_18,0.0005896597285754979,0.9880115389823914
0005,31607_9a2f8140_6,0.0005986070609651506,0.9799075722694397
0006,41774_88a7a483_18,0.0010038147447630763,0.754963755607605
0007,42143_51b31600_4,7.890502456575632e-05,0.8405652642250061
0008,23104_3b70eba4_13,0.0008618539432063699,-0.41779279708862305
0009,129075_8fbf62e5_2,0.00014367721450980753,0.6208491921424866
0010,41624_a15f83c1_13,0.00011521042324602604,0.9434264302253723
0011,36088_1ea9c8a9_12,0.0002468273160047829,0.9942417740821838
0012,126477_6596d136_14,0.0003272454487159848,0.7033778429031372
0013,130441_10c43121_0,0.008939627557992935,0.9544589519500732
0014,133385_e6aa64d8_21,0.00029369723051786423,0.8073158264160156
0015,26398_b99946da_1,0.0019342690939083695,0.9745609760284424
0016,61198_0c99f50a_4,3.460375955910422e-05,-1.1799218654632568
0017,26661_ab88a525_0,0.00029078207444399595,0.6639238595962524
0018,129075_8fbf62e5_1,0.0006004535825923085,0.43295472860336304
0019,51891_9455ea02_1,0.0007991886232048273,0.9873183369636536
0020,34770_6bba5bd4_13,0.00038083523395471275,0.992522656917572
0021,21646_a2dd0d00_53,0.0010769699001684785,0.9104799628257751
0022,68909_4ae1bc2e_1,0.00012775293726008385,0.879941463470459
0023,27866_ece3076e_109,0.00037782100844196975,0.9404226541519165
0024,92134_52f13f49_6,0.0003060471499338746,0.8236222267150879
0025,23342_7193a931_1,0.00013739767018705606,0.8093013763427734
0026,126572_a2d6f794_14,9.708746802061796e-06,0.023976266384124756
0027,44344_3e0b0b0c_1,3.1209521694108844e-05,-3.322432518005371
0028,49331_3bf3bb84_4,0.0006600652704946697,0.9879175424575806
0029,33971_46bb0373_0,0.003605815814808011,0.539404034614563
0030,21517_bfe35b4c_1,0.0012583862990140915,-0.8251779079437256
0031,23165_369d62aa_6,0.000589239236433059,0.9928928017616272
0032,81846_2907c980_0,0.0005090571939945221,0.9774031639099121
0033,24168_a0ede173_111,0.0012225016253069043,0.8792535662651062
0034,53461_a5942665_1,0.0001841886987676844,0.9931686520576477
0035,24907_c72322ea_13,0.0008747571846470237,0.6699235439300537
0036,133424_315bcaeb_7,8.936280210036784e-05,0.8843609094619751
0037,40490_916e13fe_0,0.0011585025349631906,0.9639154076576233
0038,38000_b5822e44_3,0.0012096258578822017,0.9816668033599854
0039,138520_f4e0bc0b_63,0.00026328739477321506,0.7488116025924683
0040,61294_9255796d_3,3.3720265491865575e-05,0.9369046688079834
0041,22176_272891b8_0,0.0008348706178367138,0.5765081644058228
0042,24815_4f2a57e4_1,0.0023548156023025513,0.9308537840843201
0043,113343_e692c488_1,7.357148570008576e-05,0.8889747858047485
0044,33995_18423507_1,0.0003592116408981383,0.5161091089248657
0045,127897_029949fd_6,0.0002904343418776989,0.9941924810409546
0046,123181_4e56fb4f_0,0.0005074699292890728,0.9926483035087585
0047,22670_9353c710_1,5.73142860957887e-05,0.6507081985473633
0048,128642_4d72bf31_2,0.0006982248742133379,0.6217691898345947
0049,146667_fe438b5b_6,0.0005545929307118058,0.9661318063735962
0050,38260_2a31c6df_2,0.0007161465473473072,0.8990715146064758
0051,24443_996411f9_3,0.0016328557394444942,0.9629455804824829
0052,142074_34e02b6d_1,0.0005631555686704814,0.831342875957489
0053,41501_b627682a_15,0.001392924110405147,0.8782766461372375
0054,24712_da77fe8f_0,0.00033274825545959175,0.9937743544578552
0055,32960_0eaa1de8_26,0.0005149453063495457,0.9904621243476868
0056,130757_b2c47f8d_2,0.00017489399760961533,-4.2270026206970215
0057,104817_6d73dc41_0,0.0023793824948370457,0.7334213852882385
0058,79243_49539d9f_0,0.0015039641875773668,0.9675989747047424
0059,82012_c533307b_1,0.00024023953301366419,0.7762084007263184
0060,107649_e651c5ca_1,0.0004789849335793406,-2.3401901721954346
0061,40997_e3c88650_12,0.0009943109471350908,0.974495530128479
0062,143029_70554264_4,0.0006749906460754573,0.9077305197715759
0063,27054_342fcf5c_3,0.00019470082770567387,0.7967902421951294
0064,41648_577daf16_17,0.0011939296964555979,0.5480382442474365
0065,89720_4e65191c_1,0.0008616164559498429,0.9791271686553955
0066,75382_1b589ea9_12,9.046430204762146e-05,0.7413977384567261
0067,120371_433ba1ca_2,0.0003929345984943211,0.9657313823699951
0068,49024_b7f02205_13,0.0018379460088908672,0.9188204407691956
0069,51022_47816098_7,0.002912613097578287,0.9700918197631836
0070,41634_4f5d0edb_0,7.835644646547735e-05,0.8433175683021545
0071,23170_6ea8ded5_3,0.0006896834820508957,0.9884580969810486
0072,69589_cd2fa794_8,0.0016068210825324059,0.8949359059333801
0073,41504_85e300ee_0,0.005731088109314442,0.21747946739196777
0074,128996_42176b10_0,0.0016287420876324177,0.8681727051734924
0075,38920_e81879c2_7,4.6993500291137025e-06,-4.65200662612915
0076,148051_c59af578_6,0.00039739636122249067,0.9891769289970398
0077,65494_16d62db5_0,0.00015346503641922027,0.7943562269210815
0078,25473_0991d519_0,0.0006030126241967082,0.9858330488204956
0079,75270_25a261ef_5,0.0005622472381219268,0.9438992142677307
0080,49613_1b97c07b_12,0.000558074563741684,-4.927228927612305
0081,115633_a2c63339_1,0.0001419406326021999,0.9580167531967163
0082,52366_63042db4_1,0.00033580148010514677,0.9923572540283203
0083,30282_88c6933c_5,0.0010494397720322013,0.874452531337738
0084,53474_f29e4438_12,0.000527115014847368,0.9827430248260498
0085,24026_1dd4094b_21,0.0021595600992441177,0.7536592483520508
0086,21225_c081eae3_2,0.001590657397173345,0.7897480130195618
0087,35057_9af89947_8,0.0007124192779883742,0.42772358655929565
0088,43529_4804941b_20,0.000784880539868027,0.9760806560516357
0089,22103_fd11c71b_3,0.0004199444956611842,0.9475617408752441
0090,51536_a18dc325_0,0.0023592296056449413,0.8747910857200623
0091,24230_636208ab_13,0.0003641163930296898,0.7764031887054443
0092,41117_1b3271f2_56,0.0023511843755841255,0.9636939764022827
0093,140499_419d5823_0,0.00048321133363060653,0.9582298994064331
0094,115524_a949e82c_2,6.454798131017014e-05,0.7485589981079102
0095,29833_0ed4880f_3,0.0007873915019445121,0.985832929611206
0096,127556_4823a42a_6,0.0023532032500952482,0.6047142148017883
0097,23960_48cc0f21_19,4.8330886784242466e-05,0.3222646713256836
0098,132987_ba18d2eb_11,0.0002475447836332023,0.5259846448898315
0099,51337_f8636fd9_30,0.00011253626871621236,0.8728489875793457
0100,40999_cad6be09_18,0.001435255748219788,0.9660670757293701
0101,136886_99fbdef3_0,0.00018037777044810355,0.6904615759849548
0102,30447_4ed3b778_7,0.0034196246415376663,0.9874012470245361
0103,55811_bc667b2d_13,0.0013585122069343925,0.48281723260879517
0104,41716_d55164d4_1,0.0004618039238266647,0.8383818864822388
0105,33610_aa697fc9_6,0.00044003126095049083,0.9675201773643494
0106,55095_fa260d33_6,0.0009266361012123525,0.9755744934082031
0107,115639_bc0cc622_0,0.0012860270217061043,0.9058412909507751
0108,20841_1620ae7d_0,0.0007974107866175473,0.8902173638343811
0109,50823_d1830e58_2,0.000919448968488723,0.8179894685745239
0110,109762_cb162371_48,0.00043283237027935684,0.8479016423225403
0111,41387_5f752e39_23,0.0008805224788375199,0.9674367308616638
0112,121540_629c716f_0,0.0008189991349354386,0.9653301239013672
0113,118539_1dff9cf9_12,4.018678009742871e-05,-1.9390718936920166
0114,30714_dafa62f6_2,0.0027131219394505024,0.9645041227340698
0115,79633_bbbde75f_0,0.001100816996768117,0.9731525182723999
0116,33059_531cfd5e_11,0.00028108502738177776,0.9539985060691833
0117,20697_d3e106b4_4,9.462748857913539e-05,0.20526814460754395
0118,136062_0027ff97_6,0.0009910848457366228,0.9085633754730225
0119,146291_6b0c8db3_1,0.007896008901298046,0.8162393569946289
0120,45466_5f662bcb_0,8.001704554772004e-05,0.8352457284927368
0121,144500_7f600ab6_0,0.0012259850045666099,0.8866297006607056
0122,44996_b3e9c266_4,0.0006941749597899616,0.8533778190612793
0123,40713_4c9264ef_0,0.0010175082134082913,0.8642405867576599
0124,132384_0fcab1fa_13,0.0009380110423080623,-0.009090423583984375
0125,33738_77d49563_2,0.0002685768704395741,0.6878148913383484
0126,129422_621d0a90_33,0.0008506322046741843,0.5996551513671875
0127,115633_fd3c9b97_32,6.646529072895646e-05,0.7276462912559509
0128,69337_a122ffde_1,0.000308589224005118,0.968459963798523
0129,37241_29f91452_0,0.0008396016201004386,0.9805772304534912
0130,141199_9ae000ef_6,0.0034949895925819874,-1.9542627334594727
0131,147133_92c04b84_4,0.0006827818579040468,0.39948493242263794
0132,77687_cbb18594_50,0.0011488746386021376,0.20699572563171387
0133,144290_2a679085_11,9.139619214693084e-05,0.7308249473571777
0134,130825_c59bbbfb_0,0.0003913090913556516,0.9899861216545105
0135,82512_252da752_6,4.571650606521871e-06,-6.072834491729736
0136,115624_d0acb46b_24,0.0007223061984404922,0.9921628832817078
0137,92134_52f13f49_7,0.00025637407088652253,0.8391506671905518
0138,100326_0602c712_7,0.00018447908223606646,0.7092021703720093
0139,134630_f9e85072_0,0.00021894545352552086,0.9495970606803894
0140,108943_b07b2543_1,0.0011545739835128188,0.8096078038215637
0141,125416_ab456bc3_5,0.002315589925274253,0.8034027814865112
0142,57222_33b428d7_69,0.00023920100647956133,0.7607628107070923
0143,24650_dad8c8ee_13,0.0013010110706090927,0.9769469499588013
0144,41749_14d0599c_1,0.003773547476157546,0.43866193294525146
0145,49396_98ab955d_27,0.00010554979235166684,0.9310897588729858
0146,136892_e2a0b32c_4,1.9607259673648514e-05,0.4958248734474182
0147,31962_e5291336_28,0.0013787123607471585,0.9699105620384216
0148,34231_e27353cb_0,0.0001960205554496497,0.7939023971557617
0149,112724_d334de09_0,0.001733367214910686,0.9730590581893921
0150,56486_82b3e23a_21,4.4727632484864444e-05,0.4798867106437683
0151,40500_6055e3d7_17,3.1972333090379834e-05,-0.07557237148284912
0152,39468_15fb2e60_43,0.0003636269539128989,0.40666747093200684
0153,141710_17531562_7,0.0007446992676705122,0.9789530634880066
0154,33529_756075a0_12,0.0011504454305395484,0.774627149105072
0155,54169_3a875f10_8,0.0037626633420586586,0.9007560014724731
0156,41023_5445cb61_9,0.00038415699964389205,0.6621440649032593
0157,146380_5c569eeb_2,0.0013995349872857332,0.24778765439987183
0158,24195_9791f5d3_38,4.1173283534590155e-05,0.18808209896087646
0159,26573_7f7e176d_2,0.0058303894475102425,0.9482863545417786
0160,22734_f6bad9f7_25,0.0055178008042275906,0.9110957384109497
0161,48112_9538e204_0,0.0002525538147892803,0.9949867725372314
0162,127545_6fa39158_10,0.0012768198503181338,0.9900711178779602
0163,23788_5c0b60c6_0,0.00018933601677417755,0.900581955909729
0164,23792_5b4c1ce0_21,0.0009194029262289405,0.9709891080856323
0165,146067_46e58ab3_1,0.003843368496745825,0.9756157398223877
0166,101072_dec6f415_3,0.0002795371110551059,0.8718624711036682
0167,22829_b6649a29_0,6.999498145887628e-05,-0.1605931520462036
0168,55389_a736bd99_0,0.002050640992820263,-0.08929002285003662
0169,30259_d709601c_9,0.0035320234019309282,0.899380624294281
0170,35866_d0233b36_13,0.00013697196845896542,-0.4544428586959839
0171,34563_52848c45_5,0.00017435966583434492,0.9294238090515137
0172,44519_90af0df6_7,0.0013300013961270452,0.6120224595069885
0173,114111_59282658_8,0.00025462580379098654,0.9128715991973877
0174,45922_26941172_15,0.0018641850911080837,0.9687939286231995
0175,41303_bd1def52_3,0.00038283359026536345,0.9031994342803955
0176,22053_de30641b_1,4.918716513202526e-05,0.24704617261886597
0177,22298_51433023_4,0.0012439698912203312,0.9728966951370239
0178,23479_81a49137_0,0.0018043845193460584,0.34451019763946533
0179,22225_a3ce4d29_37,0.001810982939787209,0.9749268889427185
0180,135669_490cd2d7_14,0.0019658184610307217,0.8945597410202026
0181,32173_8b075b1a_4,0.0008714381256140769,0.9858847856521606
0182,145119_24107428_5,0.0010104950051754713,0.9233506917953491
0183,41774_88a7a483_36,0.00011964491568505764,0.9385088682174683
0184,133549_1b6c58d6_0,0.0013392085675150156,0.9714970588684082
0185,40936_6de8f4f4_0,0.0038960170932114124,0.9756958484649658
0186,23008_3d1bb7b2_0,0.002423372119665146,0.9652293920516968
0187,38360_ad61c9b2_1,0.0002991745714098215,0.8056200742721558
0188,136109_3d342d3c_2,0.0009068035869859159,0.9635442495346069
0189,135790_a27f9deb_11,9.034938557306305e-05,0.8879584074020386
0190,140249_7c1c5bba_0,0.00012775385403074324,0.8444868326187134
0191,128996_a3d026d6_0,0.002670260611921549,0.45279449224472046
0192,23235_f9ccb8b0_0,0.0018630034755915403,-0.46918952465057373
0193,93671_f7290ded_0,0.00025274805375374854,0.8502296805381775
0194,51109_97b211c3_7,0.001759529230184853,0.7849547266960144
0195,51916_fa226b15_13,0.0001162859407486394,0.7487378120422363
0196,86268_094d3fab_1,0.0002972529619000852,0.9940561652183533
0197,39637_ca6a9a60_1,0.0049605960957705975,0.3865184187889099
0198,47219_93cb3619_3,0.01950082927942276,0.656522274017334
0199,47878_0edb6829_0,0.0007151048048399389,0.9872822165489197
0200,26764_ab35159a_6,0.0012897729175165296,0.948517918586731
0201,34341_d19b12fb_12,0.0001937880297191441,0.7866040468215942
0202,118342_c702e084_6,0.0013726036995649338,0.9686451554298401
0203,49886_dd68dccb_4,0.003762757172808051,0.7151000499725342
0204,23493_57512264_5,0.00011421356612117961,0.6399284601211548
0205,31751_e37382e1_5,0.0015942007303237915,0.9591651558876038
0206,24338_848cab42_6,0.005949231330305338,0.5299875736236572
0207,24916_42eacca3_10,0.0008552622166462243,0.5379270911216736
0208,137485_a953e1be_2,0.00027545896591618657,0.9944921731948853
0209,23706_ef15ef9c_18,0.001675581093877554,0.8888539671897888
0210,143671_eaf4d13b_6,0.0015207455726340413,0.9767974019050598
0211,53470_39f2e9dc_13,0.0013031440321356058,-0.6514657735824585
0212,145772_59253c6d_3,7.350014493567869e-05,0.8964313864707947
0213,51893_d531e2bd_2,0.0004569324664771557,0.9900510311126709
0214,39389_d641313f_8,0.0015782761620357633,0.9397791028022766
0215,51595_41f3d1a3_5,0.0002152693923562765,0.7956315875053406
0216,51674_a70c1c6c_15,0.0002568656636867672,0.021416783332824707
0217,37617_3f415463_5,0.00022797838028054684,0.827086329460144
0218,31862_a89f21f9_3,0.001751659088768065,0.9479439854621887
0219,40519_55a097c6_11,0.0024679808411747217,0.8561031818389893
0220,111306_9108c940_0,0.002082505263388157,0.6014703512191772
0221,136640_16741d62_4,0.0012271450832486153,0.16492313146591187
0222,23155_d7305c5f_2,0.004951405338943005,0.899706244468689
0223,43934_912ff891_41,0.0001667118485784158,0.2052895426750183
0224,57017_6033d1e5_0,0.0003848808410111815,0.9806233048439026
0225,126913_d253adb7_1,0.0009428159683011472,0.6229537725448608
0226,130752_52d74f2f_48,0.0024557963479310274,0.8344535827636719
0227,124177_71283cad_0,0.0009145334479399025,0.929479718208313
0228,24650_dad8c8ee_18,0.0015544276684522629,0.9602653384208679
0229,55199_4d57661f_2,0.0034705314319580793,0.7922316789627075
0230,115010_eb737aaf_20,0.0005891105975024402,0.98871910572052
0231,27855_19c5895a_12,0.0003458214341662824,0.8186178207397461
0232,52772_a6e6e320_0,0.0004903310327790678,0.34197914600372314
0233,90917_3d2d21a9_0,0.0019121614750474691,0.9562668204307556
0234,40703_5f4e45d4_7,0.00025438907323405147,0.994953453540802
0235,132622_911efd2f_1,0.0023367987014353275,0.9650217294692993
0236,43441_e1ab0873_6,0.045987941324710846,0.274005651473999
0237,34917_61633e20_6,0.0013935541501268744,0.9697877764701843
0238,67221_275ba7e6_4,0.0006811326020397246,0.9863370656967163
0239,130719_e4764a36_10,0.0001818831224227324,0.6033827066421509
0240,136318_130d6a06_20,0.0016295660752803087,0.85136479139328
0241,99636_73c43ebd_10,0.0004485840618144721,0.9878960251808167
0242,29377_3a04cb8d_6,0.0004041405045427382,0.9410403370857239
0243,23018_63087a41_47,0.000951699330471456,0.9739497303962708
0244,26165_100fec74_4,0.0001767677313182503,0.4438017010688782
0245,135934_d2f6bb2e_46,0.00031925778603181243,0.8450204730033875
0246,24039_448afafa_5,0.0012384196743369102,0.9403148293495178
0247,32775_a79b406b_14,0.0031664534471929073,0.5965375900268555
0248,23686_cba4f679_0,0.001022241311147809,0.9030530452728271
0249,35147_bc9f2c5d_0,0.0032028467394411564,0.4829610586166382
0250,136337_1351909b_2,0.00882660411298275,0.7903460264205933
0251,139222_2c10ca9a_1,0.0015861665597185493,0.8635469675064087
0252,139379_fe5c3f64_0,0.0002680212783161551,0.9901188015937805
0253,33084_344fec27_2,0.0003067026555072516,0.9942267537117004
0254,24775_d5c98d77_0,2.6465451810508966e-05,0.18415921926498413
0255,56344_3a89f085_23,0.000342169136274606,0.9682876467704773
0256,135112_cf8007b8_5,0.002604477573186159,0.935870349407196
0257,50706_20d07d57_2,0.002534823026508093,0.9757094979286194
0258,51744_cd355565_5,0.0014934742357581854,0.955267608165741
0259,51464_da501c24_0,0.0016624423442408442,0.6723312735557556
0260,126572_a2d6f794_23,2.6329897082177922e-05,0.08873116970062256
0261,70021_e673ae54_2,0.00013619542005471885,0.8037647604942322
0262,25144_31b089b6_5,0.0006394903175532818,0.710342288017273
0263,24715_55aac5f2_2,9.298809345636982e-06,0.22587507963180542
0264,24532_f82f8000_2,0.0017149430932477117,-0.3883122205734253
0265,30664_a3084f71_1,0.0014020957751199603,0.4138008952140808
0266,81145_5c13a8e9_1,0.000191519022337161,0.8043824434280396
0267,132037_2abb8c63_10,8.481900295009837e-05,0.6101029515266418
0268,50414_ac159b58_2,0.0008198475115932524,0.97020423412323
0269,21601_360ce1c7_7,0.0006243562093004584,0.9886532425880432
0270,22119_27e3ecbe_9,0.0006120651960372925,0.9810202121734619
0271,145120_74f7316f_0,0.007644807454198599,0.6543669700622559
0272,74574_c302ff1f_0,0.0006234121974557638,0.18119311332702637
0273,52443_085efc00_4,0.00012577259622048587,0.9589038491249084
0274,147546_ede0f31c_3,0.005810294300317764,0.8743539452552795
0275,22492_047b125b_21,0.0022102438379079103,0.9487016201019287
0276,72313_5a86e234_0,0.02682056464254856,0.4876595735549927
0277,45589_49e3c7ea_2,0.00026352875283919275,0.9920535683631897
0278,83432_a7f85698_0,0.0007270852220244706,0.9836688041687012
0279,32775_a79b406b_0,0.000268270552624017,-1.5834705829620361
0280,121703_69c4a5ac_3,6.61065278109163e-05,0.7604756355285645
0281,80901_e9080573_6,0.0008615457336418331,0.9663780331611633
0282,21809_8bd6b10e_3,0.011186020448803902,0.7537955045700073
0283,49396_98ab955d_15,0.0011630249209702015,0.8891065120697021
0284,33766_14917a4a_19,0.0009000738500617445,0.979973554611206
0285,26661_ab88a525_8,0.00022192580217961222,0.993778645992279
0286,44030_17bd5ec9_0,0.0006851048674434423,0.15779602527618408
0287,53221_74fa81cd_7,0.00022120219364296645,0.808789074420929
0288,21887_3306168f_7,0.003054992062970996,0.695601224899292
0289,86185_85fde9e6_0,0.0007317641284316778,0.8881642818450928
0290,87951_500b1dcd_2,0.0001630670012673363,0.8254361748695374
0291,22276_69c5036b_11,0.0012389600742608309,0.9675841927528381
0292,41721_44151488_5,0.0021223872900009155,0.8034793138504028
0293,102293_5d04e48d_0,0.006258727982640266,0.7030489444732666
0294,77687_cbb18594_20,0.00016029272228479385,0.7776519060134888
0295,133248_1bab99ae_0,0.0036760098300874233,-0.6204627752304077
0296,24051_4852a192_2,0.001162986969575286,0.9600823521614075
0297,86806_2993395a_1,9.427167969988659e-05,0.9199697375297546
0298,38558_b0d6b3f8_1,0.001146389520727098,0.9764706492424011
0299,140549_7d01813c_0,0.011850605718791485,0.6240755319595337
0300,24559_3c306e71_1,0.0011377212358638644,0.8250080347061157
0301,70350_751de4b0_13,0.005535082891583443,-1.254685640335083
0302,39101_23fec10f_8,0.0018965344643220305,0.7982299327850342
0303,24942_9d1b2ff2_8,0.0012560986215248704,0.9853593111038208
0304,30850_05d88af9_3,0.003743162378668785,0.9377556443214417
0305,113358_08641c94_4,0.0010928655974566936,0.9660400748252869
0306,21234_8b71bd47_27,0.000490903970785439,0.8224020600318909
0307,26245_4aac38e1_21,0.00015522248577326536,0.6398628950119019
0308,66072_d301cc88_0,0.0016069099074229598,0.30508530139923096
0309,21894_93f0d052_23,0.0026596523821353912,0.7372986078262329
0310,147816_7fb70c2b_2,0.001060187118127942,0.8887983560562134
0311,49120_4131d1e7_1,0.0003733554622158408,0.9252516627311707
0312,52224_ca16c854_4,0.0036917009856551886,0.47282516956329346
0313,105762_19e04e0b_1,0.0002655393036548048,-1.0961999893188477
0314,30400_8824ce97_36,0.001318504917435348,0.8100860714912415
0315,95199_ffcff41e_0,0.00024256618053186685,0.7514723539352417
0316,50417_199cffee_3,0.00010489488340681419,0.9183604717254639
0317,24544_d06c82dd_5,0.0010642894776538014,0.9823868870735168
0318,22604_565b91f5_2,0.0006450401851907372,0.9730868339538574
0319,22788_b6a9e30a_4,0.0005141018773429096,0.8715291619300842
0320,45789_d5126eab_14,0.0016937826294451952,0.6540038585662842
0321,37267_b2be4b50_3,9.708037396194413e-06,0.02314913272857666
0322,34330_5eff1ee1_3,0.0010124826803803444,0.881838858127594
0323,137999_d934160e_1,4.399217868922278e-05,0.6596970558166504
0324,134921_f5efde94_27,7.943787932163104e-05,0.9269646406173706
0325,53470_39f2e9dc_8,8.119723497657105e-05,0.08907449245452881
0326,23497_f292546d_25,0.0013893111608922482,0.9422578811645508
0327,22289_4b848f64_2,0.0007666269084438682,0.8961714506149292
0328,31392_84b62622_2,0.0007308712811209261,0.9390884041786194
0329,51347_1fc6f329_0,0.002558058127760887,0.42534399032592773
0330,50777_2934de55_6,0.00038312410470098257,0.9863314032554626
0331,32841_954e8c1a_0,5.242486440693028e-05,0.9459133148193359
0332,31530_6744ae73_3,0.000524129020050168,0.9923068881034851
0333,65827_d1469ad6_1,0.000376533338567242,-1.8178315162658691
0334,145461_30637b22_8,2.773513551801443e-05,-0.10859763622283936
0335,31973_093ea963_13,0.00024193008721340448,0.9058188796043396
0336,70355_e5f58cd5_14,0.001506662112660706,0.8530629873275757
0337,77687_cbb18594_40,0.00011990124767180532,0.47026336193084717
0338,24392_fce351ea_0,0.0003101520997006446,0.8337277173995972
0339,36853_7efccb8c_3,0.0011719235917553306,0.8400487899780273
0340,41644_d15f8e2b_5,7.819502206984907e-05,0.5970423817634583
0341,131762_9b5e5ff5_2,0.0011318196775391698,0.9316501617431641
0342,82193_96ef9433_2,0.0012932155514135957,0.9798469543457031
0343,31347_386f6298_15,0.0018931071972474456,0.9554870128631592
0344,34568_fbe47bf9_0,0.00016292919463012367,0.533607542514801
0345,115624_fe3eb392_3,0.0025301931891590357,0.9420966506004333
0346,130446_e7b58dbe_0,0.011046287603676319,0.5543289184570312
0347,104641_2cd02839_33,0.00010016350279329345,0.7811776399612427
0348,31460_39fdfc6a_7,0.002355882665142417,0.46972209215164185
0349,95541_ced8f936_0,0.0008401665836572647,0.9818924069404602
0350,23126_725969ea_17,0.0014197671553120017,0.8499944806098938
0351,23676_52069f98_5,8.447121945209801e-05,0.6818971633911133
0352,137637_ed9c537d_0,0.0007816600264050066,0.8067232370376587
0353,22474_b10fea1a_2,0.000966532330494374,0.9765887260437012
0354,143017_21d96cc2_10,0.0011395870242267847,0.8357182145118713
0355,105270_34f92afd_1,0.00020022464741487056,0.7191696166992188
0356,95622_0a0787e4_4,0.001521375379525125,0.9772771596908569
0357,55854_13f0399b_0,0.002112594898790121,0.9545304179191589
0358,22118_1e09e0eb_5,0.0016219121171161532,0.9308269619941711
0359,146717_3e6a84c1_7,0.0015307109570130706,0.9770554900169373
0360,63132_330141d7_3,0.0004821583570446819,0.9022156596183777
0361,115633_fd3c9b97_46,0.0002942679566331208,0.3938818573951721
0362,21644_aa203dc5_29,0.00026265892665833235,0.9355292916297913
0363,79791_00f639ca_15,0.00041804928332567215,0.9929617643356323
0364,60711_42b5a13e_1,0.0010368956718593836,0.8851710557937622
0365,137483_cdb8989d_0,0.0006400568527169526,0.9866364002227783
0366,21644_aa203dc5_26,0.0007783684995956719,0.8656609058380127
0367,131876_b2384623_0,0.0009334504720754921,0.39730238914489746
0368,23706_ef15ef9c_10,0.0005118433036841452,0.9216963648796082
0369,68948_0d2a01cd_9,0.0015493876999244094,0.9565444588661194
0370,145137_4e9eef42_1,0.0008785664103925228,0.8232988715171814
0371,30426_2cde26de_20,0.002108366461470723,0.9760086536407471
0372,31378_34c52a73_0,0.0002601297164801508,0.9277836084365845
0373,92134_52f13f49_4,0.00039101464790292084,0.7361071109771729
0374,119634_fc722479_1,0.0012512748362496495,0.9827843904495239
0375,24032_d6172503_24,0.0008968249894678593,0.6245152950286865
0376,136401_69f29349_4,0.0004133647889830172,-5.413774013519287
0377,41871_f9a1ad02_26,0.0013406736543402076,0.8982012271881104
0378,48220_87941c4e_116,0.0028217965736985207,0.5824235677719116
0379,115012_9ed88535_2,0.0007339314324781299,0.7068599462509155
0380,69488_025cf0a2_1,0.006909516640007496,0.95316082239151
0381,147427_69f68da4_3,7.35869471100159e-05,0.7960442304611206
0382,33766_14917a4a_32,0.0003604976227506995,0.9870321154594421
0383,51747_3d58eae0_0,0.0009503477485850453,0.8723942041397095
0384,33785_a4c23f61_0,0.0034977123141288757,0.9868046045303345
0385,114935_797875fe_2,0.001535735558718443,0.9441295266151428
0386,51775_49ef614a_26,0.00012761166726704687,0.7731086015701294
0387,38196_ea48fa42_3,0.00021024969464633614,-1.4595623016357422
0388,140413_44177109_21,3.6875277146464214e-05,0.32515013217926025
0389,27676_79237cc5_1,0.0016197209479287267,0.47011345624923706
0390,52883_e518d3f4_33,0.00025195596390403807,0.9950367212295532
0391,34347_841c5375_2,0.00021392850612755865,-3.3496384620666504
0392,55289_292737cb_0,0.0005649164086207747,0.989154577255249
0393,50606_82cb18e2_0,0.0012031496735289693,0.9527140855789185
0394,30407_efa567f2_4,0.00034708515158854425,0.9916309714317322
0395,31647_ab9ad9dc_13,0.002033625030890107,0.802985429763794
0396,24896_58b4730f_17,0.000439930910943076,0.9179462194442749
0397,23602_5daaccf5_4,0.002336040372028947,0.8368377685546875
0398,27725_5cceaeb7_10,0.0001117267383961007,0.7678852677345276
0399,127734_395dcf7d_5,0.0017084201099351048,0.7221992015838623
0400,31957_d864f861_3,0.004068039357662201,0.17100012302398682
0401,49415_1671b60c_4,0.001249315100722015,-0.16815268993377686
0402,45110_fae73324_4,0.0006305348360911012,0.9663509726524353
0403,22343_34184fd5_18,0.0002792677842080593,-0.06318819522857666
0404,22848_cc91b848_38,1.9029411078008707e-06,-1.1935780048370361
0405,73652_23b21ef2_1,0.000636688491795212,0.9871971011161804
0406,65569_bd890a32_1,0.0003721760003827512,-2.56984806060791
0407,48220_87941c4e_111,0.0030884549487382174,0.45909708738327026
0408,30394_e30f932c_0,0.0020433329045772552,0.8830856680870056
0409,21941_1a683ec2_26,0.0009054434485733509,0.9621902704238892
0410,25564_e646fcb3_1,0.0001668839540798217,0.43641144037246704
0411,134053_87a32e31_3,0.00012687465641647577,0.653803288936615
0412,87950_af56e26e_2,0.00046433674287982285,0.9660150408744812
0413,51458_54240b70_17,0.00011579947749851272,0.8720942735671997
0414,40688_effe215a_1,0.0006438283598981798,0.9840567708015442
0415,131494_c8a441d0_0,0.000476971035823226,0.9071195125579834
0416,26768_c4df841f_21,0.0006868709460832179,0.19540905952453613
0417,136892_2d5f55a9_0,0.005174247082322836,-0.13465309143066406
0418,54652_d60ac3e0_10,0.0009675576584413648,0.9475069642066956
0419,51747_3d58eae0_1,0.0010939422063529491,0.5528008937835693
0420,54650_df3655c1_0,6.533198757097125e-05,0.2844468951225281
0421,41125_711db4bf_58,0.0008587720221839845,0.9044762849807739
0422,45418_f603706b_2,0.00018109424854628742,0.9541953802108765
0423,21852_6cf9a734_18,0.0023830183781683445,0.9796321392059326
0424,122515_758d8b70_6,3.6280245694797486e-05,-28.95975112915039
0425,104081_05ba54fa_2,0.000631549977697432,0.7347612380981445
0426,41672_cf87e0b6_0,0.0006857735570520163,0.8941587209701538
0427,22638_37f9fe91_1,0.00011289545363979414,0.6664703488349915
0428,24559_3c306e71_3,0.000817468564491719,0.851520299911499
0429,31589_ac31215d_8,0.0008462121477350593,0.5522102117538452
0430,49603_143b8bd2_35,0.0009590827394276857,0.9240927696228027
0431,127965_c64a91da_0,0.0006965966895222664,0.8197166919708252
0432,36062_f2fb6808_1,0.0001911167782964185,-0.7663017511367798
0433,139280_8874b1ab_18,0.00020644663891289383,0.8016223907470703
0434,30997_24dea167_4,0.0029022148810327053,0.7382190227508545
0435,143471_eb185912_5,2.0997002138756216e-05,0.7850115299224854
0436,23176_1bf2a2d5_10,0.001238831551745534,0.9487821459770203
0437,98299_b8146029_5,0.000406592502258718,0.9647876620292664
0438,23466_1cf60d09_4,0.003184735309332609,0.9109483957290649
0439,41591_2d0bd0d5_3,0.001512763206847012,0.9468213319778442
0440,134929_9049dcec_1,0.00031011129613034427,0.8337119817733765
0441,41785_e8bf0528_0,0.0028519893530756235,0.8757251501083374
0442,31460_39fdfc6a_6,0.0009703875984996557,0.9792187809944153
0443,133710_00be7f31_1,0.002128324471414089,0.755789041519165
0444,24532_f82f8000_0,0.00026097448426298797,0.9425955414772034
0445,21234_8b71bd47_3,0.0001378286542603746,0.7913591861724854
0446,35175_6edc4126_5,0.0019433341221883893,0.943687379360199
0447,20495_e8e7e80c_1,0.0002973404771182686,0.6532996892929077
0448,76546_c17e95aa_2,0.00010995291086146608,0.353237509727478
0449,41654_e75f89df_0,0.0008687141234986484,0.9528496861457825
0450,109772_f1a0845e_6,0.00015828029427211732,0.9085426926612854
0451,34913_d23e2a24_0,0.0006334537756629288,0.9648063778877258
0452,25203_1cc0cb3c_12,0.0007324304897338152,0.9877763986587524
0453,37160_2a95674a_4,0.0010646351147443056,0.9305022954940796
0454,69240_dc199112_4,0.0015055314870551229,0.7140285968780518
0455,25176_d9130589_0,0.0005798336351290345,0.923795223236084
0456,69235_fe79a369_0,0.0002084444568026811,0.5318657159805298
0457,39468_15fb2e60_9,0.0007195734651759267,0.8956081867218018
0458,103284_e25015aa_6,6.055694029782899e-05,0.5173693299293518
0459,30377_e18ea3de_0,0.00018100558372680098,0.8533623218536377
0460,66080_f578d52b_4,0.003903777338564396,-19.064329147338867
0461,37444_52b27e94_14,0.0008071670890785754,0.8770724534988403
0462,38675_6e07d74b_31,0.0011574779637157917,0.9633749723434448
0463,21680_360ba5c7_28,0.0006028405041433871,0.9560776948928833
0464,142032_5c32b7db_2,0.0008207318605855107,0.9848869442939758
0465,44210_a155c2d1_0,0.006482705008238554,0.8556922078132629
0466,38287_88ec74de_92,0.0005388003191910684,0.9204574227333069
0467,29572_2f9283f2_4,0.00039556814590469003,0.9705340266227722
0468,28300_b3a6ab79_10,0.00037836917908862233,0.9869167804718018
0469,136129_e6a20c7d_5,0.00014179466234054416,0.782440721988678
0470,119381_e4d13609_0,0.0022620963864028454,0.9144145846366882
0471,30729_b4d83b07_4,3.5602457501227036e-05,0.2689099907875061
0472,140413_44177109_11,0.0013743164017796516,0.9353632926940918
0473,26384_83eddf22_0,0.0005548842600546777,0.9576349258422852
0474,82285_e7a738e7_2,0.008277849294245243,0.31050533056259155
0475,108599_347602af_0,0.0005650618695653975,0.9824281930923462
0476,119889_41a6f268_1,0.00017134590598288924,0.7471340894699097
0477,55006_94230c00_1,0.0020467001013457775,0.9360126256942749
0478,21517_bfe35b4c_10,0.00018193417054135352,0.9163954854011536
0479,20818_098cad7c_6,0.00012699954095296562,0.8639978170394897
0480,41855_b82e6ae8_6,0.0004370926762931049,0.9494731426239014
0481,137166_90691294_8,9.216092439601198e-05,0.9387968182563782
0482,69561_f274e705_26,0.0003252337337471545,0.9843200445175171
0483,51579_d0c3e154_0,0.0015159002505242825,0.9358546137809753
0484,23676_52069f98_4,0.0013472677674144506,0.9575772285461426
0485,31962_e5291336_1,0.000742740579880774,0.9780246615409851
0486,57222_33b428d7_1,0.00011242258915444836,0.9165380001068115
0487,51586_2ad96f8c_17,4.367213841760531e-05,0.47470545768737793
0488,41473_c2137170_32,0.0007944689714349806,0.8761789798736572
0489,31123_9a1bfc50_2,0.001311732456088066,0.9009428024291992
0490,23211_3aac9c7e_0,0.0005143427988514304,0.9036287069320679
0491,45798_b573e9da_5,0.005274435505270958,0.728110671043396
0492,27847_d2436f7c_37,0.00014039814413990825,0.8377265930175781
0493,54736_6ee1b513_1,0.0013001452898606658,-0.12326514720916748
0494,132901_7d205bb4_9,0.000445547018898651,-1.9540574550628662
0495,73762_8c704690_0,0.0070283240638673306,0.05223006010055542
0496,23209_1592b0a4_1,0.0017926048021763563,0.8756825923919678
0497,49024_b7f02205_2,8.35197715787217e-05,0.7882503867149353
0498,147630_7f858240_15,0.0007234522490762174,0.8725435733795166
0499,69337_2c778611_11,0.000263819529209286,0.8447086811065674
0500,82498_92a00cd6_1,0.00026401630020700395,0.9181967377662659
0501,78775_e2d8b091_1,0.000704940699506551,0.9043856859207153
0502,40067_95ae6c76_9,0.00047609483590349555,0.9489967226982117
0503,80756_6f2e842f_0,0.000550208380445838,0.8880500197410583
0504,25284_1da7aa8a_0,0.0003640600189100951,0.9279595613479614
0505,55605_2f8bc12e_62,0.0012485425686463714,0.9572994709014893
0506,39792_60786b6c_15,0.0010063191875815392,0.9797977805137634
0507,34063_0ca1585e_2,0.0008918001549318433,0.42194509506225586
0508,31664_1e85c690_13,0.0005881384713575244,0.9831833243370056
0509,131193_98f3ac52_1,0.0004772061656694859,0.7865611910820007
0510,120221_e2eaa34b_2,0.0016707000322639942,0.4267183542251587
0511,130286_1f71bfed_3,0.0012494027614593506,0.627790093421936
0512,118342_e8142153_21,0.00015339352830778807,0.9433130025863647
0513,128043_9f8cd69e_1,0.00010057395411422476,0.8614433407783508
0514,41504_85e300ee_1,6.651556032011285e-05,0.7135857343673706
0515,78863_d59be42e_0,0.001806877669878304,0.7827870845794678
0516,31733_5118b376_3,0.004553144332021475,0.9675082564353943
0517,22208_e177deb7_5,0.0007339459261856973,0.8246610164642334
0518,24026_1dd4094b_43,0.0011230314848944545,0.017828047275543213
0519,73388_10a40b49_1,0.0025111217983067036,0.8521747589111328
0520,138219_cdff4f61_0,0.0007447156822308898,0.508517324924469
0521,49399_dc56d180_1,0.0003357835521455854,0.9937200546264648
0522,41306_8f26e703_3,0.00019803935720119625,0.9317430853843689
0523,51590_034b8b08_14,0.034484703093767166,0.4168199896812439
0524,48402_8c965495_4,0.00014742687926627696,0.7879273891448975
0525,26388_a3367cba_0,0.0036396565847098827,0.5463197231292725
0526,28300_b3a6ab79_6,0.000693590147420764,0.9767948985099792
0527,43938_418421a7_0,0.0006914539262652397,0.6865637302398682
0528,41520_60018d18_0,4.5541666622739285e-05,0.6720954179763794
0529,137869_344b239b_0,0.0002616675046738237,0.38448619842529297
0530,41648_577daf16_0,0.009428300894796848,0.5964137315750122
0531,31347_386f6298_10,0.0003047137288376689,0.9942334294319153
0532,82190_24b1b0fe_12,0.00219336268492043,0.6158778071403503
0533,33741_4a973932_1,0.0016824256163090467,0.7210692167282104
0534,42005_3da46d94_0,0.00018260488286614418,-3.088845729827881
0535,132982_ee1eed2f_0,0.001308794249780476,0.9441109299659729
0536,23898_6e740393_29,0.0011571657378226519,-1.280134916305542
0537,105831_88a0fb85_6,0.0004247661563567817,0.9907360076904297
0538,31278_749a6317_0,0.00023272853286471218,0.8602061867713928
0539,51586_2ad96f8c_4,0.00019781757146120071,0.9096847176551819
0540,57000_cd1ddece_14,0.00013642822159454226,0.9443915486335754
0541,50692_e7ff2668_8,0.001567188068293035,0.9442602396011353
0542,65346_e89312e5_0,0.000554659403860569,0.1617642641067505
0543,38840_0e449caf_4,0.0012130056275054812,0.6867316365242004
0544,29573_ca59fbbf_5,0.0024806286673992872,0.9749917984008789
0545,30164_c5680724_12,0.0026883049868047237,0.8581311702728271
0546,138620_e21e10ee_0,0.0002743166405707598,0.7662211656570435
0547,50305_caf9cef2_34,0.0030313904862850904,-4.245261192321777
0548,83396_fdb2987a_0,0.0018963097827509046,0.9316349029541016
0549,28379_7e292343_4,0.0010420618345960975,0.9770398139953613
0550,33529_756075a0_32,0.001674608327448368,0.8755634427070618
0551,109857_1d24326e_42,3.054844637517817e-05,-0.5223371982574463
0552,22772_2b5f6629_6,0.00043357769027352333,0.9928846955299377
0553,34600_e2685d46_2,0.0009608156397007406,0.9648899435997009
0554,122344_ab1b06aa_2,0.01743509992957115,0.6848070621490479
0555,123573_5f5c9584_1,0.0006522077601402998,0.4738035798072815
0556,35166_562b126c_20,0.00018822132551576942,0.9927144050598145
0557,51350_138f893a_1,2.2601105229114182e-05,0.7832216620445251
0558,137785_67c3085b_16,0.002129495143890381,0.9475963115692139
0559,50417_199cffee_12,0.0030321653466671705,0.8535152673721313
0560,22194_a5c323b9_3,0.0004599762032739818,0.9249560832977295
0561,42329_df7f540f_18,0.0005353231681510806,0.9441645741462708
0562,41779_25e4203d_6,0.0005078028189018369,0.22635418176651
0563,51094_40aa8332_20,0.002830712590366602,0.8937593698501587
0564,109762_cb162371_38,0.0012914021499454975,0.9320182204246521
0565,45922_26941172_9,0.00041476485785096884,0.9285913705825806
0566,34587_ed155e93_0,0.0002501470735296607,0.992812991142273
0567,69589_a468c1b4_0,0.0015539207961410284,0.9671900272369385
0568,44921_00dfb467_0,0.00024520367151126266,0.9401895403862
0569,82672_4705a693_0,0.0008527585887350142,0.620087742805481
0570,26778_a71e88a6_0,9.680251241661608e-05,0.7390633821487427
0571,69488_7bfb2b67_0,0.00024834799114614725,0.9930990934371948
0572,22686_afe3a61e_0,8.121345308609307e-05,0.49824488162994385
0573,109772_5faa88e8_5,0.0028581477236002684,-0.955073356628418
0574,43938_418421a7_147,0.0012078293366357684,0.8340712785720825
0575,141694_b5ac3112_3,0.003202339168637991,-0.23427188396453857
0576,31973_093ea963_16,6.490290252259001e-05,0.9592506885528564
0577,26858_e90dc419_25,5.826727283420041e-05,0.6628113985061646
0578,131350_bbdad30d_0,0.00046453013783320785,0.7351406812667847
0579,35741_c43475b8_1,0.0004756629350595176,0.8342325091362
0580,30690_3df2c9e2_1,0.0008180811419151723,0.9302507638931274
0581,122758_5f4efbf0_2,0.0015374473296105862,0.8988431096076965
0582,37822_3be11c62_0,0.00013351299276109785,0.9432317018508911
0583,91174_ee6ee92b_1,0.000996283022686839,0.7665820717811584
0584,23676_52069f98_31,0.003044096753001213,0.9693360924720764
0585,27958_fee329eb_1,0.00041758277802728117,0.8867268562316895
0586,144534_3b4fdb09_18,0.003456107573583722,0.03428226709365845
0587,30292_0b5e0265_1,0.0029295317362993956,0.9601202011108398
0588,111062_e59e2d31_0,0.03248719498515129,0.6308020353317261
0589,135790_a27f9deb_77,0.00198186282068491,0.6139830350875854
0590,65842_de75838b_10,0.0004919159109704196,0.8970937132835388
0591,22475_9d9601a8_3,6.186834070831537e-05,0.655087947845459
0592,119884_192e3265_0,0.0034801240544766188,0.4805952310562134
0593,51463_3330e3aa_2,0.0012698607752099633,0.8682284355163574
0594,23231_efe613bb_4,0.001848592422902584,0.9053186774253845
0595,22895_4533b542_2,0.001299124676734209,0.8004576563835144
0596,146219_5661130f_4,0.0010290987556800246,0.9776667952537537
0597,38953_19054857_19,0.0008391899173147976,0.2542243003845215
0598,21847_b2de7eb8_24,0.002714068628847599,0.8160722255706787
0599,51603_034939eb_12,0.001187924644909799,0.2677701711654663
0600,24843_5231632c_4,0.0002483209245838225,0.84550940990448
0601,41982_f75ceb8f_4,0.00012046049232594669,0.08363783359527588
0602,42937_c573c439_2,0.00015724131662864238,0.33903253078460693
0603,61288_2d594195_0,0.0022080622147768736,-2.629847526550293
0604,55006_94230c00_0,0.0006665715482085943,0.3361886739730835
0605,49898_f42a885e_5,0.0006469562649726868,0.9858991503715515
0606,55709_af3825c8_4,0.0015879179118201137,0.9483171701431274
0607,144117_83c980ca_2,0.0002696121227927506,0.06145280599594116
0608,40417_b8d98f73_7,0.0002154396497644484,0.8566399812698364
0609,53200_d1e30b87_11,0.000169338149135001,0.8143227100372314
0610,147009_977ee378_4,4.8572710511507466e-05,0.5710510611534119
0611,63056_a5dfd66b_4,0.00043630003347061574,0.21168595552444458
0612,22205_f48b96b3_10,0.000614639138802886,0.8600300550460815
0613,51585_b695905b_4,0.0011517141247168183,0.9744986891746521
0614,24084_71f37c00_1,0.0007031986024230719,0.8588728308677673
0615,25815_0e853ad9_10,0.0017138220136985183,0.892830491065979
0616,55030_11a6e3e8_3,0.0017416144255548716,0.9842624664306641
0617,23042_1184de03_5,0.0011356128379702568,0.966954231262207
0618,39719_e9629dbd_4,5.894643982173875e-05,0.35163211822509766
0619,51256_ed221095_2,0.00018443603767082095,0.7939640879631042
0620,25810_93c8a71a_3,0.0012523403856903315,0.9521198868751526
0621,22208_e177deb7_1,0.0007841872866265476,0.9451280832290649
0622,115624_d0acb46b_22,0.0007322809542529285,0.9884741902351379
0623,30708_4282508b_0,3.115565414191224e-05,0.5177749991416931
0624,31117_cd5cdbdb_12,0.00040451964014209807,0.8253591656684875
0625,41733_1ec9b00c_32,9.828451584326103e-05,0.7098594903945923
0626,111387_c4243097_2,0.001064270967617631,-0.4454915523529053
0627,119869_e8f0dd81_19,8.652813266962767e-05,0.9348808526992798
0628,34569_590239d6_0,0.0023583932779729366,0.8917436599731445
0629,136318_130d6a06_23,0.00014663308684248477,0.8174722790718079
0630,145132_7aea3b66_4,0.0008272879058495164,0.9891719818115234
0631,41878_3aeaed3d_0,0.004991546273231506,0.18828821182250977
0632,34583_a1cf326b_0,0.00046456680865958333,0.9914976358413696
0633,116581_d405b783_0,0.0020230780355632305,0.9725131392478943
0634,24044_9bbe7992_3,0.00035055659827776253,0.5624659061431885
0635,22194_a5c323b9_2,0.0011851449962705374,0.8931912183761597
0636,142076_08d80e12_21,5.987429904052988e-05,0.7350949048995972
0637,55817_6ac2912d_7,6.475112604675815e-05,0.30174678564071655
0638,21165_5cb2d287_2,6.003756425343454e-05,0.8734918832778931
0639,39796_45dcdc7d_0,0.04111143946647644,0.46682262420654297
0640,33044_7fdd9213_1,0.0024439163971692324,0.9352372288703918
0641,23731_3fe5b501_6,0.00014007587742526084,0.7846798300743103
0642,32743_f4c47bbc_31,0.000713171495590359,0.9337064623832703
0643,108775_4908fba2_21,0.0010660134721547365,0.9052658677101135
0644,21941_1a683ec2_19,0.000675194663926959,0.9501668810844421
0645,27682_04277f62_18,0.0008543678559362888,0.9607641100883484
0646,25815_0e853ad9_4,0.0005600026925094426,0.9638630151748657
0647,30261_723e95cf_2,0.003978849854320288,0.8322986960411072
0648,21385_601444ba_102,0.001886743470095098,0.9112507700920105
0649,30368_d7fd30ce_7,0.0004914003657177091,0.8146795034408569
0650,55605_2f8bc12e_3,0.0013833757257089019,0.7741732001304626
0651,24650_dad8c8ee_15,3.281205135863274e-05,-0.023719191551208496
0652,34227_48203345_7,0.0014061032561585307,0.9607989192008972
0653,113348_ac85cba3_1,0.0014363068621605635,0.8457545042037964
0654,26552_25c5924a_1,0.000514186336658895,0.8031045198440552
0655,55381_cbaffe9b_0,0.0002874486381188035,0.9204264283180237
0656,55817_6ac2912d_25,0.0022029129322618246,0.941455602645874
0657,138947_0778db40_4,0.00027042251895181835,0.8942478895187378
0658,52788_07f7da63_0,0.0010250206105411053,0.7455525398254395
0659,70355_e5f58cd5_6,8.031015022424981e-05,0.8647552728652954
0660,51744_cd355565_8,0.0018120866734534502,0.6284856200218201
0661,41227_90e1c07c_16,0.0011974103981629014,0.9698459506034851
0662,45359_1768ab3f_42,0.004491864703595638,0.5259419679641724
0663,41783_d1c10326_3,0.00015259537030942738,0.5091037750244141
0664,32960_0eaa1de8_13,6.103463965700939e-05,-3.406217098236084
0665,34674_32ee1595_3,0.0039456188678741455,0.8661746978759766
0666,136885_23632908_1,0.0034101889468729496,-0.21699237823486328
0667,136808_00592735_3,0.00044371531112119555,0.9034682512283325
0668,45589_49e3c7ea_5,0.0003024050674866885,0.9937745332717896
0669,141665_0564e852_3,0.005419125780463219,-0.2940559387207031
0670,50897_3be92e2f_18,0.00017049373127520084,0.9960185289382935
0671,84256_4164b724_3,0.0005367741105146706,0.48497599363327026
0672,22994_e6ad8f2b_10,0.0017476396169513464,0.9351387619972229
0673,28295_0dc908b9_8,0.00044975956552661955,0.859119176864624
0674,23329_6939d5d9_5,0.00034649783628992736,0.6156219840049744
0675,123665_0a0da5c7_3,5.04951058246661e-05,0.6058206558227539
0676,121172_0ac63503_7,0.0010894675506278872,0.7936898469924927
0677,50941_2a8a8c76_0,0.00031481936457566917,0.9937568306922913
0678,37846_cde34fcd_66,0.0009482203749939799,0.8408561944961548
0679,56040_9b1307eb_21,0.0028780403081327677,0.551729679107666
0680,146535_229c95bc_1,0.00017161564028356224,0.21368324756622314
0681,50947_49287c16_2,0.0011476523941382766,0.9812414050102234
0682,95622_0a0787e4_5,0.00030121507006697357,0.8369847536087036
0683,25432_f13e5110_0,0.00040529933176003397,0.987236738204956
0684,32454_e959e3cf_0,0.0009384599979966879,0.9735890626907349
0685,65858_61e9b51a_18,0.004126725252717733,0.058574676513671875
0686,70350_751de4b0_3,0.001339028705842793,0.8148853778839111
0687,129239_0d49310c_15,0.0004248869081493467,0.8380587100982666
0688,31008_8fa25b35_8,0.0009274514741264284,0.8041614890098572
0689,55306_795d845b_2,3.751632903004065e-05,0.7615587711334229
0690,29729_e8bb36f1_2,0.0004846127412747592,0.42892807722091675
0691,67283_4097cbd6_5,0.0002290500415256247,-0.9475083351135254
0692,23904_811e466f_4,0.0002821408270392567,0.7632941007614136
0693,116076_12d31fb7_1,0.0030768802389502525,0.5369865298271179
0694,45302_02d7e3bc_0,0.0019661113619804382,0.5054841041564941
0695,60977_4bb093ec_1,0.0011907466687262058,0.9469402432441711
0696,49017_76979790_8,0.0012538107112050056,0.7623535394668579
0697,146321_0dbae658_10,3.623824522946961e-05,-2.651782274246216
0698,102194_150e3faf_3,0.0002615518751554191,0.991989254951477
0699,34769_44655d03_5,0.00023006591072771698,0.7427463531494141
0700,38953_19054857_6,0.0004151440516579896,0.6592270135879517
0701,55397_ad24603f_1,0.0002114493981935084,0.7805183529853821
0702,21908_385686ec_15,0.0007628137245774269,0.9631794095039368
0703,60721_57103153_4,0.0008740870980545878,-0.39942681789398193
0704,98701_7cd4ec8d_0,0.0036896683741360903,0.9329810738563538
0705,91703_642cdf1a_1,0.0010788874933496118,0.9797060489654541
0706,26661_ab88a525_5,0.0034854270052164793,0.12079459428787231
0707,51940_67bb0219_21,0.00020256798597984016,0.5683160424232483
0708,22543_684108ff_22,0.00022579914366360754,0.775622546672821
0709,145250_cde4d039_8,0.0003206928668078035,0.6389598846435547
0710,20232_e5b060d9_6,0.00012557186710182577,0.7720483541488647
0711,128043_d4650350_0,0.0011083954013884068,0.9851163029670715
0712,140530_30edf2c4_0,0.003581875003874302,-2.022881031036377
0713,131814_9af6d05a_0,0.001230956637300551,0.8149025440216064
0714,26245_4aac38e1_9,0.00048333927406929433,0.7980918884277344
0715,30282_88c6933c_14,0.0023434737231582403,0.9100866317749023
0716,32322_71d0035e_1,0.00038127860170789063,0.980437159538269
0717,131762_d10609a4_1,0.002950327703729272,0.8667332530021667
0718,54812_5f7b7aba_2,9.851907816482708e-05,0.9567492604255676
0719,135830_8fb36dac_4,0.0018392466008663177,0.918560266494751
0720,139280_8874b1ab_4,5.021632387069985e-05,0.8921355605125427
0721,49904_639055dd_1,0.0007000121404416859,0.9197665452957153
0722,53601_59d3ecd2_0,0.007716875057667494,0.6836308240890503
0723,50047_54241fe3_12,0.0008224617340601981,0.9363375306129456
0724,136925_70fb0381_3,0.0007443762733601034,0.954447865486145
0725,87488_95f678ce_0,0.002212220337241888,0.9511605501174927
0726,137166_90691294_2,9.659383067628369e-05,0.9357690811157227
0727,44030_17bd5ec9_11,0.00013267211033962667,0.789770781993866
0728,137396_b5f6bec4_5,0.0009110373794101179,0.9726371169090271
0729,21900_760d2078_10,0.0024245032109320164,0.9648796319961548
0730,21185_ac5324ba_5,0.001970903482288122,0.9385318756103516
0731,31132_2320d049_4,0.00036116622504778206,0.993430495262146
0732,82281_80cdf67c_4,9.230030991602689e-05,0.7671505212783813
0733,38287_88ec74de_15,0.0004575728380586952,0.9911386370658875
0734,136128_831e37a6_0,0.001576910843141377,0.8245723247528076
0735,21330_f0cee934_18,0.00022978693596087396,0.8491740822792053
0736,34109_5a868eae_10,0.0007735201506875455,0.9260451793670654
0737,21174_861bd902_2,0.0010931360302492976,0.9047260284423828
0738,49783_365bec9e_6,0.0011367296101525426,0.9658995270729065
0739,24429_ace910b3_8,3.287525032646954e-05,-0.9239857196807861
0740,22772_2b5f6629_4,0.00037990271812304854,0.902867317199707
0741,53927_ef5208b9_14,0.004148577805608511,0.8271645307540894
0742,56250_3b6024e3_54,0.0015314188785851002,0.9665333032608032
0743,23522_5c2ec58e_8,0.0015280196676030755,0.9518519043922424
0744,121177_93fb3127_10,0.00012563059863168746,0.772017776966095
0745,138840_b7f948ea_2,0.0014306192751973867,0.854390561580658
0746,41125_711db4bf_6,0.0013707736507058144,0.9675782918930054
0747,102606_28922dfc_0,0.0007028986583463848,-6.390615463256836
0748,31530_6744ae73_50,0.00268207723274827,0.9521493911743164
0749,50598_eae0df5a_1,7.407494558719918e-05,0.8645527362823486
0750,145726_19ccdbda_12,0.00026297502336092293,0.9156692028045654
0751,41469_b94cf3e4_0,0.001318631344474852,0.7297194600105286
0752,147009_977ee378_1,0.00204517156817019,0.8034189939498901
0753,24267_8a216138_10,0.0007831690018065274,0.9364179372787476
0754,63071_3d434a33_16,0.0008920343243516982,0.9524064660072327
0755,34436_ffc43a58_4,0.0003788816393353045,0.6731554269790649
0756,50692_e7ff2668_4,0.00042058399412781,0.8314756751060486
0757,146642_883a71d2_9,0.005547196138650179,0.9123971462249756
0758,109772_f1a0845e_7,0.000741142372135073,0.9827051758766174
0759,136640_16741d62_1,0.0015322910621762276,0.6109569072723389
0760,21680_360ba5c7_11,0.0007596228970214725,0.6913763880729675
0761,27729_09d75da1_2,0.0008739848271943629,0.975104808807373
0762,82148_5df06ed9_19,0.0037370542995631695,0.7404084205627441
0763,55287_8a57a3db_1,0.001644421019591391,0.8988370299339294
0764,53221_74fa81cd_5,0.0007347223581746221,0.6476468443870544
0765,30417_0010bc7c_39,0.0008711358532309532,0.9320001602172852
0766,23706_ef15ef9c_40,0.002080941805616021,0.7029906511306763
0767,140763_e14274f8_3,0.00027757103089243174,0.7898695468902588
0768,23602_5daaccf5_3,0.00018570409156382084,0.9698957204818726
0769,30282_88c6933c_9,0.0012872522929683328,0.9190244078636169
0770,56824_0fc773f6_0,0.0018416316015645862,0.8950123190879822
0771,42410_d3b5588e_1,0.0022818197030574083,0.6533087491989136
0772,55055_dd27a8a4_0,0.00046255000052042305,0.9915342330932617
0773,115633_a2c63339_6,0.00022097401961218566,0.7553694248199463
0774,73651_a41647f8_5,6.671463052043691e-05,0.7413844466209412
0775,33413_060ce192_32,0.0010457105236127973,0.9196683168411255
0776,97331_a482fa9b_0,0.003930564969778061,0.16939175128936768
0777,23476_705b76d1_0,0.000192864696145989,0.992456316947937
0778,32566_7bfc936b_6,0.0024141385219991207,0.9771836400032043
0779,41717_eb1c1e6b_0,0.0054319980554282665,0.5647009611129761
0780,60720_ef9a0a95_8,0.00039416394429281354,0.15754300355911255
0781,138700_ab763a46_202,5.158442490937887e-06,-1.8467304706573486
0782,38287_88ec74de_17,0.0055434731766581535,0.08832120895385742
0783,135535_0bd0048d_0,0.002429379615932703,0.9634106159210205
0784,21797_69df08d5_7,0.025516878813505173,0.7968423962593079
0785,65350_b3fa8f4f_47,0.013863766565918922,0.936191976070404
0786,41714_1d49f4d1_3,0.0017684603808447719,0.8023924231529236
0787,66012_a13e1644_1,0.0002834414772223681,0.8798011541366577
0788,22652_564979ff_11,0.0008084861328825355,0.399014413356781
0789,25127_ecba81df_23,0.0012100385501980782,0.21031254529953003
0790,47548_db93c988_4,0.0005826206179335713,-0.42529213428497314
0791,55927_f8b31711_5,0.0074036759324371815,0.6040188074111938
0792,31647_ab9ad9dc_2,0.0010559014044702053,0.857275128364563
0793,41128_ee74f244_8,0.0011645846534520388,0.6812689900398254
0794,20959_d4905d19_4,0.000420992641011253,0.8967136740684509
0795,52009_a2b75078_3,0.012617778964340687,0.8729217052459717
0796,22201_473a3a65_16,0.0008145588799379766,0.8896514177322388
0797,29442_365e23df_30,0.0013381422031670809,0.9621522426605225
0798,51859_6b2fd0f1_8,0.000410636595916003,0.9859765768051147
0799,140413_44177109_15,0.0001972031604964286,0.8250819444656372
0800,21822_7d3db422_11,0.0009380218689329922,0.9739347100257874
0801,24168_a0ede173_100,0.000281558750430122,0.7968010306358337
0802,145532_c2304f89_1,0.0009154379367828369,0.8718088865280151
0803,104641_2cd02839_13,6.912845128681511e-05,0.7320628762245178
0804,23679_81ef9e37_2,0.0005596462870016694,0.8666554689407349
0805,95271_de3df8d5_2,6.887791096232831e-05,0.6683568954467773
0806,41401_e4117da2_0,3.7157467886572704e-05,0.19035649299621582
0807,48006_babdf4af_9,0.0006931919488124549,0.9919726252555847
0808,142246_0851be5e_32,0.002195581793785095,0.9635653495788574
0809,33615_7bab1106_4,0.0013475316809490323,0.9108339548110962
0810,31117_cd5cdbdb_18,0.001331150415353477,0.9798508882522583
0811,34914_8911676d_0,0.0011658339062705636,0.9038885831832886
0812,55501_a09e4ced_2,2.6153871658607386e-05,0.017576515674591064
0813,41128_ee74f244_9,0.0008234187844209373,0.7274272441864014
0814,142246_0851be5e_22,0.002859325148165226,0.4814090132713318
0815,22413_901f5867_0,4.178007657174021e-05,0.8735519647598267
0816,56490_0a0fba77_0,0.000472511223051697,0.8659776449203491
0817,93676_4f934980_1,0.0002929940528701991,0.3504650592803955
0818,146642_883a71d2_96,0.0014492433983832598,0.8418172001838684
0819,24032_d6172503_3,0.000554190541151911,0.906050443649292
0820,44221_25c62f03_1,0.0003859122807625681,0.9928522706031799
0821,50315_0f1419bf_33,0.001950515783391893,0.8106832504272461
0822,133389_0938a905_2,0.00027984759071841836,0.9289765954017639
0823,24824_cf51e5b6_4,0.0009278374491259456,0.8259435296058655
0824,33970_32f36442_3,0.0008053609053604305,0.9748854041099548
0825,29359_bbfab271_2,0.0010461800266057253,0.8158273696899414
0826,23172_4ab01e83_0,0.0003793577488977462,0.9907804131507874
0827,98511_1b46a85e_45,0.0015583293279632926,0.956203281879425
0828,98511_1b46a85e_46,0.0011917368974536657,0.9649627208709717
0829,34248_cc11976c_0,0.0026618484407663345,0.9016501307487488
0830,104003_46555fb2_0,0.000629511137958616,-0.39986586570739746
0831,34520_035b5e9a_8,0.003093498293310404,-0.06318187713623047
0832,38397_93d5d7de_12,0.00284191663376987,0.9606266617774963
0833,130023_93b3ca95_1,0.0012741087703034282,0.5515432953834534
0834,83213_47c49876_1,0.0007002633647061884,0.9197390079498291
0835,43928_6ca53538_63,0.002779458649456501,0.9353641271591187
0836,82779_b7b722e3_9,0.0012369297910481691,0.8522700071334839
0837,134967_0f27ef51_1,0.00022731925128027797,0.8299344778060913
0838,86024_714b24f4_1,0.0001938114146469161,0.9924072623252869
0839,40807_58058731_11,0.0007796568097546697,0.8824156522750854
0840,26750_cd3cb3ff_0,0.001238280558027327,0.9785201549530029
0841,126913_d253adb7_2,0.0008208185900002718,0.8380456566810608
0842,24268_2804c9ff_13,0.002245737938210368,0.9415868520736694
0843,45542_320c16fd_3,0.00028074588044546545,0.9944185614585876
0844,22342_274ed8a6_1,0.0008020066889002919,0.8263062834739685
0845,133385_e6aa64d8_17,0.00015065820480231196,0.3960590958595276
0846,143509_1dd5212d_3,0.0011759409680962563,0.9653171300888062
0847,47989_3ff0f41d_0,0.0025296155363321304,0.9280375242233276
0848,21822_7d3db422_14,0.0032494685146957636,0.9530770778656006
0849,21517_bfe35b4c_12,0.0001652180217206478,0.711591362953186
0850,52883_e518d3f4_10,0.0005236957222223282,0.9149759411811829
0851,41871_f9a1ad02_14,0.0027143950574100018,0.7284517288208008
0852,37016_455093c1_2,0.00031031391699798405,0.8336435556411743
0853,31117_cd5cdbdb_78,0.005261557176709175,0.9591983556747437
0854,129239_0d49310c_22,5.511470590136014e-05,0.8399782776832581
0855,30400_8824ce97_6,0.0019980170764029026,0.9582247138023376
0856,53233_8dbca22c_8,0.0008244947530329227,0.9421660900115967
0857,40514_bb61631d_25,0.0011980114504694939,0.7349603176116943
0858,24053_53349e4d_2,0.00017121131531894207,0.7796571254730225
0859,41917_f0c40fa1_16,0.0006711836904287338,0.9841220378875732
0860,22543_684108ff_5,0.0028970425482839346,0.8851473331451416
0861,138636_c1153075_0,0.00020870273874606937,0.8137038350105286
0862,24448_75004b6c_6,0.0006562841008417308,0.9791050553321838
0863,24831_bbd3e098_8,0.00022261646518018097,0.781856894493103
0864,53221_74fa81cd_3,0.0004608820308931172,0.8754113912582397
0865,76879_65a30a82_4,0.00015009709750302136,0.7546320557594299
0866,108773_f9384cff_10,2.17344168049749e-05,0.7706223726272583
0867,33671_0e9c6ca3_5,0.0006830157362855971,0.9457519054412842
0868,93103_fdb9fcb7_15,0.00783408060669899,0.5772814154624939
0869,137675_d2bd633e_0,0.0006235887412913144,0.6094511151313782
0870,21893_0500d043_32,0.0023177429102361202,-0.5152599811553955
0871,22110_0bc70e9f_1,0.0009303103433921933,0.4282728433609009
0872,43152_b5472481_1,0.0002619158767629415,0.9016450047492981
0873,115717_40314bc2_1,0.00148489186540246,0.870258092880249
0874,102943_ca9e7968_0,0.000364115578122437,0.5045446753501892
0875,136401_69f29349_0,0.0016656590159982443,-0.10484898090362549
0876,28542_3c922564_0,0.0005592142697423697,0.7960810661315918
0877,24267_8a216138_6,0.0011220560409128666,0.9384642839431763
0878,84374_272a9731_7,0.0023653560783714056,0.6881386041641235
0879,23531_1ecc8346_18,0.0024068360216915607,0.9765230417251587
0880,41871_f9a1ad02_30,0.0011239072773605585,0.965935468673706
0881,132461_14abd2d0_0,2.778809539449867e-05,0.2242344617843628
0882,37617_3f415463_2,0.00013020684127695858,0.7872320413589478
0883,41696_de0790a1_1,0.0030397295486181974,0.9325000047683716
0884,54657_2a66e0de_20,0.0004196066583972424,0.9614692330360413
0885,24425_0dc4b306_0,0.0008381655206903815,0.9179152250289917
0886,146667_fe438b5b_0,0.00018657172040548176,0.9929043054580688
0887,23048_8a1a5553_8,7.907920371508226e-05,-1.127734899520874
0888,51871_86ebf5b2_17,0.0017669874941930175,0.6765238046646118
0889,30664_a3084f71_6,0.0017580356216058135,0.8921248912811279
0890,139801_97e2ca6a_5,0.0005521334824152291,0.8869549632072449
0891,22278_12f1fb79_13,0.0011353169102221727,0.9261399507522583
0892,22776_facf9bcf_8,0.00290001486428082,0.9012951850891113
0893,40500_6055e3d7_15,0.01415578555315733,0.8588142395019531
0894,35740_5322d674_13,0.0008291661506518722,0.49556368589401245
0895,39792_60786b6c_12,0.000973113055806607,0.964672327041626
0896,115524_4a411f7e_0,0.001393348560668528,0.6834818124771118
0897,24131_3ea7d5a8_17,0.0019625306595116854,0.905336320400238
0898,100326_0602c712_2,0.002607811940833926,0.9171650409698486
0899,34571_25c64838_2,0.0016218189848586917,0.903877317905426
0900,143534_4f65fd1a_0,0.0010945923859253526,0.6299274563789368
0901,101446_95204330_1,0.005170026328414679,-2.2774643898010254
0902,41749_14d0599c_10,0.00012597691966220737,0.6323387622833252
0903,55715_525d1d3e_12,0.0004884632071480155,-0.4488717317581177
0904,45307_b9b4bca0_30,0.0036878057289868593,0.9735880494117737
0905,22654_4c426b0f_0,0.0016706340247765183,0.7907954454421997
0906,22670_9353c710_4,0.0011082791024819016,0.6601338386535645
0907,99445_94c22a37_11,0.0004935897886753082,0.9926663637161255
0908,132811_57264a28_4,0.0004851411795243621,0.960365891456604
0909,23258_87a2ba81_3,6.646497058682144e-05,0.8949391841888428
0910,50777_2934de55_22,0.0022534506861120462,0.9200077056884766
0911,98418_4185a7fb_0,0.0007474561571143568,0.9818918704986572
0912,43441_e1ab0873_2,7.929090497782454e-05,0.039196908473968506
0913,24271_dbc0fd2d_12,0.00029784574871882796,0.9344398975372314
0914,38944_0d0c3fce_0,0.0008708399254828691,0.9943583011627197
0915,40624_e1c5c424_11,3.2019266654970124e-05,0.19356226921081543
0916,100028_0c3a8f1c_13,0.0006096421275287867,0.9921583533287048
0917,40491_ac67bf4c_13,0.0014509997563436627,0.9727827310562134
0918,25416_1deb9c75_0,0.0024756435304880142,0.5714610815048218
0919,21657_2651585a_6,0.0005992134101688862,0.9682393670082092
0920,21986_67c5509a_15,0.0004289396165404469,0.9467797875404358
0921,32288_34013274_2,0.0016074477462098002,0.7279259562492371
0922,55373_ddd74d2f_0,0.0015811565099284053,0.7957894206047058
0923,26245_4aac38e1_0,0.0010262238793075085,0.9411991834640503
0924,33044_7fdd9213_0,0.0003736351791303605,0.9332879781723022
0925,31530_6744ae73_48,0.004280121996998787,0.9586536288261414
0926,25555_fd3d9a3c_1,6.630679126828909e-05,0.9069089889526367
0927,54175_7d864ace_6,0.0010065685492008924,0.7739562392234802
0928,72950_5074f5a3_0,0.001125519978813827,0.2559695243835449
0929,129618_2962c248_0,0.0016799448058009148,0.9719418287277222
0930,52012_77070fda_10,6.058155486243777e-05,0.9049931168556213
0931,28295_0dc908b9_7,0.0006156361778266728,0.8346231579780579
0932,144419_90e59d67_2,1.3670282896782737e-05,0.8489281535148621
0933,22734_f6bad9f7_24,0.004154754336923361,0.8714190721511841
0934,22604_0b4ffb43_14,0.00046255000052042305,0.9915342330932617
0935,81996_b3752ed2_3,0.00016169149603229016,0.8548951148986816
0936,24504_493cee15_8,0.001079010427929461,0.957036018371582
0937,39124_28e99e62_1,0.00017459159425925463,0.8035482168197632
0938,29725_0ad4937e_1,0.0002086775639327243,0.6228117942810059
0939,109232_04340d62_6,0.00011862527026096359,-1.1578528881072998
0940,129075_8fbf62e5_0,0.0004080240905750543,0.677096426486969
0941,102937_18c3cb6a_4,0.0006824473384767771,0.9760724902153015
0942,52551_8098346a_5,0.00047736760461702943,0.1696144938468933
0943,128043_6947b64c_0,0.0013324515894055367,0.9230811595916748
0944,119030_292009a7_41,0.0006073553231544793,0.9109072685241699
0945,48526_5aecac8a_0,0.00047385742072947323,0.9202081561088562
0946,32541_86f7df73_4,0.00041581279947422445,0.6044246554374695
0947,55114_7bf17f6a_0,0.007145897019654512,0.4819639325141907
0948,55285_6816da52_1,0.002498903311789036,0.9459177255630493
0949,37683_e2cca100_17,9.368066093884408e-05,0.8525101542472839
0950,78775_e2d8b091_15,0.0029675192199647427,0.9029726386070251
0951,93199_2146e709_2,0.0015522708417847753,0.8167409896850586
0952,135595_656de97a_14,0.00025699197431094944,0.815747082233429
0953,24284_3710e946_16,0.00038482531090267,0.9912816882133484
0954,135521_30553c91_2,0.0006617670296691358,-8.597899436950684
0955,29732_fb15318c_5,0.00016084633534774184,0.8472062945365906
0956,88060_389bdff4_0,0.0006991337868385017,0.9574548006057739
0957,27839_4a077326_28,0.006228562444448471,0.8456706404685974
0958,100435_87bf423d_8,0.0004049329145345837,0.9920209646224976
0959,25365_bb0e4ede_44,0.0005739068728871644,0.18605053424835205
0960,146169_144d8264_0,0.0015633496223017573,0.9915567636489868
0961,23342_7193a931_3,9.134223364526406e-05,0.7308934330940247
0962,57000_cd1ddece_12,0.0002992941008415073,0.9940162301063538
0963,119790_1ed376f0_3,0.0003594143781810999,0.6077358722686768
0964,72522_e9e87960_4,0.0014702798798680305,0.9724034667015076
0965,65366_f618b577_2,0.0003508822701405734,0.6945685744285583
0966,55707_c78416ed_35,0.0009521942702122033,0.9502386450767517
0967,70321_eccffc7e_0,0.0009709934238344431,0.7484574317932129
0968,120143_b5756e6b_0,0.0016989060677587986,0.7640689611434937
0969,27726_aca43af4_35,6.304336420726031e-05,-1.9290614128112793
0970,31361_72aab333_20,0.0015021489234641194,0.5226017236709595
0971,121949_e10b5e85_12,0.0015126473736017942,0.9582201838493347
0972,146399_0e4b73c4_13,0.0022874895948916674,0.9530399441719055
0973,41134_fc146947_6,0.0020457091741263866,0.04362612962722778
0974,21237_7887a24b_35,0.00018939509755000472,0.21700668334960938
0975,24885_55e20ddf_3,0.00014508134336210787,0.85666424036026
0976,34914_8911676d_23,0.0005487992893904448,0.9024651646614075
0977,21803_8a36dcda_12,0.001657272456213832,0.9445452094078064
0978,41306_8f26e703_5,4.5425156713463366e-05,0.5096276998519897
0979,25118_f50fdc69_10,7.477245526388288e-05,0.8907914757728577
0980,25473_0991d519_9,0.0011469533201307058,0.971278965473175
0981,126585_86fa26cb_0,0.0002584857866168022,0.6807738542556763
0982,145691_69484976_9,0.0009615760645829141,0.9135426878929138
0983,60729_c51868ec_0,0.0008048613090068102,0.5566006898880005
0984,123929_e7dbad2c_0,0.001127973897382617,0.464199423789978
0985,69649_70b07cac_0,0.00020479483646340668,0.995476245880127
0986,55135_f1186d58_9,0.00016863274504430592,0.7899087071418762
0987,20838_86c931be_2,0.0006371107883751392,0.9207879900932312
0988,45242_626509cb_11,0.0005772220902144909,0.7449232339859009
0989,34983_439766af_13,0.0009745563147589564,0.9898629784584045
0990,53453_fb0f1640_1,0.007968143559992313,0.7581092119216919
0991,23255_972fbfe6_25,0.0007044163066893816,0.977796196937561
0992,24168_a0ede173_203,0.005503755062818527,0.9693905115127563
0993,55476_1473d91f_0,0.002944663632661104,-0.5012080669403076
0994,55111_ef389075_1,0.0011168922064825892,0.9573114514350891
0995,141710_17531562_1,0.0004619297687895596,0.9612151384353638
0996,96601_b89e6252_1,0.00011233548138989136,0.402606725692749
0997,135790_a27f9deb_43,0.055180761963129044,0.29301780462265015
0998,121363_746708db_0,0.0007825057837180793,0.6989219188690186
0999,136886_3aa46890_0,0.00020913968910463154,0.922019898891449
1000,50315_0f1419bf_19,0.0015796707011759281,0.9782716631889343
1001,37846_cde34fcd_14,0.00014692429977003485,-0.661176323890686
1002,24816_ef81ad4c_1,0.000617592129856348,0.7791609764099121
1003,75646_4baf69b2_7,0.0023455098271369934,0.967155396938324
1004,140155_81f9ac63_0,0.0003620447823777795,0.9096739888191223
1005,51603_034939eb_10,0.0014557261019945145,0.9193534255027771
1006,30435_c97330d2_0,0.00040100672049447894,0.32196861505508423
1007,27839_4a077326_27,0.0009557740413583815,0.9480313658714294
1008,55627_971fde61_34,0.002401831792667508,0.8143150210380554
1009,134909_ef3d003c_0,0.00019299077393952757,0.810670793056488
1010,33413_060ce192_51,3.1247847800841555e-05,-3.329463481903076
1011,22245_ca848576_12,0.0002857278159353882,0.666314959526062
1012,52039_ba12c3ac_1,0.0002892744669225067,0.9942167401313782
1013,39707_358f88df_2,0.0010411188704892993,-0.10868477821350098
1014,50014_33f250c8_3,0.008054791018366814,0.9265277981758118
1015,52987_387431ac_1,0.002148686908185482,0.8524643182754517
1016,33501_b1ee5058_15,0.0002613411343190819,0.9948031902313232
1017,82168_4844bddd_1,0.0006821722490713,0.9078941345214844
1018,30384_95e72fc2_4,5.348021659301594e-05,0.4109964966773987
1019,23554_a0845d54_2,0.00044725739280693233,0.626125693321228
1020,23800_65e0a5d1_0,0.00024204191868193448,0.2372065782546997
1021,41128_ee74f244_0,0.0005593780661001801,0.43841618299484253
1022,143019_22dbd3e6_2,0.0006563949282281101,0.9791743159294128
1023,79993_6087acd5_8,0.002793284133076668,0.9116333723068237
1024,21422_b2a6bf27_0,0.0005710023106075823,0.9905857443809509
1025,25487_dd2c17e8_21,0.0007010544650256634,0.3775187134742737
1026,22654_4c426b0f_10,9.153209975920618e-05,0.385323166847229
1027,30368_d7fd30ce_6,4.526206976152025e-05,0.03195655345916748
1028,57249_6bd2af3c_2,0.00018487416673451662,0.9931800365447998
1029,57029_3ab80a22_0,0.0006430550711229444,0.8724307417869568
1030,79906_052c7eb4_3,0.0008220906020142138,0.8217999935150146
1031,82996_b8dc67c9_10,0.00016860062896739691,0.7673256397247314
1032,119884_192e3265_1,0.004634455312043428,-1.1136558055877686
1033,21225_c081eae3_10,0.0013701049610972404,0.9214490056037903
1034,121949_e10b5e85_1,0.00032952919718809426,0.9166156053543091
1035,81994_ba8916c9_5,6.840982678113505e-05,0.940224289894104
1036,22447_4062c6cb_29,0.0004162191180512309,0.9929788112640381
1037,55044_ee57bac8_1,0.0002427558065392077,0.07767033576965332
1038,41871_f9a1ad02_13,0.0029479789081960917,0.9834429621696472
1039,74688_a5168a45_2,3.856270632240921e-05,-7.285731315612793
1040,23218_02d26ab4_4,0.00011895091301994398,0.7264078259468079
1041,41205_dc60aa5d_0,0.00034696701914072037,0.9137425422668457
1042,41979_ca698776_0,0.00041256850818172097,0.9153860211372375
1043,141453_50ec6f25_7,0.000481632276205346,0.986356794834137
1044,97143_5424c420_0,0.0005228191730566323,0.8658244609832764
1045,41986_26275a06_2,0.005325095262378454,0.49802303314208984
1046,136800_c5e4d711_2,0.0002851016470231116,0.6103078126907349
1047,101635_11b839a3_5,7.382877811323851e-05,0.3951489329338074
1048,55866_b041060d_0,0.00032895043841563165,0.9798662662506104
1049,53846_89405f98_0,0.0015559968305751681,0.6820926666259766
1050,27725_5cceaeb7_1,0.0017152336658909917,0.8452367186546326
1051,146137_92faaea5_9,0.0014141295105218887,0.8866936564445496
1052,41211_11f6b8a0_4,0.00012934258847963065,0.9467316269874573
1053,21330_f0cee934_46,0.0003028723585885018,0.9939446449279785
1054,127188_5fecd146_4,7.307945634238422e-05,0.899581789970398
1055,135949_06517574_8,4.5370019506663084e-05,0.5296509265899658
1056,68928_0d4e4a2e_24,0.001488012494519353,0.9064337611198425
1057,50410_f8f03667_38,3.378697874723002e-05,-1.3260622024536133
1058,142999_171240b6_21,0.00010089209536090493,0.925402045249939
1059,144709_642fc665_0,0.0008846718701533973,0.9130606055259705
1060,53232_f8760054_10,0.00023849309945944697,-1.2825794219970703
1061,22372_e91792a1_0,7.29431994841434e-05,0.06450140476226807
1062,21767_53eaa558_12,0.013205338269472122,0.829355001449585
1063,32220_1fd19c5e_0,0.0001652804930927232,0.8301951289176941
1064,22886_a6331748_1,0.001336833112873137,0.8772643208503723
1065,130996_b842b511_12,0.00024116243002936244,0.9777716994285583
1066,55571_74a416b1_1,0.00010748159547802061,0.08827072381973267
1067,70169_914780d4_1,0.0006592540303245187,0.7489566206932068
1068,23156_7788f78a_6,0.0035850321874022484,0.9740593433380127
1069,124496_20e20439_10,7.909422856755555e-05,0.8261613845825195
1070,76300_7cb02add_1,0.0006317224469967186,0.9064581394195557
1071,21647_6b6cca6f_10,0.003316738409921527,-0.8103007078170776
1072,22734_f6bad9f7_23,0.001483132946304977,0.9382149577140808
1073,94176_0a6c42ab_2,6.983005278016208e-06,-0.281530499458313
1074,24048_d731886d_9,0.0008324769441969693,0.9082410335540771
1075,25487_dd2c17e8_30,0.001553691690787673,0.2976762056350708
1076,115717_40314bc2_4,9.00813247426413e-05,0.706985592842102
1077,125592_875faf40_0,0.0025267149321734905,0.8827183246612549
1078,41871_f9a1ad02_44,0.0020953435450792313,0.8519682288169861
1079,146642_883a71d2_8,0.00048686424270272255,0.8812133073806763
1080,136883_076fbff9_31,0.00014096428640186787,0.5337205529212952
1081,60766_fb8715eb_3,0.0012849391205236316,0.9060328602790833
1082,30818_33617072_0,0.01577838324010372,0.2011404037475586
1083,130679_7a357a9c_18,0.002532042795792222,0.8510574102401733
1084,55306_795d845b_0,9.214135934598744e-05,0.8024742007255554
1085,135934_d2f6bb2e_33,0.00020535654039122164,0.7262166738510132
1086,111054_e45a0d40_7,0.006584160029888153,0.9363093376159668
1087,36826_d9269c2e_10,0.0010190503671765327,0.9307815432548523
1088,37619_ae810a8d_7,3.9783346437616274e-05,-17.16974449157715
1089,22343_34184fd5_22,0.00021860770357307047,0.32340008020401
1090,113020_de552f8d_0,0.0002536300162319094,0.8413966298103333
1091,20216_89b90993_0,0.004807969089597464,0.6796926856040955
1092,23325_292b3294_16,0.004851659759879112,0.5384392738342285
1093,23522_5c2ec58e_9,0.0015632897848263383,0.8813037872314453
1094,146624_359752bb_20,3.523327541188337e-05,-16.761798858642578
1095,104990_11b4aeee_1,0.0005325695383362472,0.9878264665603638
1096,90917_4670b560_0,0.0040343631990253925,0.9215912222862244
1097,54818_59adf8c2_5,0.0006266732234507799,0.45804089307785034
1098,34109_5a868eae_3,0.00021090988593641669,0.6559032797813416
1099,23161_e7f63a9f_2,0.000784152012784034,0.9290469288825989
1100,37160_2a95674a_27,0.0012815764639526606,0.5522452592849731
1101,61280_8bdbc90f_0,0.0015818638494238257,0.9431877732276917
1102,55083_dac1f9cc_2,0.0009103788761422038,0.9242111444473267
1103,34341_d19b12fb_14,4.708926644525491e-05,0.5316468477249146
1104,54516_ac9e2ef4_61,0.001956337597221136,0.6751551628112793
1105,24559_3c306e71_2,0.0002530589990783483,0.48486053943634033
1106,105831_88a0fb85_1,0.001870565814897418,0.9289301633834839
1107,32743_f4c47bbc_19,0.0016796095296740532,0.687904953956604
1108,40500_6055e3d7_18,0.0008834655163809657,0.9575914144515991
1109,22862_f5406bb0_0,0.0009543159976601601,0.9846479892730713
1110,141081_ae61ec46_0,0.0005079511902295053,0.9926466941833496
1111,135112_cf8007b8_4,0.0022513216827064753,0.9658470153808594
1112,131442_1512d9ff_5,7.484806701540947e-05,0.8416045904159546
1113,145132_7aea3b66_1,0.006908864248543978,0.9738505482673645
1114,41871_f9a1ad02_45,0.0009733773185871542,0.8123858571052551
1115,51775_49ef614a_1,0.0012491884408518672,0.6460492610931396
1116,143293_fc5b0ff7_23,0.00021248409757390618,0.611801266670227
1117,51547_a7e01c38_6,4.8379337385995314e-05,0.9306840300559998
1118,114021_44c3c39c_2,9.830705675994977e-05,0.7549158930778503
1119,123766_c5a4cf5e_0,0.000144719539093785,0.07730281352996826
1120,23031_0d684603_8,0.0007346552447415888,0.6833446025848389
1121,132996_c742ef84_4,0.0012458051787689328,0.8271222710609436
1122,137096_5d77f285_1,0.0006391512579284608,0.9237126708030701
1123,27072_b4756e8c_2,0.0012708122376352549,0.7125819325447083
1124,51915_e704f5dd_2,0.003543537575751543,0.4458622932434082
1125,132811_57264a28_13,0.0004173358902335167,0.992974042892456
1126,49396_98ab955d_13,0.002162751043215394,0.7588860988616943
1127,132081_761d26ad_0,0.0002311792050022632,0.9938117265701294
1128,82906_7b72e0e8_2,0.0021160198375582695,0.9410481452941895
1129,92649_26fe8262_0,0.0005892655462957919,0.728132963180542
1130,21803_8a36dcda_11,0.001131226308643818,0.9695734977722168
1131,30637_f6324fc6_5,6.437730917241424e-05,0.5739104747772217
1132,105560_a6f91315_12,3.729619857040234e-05,-4.223743915557861
1133,41737_d80c34b9_0,0.008578259497880936,0.48749005794525146
1134,34983_439766af_12,0.00020485340792220086,0.979848325252533
1135,122755_60c41889_10,3.577735697035678e-05,0.42665040493011475
1136,76879_65a30a82_2,0.008905183523893356,0.9203436374664307
1137,89816_cef36e57_4,0.0010763976024463773,0.9822491407394409
1138,49406_100c707b_3,0.0035425845999270678,0.5915231704711914
1139,105560_a6f91315_10,4.2126543121412396e-05,0.09039366245269775
1140,129421_483d2957_5,7.428265234921128e-05,0.6870212554931641
1141,122740_fc5c94eb_33,0.0007357136928476393,0.977473795413971
1142,135595_656de97a_5,0.00017219163419213146,0.9371107220649719
1143,35740_5322d674_5,3.3340729714836925e-05,-10.571474075317383
1144,23681_932e722e_18,0.00033435007208026946,0.9936713576316833
1145,108244_329b1876_17,6.90999786456814e-06,-0.6055389642715454
1146,125745_cf468448_6,0.0008742750505916774,0.7944276332855225
1147,138838_c9a9e790_6,0.00027934747049584985,0.9456992149353027
1148,102416_b74464a2_4,3.49163674400188e-05,-12.849767684936523
1149,30426_2cde26de_21,4.311967495596036e-05,0.8718311190605164
1150,137837_9c9f163d_5,0.00012774296919815242,0.8654879927635193
1151,25487_dd2c17e8_15,0.003011792665347457,0.6074212789535522
1152,21549_18160a0a_4,3.1269501050701365e-05,-3.413963794708252
1153,21385_601444ba_0,0.002829745877534151,0.82396399974823
1154,35233_add576ba_9,0.0030773072503507137,0.7990146279335022
1155,55345_c6423351_0,0.0003028587088920176,0.9509695172309875
1156,110697_4b2725f1_0,0.0005180726293474436,0.9879315495491028
1157,109946_242843a6_1,3.7266469007590786e-05,0.12151342630386353
1158,34341_d19b12fb_22,3.0410730687435716e-05,-2.457453966140747
1159,23247_bcd1e84f_21,0.00029227626509964466,0.9386305212974548
1160,131765_29b29f08_6,3.504267806420103e-05,0.24114400148391724
1161,21395_7d6fda6f_12,0.0002261288755107671,0.8020901679992676
1162,135460_6471e973_15,0.0007752166711725295,0.7453523874282837
1163,51741_49d61151_7,0.0012164111249148846,0.9560470581054688
1164,28382_90b7cc0c_12,0.00041033729212358594,0.8511577248573303
1165,30850_05d88af9_2,0.0013652079505845904,0.9436826705932617
1166,86278_1e55d036_12,0.0001739141735015437,-0.29447507858276367
1167,67240_525e92c1_1,0.0005575654795393348,0.5526017546653748
1168,82002_ef2b4feb_6,0.0005606365739367902,0.9892277121543884
1169,53364_ec8aad42_1,0.00464906869456172,0.8002389669418335
1170,135771_b030a25c_17,0.000625712622422725,0.2761886715888977
1171,135906_29d7b495_1,7.339429430430755e-05,0.8687821626663208
1172,21822_7d3db422_38,0.0013821065658703446,-0.40219998359680176
1173,81136_5b86c723_1,5.489437171490863e-05,0.5968732237815857
1174,25473_0991d519_2,0.004113700240850449,0.9288301467895508
1175,73405_94381b7c_5,0.0021502275485545397,0.6385701298713684
1176,24009_c40b0d48_2,0.000261571811279282,0.9919672012329102
1177,22162_439af02a_1,0.0002546244068071246,0.9949933886528015
1178,146159_f3f80701_0,0.005805327091366053,-0.547886848449707
1179,51895_5760b481_15,0.004221985582262278,0.9550641775131226
1180,33500_e58e287e_1,0.002417841926217079,0.8874529600143433
1181,31838_2e4bd173_0,0.002673738170415163,-0.7872486114501953
1182,146137_92faaea5_18,0.00011118295515188947,0.026777267456054688
1183,124879_2257a334_2,9.997350571211427e-05,-0.09724736213684082
1184,144145_510eedc2_7,0.0007175080245360732,0.9867028594017029
1185,21237_7887a24b_78,0.0023757198359817266,0.7934015393257141
1186,82297_93739ce0_6,0.00044881898793391883,0.8524616956710815
1187,51536_a18dc325_31,0.00039318870403803885,-0.9058181047439575
1188,93103_fdb9fcb7_7,0.004364892840385437,0.43658047914505005
1189,24590_415f7013_9,0.0004564952978398651,0.9154199361801147
1190,130659_16f2db4c_0,0.00016413502453360707,0.9457011222839355
1191,23083_fdb942ac_2,0.0006446039769798517,0.9731042981147766
1192,23954_a8c09819_2,0.0002826856798492372,0.994517982006073
1193,30417_0010bc7c_13,0.00043420668225735426,0.9613893032073975
1194,120535_e304dfca_1,0.0005817498895339668,0.9573286771774292
1195,93199_2146e709_9,0.0007788683287799358,0.8211520910263062
1196,23686_cba4f679_15,0.0008914299542084336,0.980019748210907
1197,40807_58058731_20,0.0026595224626362324,0.9732319116592407
1198,94410_d32e7520_35,0.0015214282320812345,0.9621188044548035
1199,79695_fd8bae0e_0,0.0011779355118051171,0.7004712820053101
1200,129422_621d0a90_35,0.003394462401047349,-0.5942519903182983
1201,44932_16cb7f21_5,0.005219658371061087,0.8521657586097717
1202,136550_8a8672e5_1,0.00040415540570393205,0.8865423798561096
1203,20495_e8e7e80c_3,0.0006569756078533828,0.9882497191429138
1204,31962_e5291336_50,0.0004643358406610787,0.5570531487464905
1205,24888_5be1de05_1,3.478547660051845e-05,0.3384091258049011
1206,34114_7e58a97d_10,0.001560626900754869,0.9400014877319336
1207,108433_37a79370_0,0.0018023722805082798,0.8407366871833801
1208,22844_9b75b8e0_1,0.0002640871680341661,0.9890452027320862
1209,115637_b4d41e8a_0,0.0006964130443520844,0.9325828552246094
1210,53474_f29e4438_15,0.006033309735357761,0.8283701539039612
1211,26766_1aaa348c_0,0.00047222894500009716,0.9329666495323181
1212,51940_67bb0219_7,0.0007397273438982666,0.8791171908378601
1213,41714_1d49f4d1_13,7.55864821258001e-05,0.701927661895752
1214,21815_7090778f_9,0.0035762826446443796,0.7065109014511108
1215,32843_8e5bdf24_0,0.0024550603702664375,0.8912229537963867
1216,23686_cba4f679_10,0.0008832615567371249,0.8899341225624084
1217,114425_891ab08d_0,0.0047713941894471645,0.40506428480148315
1218,41786_02d48cdd_5,0.0014288739766925573,0.7788922190666199
1219,22895_4533b542_1,0.0005247322260402143,0.9699257612228394
1220,49016_cd1b47bf_6,0.0034701761323958635,0.8900722861289978
1221,51674_a70c1c6c_3,6.04545530222822e-05,0.9033250212669373
1222,52972_6e5a5ada_11,0.0015916385455057025,0.9324414730072021
1223,120700_d818883a_8,5.5877950217109174e-05,0.9243432879447937
1224,34530_9525ffcd_0,0.0015137797454372048,0.971532940864563
1225,24355_99bf3f8f_1,0.0007796334102749825,-0.5098094940185547
1226,56250_3b6024e3_46,0.002854524878785014,0.9495291709899902
1227,56355_727ca47c_3,0.00346474745310843,0.16338014602661133
1228,35057_9af89947_1,0.0017495768843218684,0.7253137826919556
1229,120881_a946667f_13,0.00010057858162326738,0.8614368438720703
1230,143021_c6df0146_5,6.460783333750442e-05,0.6402350664138794
1231,69240_dc199112_3,0.0004547812568489462,0.5860850214958191
1232,41733_1ec9b00c_15,0.0006726732826791704,0.8599172234535217
1233,30298_24191733_2,3.1770476198289543e-05,0.7802870273590088
1234,30400_8824ce97_18,0.00033517536940053105,0.9300131797790527
1235,37040_ecbcd25e_36,0.0003520272730384022,0.9050564169883728
1236,23035_6087bb57_4,0.00014386462862603366,0.7847045660018921
1237,38675_6e07d74b_26,0.004110757261514664,0.9431213140487671
1238,31751_e37382e1_9,0.0005223111365921795,0.9443079233169556
1239,54601_e1da5b93_4,0.00031491840491071343,0.9937348365783691
1240,142999_171240b6_29,0.0008665581699460745,0.9343125224113464
1241,137646_14bca880_0,0.0006553250132128596,0.9394802451133728
1242,37519_442dc408_1,0.00015497091226279736,0.8106223344802856
1243,47195_a8cd8bad_6,0.0014652613317593932,0.906823456287384
1244,22474_b10fea1a_6,0.0018860144773498178,0.782478392124176
1245,53200_d1e30b87_10,0.0016101731453090906,0.7198149561882019
1246,41472_f9d73638_9,0.00039723466034047306,0.591702938079834
1247,126397_cc08a23d_1,0.00018447432375978678,0.7006093859672546
1248,31838_2e4bd173_4,0.0008311541168950498,0.9851826429367065
1249,52006_d21e4570_7,0.0010867895325645804,0.7845706343650818
1250,62109_08c31aa8_0,0.0008303776266984642,0.8520349860191345
1251,49403_458914df_0,0.00030907761538401246,0.8174314498901367
1252,122914_76ff1f5e_2,4.791922401636839e-05,-3.2649407386779785
1253,34913_d23e2a24_2,0.000571531243622303,0.7442581653594971
1254,104641_2cd02839_15,0.00010319634748157114,0.7017861604690552
1255,131632_6144b102_1,0.0006063484470359981,0.9927810430526733
1256,30850_05d88af9_0,0.0004495742323342711,0.9647246599197388
1257,86296_8a6ed4d3_7,0.0001845272199716419,0.43165087699890137
1258,34983_439766af_7,0.001982419053092599,0.9717577695846558
1259,33374_7491cbf8_2,0.0008875158964656293,0.9914129972457886
1260,50694_afd26bd5_10,0.0007335296832025051,0.992123007774353
1261,50292_e84db1fb_8,0.00011064483260270208,0.6224325895309448
1262,81367_622a9e51_2,0.0005731593701057136,0.8560768365859985
1263,78966_584c5305_0,0.0007478033658117056,0.6100810766220093
1264,79905_623eae86_1,0.002467406215146184,0.9797942042350769
1265,63055_6b907478_15,0.0022795796394348145,0.8181581497192383
1266,135771_b030a25c_4,0.0002807913988362998,0.6464759111404419
1267,41753_9b4f8d8a_0,0.0003181670617777854,0.9937531352043152
1268,80784_f7ec5f70_1,0.0024949496146291494,0.5772454738616943
1269,33607_c6f31fa6_10,0.000764551805332303,0.9063682556152344
1270,22225_a3ce4d29_42,0.0013997523346915841,0.8495779633522034
1271,51938_8b9cba89_5,0.004806762561202049,0.8992653489112854
1272,44741_f386a08f_4,0.0014946231385692954,0.9556394219398499
1273,70021_e673ae54_4,0.00043915933929383755,0.9928723573684692
1274,55135_f1186d58_7,0.0008535775705240667,0.9234938025474548
1275,31856_2a5a4e32_12,0.003045148914679885,0.8310779333114624
1276,75303_045fc848_4,0.002480914816260338,0.6188055872917175
1277,129683_3ad38815_10,0.0026941001415252686,0.9684955477714539
1278,21894_93f0d052_24,0.0009557337034493685,0.9227067828178406
1279,143823_1b04bf80_13,0.0015087841311469674,0.8911259174346924
1280,143823_1b04bf80_18,0.00023569591576233506,0.7719631195068359
1281,111863_c925f4f3_2,0.0001549426669953391,0.8521539568901062
1282,104633_d0a15bd3_6,0.0015734126791357994,0.868063747882843
1283,48832_22363e53_33,0.0007492171716876328,0.979762852191925
1284,127466_a18ae326_1,0.0022759437561035156,0.14254355430603027
1285,22211_b1ee53f0_12,0.0009133107960224152,0.9618346691131592
1286,137837_9c9f163d_6,0.0004153435002081096,0.8868815302848816
1287,122755_b830e22d_17,2.214057712990325e-05,0.7520340085029602
1288,21299_e9cd80a6_12,0.00047388760140165687,0.36451470851898193
1289,44920_70dd4b80_11,0.0017571419011801481,0.9205048084259033
1290,52987_387431ac_7,0.00034406580380164087,0.9895205497741699
1291,147926_b78316a8_10,0.0006829254562035203,0.401677668094635
1292,144653_e3eccdf1_50,0.00020245245832484215,0.8651153445243835
1293,56458_c027ed41_0,0.0007099671638570726,0.9118705987930298
1294,23495_6366269c_11,0.00025397015269845724,0.9949492812156677
1295,70883_e2d6a103_2,0.0013705285964533687,0.9796363711357117
1296,32743_f4c47bbc_34,0.0007612863555550575,0.5562937259674072
1297,30910_38ea5a06_2,0.00025528433616273105,0.9567039608955383
1298,56476_466fc284_17,0.0009154496365226805,0.9810647368431091
1299,22604_0b4ffb43_62,0.0006440310971811414,0.9731284976005554
1300,21534_6367be99_0,0.0007072534644976258,0.7770484089851379
1301,133026_1085532d_1,0.000508227851241827,0.8708379864692688
1302,137828_0b0786fb_1,0.0010990322334691882,0.9788715839385986
1303,55627_971fde61_27,0.000451084750238806,0.9430559873580933
1304,93869_8b1922a3_0,0.0009503265027888119,0.9233587384223938
1305,24393_9acd18c6_3,0.0005973624065518379,0.9888532161712646
1306,44996_b3e9c266_14,8.303492359118536e-05,0.6750434637069702
1307,55300_b9675d43_1,0.0002553510421421379,0.9949862957000732
1308,113352_879844fe_0,0.0016929249977692962,0.9310625791549683
1309,135317_3c58b0d0_9,0.0001490515423938632,0.8622772693634033
1310,115624_fe3eb392_1,0.004626655485481024,0.7833177447319031
1311,63055_6b907478_21,0.0011581812286749482,0.9577629566192627
1312,40421_032c052f_0,0.0004949728026986122,0.924764096736908
1313,143029_70554264_3,7.690765050938353e-05,0.8682483434677124
1314,145117_78f63de3_0,0.0006701572565361857,0.8276425004005432
1315,128996_35f2006e_0,0.00013809232041239738,0.30944645404815674
1316,54503_fc6c6963_1,0.0011218026047572494,0.8583163022994995
1317,24657_0168dc6b_1,0.0012046092888340354,0.9705150723457336
1318,130524_13ad16a8_0,0.005640115588903427,0.9721106290817261
1319,142670_33c641dc_3,0.0002550334029365331,0.9031094312667847
1320,65375_674ff0b9_11,0.001546006416901946,-0.40753090381622314
1321,23168_7fdf5427_3,3.8290832890197635e-05,-16.49125099182129
1322,41717_ab2075ac_0,0.00024287811538670212,0.991082489490509
1323,21739_57582b8f_4,0.0009342793491668999,0.945186972618103
1324,143293_fc5b0ff7_30,0.0006007957854308188,0.9836159348487854
1325,135906_587b5c3d_0,0.0002705730148591101,0.8366159200668335
1326,138685_fd9b79cd_0,0.0005304094520397484,0.5758756399154663
1327,119921_5621fcb4_0,0.0006175746093504131,0.8957368731498718
1328,49403_458914df_5,0.00045919883996248245,0.9476661086082458
1329,73525_7f6b2f67_2,7.224720320664346e-05,0.884285569190979
1330,136994_a3a2f50f_3,0.003530195215716958,0.6023772954940796
1331,31838_2e4bd173_1,0.0052953241392970085,0.8853881359100342
1332,35866_d0233b36_6,0.00041010763379745185,0.9930084943771362
1333,53053_d6b4d71c_9,0.0015842318534851074,0.9588689208030701
1334,90220_7baf1e18_1,0.00022457458544522524,0.6968421936035156
1335,23364_73dd9d4d_10,0.0002693235583137721,0.6129230260848999
1336,52987_387431ac_3,0.00045721931383013725,0.9623437523841858
1337,51859_6b2fd0f1_4,0.00026834657182917,0.8508161306381226
1338,51708_867d4509_12,0.00026815664023160934,-1.32283616065979
1339,93199_2146e709_3,0.00041053444147109985,0.9912958741188049
