case_num,case_name,MSE,R-Square
0,50417_199cffee_13,0.0017924917628988624,0.9860374331474304
1,48516_2b3135bf_11,0.001103824470192194,0.9626798629760742
2,41733_1ec9b00c_31,0.0031878831796348095,0.6907743215560913
3,31664_1e85c690_0,0.0006435948307625949,0.9653977155685425
4,21893_0500d043_18,0.0005007912986911833,0.9898183345794678
5,31607_9a2f8140_6,0.0003588026447687298,0.9879566431045532
6,41774_88a7a483_18,0.0004192866035737097,0.8976500034332275
7,42143_51b31600_4,6.750214379280806e-05,0.8636058568954468
8,23104_3b70eba4_13,0.0006117596058174968,-0.0063751935958862305
9,129075_8fbf62e5_2,4.498566340771504e-05,0.8812870383262634
10,41624_a15f83c1_13,0.00022231957700569183,0.890830934047699
11,36088_1ea9c8a9_12,0.00026803312357515097,0.9937470555305481
12,126477_6596d136_14,0.00025443939375691116,0.7693707346916199
13,130441_10c43121_0,0.002969584194943309,0.9848721027374268
14,133385_e6aa64d8_21,0.00027396995574235916,0.8202582001686096
15,26398_b99946da_1,0.0014157166006043553,0.9813808798789978
16,61198_0c99f50a_4,5.225050335866399e-05,-2.2916080951690674
17,26661_ab88a525_0,0.00014506933803204447,0.8323338031768799
18,129075_8fbf62e5_1,0.0011834925971925259,-0.1176447868347168
19,51891_9455ea02_1,0.000864102563355118,0.9862882494926453
20,34770_6bba5bd4_13,0.0002778954803943634,0.9945437908172607
21,21646_a2dd0d00_53,0.00037742959102615714,0.9686272144317627
22,68909_4ae1bc2e_1,0.00010038097389042377,0.9056648015975952
23,27866_ece3076e_109,0.0001323592005064711,0.9791287183761597
24,92134_52f13f49_6,0.0002524402807466686,0.8545163869857788
25,23342_7193a931_1,5.1872601034119725e-05,0.9280043840408325
26,126572_a2d6f794_14,1.3725305507250596e-05,-0.3798098564147949
27,44344_3e0b0b0c_1,3.4312092793697957e-06,0.5247869491577148
28,49331_3bf3bb84_4,0.00027309622964821756,0.995000958442688
29,33971_46bb0373_0,0.0007318665739148855,0.9065135717391968
30,21517_bfe35b4c_1,0.0002128892083419487,0.6912230253219604
31,23165_369d62aa_6,0.0002914941287599504,0.996484100818634
32,81846_2907c980_0,0.0005631857784464955,0.9750003814697266
33,24168_a0ede173_111,0.0029498946387320757,0.7086389660835266
34,53461_a5942665_1,0.00012135109136579558,0.9954992532730103
35,24907_c72322ea_13,0.0005393745959736407,0.7964751720428467
36,133424_315bcaeb_7,0.00013247967581264675,0.8285658955574036
37,40490_916e13fe_0,0.00033630183315835893,0.9895250201225281
38,38000_b5822e44_3,0.00034958773176185787,0.994701623916626
39,138520_f4e0bc0b_63,0.00041448103729635477,0.6045658588409424
40,61294_9255796d_3,4.705808169092052e-05,0.9119477868080139
41,22176_272891b8_0,0.0003302487311884761,0.8324798345565796
42,24815_4f2a57e4_1,0.001154090161435306,0.9661116003990173
43,113343_e692c488_1,6.191999273141846e-05,0.9065578579902649
44,33995_18423507_1,0.00017648121865931898,0.7622636556625366
45,127897_029949fd_6,0.00018908387573901564,0.9962190985679626
46,123181_4e56fb4f_0,0.00030934522510506213,0.9955185055732727
47,22670_9353c710_1,2.3233496904140338e-05,0.8584075570106506
48,128642_4d72bf31_2,0.0005378937930800021,0.708621084690094
49,146667_fe438b5b_6,0.000989243621006608,0.9395883083343506
50,38260_2a31c6df_2,0.0007375736022368073,0.8960517644882202
51,24443_996411f9_3,0.0008162616868503392,0.9814765453338623
52,142074_34e02b6d_1,5.714732105843723e-05,0.9828851819038391
53,41501_b627682a_15,0.0010048396652564406,0.9121901988983154
54,24712_da77fe8f_0,0.00013425378710962832,0.9974881410598755
55,32960_0eaa1de8_26,0.0002790340222418308,0.9948316812515259
56,130757_b2c47f8d_2,5.297711686580442e-05,-0.583310604095459
57,104817_6d73dc41_0,0.0005385688273236156,0.9396604299545288
58,79243_49539d9f_0,0.0011749003315344453,0.9746882319450378
59,82012_c533307b_1,0.00010652843047864735,0.9007650017738342
60,107649_e651c5ca_1,3.9529684727313e-05,0.7243406772613525
61,40997_e3c88650_12,0.0007219443214125931,0.9814818501472473
62,143029_70554264_4,0.0007630319450981915,0.8956954479217529
63,27054_342fcf5c_3,0.00019296104437671602,0.7986060380935669
64,41648_577daf16_17,0.0001686331379460171,0.9361639618873596
65,89720_4e65191c_1,0.0006398672703653574,0.9844990968704224
66,75382_1b589ea9_12,5.565564788412303e-05,0.8409021496772766
67,120371_433ba1ca_2,0.0003177169128321111,0.9722912907600403
68,49024_b7f02205_13,0.0013828757219016552,0.938920259475708
69,51022_47816098_7,0.0012864504242315888,0.9867900609970093
70,41634_4f5d0edb_0,6.666868284810334e-05,0.8666885495185852
71,23170_6ea8ded5_3,0.0005175932892598212,0.9913380146026611
72,69589_cd2fa794_8,0.0021827283781021833,0.8572794795036316
73,41504_85e300ee_0,0.001781787141226232,0.7567154765129089
74,128996_42176b10_0,0.0007841411861591041,0.9365330934524536
75,38920_e81879c2_7,3.203632513759658e-05,-37.530757904052734
76,148051_c59af578_6,0.0001550769666209817,0.9957764744758606
77,65494_16d62db5_0,0.00011964127043029293,0.8396802544593811
78,25473_0991d519_0,0.0005475878715515137,0.9871351718902588
79,75270_25a261ef_5,0.0003265063278377056,0.9674213528633118
80,49613_1b97c07b_12,3.436288170632906e-05,0.635036826133728
81,115633_a2c63339_1,0.00016647085431031883,0.9507612586021423
82,52366_63042db4_1,0.00036668695975095034,0.9916543364524841
83,30282_88c6933c_5,0.0005226536304689944,0.9374734163284302
84,53474_f29e4438_12,0.0009283920517191291,0.9696058034896851
85,24026_1dd4094b_21,0.0006783066201023757,0.9226256608963013
86,21225_c081eae3_2,0.0010052059078589082,0.8671326041221619
87,35057_9af89947_8,0.0003367290773894638,0.7295102477073669
88,43529_4804941b_20,0.0003869905194733292,0.9882063865661621
89,22103_fd11c71b_3,0.0002542552538216114,0.9682512879371643
90,51536_a18dc325_0,0.000605490175075829,0.9678654670715332
91,24230_636208ab_13,0.0007051319698803127,0.5669922232627869
92,41117_1b3271f2_56,0.0015373316127806902,0.9762611389160156
93,140499_419d5823_0,0.00028169486904516816,0.9756495356559753
94,115524_a949e82c_2,4.128470391151495e-05,0.8391790390014648
95,29833_0ed4880f_3,0.00021375318465288728,0.9961540699005127
96,127556_4823a42a_6,0.00028731219936162233,0.9517379403114319
97,23960_48cc0f21_19,5.368400161387399e-05,0.2471989393234253
98,132987_ba18d2eb_11,9.030441287904978e-05,0.8270790576934814
99,51337_f8636fd9_30,6.632966687902808e-05,0.9250562787055969
100,40999_cad6be09_18,0.000830064935144037,0.9803752303123474
101,136886_99fbdef3_0,0.00010893001308431849,0.8130699396133423
102,30447_4ed3b778_7,0.0005943220457993448,0.9978103637695312
103,55811_bc667b2d_13,0.00172062695492059,0.34496092796325684
104,41716_d55164d4_1,0.0002562359441071749,0.9103248119354248
105,33610_aa697fc9_6,0.00034832555684261024,0.9742891788482666
106,55095_fa260d33_6,0.0010133576579391956,0.9732885360717773
107,115639_bc0cc622_0,0.0015377243980765343,0.8874127864837646
108,20841_1620ae7d_0,0.000566856877412647,0.9219586253166199
109,50823_d1830e58_2,0.0010132952593266964,0.7994120121002197
110,109762_cb162371_48,0.0003745469730347395,0.8683832883834839
111,41387_5f752e39_23,0.0005215979763306677,0.9807103872299194
112,121540_629c716f_0,0.00061133096460253,0.9741211533546448
113,118539_1dff9cf9_12,6.432159807445714e-06,0.529582142829895
114,30714_dafa62f6_2,0.0018350930185988545,0.9759913682937622
115,79633_bbbde75f_0,0.0010236063972115517,0.9750356078147888
116,33059_531cfd5e_11,0.00035978402593173087,0.9411188364028931
117,20697_d3e106b4_4,3.73983675672207e-05,0.6859086751937866
118,136062_0027ff97_6,0.0005090701160952449,0.9530336260795593
119,146291_6b0c8db3_1,0.0016609897138550878,0.9613444805145264
120,45466_5f662bcb_0,6.892006058478728e-05,0.858094334602356
121,144500_7f600ab6_0,0.00020824366947636008,0.9807431101799011
122,44996_b3e9c266_4,7.679381815250963e-05,0.983779788017273
123,40713_4c9264ef_0,0.0003903744218405336,0.9479148983955383
124,132384_0fcab1fa_13,0.00044271143269725144,0.5237413644790649
125,33738_77d49563_2,0.00019527022959664464,0.7730242013931274
126,129422_621d0a90_33,0.00020810782734770328,0.9020553231239319
127,115633_fd3c9b97_32,4.4637865357799456e-05,0.8170881867408752
128,69337_a122ffde_1,0.0005531508941203356,0.9434640407562256
129,37241_29f91452_0,0.000399482756620273,0.9907585978507996
130,141199_9ae000ef_6,0.0011596943950280547,0.019727587699890137
131,147133_92c04b84_4,0.0007123772520571947,0.3734554052352905
132,77687_cbb18594_50,0.00125550024677068,0.13339805603027344
133,144290_2a679085_11,3.504137566778809e-05,0.8967980742454529
134,130825_c59bbbfb_0,0.0006848429329693317,0.9824743270874023
135,82512_252da752_6,2.979078453790862e-05,-45.089534759521484
136,115624_d0acb46b_24,0.00037606534897349775,0.9959196448326111
137,92134_52f13f49_7,0.00023240986047312617,0.8541858196258545
138,100326_0602c712_7,0.00011029557936126366,0.8261390328407288
139,134630_f9e85072_0,0.0008140959544107318,0.8125888705253601
140,108943_b07b2543_1,0.000624792359303683,0.8969701528549194
141,125416_ab456bc3_5,0.0011844562832266092,0.8994377851486206
142,57222_33b428d7_69,0.00015555214486084878,0.844424307346344
143,24650_dad8c8ee_13,0.00047813684795983136,0.9915277361869812
144,41749_14d0599c_1,0.0002954954106826335,0.9560432434082031
145,49396_98ab955d_27,8.295308361994103e-05,0.945842444896698
146,136892_e2a0b32c_4,5.0650534831220284e-05,-0.30241239070892334
147,31962_e5291336_28,0.0005869342130608857,0.9871905446052551
148,34231_e27353cb_0,9.286648128181696e-05,0.9023594260215759
149,112724_d334de09_0,0.0009287069551646709,0.9855655431747437
150,56486_82b3e23a_21,1.2117215192120057e-05,0.8590955138206482
151,40500_6055e3d7_17,5.835525826114463e-06,0.8036887049674988
152,39468_15fb2e60_43,0.00025112691218964756,0.5902345180511475
153,141710_17531562_7,0.0002475645742379129,0.993003249168396
154,33529_756075a0_12,0.0006687322165817022,0.8689950108528137
155,54169_3a875f10_8,0.0013016454176977277,0.9656678438186646
156,41023_5445cb61_9,0.00019957426411565393,0.8244796991348267
157,146380_5c569eeb_2,0.0006764232530258596,0.6364407539367676
158,24195_9791f5d3_38,1.3193224731367081e-05,0.7398357391357422
159,26573_7f7e176d_2,0.0009890190558508039,0.9912277460098267
160,22734_f6bad9f7_25,0.0008252165862359107,0.9867038726806641
161,48112_9538e204_0,0.000162188705871813,0.996780514717102
162,127545_6fa39158_10,0.0010195273207500577,0.9920718669891357
163,23788_5c0b60c6_0,0.00019527347467374057,0.8974642753601074
164,23792_5b4c1ce0_21,0.001270985696464777,0.9598952531814575
165,146067_46e58ab3_1,0.001555805210955441,0.9901291728019714
166,101072_dec6f415_3,0.00016014600987546146,0.9265903830528259
167,22829_b6649a29_0,8.639760199002922e-05,-0.43256640434265137
168,55389_a736bd99_0,0.0011228799121454358,0.40353190898895264
169,30259_d709601c_9,0.0018118993612006307,0.948383092880249
170,35866_d0233b36_13,7.130586891435087e-05,0.24283552169799805
171,34563_52848c45_5,0.00014137968537397683,0.9427732229232788
172,44519_90af0df6_7,0.0010041393106803298,0.7070804238319397
173,114111_59282658_8,0.0003004190803039819,0.8972019553184509
174,45922_26941172_15,0.0016213719500228763,0.9728586077690125
175,41303_bd1def52_3,0.00025816421839408576,0.9347224235534668
176,22053_de30641b_1,4.694653762271628e-05,0.28134554624557495
177,22298_51433023_4,0.000783724884968251,0.9829244017601013
178,23479_81a49137_0,0.0007186116999946535,0.7389455437660217
179,22225_a3ce4d29_37,0.0011951300548389554,0.9834533929824829
180,135669_490cd2d7_14,0.0008627126808278263,0.9537268280982971
181,32173_8b075b1a_4,0.0005216156132519245,0.9915511012077332
182,145119_24107428_5,0.0008314207079820335,0.9369340538978577
183,41774_88a7a483_36,0.00020730031246785074,0.8934586048126221
184,133549_1b6c58d6_0,0.0004675501841120422,0.9900489449501038
185,40936_6de8f4f4_0,0.0030664491932839155,0.9808709025382996
186,23008_3d1bb7b2_0,0.0022255866788327694,0.9680672287940979
187,38360_ad61c9b2_1,0.0003159016487188637,0.7947521209716797
188,136109_3d342d3c_2,0.0005016690702177584,0.9798316359519958
189,135790_a27f9deb_11,7.212182390503585e-05,0.91056227684021
190,140249_7c1c5bba_0,0.00020292223780415952,0.7529852986335754
191,128996_a3d026d6_0,0.0009660720243118703,0.8020268678665161
192,23235_f9ccb8b0_0,0.0007396085420623422,0.41673481464385986
193,93671_f7290ded_0,0.0002671753754839301,0.8416805267333984
194,51109_97b211c3_7,0.0002899271494243294,0.9645658135414124
195,51916_fa226b15_13,3.574049333110452e-05,0.9227745532989502
196,86268_094d3fab_1,0.00015402711869683117,0.996920108795166
197,39637_ca6a9a60_1,0.0021369687747210264,0.7357190847396851
198,47219_93cb3619_3,0.0028409732040017843,0.9499605298042297
199,47878_0edb6829_0,0.00026574754156172276,0.9952738285064697
200,26764_ab35159a_6,0.0010477701434865594,0.9581775665283203
201,34341_d19b12fb_12,6.836663669673726e-05,0.9247158765792847
202,118342_c702e084_6,0.0002381654630880803,0.9945595264434814
203,49886_dd68dccb_4,0.0005861083627678454,0.9556223750114441
204,23493_57512264_5,5.613151370198466e-05,0.8230388760566711
205,31751_e37382e1_5,0.0013850934337824583,0.9645213484764099
206,24338_848cab42_6,0.003086711512878537,0.7561377286911011
207,24916_42eacca3_10,0.0007931597647257149,0.5714792013168335
208,137485_a953e1be_2,0.00017804089293349534,0.996440052986145
209,23706_ef15ef9c_18,0.0009556180448271334,0.9366111159324646
210,143671_eaf4d13b_6,0.0022215249482542276,0.9661052823066711
211,53470_39f2e9dc_13,0.0005069542676210403,0.35754019021987915
212,145772_59253c6d_3,4.0911520045483485e-05,0.9423518180847168
213,51893_d531e2bd_2,0.0007818656740710139,0.9829761385917664
214,39389_d641313f_8,0.0014250127132982016,0.9456270337104797
215,51595_41f3d1a3_5,0.000140517542604357,0.8665981292724609
216,51674_a70c1c6c_15,0.00014261268370319158,0.456687331199646
217,37617_3f415463_5,7.984721742104739e-05,0.9394386410713196
218,31862_a89f21f9_3,0.00027841757400892675,0.9917259216308594
219,40519_55a097c6_11,0.0010752214584499598,0.937308669090271
220,111306_9108c940_0,0.0009451646474190056,0.8191235661506653
221,136640_16741d62_4,0.0005721461493521929,0.6106523871421814
222,23155_d7305c5f_2,0.002739253919571638,0.9445146918296814
223,43934_912ff891_41,0.00011499681568238884,0.4518135190010071
224,57017_6033d1e5_0,0.000267658761003986,0.9865248203277588
225,126913_d253adb7_1,0.000583804096095264,0.7665280103683472
226,130752_52d74f2f_48,0.0010127376299351454,0.9317308664321899
227,124177_71283cad_0,0.0003855119866784662,0.9702728986740112
228,24650_dad8c8ee_18,0.0008019533124752343,0.9795002937316895
229,55199_4d57661f_2,0.0014038692461326718,0.9159553647041321
230,115010_eb737aaf_20,0.00023101232363842428,0.9955763220787048
231,27855_19c5895a_12,0.0005564369494095445,0.7081507444381714
232,52772_a6e6e320_0,0.00010076724720420316,0.8647710680961609
233,90917_3d2d21a9_0,0.002081849379464984,0.9523859024047852
234,40703_5f4e45d4_7,0.00014726072549819946,0.9970786571502686
235,132622_911efd2f_1,0.0016131915617734194,0.9758529663085938
236,43441_e1ab0873_6,0.0028417943976819515,0.9551376700401306
237,34917_61633e20_6,0.0006058860453777015,0.9868643879890442
238,67221_275ba7e6_4,0.0006018395652063191,0.9879276156425476
239,130719_e4764a36_10,6.837242835899815e-05,0.8509060144424438
240,136318_130d6a06_20,0.0005326652899384499,0.9514147639274597
241,99636_73c43ebd_10,0.00031008050427772105,0.9916331768035889
242,29377_3a04cb8d_6,0.00046730961184948683,0.9318246841430664
243,23018_63087a41_47,0.0004641932318918407,0.9872938990592957
244,26165_100fec74_4,0.00024288028362207115,0.2357790470123291
245,135934_d2f6bb2e_46,0.00029461205122061074,0.8569844365119934
246,24039_448afafa_5,0.0005421173991635442,0.9738728404045105
247,32775_a79b406b_14,0.001650273334234953,0.7897258400917053
248,23686_cba4f679_0,0.0009496951824985445,0.9099331498146057
249,35147_bc9f2c5d_0,0.0008991919457912445,0.854842483997345
250,136337_1351909b_2,0.0028160763904452324,0.9331111311912537
251,139222_2c10ca9a_1,0.0002967446926049888,0.9744719862937927
252,139379_fe5c3f64_0,0.0001274830283364281,0.9953000545501709
253,33084_344fec27_2,0.00013065480743534863,0.9975405931472778
254,24775_d5c98d77_0,9.400425369676668e-06,0.7102165222167969
255,56344_3a89f085_23,0.0002515554951969534,0.9766857624053955
256,135112_cf8007b8_5,0.0010429932735860348,0.9743185043334961
257,50706_20d07d57_2,0.004126725718379021,0.9604547619819641
258,51744_cd355565_5,0.0010806090431287885,0.9676337242126465
259,51464_da501c24_0,0.001212871866300702,0.7609419822692871
260,126572_a2d6f794_23,2.2554511815542355e-05,0.21939599514007568
261,70021_e673ae54_2,4.8433110350742936e-05,0.9302158355712891
262,25144_31b089b6_5,0.0004211743362247944,0.8092286586761475
263,24715_55aac5f2_2,8.416041055170354e-06,0.29936540126800537
264,24532_f82f8000_2,0.0013654647627845407,-0.10539603233337402
265,30664_a3084f71_1,0.0005679570022039115,0.7625441551208496
266,81145_5c13a8e9_1,0.0002714009606279433,0.7227910161018372
267,132037_2abb8c63_10,5.344735109247267e-05,0.7543125748634338
268,50414_ac159b58_2,0.00033311170409433544,0.9878937005996704
269,21601_360ce1c7_7,0.00025385888875462115,0.9953864812850952
270,22119_27e3ecbe_9,0.0007227487512864172,0.9775879383087158
271,145120_74f7316f_0,0.0028928520623594522,0.869209885597229
272,74574_c302ff1f_0,0.00010599582310533151,0.8607821464538574
273,52443_085efc00_4,0.00021916341211181134,0.9283884763717651
274,147546_ede0f31c_3,0.0025371063966304064,0.945135772228241
275,22492_047b125b_21,0.0010871042031794786,0.9747689962387085
276,72313_5a86e234_0,0.0017840219661593437,0.9659206867218018
277,45589_49e3c7ea_2,0.00015270609583240002,0.995395302772522
278,83432_a7f85698_0,0.00025045493384823203,0.9943745136260986
279,32775_a79b406b_0,5.8695866755442694e-05,0.4347533583641052
280,121703_69c4a5ac_3,4.075547985848971e-05,0.8523303270339966
281,80901_e9080573_6,0.0007010211702436209,0.9726425409317017
282,21809_8bd6b10e_3,0.0030499587301164865,0.9328703284263611
283,49396_98ab955d_15,0.0005656962166540325,0.9460613131523132
284,33766_14917a4a_19,0.0008789249695837498,0.980444073677063
285,26661_ab88a525_8,0.00010954269964713603,0.9969291090965271
286,44030_17bd5ec9_0,0.0009124823263846338,-0.12172055244445801
287,53221_74fa81cd_7,0.00028426144854165614,0.754279613494873
288,21887_3306168f_7,0.0019768939819186926,0.8030227422714233
289,86185_85fde9e6_0,0.00038953221519477665,0.9404676556587219
290,87951_500b1dcd_2,8.896687359083444e-05,0.9047606587409973
291,22276_69c5036b_11,0.0014130674535408616,0.9630289077758789
292,41721_44151488_5,0.0012107276124879718,0.8878936767578125
293,102293_5d04e48d_0,0.0018125148490071297,0.9140036106109619
294,77687_cbb18594_20,7.135467603802681e-05,0.9010212421417236
295,133248_1bab99ae_0,0.0019818907603621483,0.12634068727493286
296,24051_4852a192_2,0.0006675145705230534,0.9770886301994324
297,86806_2993395a_1,0.0001768705842550844,0.8498488664627075
298,38558_b0d6b3f8_1,0.0003506563080009073,0.9928028583526611
299,140549_7d01813c_0,0.0007954566972330213,0.9747665524482727
300,24559_3c306e71_1,0.0008735829615034163,0.8656349182128906
301,70350_751de4b0_13,0.0025954777374863625,-0.05725371837615967
302,39101_23fec10f_8,0.001563646481372416,0.8336455225944519
303,24942_9d1b2ff2_8,0.00045533457887358963,0.9946927428245544
304,30850_05d88af9_3,0.0011086479062214494,0.9815645217895508
305,113358_08641c94_4,0.0012518917210400105,0.9610984325408936
306,21234_8b71bd47_27,0.00046193093294277787,0.8328838348388672
307,26245_4aac38e1_21,0.0001568348816363141,0.6361218690872192
308,66072_d301cc88_0,0.0007652303320355713,0.6690729856491089
309,21894_93f0d052_23,0.0012931718956679106,0.8722697496414185
310,147816_7fb70c2b_2,0.0005434242193587124,0.9430009722709656
311,49120_4131d1e7_1,0.00024809359456412494,0.9503299593925476
312,52224_ca16c854_4,0.0012023721355944872,0.8283012509346008
313,105762_19e04e0b_1,8.912145131034777e-05,0.29646432399749756
314,30400_8824ce97_36,0.0006935939309187233,0.9000965356826782
315,95199_ffcff41e_0,0.0002787415578495711,0.7144079208374023
316,50417_199cffee_3,8.444168634014204e-05,0.934279203414917
317,24544_d06c82dd_5,0.00031737599056214094,0.9947476983070374
318,22604_565b91f5_2,0.00022404460469260812,0.9906521439552307
319,22788_b6a9e30a_4,0.00013177994696889073,0.9670690298080444
320,45789_d5126eab_14,0.0006667514098808169,0.8637998700141907
321,37267_b2be4b50_3,1.3726296856475528e-05,-0.38117969036102295
322,34330_5eff1ee1_3,0.0009825151646509767,0.88533616065979
323,137999_d934160e_1,4.9145379307447e-05,0.619834303855896
324,134921_f5efde94_27,0.0001005876692943275,0.9075194597244263
325,53470_39f2e9dc_8,3.328657476231456e-05,0.6265686750411987
326,23497_f292546d_25,0.0016241323901340365,0.9324982762336731
327,22289_4b848f64_2,0.0005010421737097204,0.9321410655975342
328,31392_84b62622_2,0.0006817991379648447,0.9431781768798828
329,51347_1fc6f329_0,0.001264388905838132,0.7159608602523804
330,50777_2934de55_6,0.00019915228767786175,0.9928949475288391
331,32841_954e8c1a_0,5.981740468996577e-05,0.9382864832878113
332,31530_6744ae73_3,0.0003387972537893802,0.9950271844863892
333,65827_d1469ad6_1,9.940558084053919e-05,0.25608670711517334
334,145461_30637b22_8,0.00010850349644897506,-3.336979866027832
335,31973_093ea963_13,0.00021854594524484128,0.9149221181869507
336,70355_e5f58cd5_14,0.00046743437997065485,0.9544135332107544
337,77687_cbb18594_40,5.753820005338639e-05,0.7457900047302246
338,24392_fce351ea_0,0.00028380786534398794,0.8478508591651917
339,36853_7efccb8c_3,0.0009747763397172093,0.8669566512107849
340,41644_d15f8e2b_5,4.6451183152385056e-05,0.760625958442688
341,131762_9b5e5ff5_2,0.00038819402107037604,0.9765572547912598
342,82193_96ef9433_2,0.0003483072214294225,0.994572103023529
343,31347_386f6298_15,0.0008615191327407956,0.9797429442405701
344,34568_fbe47bf9_0,0.0001797795994207263,0.48537248373031616
345,115624_fe3eb392_3,0.0007320728618651628,0.9832465648651123
346,130446_e7b58dbe_0,0.0026827421970665455,0.8917626738548279
347,104641_2cd02839_33,3.8781061448389664e-05,0.9152768850326538
348,31460_39fdfc6a_7,0.0009060442680492997,0.7960614562034607
349,95541_ced8f936_0,0.0003332188352942467,0.9928183555603027
350,23126_725969ea_17,0.0005667064688168466,0.9401246309280396
351,23676_52069f98_5,2.0121737179579213e-05,0.9242252707481384
352,137637_ed9c537d_0,0.00032058884971775115,0.9207297563552856
353,22474_b10fea1a_2,0.0004242282884661108,0.9897243976593018
354,143017_21d96cc2_10,0.0005982883740216494,0.9137513041496277
355,105270_34f92afd_1,0.00011221507884329185,0.8426097631454468
356,95622_0a0787e4_4,0.0003965257201343775,0.9940776228904724
357,55854_13f0399b_0,0.001428441610187292,0.9692555069923401
358,22118_1e09e0eb_5,0.0014218112919479609,0.9393610954284668
359,146717_3e6a84c1_7,0.0012110386742278934,0.9818472266197205
360,63132_330141d7_3,0.0001487230183556676,0.9698381423950195
361,115633_fd3c9b97_46,0.00019847704970743507,0.591187059879303
362,21644_aa203dc5_29,0.00030328676803037524,0.925557017326355
363,79791_00f639ca_15,0.00020353251602500677,0.9965733289718628
364,60711_42b5a13e_1,0.0005192903336137533,0.9424922466278076
365,137483_cdb8989d_0,0.0003053884720429778,0.9936238527297974
366,21644_aa203dc5_26,0.0005269254907034338,0.9090576171875
367,131876_b2384623_0,0.00041422981303185225,0.7325457334518433
368,23706_ef15ef9c_10,0.0003578785399440676,0.9452504515647888
369,68948_0d2a01cd_9,0.00138349668122828,0.9611971974372864
370,145137_4e9eef42_1,0.0005385941476561129,0.891675591468811
371,30426_2cde26de_20,0.0015594896394759417,0.9822543859481812
372,31378_34c52a73_0,0.00019250327022746205,0.9465578198432922
373,92134_52f13f49_4,0.00025796916452236474,0.8258984684944153
374,119634_fc722479_1,0.00042192707769572735,0.9941949248313904
375,24032_d6172503_24,0.000867644208483398,0.6367326974868774
376,136401_69f29349_4,2.2658363377559e-05,0.6484324932098389
377,41871_f9a1ad02_26,0.0006036500562913716,0.9541642069816589
378,48220_87941c4e_116,0.001768590067513287,0.7382797002792358
379,115012_9ed88535_2,0.0008261522743850946,0.6700259447097778
380,69488_025cf0a2_1,0.0016800921875983477,0.9886107444763184
381,147427_69f68da4_3,4.443545549293049e-05,0.8768413662910461
382,33766_14917a4a_32,0.001154627650976181,0.9584655165672302
383,51747_3d58eae0_0,0.0005411970778368413,0.9273319840431213
384,33785_a4c23f61_0,0.003028564853593707,0.9885745048522949
385,114935_797875fe_2,0.0018874332308769226,0.9313346743583679
386,51775_49ef614a_26,3.547032974893227e-05,0.9369343519210815
387,38196_ea48fa42_3,3.958260276704095e-05,0.5369511246681213
388,140413_44177109_21,9.377304195368197e-06,0.8283871412277222
389,27676_79237cc5_1,0.0006622215150855482,0.7833563089370728
390,52883_e518d3f4_33,0.00015789567260071635,0.996889591217041
391,34347_841c5375_2,4.7166649892460555e-05,0.040997982025146484
392,55289_292737cb_0,0.0003112537378910929,0.9940244555473328
393,50606_82cb18e2_0,0.0004259791749063879,0.9832582473754883
394,30407_efa567f2_4,0.0003170525305904448,0.9923551082611084
395,31647_ab9ad9dc_13,0.00042184849735349417,0.9591319561004639
396,24896_58b4730f_17,0.00029901403468102217,0.9442293643951416
397,23602_5daaccf5_4,0.000997953931801021,0.9302972555160522
398,27725_5cceaeb7_10,0.0004950151778757572,-0.028404712677001953
399,127734_395dcf7d_5,0.0015457975678145885,0.7486427426338196
400,31957_d864f861_3,0.0011362138902768493,0.7684581875801086
401,49415_1671b60c_4,0.0009702784009277821,0.09275627136230469
402,45110_fae73324_4,0.0003199278435204178,0.9829267859458923
403,22343_34184fd5_18,0.00018540093151386827,0.29416823387145996
404,22848_cc91b848_38,4.613711098500062e-06,-4.318365097045898
405,73652_23b21ef2_1,0.0002997774281539023,0.9939718842506409
406,65569_bd890a32_1,0.0005096346139907837,-3.8883275985717773
407,48220_87941c4e_111,0.0028816903941333294,0.4953092336654663
408,30394_e30f932c_0,0.0011084838770329952,0.9365753531455994
409,21941_1a683ec2_26,0.0004901953507214785,0.9795303344726562
410,25564_e646fcb3_1,5.458961823023856e-05,0.815643846988678
411,134053_87a32e31_3,0.00018001822172664106,0.5087929964065552
412,87950_af56e26e_2,0.00039581075543537736,0.9710304737091064
413,51458_54240b70_17,0.00018727757560554892,0.7931434512138367
414,40688_effe215a_1,0.0014427979476749897,0.9642717242240906
415,131494_c8a441d0_0,0.000570385716855526,0.8889288902282715
416,26768_c4df841f_21,0.0004997768555767834,0.4145684242248535
417,136892_2d5f55a9_0,0.0014274583663791418,0.6869747638702393
418,54652_d60ac3e0_10,0.0011305431835353374,0.9386644959449768
419,51747_3d58eae0_1,0.0007411243277601898,0.6970314383506775
420,54650_df3655c1_0,3.1510411645285785e-05,0.6548800468444824
421,41125_711db4bf_58,0.000513538543600589,0.9428775906562805
422,45418_f603706b_2,0.00021491751249413937,0.9456403255462646
423,21852_6cf9a734_18,0.003275552298873663,0.9720035791397095
424,122515_758d8b70_6,1.1168854143761564e-05,-8.22309398651123
425,104081_05ba54fa_2,0.0005152371595613658,0.7836103439331055
426,41672_cf87e0b6_0,0.0002985966857522726,0.953914999961853
427,22638_37f9fe91_1,4.883555811829865e-05,0.8557239770889282
428,24559_3c306e71_3,0.0005706974188797176,0.8963422179222107
429,31589_ac31215d_8,0.00018771988106891513,0.9006643295288086
430,49603_143b8bd2_35,0.0013000263134017587,0.8971085548400879
431,127965_c64a91da_0,0.0008280097390525043,0.7857062220573425
432,36062_f2fb6808_1,7.312911475310102e-05,0.3241405487060547
433,139280_8874b1ab_18,0.0001699053536867723,0.8367354869842529
434,30997_24dea167_4,0.002237874548882246,0.7981427907943726
435,143471_eb185912_5,3.007056875503622e-05,0.6921072006225586
436,23176_1bf2a2d5_10,0.0006113855633884668,0.9747230410575867
437,98299_b8146029_5,0.0004470921994652599,0.9612802267074585
438,23466_1cf60d09_4,0.0015881200088188052,0.9555929899215698
439,41591_2d0bd0d5_3,0.0005909830215387046,0.9792249798774719
440,134929_9049dcec_1,0.00028365920297801495,0.8478960990905762
441,41785_e8bf0528_0,0.0006507813232019544,0.9716423153877258
442,31460_39fdfc6a_6,0.0004966791020706296,0.989363431930542
443,133710_00be7f31_1,0.0041232844814658165,0.5268807411193848
444,24532_f82f8000_0,0.0003076205321121961,0.9323351979255676
445,21234_8b71bd47_3,0.0001136349092121236,0.8279829621315002
446,35175_6edc4126_5,0.0005524749285541475,0.9839907884597778
447,20495_e8e7e80c_1,0.00018852126959245652,0.7801833152770996
448,76546_c17e95aa_2,7.081832154653966e-05,0.5834341049194336
449,41654_e75f89df_0,0.000439357798313722,0.9761534333229065
450,109772_f1a0845e_6,0.00022337085101753473,0.8709322214126587
451,34913_d23e2a24_0,0.0007894619484432042,0.9561387896537781
452,25203_1cc0cb3c_12,0.0008254781132563949,0.9862235188484192
453,37160_2a95674a_4,0.0006730729946866632,0.9560628533363342
454,69240_dc199112_4,0.0008603940368629992,0.8365706205368042
455,25176_d9130589_0,0.0004201112606097013,0.944786787033081
456,69235_fe79a369_0,0.0002058414538623765,0.5377116203308105
457,39468_15fb2e60_9,0.0014894017949700356,0.7839256525039673
458,103284_e25015aa_6,0.00012913571845274419,-0.029194355010986328
459,30377_e18ea3de_0,0.00016810833767522126,0.8638107776641846
460,66080_f578d52b_4,0.0005208759102970362,-1.6771571636199951
461,37444_52b27e94_14,0.0011104560690000653,0.8308830857276917
462,38675_6e07d74b_31,0.0007940279901959002,0.974875271320343
463,21680_360ba5c7_28,0.0004833023704122752,0.9647871255874634
464,142032_5c32b7db_2,0.00040926176006905735,0.9924637675285339
465,44210_a155c2d1_0,0.001997758634388447,0.9555290341377258
466,38287_88ec74de_92,0.00027843841235153377,0.9588943719863892
467,29572_2f9283f2_4,0.0006587388343177736,0.9509303569793701
468,28300_b3a6ab79_10,0.0005543312290683389,0.9808323979377747
469,136129_e6a20c7d_5,9.167619282379746e-05,0.8593387603759766
470,119381_e4d13609_0,0.000978948432020843,0.9629619121551514
471,30729_b4d83b07_4,8.534916560165584e-06,0.824737012386322
472,140413_44177109_11,0.0008305789087899029,0.9609363079071045
473,26384_83eddf22_0,0.0007958356291055679,0.9392383694648743
474,82285_e7a738e7_2,0.0017670724773779511,0.8528136014938354
475,108599_347602af_0,0.0006664613611064851,0.9792749285697937
476,119889_41a6f268_1,0.00013791117817163467,0.7964757680892944
477,55006_94230c00_1,0.0002786365512292832,0.9912887811660767
478,21517_bfe35b4c_10,0.00013943514204584062,0.9359251260757446
479,20818_098cad7c_6,9.149586549028754e-05,0.9020182490348816
480,41855_b82e6ae8_6,0.00025875112623907626,0.9700890183448792
481,137166_90691294_8,9.700236114440486e-05,0.9355816841125488
482,69561_f274e705_26,0.0002577756531536579,0.9875722527503967
483,51579_d0c3e154_0,0.0005495089571923018,0.9767475128173828
484,23676_52069f98_4,0.0008197916322387755,0.9741864204406738
485,31962_e5291336_1,0.0004465597157832235,0.986787736415863
486,57222_33b428d7_1,8.91643067006953e-05,0.9338048100471497
487,51586_2ad96f8c_17,1.366512879030779e-05,0.8356339335441589
488,41473_c2137170_32,0.0004660241538658738,0.9273684024810791
489,31123_9a1bfc50_2,0.000918630394153297,0.9306284189224243
490,23211_3aac9c7e_0,0.0003118391614407301,0.9415713548660278
491,45798_b573e9da_5,0.0024682674556970596,0.8727644681930542
492,27847_d2436f7c_37,0.00017832216690294445,0.7938936948776245
493,54736_6ee1b513_1,0.0008970831404440105,0.22496181726455688
494,132901_7d205bb4_9,0.0002500481787137687,-0.6578648090362549
495,73762_8c704690_0,0.0011071977205574512,0.8506942987442017
496,23209_1592b0a4_1,0.0005596592673100531,0.9611875414848328
497,49024_b7f02205_2,7.278189150383696e-05,0.8154743909835815
498,147630_7f858240_15,0.0004360149905551225,0.9231836795806885
499,69337_2c778611_11,0.0002902194100897759,0.829168975353241
500,82498_92a00cd6_1,0.0008704611100256443,0.7302948832511902
501,78775_e2d8b091_1,0.00040469615487381816,0.9451091885566711
502,40067_95ae6c76_9,0.0005044801509939134,0.9459558725357056
503,80756_6f2e842f_0,0.00033451622584834695,0.9319365620613098
504,25284_1da7aa8a_0,0.000249042030191049,0.9507193565368652
505,55605_2f8bc12e_62,0.0003337924717925489,0.9885842204093933
506,39792_60786b6c_15,0.0007425962248817086,0.9850921034812927
507,34063_0ca1585e_2,0.0007460846682079136,0.516396164894104
508,31664_1e85c690_13,0.0004570649180095643,0.9869311451911926
509,131193_98f3ac52_1,0.00035519804805517197,0.8411314487457275
510,120221_e2eaa34b_2,0.0010771544184535742,0.6303867101669312
511,130286_1f71bfed_3,0.0008490708423778415,0.7470530271530151
512,118342_e8142153_21,0.0001772938558133319,0.934480607509613
513,128043_9f8cd69e_1,0.00011173788516316563,0.8460632562637329
514,41504_85e300ee_1,4.563117181533016e-05,0.8035134077072144
515,78863_d59be42e_0,0.0013852575793862343,0.8334718942642212
516,31733_5118b376_3,0.0014466140419244766,0.989676833152771
517,22208_e177deb7_5,0.0004739872820209712,0.8867648839950562
518,24026_1dd4094b_43,0.0002379235957050696,0.7919186353683472
519,73388_10a40b49_1,0.001000116695649922,0.9411249160766602
520,138219_cdff4f61_0,0.0004347790381871164,0.71306312084198
521,49399_dc56d180_1,0.00013584971020463854,0.9974592924118042
522,41306_8f26e703_3,0.00015986201469786465,0.9449014067649841
523,51590_034b8b08_14,0.0012740087695419788,0.9784548878669739
524,48402_8c965495_4,5.86694513913244e-05,0.9156043529510498
525,26388_a3367cba_0,0.0014468625886365771,0.8196496963500977
526,28300_b3a6ab79_6,0.0004313503741286695,0.9855685234069824
527,43938_418421a7_0,0.0005509572220034897,0.7502509355545044
528,41520_60018d18_0,4.50865991297178e-05,0.6753720045089722
529,137869_344b239b_0,9.808808681555092e-05,0.7692699432373047
530,41648_577daf16_0,0.001294709974899888,0.9445788860321045
531,31347_386f6298_10,0.00013113200839143246,0.9975183606147766
532,82190_24b1b0fe_12,0.0013876269804313779,0.7569857835769653
533,33741_4a973932_1,0.0014579519629478455,0.7582849264144897
534,42005_3da46d94_0,0.00022276838717516512,-3.9881772994995117
535,132982_ee1eed2f_0,0.0005443434929475188,0.9767550230026245
536,23898_6e740393_29,0.0005268017412163317,-0.03803551197052002
537,105831_88a0fb85_6,0.0014290561666712165,0.9688327312469482
538,31278_749a6317_0,0.00018562721379566938,0.8884987235069275
539,51586_2ad96f8c_4,0.00019914105359930545,0.909080445766449
540,57000_cd1ddece_14,0.0001524756517028436,0.9378505945205688
541,50692_e7ff2668_8,0.0009299563826061785,0.9669244885444641
542,65346_e89312e5_0,0.0001459712948417291,0.7793990969657898
543,38840_0e449caf_4,0.0006027508061379194,0.8443348407745361
544,29573_ca59fbbf_5,0.0008186480263248086,0.9917469024658203
545,30164_c5680724_12,0.0008155071991495788,0.9569635391235352
546,138620_e21e10ee_0,8.642980537842959e-05,0.9263425469398499
547,50305_caf9cef2_34,0.001008311752229929,-0.7446973323822021
548,83396_fdb2987a_0,0.0013275110395625234,0.9521409869194031
549,28379_7e292343_4,0.0011222617467865348,0.9752727150917053
550,33529_756075a0_32,0.001982509857043624,0.8526839017868042
551,109857_1d24326e_42,4.60465571450186e-06,0.7705336809158325
552,22772_2b5f6629_6,0.00022176967468112707,0.9963605999946594
553,34600_e2685d46_2,0.00037814179086126387,0.9861819744110107
554,122344_ab1b06aa_2,0.005174207501113415,0.9064603447914124
555,123573_5f5c9584_1,0.0002912097261287272,0.7650541663169861
556,35166_562b126c_20,0.00011044265556847677,0.9957250356674194
557,51350_138f893a_1,2.973857772303745e-05,0.7147626876831055
558,137785_67c3085b_16,0.0008459426462650299,0.9791826009750366
559,50417_199cffee_12,0.0008113161893561482,0.9608051180839539
560,22194_a5c323b9_3,0.00022997419000603259,0.9624803066253662
561,42329_df7f540f_18,0.0003157594765070826,0.9670655727386475
562,41779_25e4203d_6,0.0005266543594188988,0.1976335048675537
563,51094_40aa8332_20,0.001186214853078127,0.9554796814918518
564,109762_cb162371_38,0.0011241680476814508,0.9408217668533325
565,45922_26941172_9,0.00036335428012534976,0.9374425411224365
566,34587_ed155e93_0,0.00012246296682860702,0.9964814782142639
567,69589_a468c1b4_0,0.0008660764433443546,0.9817134141921997
568,44921_00dfb467_0,0.00021532716345973313,0.9474770426750183
569,82672_4705a693_0,0.00046492874389514327,0.7928697466850281
570,26778_a71e88a6_0,2.8225398637005128e-05,0.9239168763160706
571,69488_7bfb2b67_0,0.00015492565580643713,0.9956950545310974
572,22686_afe3a61e_0,8.899013482732698e-05,0.4501987099647522
573,109772_5faa88e8_5,0.000361232872819528,0.7529040575027466
574,43938_418421a7_147,0.000623906496912241,0.9142891764640808
575,141694_b5ac3112_3,0.00131720001809299,0.4923139214515686
576,31973_093ea963_16,0.00012187412357889116,0.923481285572052
577,26858_e90dc419_25,2.219159978267271e-05,0.8715787529945374
578,131350_bbdad30d_0,0.000435669586295262,0.7515960335731506
579,35741_c43475b8_1,0.0004894412122666836,0.8294308185577393
580,30690_3df2c9e2_1,0.000662958831526339,0.9434764385223389
581,122758_5f4efbf0_2,0.0009733373299241066,0.9359589219093323
582,37822_3be11c62_0,0.00015239034837577492,0.9352052211761475
583,91174_ee6ee92b_1,0.0005939083057455719,0.860853910446167
584,23676_52069f98_31,0.0011096365051344037,0.988822340965271
585,27958_fee329eb_1,0.00014729985559824854,0.9600435495376587
586,144534_3b4fdb09_18,0.001536312629468739,0.5707181096076965
587,30292_0b5e0265_1,0.001691759331151843,0.9769700169563293
588,111062_e59e2d31_0,0.0033042212016880512,0.9624494314193726
589,135790_a27f9deb_77,0.000538516091182828,0.8951106071472168
590,65842_de75838b_10,0.00033783813705667853,0.9293259978294373
591,22475_9d9601a8_3,0.00011705741781042889,0.3474124073982239
592,119884_192e3265_0,0.0006744791753590107,0.899334728717804
593,51463_3330e3aa_2,0.001140692736953497,0.8816319704055786
594,23231_efe613bb_4,0.001169198309071362,0.9401159286499023
595,22895_4533b542_2,0.00030231394339352846,0.9535652995109558
596,146219_5661130f_4,0.00033782856189645827,0.9926685690879822
597,38953_19054857_19,0.00026880373479798436,0.7611180543899536
598,21847_b2de7eb8_24,0.0008188624633476138,0.9445071220397949
599,51603_034939eb_12,0.00024529662914574146,0.8488005995750427
600,24843_5231632c_4,0.00023288420925382525,0.8551132678985596
601,41982_f75ceb8f_4,8.015638741198927e-05,0.39023756980895996
602,42937_c573c439_2,7.405779615510255e-05,0.6886963844299316
603,61288_2d594195_0,0.0004991940222680569,0.17937183380126953
604,55006_94230c00_0,0.0001854424481280148,0.8153254389762878
605,49898_f42a885e_5,0.0005713711143471301,0.9875465631484985
606,55709_af3825c8_4,0.0006596378516405821,0.9785304069519043
607,144117_83c980ca_2,0.00012926620547659695,0.5500112175941467
608,40417_b8d98f73_7,8.284015348181129e-05,0.9448756575584412
609,53200_d1e30b87_11,0.0004203784337732941,0.5390599966049194
610,147009_977ee378_4,1.6011230400181375e-05,0.8586037158966064
611,63056_a5dfd66b_4,0.0001775660493876785,0.6791707277297974
612,22205_f48b96b3_10,0.0005179255385883152,0.8820543885231018
613,51585_b695905b_4,0.0004211312625557184,0.9906752705574036
614,24084_71f37c00_1,0.0006738786469213665,0.8647571206092834
615,25815_0e853ad9_10,0.0004288054187782109,0.9731857180595398
616,55030_11a6e3e8_3,0.002628731308504939,0.9762462973594666
617,23042_1184de03_5,0.00044189818436279893,0.9871410131454468
618,39719_e9629dbd_4,3.5231780202593654e-05,0.612476110458374
619,51256_ed221095_2,8.562362927477807e-05,0.9043487310409546
620,25810_93c8a71a_3,0.0005333187291398644,0.9796099066734314
621,22208_e177deb7_1,0.0007380073075182736,0.9483594298362732
622,115624_d0acb46b_22,0.0003022820455953479,0.995242178440094
623,30708_4282508b_0,4.697412805398926e-05,0.2729377746582031
624,31117_cd5cdbdb_12,0.00039044421282596886,0.8314358592033386
625,41733_1ec9b00c_32,0.00011919960525119677,0.6481171250343323
626,111387_c4243097_2,9.85835722531192e-05,0.8661038875579834
627,119869_e8f0dd81_19,0.00013797020073980093,0.8961667418479919
628,34569_590239d6_0,0.0010683421278372407,0.9509603381156921
629,136318_130d6a06_23,0.00022281538986135274,0.722641110420227
630,145132_7aea3b66_4,0.000608075933996588,0.9920411109924316
631,41878_3aeaed3d_0,0.0013656147057190537,0.7779273986816406
632,34583_a1cf326b_0,0.00015594493015669286,0.99714595079422
633,116581_d405b783_0,0.0012643879745155573,0.9828211665153503
634,24044_9bbe7992_3,0.0002729073166847229,0.6593809127807617
635,22194_a5c323b9_2,0.0007351097301580012,0.9337497353553772
636,142076_08d80e12_21,4.001180423074402e-05,0.8229736089706421
637,55817_6ac2912d_7,6.151675916044042e-05,0.33662497997283936
638,21165_5cb2d287_2,9.664608660386875e-05,0.796352207660675
639,39796_45dcdc7d_0,0.003720634151250124,0.9517468214035034
640,33044_7fdd9213_1,0.001128951320424676,0.9700832366943359
641,23731_3fe5b501_6,0.0001305905607296154,0.7992603778839111
642,32743_f4c47bbc_31,0.0005571986548602581,0.9482050538063049
643,108775_4908fba2_21,0.0004405552172102034,0.960848867893219
644,21941_1a683ec2_19,0.0008693213458172977,0.9358392953872681
645,27682_04277f62_18,0.0006944923079572618,0.968106210231781
646,25815_0e853ad9_4,0.00024121074238792062,0.9844346642494202
647,30261_723e95cf_2,0.0005524331354536116,0.9767159223556519
648,21385_601444ba_102,0.0007395088905468583,0.965214729309082
649,30368_d7fd30ce_7,0.0001554074842715636,0.9413915872573853
650,55605_2f8bc12e_3,0.001347419572994113,0.7800427675247192
651,24650_dad8c8ee_15,6.4301839302061126e-06,0.7993815541267395
652,34227_48203345_7,0.000989244901575148,0.9724205732345581
653,113348_ac85cba3_1,0.0005952193168923259,0.936079204082489
654,26552_25c5924a_1,0.0001370132085867226,0.9475340247154236
655,55381_cbaffe9b_0,0.00013291290088091046,0.9632061123847961
656,55817_6ac2912d_25,0.0004317519487813115,0.9885258078575134
657,138947_0778db40_4,0.00027418782701715827,0.8927754163742065
658,52788_07f7da63_0,0.00035358898458071053,0.9122263193130493
659,70355_e5f58cd5_6,0.00017977612151298672,0.697251558303833
660,51744_cd355565_8,0.0009915706468746066,0.7967079877853394
661,41227_90e1c07c_16,0.0006717481883242726,0.9830835461616516
662,45359_1768ab3f_42,0.003489340655505657,0.6317453384399414
663,41783_d1c10326_3,8.351005817530677e-05,0.7313498258590698
664,32960_0eaa1de8_13,4.711938527179882e-05,-2.401646137237549
665,34674_32ee1595_3,0.0011295436415821314,0.961688756942749
666,136885_23632908_1,0.002044491935521364,0.2703832983970642
667,136808_00592735_3,0.00014510806067846715,0.9684312343597412
668,45589_49e3c7ea_5,0.00013363701873458922,0.9972488880157471
669,141665_0564e852_3,0.0008025140268728137,0.8083642721176147
670,50897_3be92e2f_18,0.00012566371879074723,0.9970654249191284
671,84256_4164b724_3,0.0003282612015027553,0.6850399374961853
672,22994_e6ad8f2b_10,0.0013194901403039694,0.9510289430618286
673,28295_0dc908b9_8,0.00028186291456222534,0.9117104411125183
674,23329_6939d5d9_5,0.00015458428242709488,0.8285161256790161
675,123665_0a0da5c7_3,1.8022916265181266e-05,0.8593079447746277
676,121172_0ac63503_7,0.0003844676830340177,0.9271941781044006
677,50941_2a8a8c76_0,0.00016171461902558804,0.9967930316925049
678,37846_cde34fcd_66,0.0005241683684289455,0.9120266437530518
679,56040_9b1307eb_21,0.0018990146927535534,0.7042181491851807
680,146535_229c95bc_1,3.041322634089738e-05,0.8606512546539307
681,50947_49287c16_2,0.0012392065254971385,0.9797449111938477
682,95622_0a0787e4_5,0.0002618542348500341,0.8582864999771118
683,25432_f13e5110_0,0.0006118188612163067,0.9807332158088684
684,32454_e959e3cf_0,0.0007736003026366234,0.9782286882400513
685,65858_61e9b51a_18,0.000981037155725062,0.776197075843811
686,70350_751de4b0_3,0.0021756193600594997,0.6992304921150208
687,129239_0d49310c_15,0.0004028046678286046,0.8464751243591309
688,31008_8fa25b35_8,0.0002670749381650239,0.9436050653457642
689,55306_795d845b_2,3.7573852750938386e-05,0.7611931562423706
690,29729_e8bb36f1_2,0.00044404459185898304,0.476733922958374
691,67283_4097cbd6_5,0.00022592656023334712,-0.9209507703781128
692,23904_811e466f_4,9.023299207910895e-05,0.9242978096008301
693,116076_12d31fb7_1,0.0007650298648513854,0.8848772048950195
694,45302_02d7e3bc_0,0.0011898985831066966,0.7007169723510742
695,60977_4bb093ec_1,0.0004887686809524894,0.9782204031944275
696,49017_76979790_8,0.0007257811957970262,0.8624359369277954
697,146321_0dbae658_10,3.13279997499194e-06,0.6843030452728271
698,102194_150e3faf_3,0.00015208807599265128,0.9953418970108032
699,34769_44655d03_5,0.00013710324128624052,0.8466947674751282
700,38953_19054857_6,0.0010042262729257345,0.17567598819732666
701,55397_ad24603f_1,7.22632248653099e-05,0.9249917268753052
702,21908_385686ec_15,0.0005393651081249118,0.9739651083946228
703,60721_57103153_4,0.00032281482708640397,0.4831685423851013
704,98701_7cd4ec8d_0,0.0015511997044086456,0.9718241095542908
705,91703_642cdf1a_1,0.0002747949620243162,0.9948310852050781
706,26661_ab88a525_5,0.000960605510044843,0.7576854825019836
707,51940_67bb0219_21,0.00010309262870578095,0.7803037166595459
708,22543_684108ff_22,7.836030272301286e-05,0.9221330881118774
709,145250_cde4d039_8,0.0002606180205475539,0.7065929174423218
710,20232_e5b060d9_6,3.520193058648147e-05,0.9360976219177246
711,128043_d4650350_0,0.0010642484994605184,0.9857091307640076
712,140530_30edf2c4_0,0.0006533986888825893,0.44857192039489746
713,131814_9af6d05a_0,0.000645131862256676,0.902992308139801
714,26245_4aac38e1_9,0.0002188741636928171,0.9085684418678284
715,30282_88c6933c_14,0.0010288284393027425,0.9605263471603394
716,32322_71d0035e_1,0.00027854106156155467,0.985708475112915
717,131762_d10609a4_1,0.0009389062761329114,0.9575894474983215
718,54812_5f7b7aba_2,0.00022131000878289342,0.9028429388999939
719,135830_8fb36dac_4,0.0017748444806784391,0.9214118719100952
720,139280_8874b1ab_4,9.194181620841846e-05,0.8025093674659729
721,49904_639055dd_1,0.00024361058603972197,0.9720780253410339
722,53601_59d3ecd2_0,0.0012282057432457805,0.9496471881866455
723,50047_54241fe3_12,0.0002938925172202289,0.9772512912750244
724,136925_70fb0381_3,0.00044707959750667214,0.9726409316062927
725,87488_95f678ce_0,0.001367294113151729,0.9698140621185303
726,137166_90691294_2,9.737091022543609e-05,0.9352523684501648
727,44030_17bd5ec9_11,4.204585638944991e-05,0.9333751201629639
728,137396_b5f6bec4_5,0.00014328755787573755,0.9956963658332825
729,21900_760d2078_10,0.0014297324232757092,0.9792894721031189
730,21185_ac5324ba_5,0.0013502025976777077,0.9578901529312134
731,31132_2320d049_4,0.00018580065807327628,0.9966203570365906
732,82281_80cdf67c_4,8.493930363329127e-05,0.7857204079627991
733,38287_88ec74de_15,0.00019507261458784342,0.996222198009491
734,136128_831e37a6_0,0.0007260411512106657,0.9192295670509338
735,21330_f0cee934_18,0.0002857298240996897,0.8124547004699707
736,34109_5a868eae_10,0.0007949358550831676,0.923997700214386
737,21174_861bd902_2,0.0008005463168956339,0.9302271008491516
738,49783_365bec9e_6,0.0005820593214593828,0.9825389385223389
739,24429_ace910b3_8,6.425379524443997e-06,0.6239621639251709
740,22772_2b5f6629_4,0.00044701946899294853,0.8857070803642273
741,53927_ef5208b9_14,0.0018907698104158044,0.9212279319763184
742,56250_3b6024e3_54,0.0005009812884964049,0.989051878452301
743,23522_5c2ec58e_8,0.0011721180053427815,0.9630663990974426
744,121177_93fb3127_10,3.5171273339074105e-05,0.9361745715141296
745,138840_b7f948ea_2,0.0006264891126193106,0.9362354874610901
746,41125_711db4bf_6,0.0009705362608656287,0.9770447611808777
747,102606_28922dfc_0,0.0009090593084692955,-8.558287620544434
748,31530_6744ae73_50,0.0016065614763647318,0.9713375568389893
749,50598_eae0df5a_1,6.1474995163735e-05,0.8875919580459595
750,145726_19ccdbda_12,0.00022769307543057948,0.9269834160804749
751,41469_b94cf3e4_0,0.0008042313274927437,0.8351563215255737
752,147009_977ee378_1,0.0006247184355743229,0.9399523138999939
753,24267_8a216138_10,0.0004924570093862712,0.960019588470459
754,63071_3d434a33_16,0.0004502464726101607,0.9759775996208191
755,34436_ffc43a58_4,0.00037055741995573044,0.6803363561630249
756,50692_e7ff2668_4,0.000296325160888955,0.8812651038169861
757,146642_883a71d2_9,0.0019183559343218803,0.969704806804657
758,109772_f1a0845e_7,0.0006995599833317101,0.983675479888916
759,136640_16741d62_1,0.0006039704894647002,0.8466541171073914
760,21680_360ba5c7_11,0.0005909479223191738,0.759906530380249
761,27729_09d75da1_2,0.0005434102495200932,0.9845210909843445
762,82148_5df06ed9_19,0.0023010012228041887,0.8401627540588379
763,55287_8a57a3db_1,0.0009301387472078204,0.9427788853645325
764,53221_74fa81cd_5,0.00045105552999302745,0.7836858630180359
765,30417_0010bc7c_39,0.0006148314569145441,0.952006995677948
766,23706_ef15ef9c_40,0.00010600998939480633,0.9848693609237671
767,140763_e14274f8_3,0.0002152890374418348,0.8370190858840942
768,23602_5daaccf5_3,0.0003040039446204901,0.9507182836532593
769,30282_88c6933c_9,0.0006275114137679338,0.9605259299278259
770,56824_0fc773f6_0,0.0007704552845098078,0.9560778737068176
771,42410_d3b5588e_1,0.000522589951287955,0.920599639415741
772,55055_dd27a8a4_0,0.00015494767285417765,0.9971640706062317
773,115633_a2c63339_6,0.0005688297096639872,0.3702736496925354
774,73651_a41647f8_5,4.026369788334705e-05,0.8439199924468994
775,33413_060ce192_32,0.0005768057308159769,0.9556896686553955
776,97331_a482fa9b_0,0.0012796673690900207,0.729580283164978
777,23476_705b76d1_0,0.00011076928785769269,0.9956673979759216
778,32566_7bfc936b_6,0.0015202949289232492,0.9856314659118652
779,41717_eb1c1e6b_0,0.0018145042704418302,0.8545927405357361
780,60720_ef9a0a95_8,0.00026882128440774977,0.4254411458969116
781,138700_ab763a46_202,4.208849077258492e-06,-1.3226890563964844
782,38287_88ec74de_17,0.0014117464888840914,0.7678244113922119
783,135535_0bd0048d_0,0.0012739988742396235,0.9808120131492615
784,21797_69df08d5_7,0.002796198008581996,0.977737545967102
785,65350_b3fa8f4f_47,0.0009179810876958072,0.9957749843597412
786,41714_1d49f4d1_3,0.0006713062757626176,0.924988329410553
787,66012_a13e1644_1,0.00035481658414937556,0.849533200263977
788,22652_564979ff_11,0.0003449608921073377,0.7435743808746338
789,25127_ecba81df_23,0.0008797409245744348,0.4258692264556885
790,47548_db93c988_4,0.00024994113482534885,0.3885572552680969
791,55927_f8b31711_5,0.001735525787808001,0.9071764349937439
792,31647_ab9ad9dc_2,0.0009250463917851448,0.8749626874923706
793,41128_ee74f244_8,0.0005719743785448372,0.843458354473114
794,20959_d4905d19_4,0.00013703339209314436,0.96638023853302
795,52009_a2b75078_3,0.0022171493619680405,0.9776702523231506
796,22201_473a3a65_16,0.0010749459033831954,0.8543767333030701
797,29442_365e23df_30,0.0011542137945070863,0.967354416847229
798,51859_6b2fd0f1_8,0.00020742254855576903,0.9929164052009583
799,140413_44177109_15,0.00013509485870599747,0.8801716566085815
800,21822_7d3db422_11,0.0010534562170505524,0.9707270860671997
801,24168_a0ede173_100,0.00026292697293683887,0.8102474808692932
802,145532_c2304f89_1,0.0008097363170236349,0.8866105675697327
803,104641_2cd02839_13,4.371097020339221e-05,0.8305792808532715
804,23679_81ef9e37_2,0.0004538983048405498,0.8918516039848328
805,95271_de3df8d5_2,2.78048355539795e-05,0.8661213517189026
806,41401_e4117da2_0,2.833020334946923e-05,0.3826984167098999
807,48006_babdf4af_9,0.00041290486115030944,0.9952184557914734
808,142246_0851be5e_32,0.002251002937555313,0.9626457095146179
809,33615_7bab1106_4,0.0005132199730724096,0.966040313243866
810,31117_cd5cdbdb_18,0.00034643796971067786,0.9947561025619507
811,34914_8911676d_0,0.00046197991468943655,0.9619143605232239
812,55501_a09e4ced_2,1.9975983377662487e-05,0.24963784217834473
813,41128_ee74f244_9,0.0004777444701176137,0.8418543338775635
814,142246_0851be5e_22,0.00152561254799366,0.7233022451400757
815,22413_901f5867_0,5.504801083588973e-05,0.8333963751792908
816,56490_0a0fba77_0,9.571891860105097e-05,0.9728504419326782
817,93676_4f934980_1,0.00028732133796438575,0.36304086446762085
818,146642_883a71d2_96,0.0008513670763932168,0.907074511051178
819,24032_d6172503_3,0.0004599951789714396,0.9220190048217773
820,44221_25c62f03_1,0.00014080539403948933,0.9973920583724976
821,50315_0f1419bf_33,0.0017817026237025857,0.8270682096481323
822,133389_0938a905_2,0.00010499756172066554,0.9733523726463318
823,24824_cf51e5b6_4,0.001105817616917193,0.792555570602417
824,33970_32f36442_3,0.0004798128502443433,0.9850373864173889
825,29359_bbfab271_2,0.0005466091679409146,0.903773307800293
826,23172_4ab01e83_0,0.0003501380851957947,0.9914905428886414
827,98511_1b46a85e_45,0.0005443710833787918,0.9847005009651184
828,98511_1b46a85e_46,0.0005496529629454017,0.9838401079177856
829,34248_cc11976c_0,0.00039758579805493355,0.9853100180625916
830,104003_46555fb2_0,0.0002673209528438747,0.4055490493774414
831,34520_035b5e9a_8,0.00023919655359350145,0.9177922606468201
832,38397_93d5d7de_12,0.001869322033599019,0.9741014838218689
833,130023_93b3ca95_1,0.0005612960667349398,0.8024368286132812
834,83213_47c49876_1,0.00024357062648050487,0.9720830321311951
835,43928_6ca53538_63,0.0019039178732782602,0.9557247161865234
836,82779_b7b722e3_9,0.0007174786296673119,0.9143095016479492
837,134967_0f27ef51_1,0.0002312452270416543,0.8269973397254944
838,86024_714b24f4_1,0.00011143119627377018,0.9956346154212952
839,40807_58058731_11,0.0004300684086047113,0.935139000415802
840,26750_cd3cb3ff_0,0.000969853310380131,0.9831764101982117
841,126913_d253adb7_2,0.0005930953193455935,0.8829773664474487
842,24268_2804c9ff_13,0.0008603550959378481,0.9776216149330139
843,45542_320c16fd_3,0.00018873705994337797,0.9962477684020996
844,22342_274ed8a6_1,0.0005017000949010253,0.8913448452949524
845,133385_e6aa64d8_17,5.667938239639625e-05,0.7727903723716736
846,143509_1dd5212d_3,0.0006224723183549941,0.9816409945487976
847,47989_3ff0f41d_0,0.0015511909732595086,0.9558717608451843
848,21822_7d3db422_14,0.0020907947327941656,0.9698085188865662
849,21517_bfe35b4c_12,0.00036068432382307947,0.37038058042526245
850,52883_e518d3f4_10,0.00021001099958084524,0.9659038782119751
851,41871_f9a1ad02_14,0.0008267241646535695,0.917294442653656
852,37016_455093c1_2,0.0002837855427060276,0.8478652238845825
853,31117_cd5cdbdb_78,0.0009076175047084689,0.9929617047309875
854,129239_0d49310c_22,5.2587616664823145e-05,0.8473155498504639
855,30400_8824ce97_6,0.0017691974062472582,0.9630089998245239
856,53233_8dbca22c_8,0.0006861349102109671,0.9518713355064392
857,40514_bb61631d_25,0.0004672853392548859,0.89662104845047
858,24053_53349e4d_2,0.00011501733388286084,0.851976752281189
859,41917_f0c40fa1_16,0.00032463393290527165,0.9923202395439148
860,22543_684108ff_5,0.001242862781509757,0.9507269859313965
861,138636_c1153075_0,0.00019412414985708892,0.8267172574996948
862,24448_75004b6c_6,0.00031016964931041,0.9901247620582581
863,24831_bbd3e098_8,7.570180605398491e-05,0.9258193969726562
864,53221_74fa81cd_3,0.0002600087900646031,0.92971271276474
865,76879_65a30a82_4,0.00011529550101840869,0.8115231990814209
866,108773_f9384cff_10,2.9312714104889892e-05,0.6906436085700989
867,33671_0e9c6ca3_5,0.0001969103468582034,0.9843605160713196
868,93103_fdb9fcb7_15,0.0008006212301552296,0.956799328327179
869,137675_d2bd633e_0,0.0006750274915248156,0.5772354006767273
870,21893_0500d043_32,0.0006582720670849085,0.569644570350647
871,22110_0bc70e9f_1,0.0010017015738412738,0.3843989968299866
872,43152_b5472481_1,0.00022913460270501673,0.91395503282547
873,115717_40314bc2_1,0.001639957306906581,0.8567093014717102
874,102943_ca9e7968_0,8.09278353699483e-05,0.8898807764053345
875,136401_69f29349_0,0.0013719976413995028,0.0899396538734436
876,28542_3c922564_0,0.0006267671706154943,0.7714477181434631
877,24267_8a216138_6,0.0007033440051600337,0.9614272713661194
878,84374_272a9731_7,0.0008193749818019569,0.8919691443443298
879,23531_1ecc8346_18,0.001759166014380753,0.9828405976295471
880,41871_f9a1ad02_30,0.001161911990493536,0.9647835493087769
881,132461_14abd2d0_0,2.2752763470634818e-05,0.36480677127838135
882,37617_3f415463_2,3.3484870073152706e-05,0.9452831745147705
883,41696_de0790a1_1,0.0006052573444321752,0.9865596890449524
884,54657_2a66e0de_20,0.00026504520792514086,0.9756619930267334
885,24425_0dc4b306_0,0.00047288258792832494,0.9536888003349304
886,146667_fe438b5b_0,0.00012055059778504074,0.995415210723877
887,23048_8a1a5553_8,4.512523810262792e-05,-0.2141568660736084
888,51871_86ebf5b2_17,0.0010968768037855625,0.7991986274719238
889,30664_a3084f71_6,0.0008741348865441978,0.9463620781898499
890,139801_97e2ca6a_5,0.0003768113674595952,0.9228507876396179
891,22278_12f1fb79_13,0.0011586101027205586,0.9246245622634888
892,22776_facf9bcf_8,0.0011712873820215464,0.9601340889930725
893,40500_6055e3d7_15,0.00918053649365902,0.9084359407424927
894,35740_5322d674_13,9.130025136983022e-05,0.9444560408592224
895,39792_60786b6c_12,0.00046616687905043364,0.9830763936042786
896,115524_4a411f7e_0,0.0002874117053579539,0.9347105026245117
897,24131_3ea7d5a8_17,0.000787057273555547,0.9620358943939209
898,100326_0602c712_2,0.0015638793120160699,0.9503247141838074
899,34571_25c64838_2,0.0009862820152193308,0.9415445923805237
900,143534_4f65fd1a_0,0.0003928870428353548,0.8671681880950928
901,101446_95204330_1,0.00030171271646395326,0.8087335228919983
902,41749_14d0599c_10,9.526771464152262e-05,0.7219630479812622
903,55715_525d1d3e_12,0.00023496772337239236,0.30304253101348877
904,45307_b9b4bca0_30,0.0011439528316259384,0.9918070435523987
905,22654_4c426b0f_0,0.0010611811885610223,0.8671139478683472
906,22670_9353c710_4,0.0005045371362939477,0.8452780246734619
907,99445_94c22a37_11,0.00030547077767550945,0.9954614043235779
908,132811_57264a28_4,0.0005342759541235864,0.9563517570495605
909,23258_87a2ba81_3,0.0001554564805701375,0.7542707920074463
910,50777_2934de55_22,0.0004462048236746341,0.9841607809066772
911,98418_4185a7fb_0,0.0004212451458442956,0.9897947907447815
912,43441_e1ab0873_2,3.8362271880032495e-05,0.5351473093032837
913,24271_dbc0fd2d_12,0.00023520672402810305,0.9482276439666748
914,38944_0d0c3fce_0,0.001616375520825386,0.9895284175872803
915,40624_e1c5c424_11,9.117801710090134e-06,0.7703589200973511
916,100028_0c3a8f1c_13,0.0003666006086859852,0.9952844977378845
917,40491_ac67bf4c_13,0.00027605504146777093,0.9948218464851379
918,25416_1deb9c75_0,0.0006536613218486309,0.8868498802185059
919,21657_2651585a_6,0.00028317541000433266,0.9849905967712402
920,21986_67c5509a_15,0.0002563282905612141,0.9681963324546814
921,32288_34013274_2,0.0011622400488704443,0.8032810688018799
922,55373_ddd74d2f_0,0.0012302501127123833,0.8411098718643188
923,26245_4aac38e1_0,0.00045061353011988103,0.9741806387901306
924,33044_7fdd9213_0,0.0003335489600431174,0.9404453039169312
925,31530_6744ae73_48,0.0017174400854855776,0.9834094047546387
926,25555_fd3d9a3c_1,4.4488046114565805e-05,0.9375413060188293
927,54175_7d864ace_6,0.00029025765252299607,0.9348171949386597
928,72950_5074f5a3_0,0.0005913890199735761,0.6090593934059143
929,129618_2962c248_0,0.0013469173572957516,0.9775040149688721
930,52012_77070fda_10,4.275602623238228e-05,0.9329479932785034
931,28295_0dc908b9_7,0.0004456290334928781,0.880291759967804
932,144419_90e59d67_2,2.7346772185410373e-05,0.6977877020835876
933,22734_f6bad9f7_24,0.0025992465671151876,0.9195587635040283
934,22604_0b4ffb43_14,0.00015494767285417765,0.9971640706062317
935,81996_b3752ed2_3,0.00012685031106229872,0.8861622214317322
936,24504_493cee15_8,0.0016160315135493875,0.9356529116630554
937,39124_28e99e62_1,0.00012218196934554726,0.8625199198722839
938,29725_0ad4937e_1,0.00010677280806703493,0.8070063591003418
939,109232_04340d62_6,0.00014959790860302746,-1.7212605476379395
940,129075_8fbf62e5_0,0.00030224243528209627,0.7608103156089783
941,102937_18c3cb6a_4,0.0005370693979784846,0.9811696410179138
942,52551_8098346a_5,0.00035769373062066734,0.37778836488723755
943,128043_6947b64c_0,0.001944836345501244,0.887729823589325
944,119030_292009a7_41,0.0007352246320806444,0.8921501636505127
945,48526_5aecac8a_0,0.00036158578586764634,0.9391133189201355
946,32541_86f7df73_4,0.0004465266247279942,0.5752056837081909
947,55114_7bf17f6a_0,0.001172046409919858,0.9150334596633911
948,55285_6816da52_1,0.002348747104406357,0.9491674900054932
949,37683_e2cca100_17,0.00013881495397072285,0.7814511656761169
950,78775_e2d8b091_15,0.0012523813638836145,0.9590515494346619
951,93199_2146e709_2,0.0003256591153331101,0.9615530967712402
952,135595_656de97a_14,0.00020654170657508075,0.8519179224967957
953,24284_3710e946_16,0.00018649558478500694,0.9957748651504517
954,135521_30553c91_2,7.522612577304244e-05,-0.09103775024414062
955,29732_fb15318c_5,0.00017067381122615188,0.8378708362579346
956,88060_389bdff4_0,0.0006241906085051596,0.9620153903961182
957,27839_4a077326_28,0.0010065705282613635,0.9750595092773438
958,100435_87bf423d_8,0.00017280741303693503,0.9965949058532715
959,25365_bb0e4ede_44,0.00030186260119080544,0.5718802213668823
960,146169_144d8264_0,0.0009642364457249641,0.9947924017906189
961,23342_7193a931_3,3.50116279150825e-05,0.8968510031700134
962,57000_cd1ddece_12,0.00015439132403116673,0.9969132542610168
963,119790_1ed376f0_3,0.0003127673699054867,0.6586463451385498
964,72522_e9e87960_4,0.0002723175857681781,0.9948887228965759
965,65366_f618b577_2,0.00021691733854822814,0.811180591583252
966,55707_c78416ed_35,0.0011350176064297557,0.9406843781471252
967,70321_eccffc7e_0,0.0006199737545102835,0.8393915295600891
968,120143_b5756e6b_0,0.0015634851297363639,0.7828751802444458
969,27726_aca43af4_35,4.587824150803499e-05,-1.131551742553711
970,31361_72aab333_20,0.0005864409613423049,0.8136230707168579
971,121949_e10b5e85_12,0.0005298674223013222,0.9853649139404297
972,146399_0e4b73c4_13,0.0008272764389403164,0.9830167889595032
973,41134_fc146947_6,0.0007378435111604631,0.6550564169883728
974,21237_7887a24b_35,0.00016945975949056447,0.2994229793548584
975,24885_55e20ddf_3,7.321546581806615e-05,0.9276654720306396
976,34914_8911676d_23,0.0001669956836849451,0.9703208208084106
977,21803_8a36dcda_12,0.0014954193029552698,0.9499610662460327
978,41306_8f26e703_5,1.3818318620906211e-05,0.8508288860321045
979,25118_f50fdc69_10,6.2348204664886e-05,0.9089376330375671
980,25473_0991d519_9,0.0004675908130593598,0.9882909655570984
981,126585_86fa26cb_0,9.28351073525846e-05,0.8853499889373779
982,145691_69484976_9,0.0009419274865649641,0.9153093695640564
983,60729_c51868ec_0,0.0004651437629945576,0.743751585483551
984,123929_e7dbad2c_0,0.0007530492730438709,0.6422929763793945
985,69649_70b07cac_0,0.0001097088388632983,0.9975765943527222
986,55135_f1186d58_9,7.098914647940546e-05,0.9115580916404724
987,20838_86c931be_2,0.000368726730812341,0.954156219959259
988,45242_626509cb_11,0.00021521317830774933,0.9048964381217957
989,34983_439766af_13,0.0007050223648548126,0.9926666021347046
990,53453_fb0f1640_1,0.002284483052790165,0.9306493997573853
991,23255_972fbfe6_25,0.000335122924298048,0.9894366264343262
992,24168_a0ede173_203,0.0020164507441222668,0.9887853860855103
993,55476_1473d91f_0,0.0010205544531345367,0.47971493005752563
994,55111_ef389075_1,0.0007803156622685492,0.9701756834983826
995,141710_17531562_1,0.0004662904539145529,0.9608489871025085
996,96601_b89e6252_1,6.143244536360726e-05,0.6733059883117676
997,135790_a27f9deb_43,0.005391801241785288,0.9309196472167969
998,121363_746708db_0,0.000537572952453047,0.7931626439094543
999,136886_3aa46890_0,0.000341212609782815,0.8727750778198242
1000,50315_0f1419bf_19,0.0006233015446923673,0.9914264678955078
1001,37846_cde34fcd_14,0.0002942568971775472,-2.3269691467285156
1002,24816_ef81ad4c_1,0.00017043152183759958,0.9390569925308228
1003,75646_4baf69b2_7,0.0016651760088279843,0.9766822457313538
1004,140155_81f9ac63_0,0.0002657548466231674,0.9336972236633301
1005,51603_034939eb_10,0.000830917910207063,0.9539675116539001
1006,30435_c97330d2_0,4.470482963370159e-05,0.9244120121002197
1007,27839_4a077326_27,0.0003070671227760613,0.9833037257194519
1008,55627_971fde61_34,0.0014388805720955133,0.888760507106781
1009,134909_ef3d003c_0,0.0001561142853461206,0.846847653388977
1010,33413_060ce192_51,3.4390200198686216e-06,0.5235155820846558
1011,22245_ca848576_12,0.000254367187153548,0.7029392719268799
1012,52039_ba12c3ac_1,0.00015308275760617107,0.9969395399093628
1013,39707_358f88df_2,0.0005443806876428425,0.42029035091400146
1014,50014_33f250c8_3,0.0017144633457064629,0.9843614101409912
1015,52987_387431ac_1,0.001129222335293889,0.9224640130996704
1016,33501_b1ee5058_15,0.000147571467095986,0.9970654845237732
1017,82168_4844bddd_1,0.0002629458613228053,0.964497447013855
1018,30384_95e72fc2_4,4.9413643864681944e-05,0.4557836055755615
1019,23554_a0845d54_2,0.0004810239188373089,0.5978993773460388
1020,23800_65e0a5d1_0,0.00017166179895866662,0.459009051322937
1021,41128_ee74f244_0,0.0005207079811953008,0.4772387742996216
1022,143019_22dbd3e6_2,0.0005379325593821704,0.9829328060150146
1023,79993_6087acd5_8,0.0017988822655752301,0.943091630935669
1024,21422_b2a6bf27_0,0.0002257117157569155,0.9962786436080933
1025,25487_dd2c17e8_21,0.00041980561218224466,0.6272456049919128
1026,22654_4c426b0f_10,4.774154513143003e-05,0.679395318031311
1027,30368_d7fd30ce_6,2.4623912395327352e-05,0.47335559129714966
1028,57249_6bd2af3c_2,0.00012226619583088905,0.9954895973205566
1029,57029_3ab80a22_0,0.00048771584988571703,0.9032469391822815
1030,79906_052c7eb4_3,0.0005869262968190014,0.8727751970291138
1031,82996_b8dc67c9_10,7.893873407738283e-05,0.8910619616508484
1032,119884_192e3265_1,0.0005582817830145359,0.7453820705413818
1033,21225_c081eae3_10,0.0013015910517424345,0.9253770709037781
1034,121949_e10b5e85_1,0.0003551168483681977,0.910140872001648
1035,81994_ba8916c9_5,5.085258817416616e-05,0.9555656313896179
1036,22447_4062c6cb_29,0.0002024951681960374,0.9965841174125671
1037,55044_ee57bac8_1,0.00014489181921817362,0.4494960904121399
1038,41871_f9a1ad02_13,0.0020333065185695887,0.9885801672935486
1039,74688_a5168a45_2,1.4133802324067801e-05,-2.0368430614471436
1040,23218_02d26ab4_4,3.7373683881014585e-05,0.9140389561653137
1041,41205_dc60aa5d_0,0.00044133237679488957,0.890282928943634
1042,41979_ca698776_0,0.00023402787337545305,0.9520030617713928
1043,141453_50ec6f25_7,0.000278022198472172,0.9921244978904724
1044,97143_5424c420_0,0.0005066843004897237,0.8699653148651123
1045,41986_26275a06_2,0.00021374053903855383,0.979851484298706
1046,136800_c5e4d711_2,0.00018032606749329716,0.7535207271575928
1047,101635_11b839a3_5,2.71979679382639e-05,0.7771773934364319
1048,55866_b041060d_0,0.0002072406350634992,0.9873156547546387
1049,53846_89405f98_0,0.0007379597518593073,0.8492266535758972
1050,27725_5cceaeb7_1,0.001210477901622653,0.8907801508903503
1051,146137_92faaea5_9,0.0015198522014543414,0.8782227039337158
1052,41211_11f6b8a0_4,0.0001494089374318719,0.9384675025939941
1053,21330_f0cee934_46,0.00015410486957989633,0.9969189763069153
1054,127188_5fecd146_4,3.718906009453349e-05,0.9488986730575562
1055,135949_06517574_8,1.3222158486314584e-05,0.8629264831542969
1056,68928_0d4e4a2e_24,0.0012573940912261605,0.9209350347518921
1057,50410_f8f03667_38,6.580045010196045e-06,0.5469971895217896
1058,142999_171240b6_21,9.747695730766281e-05,0.9279271364212036
1059,144709_642fc665_0,0.0008228634833358228,0.9191347360610962
1060,53232_f8760054_10,0.00032297646976076066,-2.091156482696533
1061,22372_e91792a1_0,3.329471655888483e-05,0.5729943513870239
1062,21767_53eaa558_12,0.003934037871658802,0.9491627216339111
1063,32220_1fd19c5e_0,9.199249325320125e-05,0.9054893255233765
1064,22886_a6331748_1,0.0005470592295750976,0.9497740864753723
1065,130996_b842b511_12,0.00023039653024170548,0.978763997554779
1066,55571_74a416b1_1,0.00013196632789913565,-0.11942481994628906
1067,70169_914780d4_1,0.0002584322355687618,0.9015892148017883
1068,23156_7788f78a_6,0.001868017134256661,0.9864833354949951
1069,124496_20e20439_10,8.627157512819394e-05,0.8103864789009094
1070,76300_7cb02add_1,0.0005375160253606737,0.9204077124595642
1071,21647_6b6cca6f_10,0.0004332160751800984,0.763547420501709
1072,22734_f6bad9f7_23,0.001533929375000298,0.9360988736152649
1073,94176_0a6c42ab_2,9.69045049714623e-06,-0.7784044742584229
1074,24048_d731886d_9,0.0012068608775734901,0.8669748902320862
1075,25487_dd2c17e8_30,0.0015886634355410933,0.2818676829338074
1076,115717_40314bc2_4,5.102064096718095e-05,0.8340412378311157
1077,125592_875faf40_0,0.0014124484732747078,0.9344388842582703
1078,41871_f9a1ad02_44,0.0007792773540131748,0.9449456334114075
1079,146642_883a71d2_8,0.00015268271090462804,0.9627479910850525
1080,136883_076fbff9_31,0.00015286097186617553,0.49436891078948975
1081,60766_fb8715eb_3,0.0006280068773776293,0.9540740847587585
1082,30818_33617072_0,0.0021975028794258833,0.8887404203414917
1083,130679_7a357a9c_18,0.0034235597122460604,0.7986156940460205
1084,55306_795d845b_0,3.769560134969652e-05,0.9191910028457642
1085,135934_d2f6bb2e_33,0.0001469546987209469,0.8040785789489746
1086,111054_e45a0d40_7,0.003352558007463813,0.9675696492195129
1087,36826_d9269c2e_10,0.00043034448754042387,0.9707691073417664
1088,37619_ae810a8d_7,4.824232291866792e-06,-1.203310489654541
1089,22343_34184fd5_22,0.00017513091734144837,0.4579625129699707
1090,113020_de552f8d_0,0.00021987591753713787,0.8625041842460632
1091,20216_89b90993_0,0.003227571025490761,0.7849789261817932
1092,23325_292b3294_16,0.0013191940961405635,0.8744989633560181
1093,23522_5c2ec58e_9,0.0006563404458574951,0.9501659274101257
1094,146624_359752bb_20,4.693808932643151e-06,-1.3662426471710205
1095,104990_11b4aeee_1,0.0002119442797265947,0.9951553344726562
1096,90917_4670b560_0,0.001833381480537355,0.9643678069114685
1097,54818_59adf8c2_5,0.0005506232264451683,0.5238103866577148
1098,34109_5a868eae_3,0.00020994404621887952,0.6574790477752686
1099,23161_e7f63a9f_2,0.0005654142005369067,0.9488391876220703
1100,37160_2a95674a_27,0.0008778343326412141,0.6933039426803589
1101,61280_8bdbc90f_0,0.000675767136272043,0.9757300019264221
1102,55083_dac1f9cc_2,0.00044286460615694523,0.9631316065788269
1103,34341_d19b12fb_14,1.4043570445210207e-05,0.8603216409683228
1104,54516_ac9e2ef4_61,0.0013155090855434537,0.7815631031990051
1105,24559_3c306e71_2,8.401281229453161e-05,0.8289793729782104
1106,105831_88a0fb85_1,0.000619916885625571,0.9764470458030701
1107,32743_f4c47bbc_19,0.0017640205333009362,0.6722202301025391
1108,40500_6055e3d7_18,0.0007595323259010911,0.9635405540466309
1109,22862_f5406bb0_0,0.0005307371611706913,0.9914621114730835
1110,141081_ae61ec46_0,0.0003097443259321153,0.9955160021781921
1111,135112_cf8007b8_4,0.0012985824141651392,0.98030024766922
1112,131442_1512d9ff_5,6.239015783648938e-05,0.8679683208465576
1113,145132_7aea3b66_1,0.0015866615576669574,0.9939946532249451
1114,41871_f9a1ad02_45,0.0006205847603268921,0.8803850412368774
1115,51775_49ef614a_1,0.0005805121618323028,0.835515022277832
1116,143293_fc5b0ff7_23,0.00022335902031045407,0.5919332504272461
1117,51547_a7e01c38_6,3.542836202541366e-05,0.9492396712303162
1118,114021_44c3c39c_2,8.816926856525242e-05,0.7801898717880249
1119,123766_c5a4cf5e_0,0.00010858749010367319,0.3076721429824829
1120,23031_0d684603_8,0.00047830695984885097,0.7938373684883118
1121,132996_c742ef84_4,0.0029585990123450756,0.5894415378570557
1122,137096_5d77f285_1,0.0010460505727678537,0.8751462697982788
1123,27072_b4756e8c_2,0.0007470674463547766,0.8310366868972778
1124,51915_e704f5dd_2,0.0006237993948161602,0.9024503827095032
1125,132811_57264a28_13,0.00020383100491017103,0.9965684413909912
1126,49396_98ab955d_13,0.0013850308023393154,0.8455901145935059
1127,132081_761d26ad_0,0.00015258730854839087,0.9959154725074768
1128,82906_7b72e0e8_2,0.0010632864432409406,0.9703770875930786
1129,92649_26fe8262_0,0.0001640710688661784,0.9243032336235046
1130,21803_8a36dcda_11,0.0013281303690746427,0.9642773866653442
1131,30637_f6324fc6_5,0.00016218802193179727,-0.07346236705780029
1132,105560_a6f91315_12,6.483780907728942e-06,0.09187495708465576
1133,41737_d80c34b9_0,0.0009333455818705261,0.9442370533943176
1134,34983_439766af_12,0.00019840395543724298,0.9804827570915222
1135,122755_60c41889_10,5.338763367035426e-05,0.14443713426589966
1136,76879_65a30a82_2,0.0035386309027671814,0.9683471322059631
1137,89816_cef36e57_4,0.00031753958319313824,0.9947634935379028
1138,49406_100c707b_3,9.005065658129752e-05,0.9896167516708374
1139,105560_a6f91315_10,8.89012426341651e-06,0.8080422878265381
1140,129421_483d2957_5,2.4797109290375374e-05,0.8955211043357849
1141,122740_fc5c94eb_33,0.0003145609225612134,0.9903687238693237
1142,135595_656de97a_5,0.00015173469728324562,0.9445821642875671
1143,35740_5322d674_5,3.86386727768695e-06,-0.34102165699005127
1144,23681_932e722e_18,0.0001765608467394486,0.9966580271720886
1145,108244_329b1876_17,4.326555426814593e-06,-0.005275726318359375
1146,125745_cf468448_6,0.0003678881621453911,0.913496732711792
1147,138838_c9a9e790_6,0.00035178553662262857,0.9316183924674988
1148,102416_b74464a2_4,4.901175998384133e-06,-0.9440782070159912
1149,30426_2cde26de_21,6.0156653489684686e-05,0.8211904764175415
1150,137837_9c9f163d_5,0.00016803016478661448,0.823065996170044
1151,25487_dd2c17e8_15,0.0015383970458060503,0.7994742393493652
1152,21549_18160a0a_4,3.438125986576779e-06,0.5146783590316772
1153,21385_601444ba_0,0.0008247915538959205,0.9486904144287109
1154,35233_add576ba_9,0.0012949856463819742,0.9154217839241028
1155,55345_c6423351_0,0.00042272877180948853,0.9315634965896606
1156,110697_4b2725f1_0,0.0003218305064365268,0.9925029873847961
1157,109946_242843a6_1,2.4130355086526833e-05,0.4311724901199341
1158,34341_d19b12fb_22,3.032653512491379e-05,-2.4478816986083984
1159,23247_bcd1e84f_21,0.00027258522459305823,0.9427650570869446
1160,131765_29b29f08_6,8.278867426270153e-06,0.8207195401191711
1161,21395_7d6fda6f_12,0.00024836152442730963,0.7826319336891174
1162,135460_6471e973_15,0.0001790733658708632,0.9411769509315491
1163,51741_49d61151_7,0.0004334404075052589,0.9843383431434631
1164,28382_90b7cc0c_12,0.00011646837083389983,0.9577532410621643
1165,30850_05d88af9_2,0.0011618096614256501,0.9520732164382935
1166,86278_1e55d036_12,0.00015455388347618282,-0.15037286281585693
1167,67240_525e92c1_1,0.0006681164959445596,0.4638941287994385
1168,82002_ef2b4feb_6,0.0003109880199190229,0.9940245151519775
1169,53364_ec8aad42_1,0.002781318500638008,0.8804923892021179
1170,135771_b030a25c_17,0.0005214019329287112,0.39685308933258057
1171,135906_29d7b495_1,6.14682212471962e-05,0.8901041746139526
1172,21822_7d3db422_38,0.0002589481300674379,0.7372872233390808
1173,81136_5b86c723_1,6.565848889295012e-05,0.5178250074386597
1174,25473_0991d519_2,0.001982958521693945,0.965693473815918
1175,73405_94381b7c_5,0.0009813791839405894,0.835040807723999
1176,24009_c40b0d48_2,0.00015243538655340672,0.9953187704086304
1177,22162_439af02a_1,0.0001563943224027753,0.9969248175621033
1178,146159_f3f80701_0,0.0018494928954169154,0.5068657398223877
1179,51895_5760b481_15,0.002017055172473192,0.9785318970680237
1180,33500_e58e287e_1,0.0031656965147703886,0.8526414632797241
1181,31838_2e4bd173_0,0.0013175398344174027,0.11929619312286377
1182,146137_92faaea5_18,3.968660530517809e-05,0.6526094675064087
1183,124879_2257a334_2,9.070878877537325e-05,0.004436492919921875
1184,144145_510eedc2_7,0.00017219147412106395,0.9968088865280151
1185,21237_7887a24b_78,0.0004522757662925869,0.9606689810752869
1186,82297_93739ce0_6,0.0008435169002041221,0.7227144241333008
1187,51536_a18dc325_31,0.0003564604267012328,-0.7277930974960327
1188,93103_fdb9fcb7_7,0.0007150907767936587,0.9076962471008301
1189,24590_415f7013_9,0.00028378443676047027,0.9474200010299683
1190,130659_16f2db4c_0,0.00017357095202896744,0.9425795674324036
1191,23083_fdb942ac_2,0.00022381733288057148,0.9906613826751709
1192,23954_a8c09819_2,0.0001524727267678827,0.9970431327819824
1193,30417_0010bc7c_13,0.0004218212852720171,0.9624906182289124
1194,120535_e304dfca_1,0.0009354657959192991,0.9313836693763733
1195,93199_2146e709_9,0.0010053878650069237,0.769137442111969
1196,23686_cba4f679_15,0.00173730228561908,0.961060643196106
1197,40807_58058731_20,0.0007966787670738995,0.9919814467430115
1198,94410_d32e7520_35,0.0012172997230663896,0.9696911573410034
1199,79695_fd8bae0e_0,0.0013904416700825095,0.6464345455169678
1200,129422_621d0a90_35,0.0011101580457761884,0.47860026359558105
1201,44932_16cb7f21_5,0.002276318147778511,0.9355287551879883
1202,136550_8a8672e5_1,0.00012932890967931598,0.9636937975883484
1203,20495_e8e7e80c_3,0.0002328572008991614,0.9958352446556091
1204,31962_e5291336_50,0.0006984116625972092,0.33375972509384155
1205,24888_5be1de05_1,2.1269142962410115e-05,0.5954785943031311
1206,34114_7e58a97d_10,0.0013516420731320977,0.9480359554290771
1207,108433_37a79370_0,0.0023395351599901915,0.7932713031768799
1208,22844_9b75b8e0_1,0.0002634053525980562,0.9890735149383545
1209,115637_b4d41e8a_0,0.0008919881074689329,0.9136500358581543
1210,53474_f29e4438_15,0.0043791006319224834,0.8754274845123291
1211,26766_1aaa348c_0,0.0005380665534175932,0.9236209392547607
1212,51940_67bb0219_7,0.0007789190858602524,0.8727126717567444
1213,41714_1d49f4d1_13,2.704056169022806e-05,0.8933665752410889
1214,21815_7090778f_9,0.0013486117823049426,0.8893256187438965
1215,32843_8e5bdf24_0,0.0013059016782790422,0.9421390295028687
1216,23686_cba4f679_10,0.0005195564590394497,0.9352564811706543
1217,114425_891ab08d_0,0.0038924298714846373,0.5146605968475342
1218,41786_02d48cdd_5,0.000799998757429421,0.8762060403823853
1219,22895_4533b542_1,0.0005391071899794042,0.9691019058227539
1220,49016_cd1b47bf_6,0.0027584985364228487,0.9126167297363281
1221,51674_a70c1c6c_3,3.774535798584111e-05,0.9396401047706604
1222,52972_6e5a5ada_11,0.000764087017159909,0.9675676822662354
1223,120700_d818883a_8,9.785535803530365e-05,0.8675073981285095
1224,34530_9525ffcd_0,0.0006322668632492423,0.9881100654602051
1225,24355_99bf3f8f_1,0.00016677218081895262,0.6770350933074951
1226,56250_3b6024e3_46,0.0018495914991945028,0.967297375202179
1227,56355_727ca47c_3,0.0009990729158744216,0.7587575316429138
1228,35057_9af89947_1,0.000732124550268054,0.8850553631782532
1229,120881_a946667f_13,0.00011178336717421189,0.8460004329681396
1230,143021_c6df0146_5,6.085397762944922e-05,0.6611381769180298
1231,69240_dc199112_3,0.0008459701202809811,0.23004812002182007
1232,41733_1ec9b00c_15,0.0004505487158894539,0.9061741828918457
1233,30298_24191733_2,3.182865111739375e-05,0.7798846960067749
1234,30400_8824ce97_18,0.00025795219698920846,0.9461379051208496
1235,37040_ecbcd25e_36,0.00040579674532637,0.8905544877052307
1236,23035_6087bb57_4,5.195467019802891e-05,0.9222491383552551
1237,38675_6e07d74b_26,0.001733990851789713,0.9760075807571411
1238,31751_e37382e1_9,0.0002174211258534342,0.9768171906471252
1239,54601_e1da5b93_4,0.0001615398796275258,0.9967862367630005
1240,142999_171240b6_29,0.0004980458179488778,0.9622467756271362
1241,137646_14bca880_0,0.00042787176789715886,0.9604857563972473
1242,37519_442dc408_1,6.841185677330941e-05,0.9163993000984192
1243,47195_a8cd8bad_6,0.00027013130602426827,0.9828222393989563
1244,22474_b10fea1a_6,0.0011716412845999002,0.8648698925971985
1245,53200_d1e30b87_10,0.00019319971033837646,0.9663814306259155
1246,41472_f9d73638_9,7.899307092884555e-05,0.9188070893287659
1247,126397_cc08a23d_1,5.609544678009115e-05,0.9089605212211609
1248,31838_2e4bd173_4,0.0003182550426572561,0.9943263530731201
1249,52006_d21e4570_7,0.0007686152239330113,0.847640872001648
1250,62109_08c31aa8_0,0.0007387006771750748,0.8683708906173706
1251,49403_458914df_0,0.0003519587917253375,0.7921020984649658
1252,122914_76ff1f5e_2,3.183120861649513e-05,-1.8330638408660889
1253,34913_d23e2a24_2,0.001077108085155487,0.518028736114502
1254,104641_2cd02839_15,4.511438964982517e-05,0.8696297407150269
1255,131632_6144b102_1,0.00030469545163214207,0.996372401714325
1256,30850_05d88af9_0,0.00040339198312722147,0.9683483242988586
1257,86296_8a6ed4d3_7,8.174351387424394e-05,0.748227596282959
1258,34983_439766af_7,0.0006691230228170753,0.9904674291610718
1259,33374_7491cbf8_2,0.0015270658768713474,0.9852251410484314
1260,50694_afd26bd5_10,0.00038896853220649064,0.995823085308075
1261,50292_e84db1fb_8,0.000150170992128551,0.4875524044036865
1262,81367_622a9e51_2,0.0001661383139435202,0.9582818746566772
1263,78966_584c5305_0,0.000530954624991864,0.7231501340866089
1264,79905_623eae86_1,0.0029204385355114937,0.976084291934967
1265,63055_6b907478_15,0.00018285000987816602,0.9854140877723694
1266,135771_b030a25c_4,0.0002542112779337913,0.679940938949585
1267,41753_9b4f8d8a_0,0.0001669540797593072,0.9967220425605774
1268,80784_f7ec5f70_1,0.0009716339409351349,0.8353623151779175
1269,33607_c6f31fa6_10,0.0008178421994671226,0.8998419642448425
1270,22225_a3ce4d29_42,0.0005071889609098434,0.9454957842826843
1271,51938_8b9cba89_5,0.0017463581170886755,0.9634017944335938
1272,44741_f386a08f_4,0.0009801189880818129,0.9709099531173706
1273,70021_e673ae54_4,0.00023203693854156882,0.9962339997291565
1274,55135_f1186d58_7,0.0007296488620340824,0.9346015453338623
1275,31856_2a5a4e32_12,0.0012630994897335768,0.929932713508606
1276,75303_045fc848_4,0.000664825551211834,0.8978490829467773
1277,129683_3ad38815_10,0.0014628642238676548,0.9828934669494629
1278,21894_93f0d052_24,0.0006225965917110443,0.9496486186981201
1279,143823_1b04bf80_13,0.0008248301455751061,0.94048011302948
1280,143823_1b04bf80_18,0.00020633736858144403,0.8003677129745483
1281,111863_c925f4f3_2,6.346176814986393e-05,0.939444899559021
1282,104633_d0a15bd3_6,0.0007615799549967051,0.9361388087272644
1283,48832_22363e53_33,0.0005441569373942912,0.9853017330169678
1284,127466_a18ae326_1,0.0007600268581882119,0.7136616706848145
1285,22211_b1ee53f0_12,0.0008463010308332741,0.9646348357200623
1286,137837_9c9f163d_6,0.00022814993280917406,0.9378635287284851
1287,122755_b830e22d_17,2.8740552806993946e-05,0.6781167984008789
1288,21299_e9cd80a6_12,0.0002644449414219707,0.6453782320022583
1289,44920_70dd4b80_11,0.00039449313771910965,0.9821526408195496
1290,52987_387431ac_7,0.0010828905506059527,0.9670177698135376
1291,147926_b78316a8_10,0.0001418802421540022,0.8756963610649109
1292,144653_e3eccdf1_50,8.246613288065419e-05,0.945056676864624
1293,56458_c027ed41_0,0.0006012762896716595,0.9253625869750977
1294,23495_6366269c_11,0.00016337676788680255,0.9967509508132935
1295,70883_e2d6a103_2,0.0006795128574594855,0.9899036288261414
1296,32743_f4c47bbc_34,0.00030518887797370553,0.8221244812011719
1297,30910_38ea5a06_2,0.00014382167137227952,0.9756079316139221
1298,56476_466fc284_17,0.0020890345331281424,0.9567902088165283
1299,22604_0b4ffb43_62,0.00022386349155567586,0.9906595349311829
1300,21534_6367be99_0,0.0008674380369484425,0.7265524864196777
1301,133026_1085532d_1,0.0003527657827362418,0.9103474020957947
1302,137828_0b0786fb_1,0.0009084425400942564,0.9825356006622314
1303,55627_971fde61_27,0.000297475402476266,0.9624472856521606
1304,93869_8b1922a3_0,0.00044052614248357713,0.964472770690918
1305,24393_9acd18c6_3,0.00022828535293228924,0.9957401752471924
1306,44996_b3e9c266_14,4.789674494531937e-05,0.8125565052032471
1307,55300_b9675d43_1,0.000156093665282242,0.9969351887702942
1308,113352_879844fe_0,0.000562394387088716,0.977098822593689
1309,135317_3c58b0d0_9,0.00016710037016309798,0.8456002473831177
1310,115624_fe3eb392_1,0.0024917619302868843,0.8833022117614746
1311,63055_6b907478_21,0.00032882543746382,0.9880082607269287
1312,40421_032c052f_0,0.0003918902948498726,0.9404326677322388
1313,143029_70554264_3,0.00011896673095179722,0.7961962819099426
1314,145117_78f63de3_0,0.00041033822344616055,0.8944652676582336
1315,128996_35f2006e_0,0.00012518557196017355,0.3739887475967407
1316,54503_fc6c6963_1,0.00034097093157470226,0.9569353461265564
1317,24657_0168dc6b_1,0.0004426395462360233,0.9891656041145325
1318,130524_13ad16a8_0,0.004530904348939657,0.9775954484939575
1319,142670_33c641dc_3,0.00019908371905330569,0.9243654012680054
1320,65375_674ff0b9_11,0.000944621569942683,0.1399880051612854
1321,23168_7fdf5427_3,5.733478246838786e-06,-1.6190524101257324
1322,41717_ab2075ac_0,0.000123437333968468,0.9954679012298584
1323,21739_57582b8f_4,0.0003466522612143308,0.9796623587608337
1324,143293_fc5b0ff7_30,0.00020228858920745552,0.994483470916748
1325,135906_587b5c3d_0,0.00024146259238477796,0.8541941046714783
1326,138685_fd9b79cd_0,0.00023431786394212395,0.8126354813575745
1327,119921_5621fcb4_0,0.00016697641694918275,0.9718099236488342
1328,49403_458914df_5,0.00036392014590092003,0.9585248231887817
1329,73525_7f6b2f67_2,6.022940942784771e-05,0.9035338163375854
1330,136994_a3a2f50f_3,0.0005023009143769741,0.9434234499931335
1331,31838_2e4bd173_1,0.002614092780277133,0.9434206485748291
1332,35866_d0233b36_6,0.00019741847063414752,0.9966344237327576
1333,53053_d6b4d71c_9,0.0009522876935079694,0.9752759337425232
1334,90220_7baf1e18_1,0.00021346256835386157,0.7118424773216248
1335,23364_73dd9d4d_10,6.124164792709053e-05,0.9119823575019836
1336,52987_387431ac_3,0.00033400653046555817,0.972491443157196
1337,51859_6b2fd0f1_4,0.00027552430401556194,0.8468257784843445
1338,51708_867d4509_12,2.5783143428270705e-05,0.7766603231430054
