case_num,case_name,MSE,R-Square
0000,50417_199cffee_13,0.036124445497989655,0.7186099886894226
0001,48516_2b3135bf_11,0.009001233614981174,0.6956698894500732
0002,41733_1ec9b00c_31,0.011299150995910168,-0.09602117538452148
0003,31664_1e85c690_0,0.005889286752790213,0.6833679676055908
0004,21893_0500d043_18,0.0019112116424366832,0.9611429572105408
0005,31607_9a2f8140_6,0.00268039689399302,0.9100315570831299
0006,41774_88a7a483_18,0.0034978846088051796,0.14614856243133545
0007,42143_51b31600_4,0.00041742154280655086,0.15656203031539917
0008,23104_3b70eba4_13,0.0018353065242990851,-2.0191709995269775
0009,129075_8fbf62e5_2,0.00023979393881745636,0.3672060966491699
0010,41624_a15f83c1_13,0.00039065329474397004,0.8081713914871216
0011,36088_1ea9c8a9_12,0.0009894391987472773,0.9769173860549927
0012,126477_6596d136_14,0.0006582867354154587,0.403315007686615
0013,130441_10c43121_0,0.18613125383853912,0.05179405212402344
0014,133385_e6aa64d8_21,0.0007714514504186809,0.4938786029815674
0015,26398_b99946da_1,0.016103560104966164,0.7882101535797119
0016,61198_0c99f50a_4,0.0002593056997284293,-15.335397720336914
0017,26661_ab88a525_0,0.0007959108334034681,0.08011317253112793
0018,129075_8fbf62e5_1,0.003485722467303276,-2.2917821407318115
0019,51891_9455ea02_1,0.003820342943072319,0.9393780827522278
0020,34770_6bba5bd4_13,0.0012466944754123688,0.9755222797393799
0021,21646_a2dd0d00_53,0.0024413212668150663,0.797072172164917
0022,68909_4ae1bc2e_1,0.00039228680543601513,0.6313400864601135
0023,27866_ece3076e_109,0.0018375522922724485,0.710242509841919
0024,92134_52f13f49_6,0.0010075477184727788,0.4193410873413086
0025,23342_7193a931_1,0.0005438152002170682,0.2452215552330017
0026,126572_a2d6f794_14,0.0006401297287084162,-63.35247039794922
0027,44344_3e0b0b0c_1,0.00014079890388529748,-18.500259399414062
0028,49331_3bf3bb84_4,0.0022628644946962595,0.95857834815979
0029,33971_46bb0373_0,0.0034952121786773205,0.5535322427749634
0030,21517_bfe35b4c_1,0.0013568711001425982,-0.9680213928222656
0031,23165_369d62aa_6,0.00895968172699213,0.8919318318367004
0032,81846_2907c980_0,0.003004712052643299,0.8666219711303711
0033,24168_a0ede173_111,0.026903986930847168,-1.6573059558868408
0034,53461_a5942665_1,0.0032322052866220474,0.8801215291023254
0035,24907_c72322ea_13,0.006322025321424007,-1.3855209350585938
0036,133424_315bcaeb_7,0.00026981678092852235,0.6508461236953735
0037,40490_916e13fe_0,0.014521145261824131,0.5477006435394287
0038,38000_b5822e44_3,0.00589345209300518,0.9106783866882324
0039,138520_f4e0bc0b_63,0.0020299593452364206,-0.9366756677627563
0040,61294_9255796d_3,0.0003962159971706569,0.2586246132850647
0041,22176_272891b8_0,0.001393212703987956,0.29328668117523193
0042,24815_4f2a57e4_1,0.019769027829170227,0.41950732469558716
0043,113343_e692c488_1,0.0003604954108595848,0.4559839367866516
0044,33995_18423507_1,0.0005453276098705828,0.2653939127922058
0045,127897_029949fd_6,0.0011616034898906946,0.9767726063728333
0046,123181_4e56fb4f_0,0.004655503202229738,0.9325557351112366
0047,22670_9353c710_1,0.00019757200789172202,-0.20406758785247803
0048,128642_4d72bf31_2,0.0022598514333367348,-0.22416937351226807
0049,146667_fe438b5b_6,0.012870315462350845,0.21402788162231445
0050,38260_2a31c6df_2,0.00410846434533596,0.4209829568862915
0051,24443_996411f9_3,0.002960541984066367,0.9328163266181946
0052,142074_34e02b6d_1,0.0006778665701858699,0.7969885468482971
0053,41501_b627682a_15,0.003987508825957775,0.651543915271759
0054,24712_da77fe8f_0,0.0021828804165124893,0.9591588377952576
0055,32960_0eaa1de8_26,0.006368183996528387,0.8820478320121765
0056,130757_b2c47f8d_2,0.0005619167350232601,-15.793830871582031
0057,104817_6d73dc41_0,0.02574746124446392,-1.8846657276153564
0058,79243_49539d9f_0,0.0033410193864256144,0.9280219078063965
0059,82012_c533307b_1,0.0005524266161955893,0.48539507389068604
0060,107649_e651c5ca_1,0.00039361161179840565,-1.7448413372039795
0061,40997_e3c88650_12,0.003968730103224516,0.8982005715370178
0062,143029_70554264_4,0.0026065355632454157,0.643693208694458
0063,27054_342fcf5c_3,0.0004990652087144554,0.47912442684173584
0064,41648_577daf16_17,0.0024753864854574203,0.06294304132461548
0065,89720_4e65191c_1,0.0014762303326278925,0.9642380475997925
0066,75382_1b589ea9_12,0.00028659473173320293,0.1807371973991394
0067,120371_433ba1ca_2,0.009600697085261345,0.16270387172698975
0068,49024_b7f02205_13,0.004150069784373045,0.8166970610618591
0069,51022_47816098_7,0.019091546535491943,0.8039584159851074
0070,41634_4f5d0edb_0,0.00041465528192929924,0.17085057497024536
0071,23170_6ea8ded5_3,0.004975249990820885,0.916738748550415
0072,69589_cd2fa794_8,0.013852879405021667,0.0942113995552063
0073,41504_85e300ee_0,0.005187683738768101,0.2916756868362427
0074,128996_42176b10_0,0.009836245328187943,0.20387285947799683
0075,38920_e81879c2_7,0.000912598567083478,-1096.6014404296875
0076,148051_c59af578_6,0.0011741375783458352,0.9680224061012268
0077,65494_16d62db5_0,0.0005516083328984678,0.2608427405357361
0078,25473_0991d519_0,0.0013524502282962203,0.9682260751724243
0079,75270_25a261ef_5,0.009003302082419395,0.10165446996688843
0080,49613_1b97c07b_12,0.00043541716877371073,-3.624502658843994
0081,115633_a2c63339_1,0.0011133028892800212,0.670707106590271
0082,52366_63042db4_1,0.001983762253075838,0.9548501968383789
0083,30282_88c6933c_5,0.004226355347782373,0.49438899755477905
0084,53474_f29e4438_12,0.00982121005654335,0.6784676909446716
0085,24026_1dd4094b_21,0.005203599110245705,0.4064261317253113
0086,21225_c081eae3_2,0.01127750612795353,-0.49065279960632324
0087,35057_9af89947_8,0.0012116462457925081,0.026701509952545166
0088,43529_4804941b_20,0.001634002779610455,0.9502034783363342
0089,22103_fd11c71b_3,0.00798838585615158,0.0024937987327575684
0090,51536_a18dc325_0,0.006919607054442167,0.6327629089355469
0091,24230_636208ab_13,0.06164778396487236,-36.8567008972168
0092,41117_1b3271f2_56,0.01041192002594471,0.8392234444618225
0093,140499_419d5823_0,0.0020924995187669992,0.8191186189651489
0094,115524_a949e82c_2,0.0002717774477787316,-0.05868542194366455
0095,29833_0ed4880f_3,0.0017545699374750257,0.9684310555458069
0096,127556_4823a42a_6,0.0024296934716403484,0.5918655395507812
0097,23960_48cc0f21_19,0.00026221456937491894,-2.676987886428833
0098,132987_ba18d2eb_11,0.0004029749834444374,0.22835654020309448
0099,51337_f8636fd9_30,0.0004488401173148304,0.49287039041519165
0100,40999_cad6be09_18,0.004119192715734243,0.9026122689247131
0101,136886_99fbdef3_0,0.00023572283680550754,0.5954863429069519
0102,30447_4ed3b778_7,0.13169537484645844,0.5148018002510071
0103,55811_bc667b2d_13,0.00217093201354146,0.1735306978225708
0104,41716_d55164d4_1,0.0009079248993657529,0.6822524070739746
0105,33610_aa697fc9_6,0.006384376436471939,0.5287526845932007
0106,55095_fa260d33_6,0.018805257976055145,0.5043054819107056
0107,115639_bc0cc622_0,0.030027000233530998,-1.1984796524047852
0108,20841_1620ae7d_0,0.006384832318872213,0.1209753155708313
0109,50823_d1830e58_2,0.01600796915590763,-2.1688756942749023
0110,109762_cb162371_48,0.0011415256885811687,0.5988650321960449
0111,41387_5f752e39_23,0.009679803624749184,0.6420238614082336
0112,121540_629c716f_0,0.0034694152418524027,0.8531327247619629
0113,118539_1dff9cf9_12,0.00010029745317297056,-6.335283279418945
0114,30714_dafa62f6_2,0.016272053122520447,0.7871119976043701
0115,79633_bbbde75f_0,0.005495032295584679,0.8659834861755371
0116,33059_531cfd5e_11,0.011570119298994541,-0.8935304880142212
0117,20697_d3e106b4_4,0.00023573414364363998,-0.9798204898834229
0118,136062_0027ff97_6,0.005534010007977486,0.48943716287612915
0119,146291_6b0c8db3_1,0.045842237770557404,-0.06686794757843018
0120,45466_5f662bcb_0,0.0004218448302708566,0.13142597675323486
0121,144500_7f600ab6_0,0.0018787829903885722,0.8262636661529541
0122,44996_b3e9c266_4,0.0037020083982497454,0.2180696725845337
0123,40713_4c9264ef_0,0.0018323555123060942,0.7555209398269653
0124,132384_0fcab1fa_13,0.001116845291107893,-0.20147621631622314
0125,33738_77d49563_2,0.008333251811563969,-8.68630313873291
0126,129422_621d0a90_33,0.001514900242909789,0.2870213985443115
0127,115633_fd3c9b97_32,0.00033342966344207525,-0.3662891387939453
0128,69337_a122ffde_1,0.0018928656354546547,0.8065357208251953
0129,37241_29f91452_0,0.001860757707618177,0.9569544196128845
0130,141199_9ae000ef_6,0.014970699325203896,-11.654509544372559
0131,147133_92c04b84_4,0.0014129013288766146,-0.24266421794891357
0132,77687_cbb18594_50,0.003813889343291521,-1.6325156688690186
0133,144290_2a679085_11,0.0003366951132193208,0.00838404893875122
0134,130825_c59bbbfb_0,0.0029713402036577463,0.9239611029624939
0135,82512_252da752_6,0.000946650339756161,-1463.5697021484375
0136,115624_d0acb46b_24,0.012760814279317856,0.8615431785583496
0137,92134_52f13f49_7,0.0010334514081478119,0.3516116738319397
0138,100326_0602c712_7,0.00027217078604735434,0.5709721446037292
0139,134630_f9e85072_0,0.002647644840180874,0.39049190282821655
0140,108943_b07b2543_1,0.0033358021173626184,0.44991767406463623
0141,125416_ab456bc3_5,0.0077878497540950775,0.33879929780960083
0142,57222_33b428d7_69,0.000668969820253551,0.3309289216995239
0143,24650_dad8c8ee_13,0.025968972593545914,0.5398469567298889
0144,41749_14d0599c_1,0.002043474931269884,0.6960207223892212
0145,49396_98ab955d_27,0.0005850104498676956,0.6180644035339355
0146,136892_e2a0b32c_4,0.0003963936760555953,-9.19274616241455
0147,31962_e5291336_28,0.0026505000423640013,0.9421546459197998
0148,34231_e27353cb_0,0.0003000417200382799,0.6845336556434631
0149,112724_d334de09_0,0.012809318490326405,0.8009105324745178
0150,56486_82b3e23a_21,0.00010720659338403493,-0.24664700031280518
0151,40500_6055e3d7_17,9.714274347061291e-05,-2.2679522037506104
0152,39468_15fb2e60_43,0.001088324235752225,-0.7758259773254395
0153,141710_17531562_7,0.0033067213371396065,0.9065443873405457
0154,33529_756075a0_12,0.007157088723033667,-0.40207743644714355
0155,54169_3a875f10_8,0.00412172544747591,0.8912854194641113
0156,41023_5445cb61_9,0.0011886031134054065,-0.04534506797790527
0157,146380_5c569eeb_2,0.010593979619443417,-4.693978309631348
0158,24195_9791f5d3_38,9.332233457826078e-05,-0.8402729034423828
0159,26573_7f7e176d_2,0.08650054037570953,0.23276811838150024
0160,22734_f6bad9f7_25,0.018039364367723465,0.7093449831008911
0161,48112_9538e204_0,0.001178679638542235,0.9766031503677368
0162,127545_6fa39158_10,0.019991299137473106,0.8445424437522888
0163,23788_5c0b60c6_0,0.02717975154519081,-13.271761894226074
0164,23792_5b4c1ce0_21,0.0012570737162604928,0.9603342413902283
0165,146067_46e58ab3_1,0.0772097036242485,0.5101432800292969
0166,101072_dec6f415_3,0.0009689832222647965,0.5558260679244995
0167,22829_b6649a29_0,0.00010355504491599277,-0.7170554399490356
0168,55389_a736bd99_0,0.019708845764398575,-9.46923828125
0169,30259_d709601c_9,0.05526014417409897,-0.5742369890213013
0170,35866_d0233b36_13,0.00017853753524832428,-0.8958085775375366
0171,34563_52848c45_5,0.000680631201248616,0.7244985103607178
0172,44519_90af0df6_7,0.014538717456161976,-3.241119861602783
0173,114111_59282658_8,0.003085923846811056,-0.05594813823699951
0174,45922_26941172_15,0.06610254943370819,-0.10654199123382568
0175,41303_bd1def52_3,0.003667395794764161,0.07268834114074707
0176,22053_de30641b_1,7.658859976800159e-05,-0.17241322994232178
0177,22298_51433023_4,0.0033011341001838446,0.9280756711959839
0178,23479_81a49137_0,0.03154294192790985,-10.458797454833984
0179,22225_a3ce4d29_37,0.008322902023792267,0.8847691416740417
0180,135669_490cd2d7_14,0.0480048842728138,-1.574828863143921
0181,32173_8b075b1a_4,0.0036289573181420565,0.9412196278572083
0182,145119_24107428_5,0.005520908161997795,0.5812214016914368
0183,41774_88a7a483_36,0.00044742145109921694,0.7700490355491638
0184,133549_1b6c58d6_0,0.009608233347535133,0.7955038547515869
0185,40936_6de8f4f4_0,0.07788995653390884,0.5141071081161499
0186,23008_3d1bb7b2_0,0.031028514727950096,0.5548018217086792
0187,38360_ad61c9b2_1,0.0018338965019211173,-0.1915208101272583
0188,136109_3d342d3c_2,0.00380009226500988,0.8472268581390381
0189,135790_a27f9deb_11,0.0003398324770387262,0.5785764455795288
0190,140249_7c1c5bba_0,0.0006423271261155605,0.21810322999954224
0191,128996_a3d026d6_0,0.005784146953374147,-0.18532145023345947
0192,23235_f9ccb8b0_0,0.004085410851985216,-2.2218098640441895
0193,93671_f7290ded_0,0.0008936187950894237,0.4704703688621521
0194,51109_97b211c3_7,0.0027251061983406544,0.6669442653656006
0195,51916_fa226b15_13,0.00038792757550254464,0.1617942452430725
0196,86268_094d3fab_1,0.0018424770096316934,0.963158130645752
0197,39637_ca6a9a60_1,0.006801944691687822,0.15879714488983154
0198,47219_93cb3619_3,0.05744607746601105,-0.011826157569885254
0199,47878_0edb6829_0,0.0026144608855247498,0.9535031914710999
0200,26764_ab35159a_6,0.006729781627655029,0.7313765287399292
0201,34341_d19b12fb_12,0.0007935722824186087,0.12613219022750854
0202,118342_c702e084_6,0.005241114180535078,0.8802754878997803
0203,49886_dd68dccb_4,0.007524434477090836,0.4302818775177002
0204,23493_57512264_5,0.00038867935654707253,-0.2253568172454834
0205,31751_e37382e1_5,0.0028537886682897806,0.9269013404846191
0206,24338_848cab42_6,0.01008524838835001,0.20322608947753906
0207,24916_42eacca3_10,0.002273582387715578,-0.22834932804107666
0208,137485_a953e1be_2,0.0011486950097605586,0.9770318269729614
0209,23706_ef15ef9c_18,0.012261971831321716,0.1866285800933838
0210,143671_eaf4d13b_6,0.019210143014788628,0.7069031000137329
0211,53470_39f2e9dc_13,0.0009466976625844836,-0.1997436285018921
0212,145772_59253c6d_3,0.0002864654816221446,0.5963431596755981
0213,51893_d531e2bd_2,0.003902068128809333,0.9150387644767761
0214,39389_d641313f_8,0.016228053718805313,0.3808003067970276
0215,51595_41f3d1a3_5,0.00043861367157660425,0.5835971832275391
0216,51674_a70c1c6c_15,0.00037801681901328266,-0.44013381004333496
0217,37617_3f415463_5,0.0009459626744501293,0.2825201153755188
0218,31862_a89f21f9_3,0.005742509849369526,0.829343318939209
0219,40519_55a097c6_11,0.030582385137677193,-0.7831207513809204
0220,111306_9108c940_0,0.004921585321426392,0.05815470218658447
0221,136640_16741d62_4,0.000846158538479358,0.42418593168258667
0222,23155_d7305c5f_2,0.029668429866433144,0.3990476131439209
0223,43934_912ff891_41,0.00041830609552562237,-0.9940530061721802
0224,57017_6033d1e5_0,0.0012193085858598351,0.9386144280433655
0225,126913_d253adb7_1,0.0017706961371004581,0.29187214374542236
0226,130752_52d74f2f_48,0.008419935591518879,0.4324079155921936
0227,124177_71283cad_0,0.002257573651149869,0.8259170055389404
0228,24650_dad8c8ee_18,0.001484496402554214,0.9620529413223267
0229,55199_4d57661f_2,0.003075995482504368,0.815851092338562
0230,115010_eb737aaf_20,0.0023724245838820934,0.9545703530311584
0231,27855_19c5895a_12,0.0023310312535613775,-0.22261786460876465
0232,52772_a6e6e320_0,0.0007807906367816031,-0.047815561294555664
0233,90917_3d2d21a9_0,0.018364807590842247,0.5799773335456848
0234,40703_5f4e45d4_7,0.0016860145842656493,0.9665531516075134
0235,132622_911efd2f_1,0.023905986919999123,0.6421640515327454
0236,43441_e1ab0873_6,0.051791515201330185,0.1823868751525879
0237,34917_61633e20_6,0.0045720967464149,0.9008771181106567
0238,67221_275ba7e6_4,0.004012232646346092,0.9195180535316467
0239,130719_e4764a36_10,0.00026741367764770985,0.41687339544296265
0240,136318_130d6a06_20,0.005379160400480032,0.5093585252761841
0241,99636_73c43ebd_10,0.0012314239284023643,0.9667729139328003
0242,29377_3a04cb8d_6,0.003235695417970419,0.5279476642608643
0243,23018_63087a41_47,0.0031198097858577967,0.9146033525466919
0244,26165_100fec74_4,0.0003853061643894762,-0.2123628854751587
0245,135934_d2f6bb2e_46,0.000996698858216405,0.516165554523468
0246,24039_448afafa_5,0.01282742340117693,0.38178735971450806
0247,32775_a79b406b_14,0.005918811075389385,0.24583834409713745
0248,23686_cba4f679_0,0.007468461990356445,0.291708767414093
0249,35147_bc9f2c5d_0,0.007135297171771526,-0.15185856819152832
0250,136337_1351909b_2,0.017814859747886658,0.5768523812294006
0251,139222_2c10ca9a_1,0.007587701082229614,0.34725332260131836
0252,139379_fe5c3f64_0,0.003911521285772324,0.8557931780815125
0253,33084_344fec27_2,0.0021420689299702644,0.959678590297699
0254,24775_d5c98d77_0,0.00011282703781034797,-2.4780776500701904
0255,56344_3a89f085_23,0.009273628704249859,0.14051735401153564
0256,135112_cf8007b8_5,0.005650937091559172,0.8608578443527222
0257,50706_20d07d57_2,0.022927574813365936,0.7802916765213013
0258,51744_cd355565_5,0.01501040905714035,0.5504099130630493
0259,51464_da501c24_0,0.004799140151590109,0.05408567190170288
0260,126572_a2d6f794_23,0.0004754855763167143,-15.45639419555664
0261,70021_e673ae54_2,0.0005324905505403876,0.23276853561401367
0262,25144_31b089b6_5,0.004359104670584202,-0.9744606018066406
0263,24715_55aac5f2_2,0.0007038319599814713,-57.59394073486328
0264,24532_f82f8000_2,0.007284531369805336,-4.8971076011657715
0265,30664_a3084f71_1,0.009104992263019085,-2.80668568611145
0266,81145_5c13a8e9_1,0.0019885150250047445,-1.0310697555541992
0267,132037_2abb8c63_10,0.0002682184858713299,-0.2329500913619995
0268,50414_ac159b58_2,0.0017596562393009663,0.9360487461090088
0269,21601_360ce1c7_7,0.0066922870464622974,0.8783775568008423
0270,22119_27e3ecbe_9,0.0016974289901554585,0.9473636150360107
0271,145120_74f7316f_0,0.012902162037789822,0.4166741967201233
0272,74574_c302ff1f_0,0.0008336937753483653,-0.09499645233154297
0273,52443_085efc00_4,0.03476923331618309,-10.36082935333252
0274,147546_ede0f31c_3,0.01699429750442505,0.6325028538703918
0275,22492_047b125b_21,0.011076176539063454,0.7429288625717163
0276,72313_5a86e234_0,0.05006306245923042,0.04366922378540039
0277,45589_49e3c7ea_2,0.0015089805237948895,0.9544981122016907
0278,83432_a7f85698_0,0.006172912195324898,0.8613492846488953
0279,32775_a79b406b_0,0.00012020180292893201,-0.15755462646484375
0280,121703_69c4a5ac_3,0.0002736097958404571,0.008627116680145264
0281,80901_e9080573_6,0.0017482531256973743,0.9317741394042969
0282,21809_8bd6b10e_3,0.03295072913169861,0.2747538685798645
0283,49396_98ab955d_15,0.006270371377468109,0.40212517976760864
0284,33766_14917a4a_19,0.0019689910113811493,0.9561903476715088
0285,26661_ab88a525_8,0.0009295791969634593,0.9739405512809753
0286,44030_17bd5ec9_0,0.06458334624767303,-78.39273834228516
0287,53221_74fa81cd_7,0.0012191752903163433,-0.05387568473815918
0288,21887_3306168f_7,0.009800329804420471,0.02349722385406494
0289,86185_85fde9e6_0,0.007040027063339949,-0.07592940330505371
0290,87951_500b1dcd_2,0.00029653924866579473,0.6825536489486694
0291,22276_69c5036b_11,0.008084796369075775,0.7884715795516968
0292,41721_44151488_5,0.006490130443125963,0.3990517854690552
0293,102293_5d04e48d_0,0.030403317883610725,-0.44251298904418945
0294,77687_cbb18594_20,0.00021984327759128064,0.6950470805168152
0295,133248_1bab99ae_0,0.005151617806404829,-1.270941972732544
0296,24051_4852a192_2,0.00462551461532712,0.8412367105484009
0297,86806_2993395a_1,0.0004903398803435266,0.5837347507476807
0298,38558_b0d6b3f8_1,0.0018639477202668786,0.9617429971694946
0299,140549_7d01813c_0,0.03583308681845665,-0.1366959810256958
0300,24559_3c306e71_1,0.0021272574085742235,0.6728082895278931
0301,70350_751de4b0_13,0.027615157887339592,-10.248883247375488
0302,39101_23fec10f_8,0.02049112692475319,-1.1800265312194824
0303,24942_9d1b2ff2_8,0.009447604417800903,0.8898817300796509
0304,30850_05d88af9_3,0.024153031408786774,0.5983636975288391
0305,113358_08641c94_4,0.006103648338466883,0.8103339076042175
0306,21234_8b71bd47_27,0.002747813705354929,0.0059032440185546875
0307,26245_4aac38e1_21,0.0007851492846384645,-0.8216525316238403
0308,66072_d301cc88_0,0.0032006073743104935,-0.38411569595336914
0309,21894_93f0d052_23,0.0030507436022162437,0.69866943359375
0310,147816_7fb70c2b_2,0.0015029486967250705,0.8423576951026917
0311,49120_4131d1e7_1,0.0011641340097412467,0.7669323682785034
0312,52224_ca16c854_4,0.004518148023635149,0.3548085689544678
0313,105762_19e04e0b_1,0.0013926406390964985,-9.99367618560791
0314,30400_8824ce97_36,0.003235573647543788,0.5339565277099609
0315,95199_ffcff41e_0,0.0005344436503946781,0.45242154598236084
0316,50417_199cffee_3,0.0005153421661816537,0.5989100337028503
0317,24544_d06c82dd_5,0.0028609244618564844,0.9526540637016296
0318,22604_565b91f5_2,0.004875706974416971,0.79656982421875
0319,22788_b6a9e30a_4,0.0036378507502377033,0.0909239649772644
0320,45789_d5126eab_14,0.0017414279282093048,0.6442711353302002
0321,37267_b2be4b50_3,0.0006402047583833337,-63.41925811767578
0322,34330_5eff1ee1_3,0.002623413922265172,0.6938360929489136
0323,137999_d934160e_1,0.00046692826435901225,-2.6119391918182373
0324,134921_f5efde94_27,0.00040017583523876965,0.6320773363113403
0325,53470_39f2e9dc_8,0.0001838554599089548,-1.062614917755127
0326,23497_f292546d_25,0.004904331173747778,0.7961676120758057
0327,22289_4b848f64_2,0.0019644619897007942,0.733941912651062
0328,31392_84b62622_2,0.00792826246470213,0.33925044536590576
0329,51347_1fc6f329_0,0.005595730151981115,-0.2570549249649048
0330,50777_2934de55_6,0.0017591926734894514,0.9372379183769226
0331,32841_954e8c1a_0,0.0005458660889416933,0.43683063983917236
0332,31530_6744ae73_3,0.004791278392076492,0.9296742677688599
0333,65827_d1469ad6_1,0.0021993727423250675,-15.45926284790039
0334,145461_30637b22_8,0.00014322339848149568,-4.724764823913574
0335,31973_093ea963_13,0.001843160018324852,0.2824750542640686
0336,70355_e5f58cd5_14,0.0073803565464913845,0.2802318334579468
0337,77687_cbb18594_40,0.0002537310647312552,-0.12101113796234131
0338,24392_fce351ea_0,0.0010354594560340047,0.444891095161438
0339,36853_7efccb8c_3,0.021427344530820847,-1.9245331287384033
0340,41644_d15f8e2b_5,0.00010239020775770769,0.4723588228225708
0341,131762_9b5e5ff5_2,0.003929536789655685,0.7626979947090149
0342,82193_96ef9433_2,0.0035815988667309284,0.9441854953765869
0343,31347_386f6298_15,0.002566866809502244,0.9396447539329529
0344,34568_fbe47bf9_0,0.00018257151532452554,0.4773804545402527
0345,115624_fe3eb392_3,0.00799793004989624,0.8169677257537842
0346,130446_e7b58dbe_0,0.022869473323225975,0.07731330394744873
0347,104641_2cd02839_33,0.00024028240295592695,0.475066602230072
0348,31460_39fdfc6a_7,0.01195648405700922,-1.6912455558776855
0349,95541_ced8f936_0,0.0031795615795999765,0.931472897529602
0350,23126_725969ea_17,0.00843350775539875,0.10895752906799316
0351,23676_52069f98_5,0.00024183392815757543,0.08929860591888428
0352,137637_ed9c537d_0,0.0010171325411647558,0.7484992742538452
0353,22474_b10fea1a_2,0.0028797928243875504,0.9302459359169006
0354,143017_21d96cc2_10,0.012255036272108555,-0.7666743993759155
0355,105270_34f92afd_1,0.0005448518204502761,0.2358037233352661
0356,95622_0a0787e4_4,0.004118949640542269,0.9384804964065552
0357,55854_13f0399b_0,0.0096074678003788,0.7932175993919373
0358,22118_1e09e0eb_5,0.0014547192258760333,0.9379575848579407
0359,146717_3e6a84c1_7,0.010842983610928059,0.8374698162078857
0360,63132_330141d7_3,0.0034969057887792587,0.29080837965011597
0361,115633_fd3c9b97_46,0.0002635353012010455,0.4571834206581116
0362,21644_aa203dc5_29,0.047321733087301254,-10.615312576293945
0363,79791_00f639ca_15,0.0027525662444531918,0.9536580443382263
0364,60711_42b5a13e_1,0.0028507839888334274,0.6842955350875854
0365,137483_cdb8989d_0,0.0015242035733535886,0.9681764841079712
0366,21644_aa203dc5_26,0.051573459059000015,-7.901093482971191
0367,131876_b2384623_0,0.001208151108585298,0.21993744373321533
0368,23706_ef15ef9c_10,0.03699628636240959,-4.659826755523682
0369,68948_0d2a01cd_9,0.0060241613537073135,0.8310408592224121
0370,145137_4e9eef42_1,0.0022178187500685453,0.5539425611495972
0371,30426_2cde26de_20,0.01660064607858658,0.8110990524291992
0372,31378_34c52a73_0,0.009164707735180855,-1.5442774295806885
0373,92134_52f13f49_4,0.001122096786275506,0.2427051067352295
0374,119634_fc722479_1,0.0075889830477535725,0.8955873847007751
0375,24032_d6172503_24,0.0011459668166935444,0.5202039480209351
0376,136401_69f29349_4,0.000294974772259593,-3.5768327713012695
0377,41871_f9a1ad02_26,0.006739571690559387,0.4882572889328003
0378,48220_87941c4e_116,0.001871243817731738,0.7230887413024902
0379,115012_9ed88535_2,0.003832967020571232,-0.5309278964996338
0380,69488_025cf0a2_1,0.06454010307788849,0.5624866485595703
0381,147427_69f68da4_3,0.00031540796044282615,0.12580591440200806
0382,33766_14917a4a_32,0.0016221445985138416,0.9416479468345642
0383,51747_3d58eae0_0,0.013979064300656319,-0.8770077228546143
0384,33785_a4c23f61_0,0.16458308696746826,0.3790972828865051
0385,114935_797875fe_2,0.006131405476480722,0.7769378423690796
0386,51775_49ef614a_26,0.00047044261009432375,0.16356080770492554
0387,38196_ea48fa42_3,0.00014377804473042488,-0.6819577217102051
0388,140413_44177109_21,9.690298611531034e-05,-0.773409366607666
0389,27676_79237cc5_1,0.0030655597802251577,-0.0028880834579467773
0390,52883_e518d3f4_33,0.0012175020528957248,0.9760163426399231
0391,34347_841c5375_2,0.0001540927478345111,-2.1330454349517822
0392,55289_292737cb_0,0.0015284905675798655,0.9706556797027588
0393,50606_82cb18e2_0,0.0014378716005012393,0.943489134311676
0394,30407_efa567f2_4,0.0023266843054443598,0.9438982605934143
0395,31647_ab9ad9dc_13,0.003185023320838809,0.6914396286010742
0396,24896_58b4730f_17,0.006876276805996895,-0.2825298309326172
0397,23602_5daaccf5_4,0.009042561985552311,0.36841660737991333
0398,27725_5cceaeb7_10,0.0017872716998681426,-2.7130956649780273
0399,127734_395dcf7d_5,0.017426859587430954,-1.8337266445159912
0400,31957_d864f861_3,0.01674925722181797,-2.413224697113037
0401,49415_1671b60c_4,0.0166491586714983,-14.567537307739258
0402,45110_fae73324_4,0.004105372354388237,0.7809132933616638
0403,22343_34184fd5_18,0.0003033252723980695,-0.15477633476257324
0404,22848_cc91b848_38,0.0011140978895127773,-1283.2545166015625
0405,73652_23b21ef2_1,0.007154639810323715,0.8561302423477173
0406,65569_bd890a32_1,0.0021810780744999647,-19.92052459716797
0407,48220_87941c4e_111,0.005958142224699259,-0.043491482734680176
0408,30394_e30f932c_0,0.012730364687740803,0.2716008424758911
0409,21941_1a683ec2_26,0.006345701869577169,0.7350146770477295
0410,25564_e646fcb3_1,0.00022317258117254823,0.24631750583648682
0411,134053_87a32e31_3,0.0005783286760561168,-0.5780574083328247
0412,87950_af56e26e_2,0.008606207557022572,0.3701087236404419
0413,51458_54240b70_17,0.0007034112350083888,0.22305047512054443
0414,40688_effe215a_1,0.0010012167040258646,0.9752066731452942
0415,131494_c8a441d0_0,0.0011779321357607841,0.7706214785575867
0416,26768_c4df841f_21,0.001023519434966147,-0.19893622398376465
0417,136892_2d5f55a9_0,0.0069880299270153046,-0.5323948860168457
0418,54652_d60ac3e0_10,0.04093275964260101,-1.2207310199737549
0419,51747_3d58eae0_1,0.0016857380978763103,0.3108772039413452
0420,54650_df3655c1_0,0.00024659166228957474,-1.7008123397827148
0421,41125_711db4bf_58,0.005626897793263197,0.3741036057472229
0422,45418_f603706b_2,0.0412311926484108,-9.42871379852295
0423,21852_6cf9a734_18,0.04533793777227402,0.6124932169914246
0424,122515_758d8b70_6,0.00017433305038139224,-142.96194458007812
0425,104081_05ba54fa_2,0.00229083769954741,0.03789252042770386
0426,41672_cf87e0b6_0,0.008601189590990543,-0.32749485969543457
0427,22638_37f9fe91_1,0.00032173708314076066,0.04948461055755615
0428,24559_3c306e71_3,0.003746478585526347,0.31951385736465454
0429,31589_ac31215d_8,0.0014180697035044432,0.24960052967071533
0430,49603_143b8bd2_35,0.00432785227894783,0.6574692130088806
0431,127965_c64a91da_0,0.0017900160746648908,0.5367332696914673
0432,36062_f2fb6808_1,0.0005259287427179515,-3.8606348037719727
0433,139280_8874b1ab_18,0.0004426187078934163,0.574681282043457
0434,30997_24dea167_4,0.004539136774837971,0.5905680060386658
0435,143471_eb185912_5,0.00033506291219964623,-2.4307122230529785
0436,23176_1bf2a2d5_10,0.010878006927669048,0.5502629280090332
0437,98299_b8146029_5,0.0031510533299297094,0.7271076440811157
0438,23466_1cf60d09_4,0.010477709583938122,0.7070221900939941
0439,41591_2d0bd0d5_3,0.00605164235457778,0.7872646450996399
0440,134929_9049dcec_1,0.0010358868166804314,0.4445362091064453
0441,41785_e8bf0528_0,0.003931120038032532,0.8287022709846497
0442,31460_39fdfc6a_6,0.0031526617240160704,0.93248450756073
0443,133710_00be7f31_1,0.04629785567522049,-4.312367916107178
0444,24532_f82f8000_0,0.009375359863042831,-1.0622222423553467
0445,21234_8b71bd47_3,0.0003488151414785534,0.47197431325912476
0446,35175_6edc4126_5,0.0033016237430274487,0.9043278098106384
0447,20495_e8e7e80c_1,0.0008611668599769473,-0.00412440299987793
0448,76546_c17e95aa_2,0.0003149696276523173,-0.8527072668075562
0449,41654_e75f89df_0,0.008318524807691574,0.5485039949417114
0450,109772_f1a0845e_6,0.05043919384479523,-28.144699096679688
0451,34913_d23e2a24_0,0.0028120074421167374,0.8437694907188416
0452,25203_1cc0cb3c_12,0.005751420743763447,0.904013991355896
0453,37160_2a95674a_4,0.005600997246801853,0.6343755722045898
0454,69240_dc199112_4,0.007818242534995079,-0.48505258560180664
0455,25176_d9130589_0,0.003838486969470978,0.4955260753631592
0456,69235_fe79a369_0,0.0005556769319809973,-0.24796521663665771
0457,39468_15fb2e60_9,0.002057227771729231,0.7015485763549805
0458,103284_e25015aa_6,0.00010293263039784506,0.1796407699584961
0459,30377_e18ea3de_0,0.04207122325897217,-33.08306884765625
0460,66080_f578d52b_4,0.003108381060883403,-14.976213455200195
0461,37444_52b27e94_14,0.006046539172530174,0.07914221286773682
0462,38675_6e07d74b_31,0.0029023177921772003,0.9081646203994751
0463,21680_360ba5c7_28,0.009968454018235207,0.273709237575531
0464,142032_5c32b7db_2,0.003990415018051863,0.9265199303627014
0465,44210_a155c2d1_0,0.03559580445289612,0.20762228965759277
0466,38287_88ec74de_92,0.010763744823634624,-0.5890415906906128
0467,29572_2f9283f2_4,0.006294609978795052,0.5311129689216614
0468,28300_b3a6ab79_10,0.0013928618282079697,0.9518377184867859
0469,136129_e6a20c7d_5,0.00044299266301095486,0.32030463218688965
0470,119381_e4d13609_0,0.004046724643558264,0.8468939065933228
0471,30729_b4d83b07_4,9.296157804783434e-05,-0.9089492559432983
0472,140413_44177109_11,0.01129941362887621,0.4685671329498291
0473,26384_83eddf22_0,0.008684270083904266,0.3369608521461487
0474,82285_e7a738e7_2,0.012501079589128494,-0.04126405715942383
0475,108599_347602af_0,0.005182398483157158,0.8388421535491943
0476,119889_41a6f268_1,0.00042329044663347304,0.37532371282577515
0477,55006_94230c00_1,0.006324819754809141,0.8022629618644714
0478,21517_bfe35b4c_10,0.0005140130524523556,0.7637946605682373
0479,20818_098cad7c_6,0.0003211131552234292,0.6561239957809448
0480,41855_b82e6ae8_6,0.008025473915040493,0.07227474451065063
0481,137166_90691294_8,0.00037275359500199556,0.7524579763412476
0482,69561_f274e705_26,0.005481226369738579,0.735742449760437
0483,51579_d0c3e154_0,0.0064295073971152306,0.7279350757598877
0484,23676_52069f98_4,0.00592445582151413,0.8134506940841675
0485,31962_e5291336_1,0.0010660213883966208,0.9684598445892334
0486,57222_33b428d7_1,0.00041683815652504563,0.6905412077903748
0487,51586_2ad96f8c_17,0.00010508203558856621,-0.26394128799438477
0488,41473_c2137170_32,0.006177464034408331,0.03721892833709717
0489,31123_9a1bfc50_2,0.0022740140557289124,0.8282748460769653
0490,23211_3aac9c7e_0,0.0012099514715373516,0.7732939720153809
0491,45798_b573e9da_5,0.023662863299250603,-0.21978545188903809
0492,27847_d2436f7c_37,0.0003528384550008923,0.5921862125396729
0493,54736_6ee1b513_1,0.0026809335686266422,-1.316202163696289
0494,132901_7d205bb4_9,0.0006673054303973913,-3.424355983734131
0495,73762_8c704690_0,0.0054794130846858025,0.2611008286476135
0496,23209_1592b0a4_1,0.0027478712145239115,0.8094346523284912
0497,49024_b7f02205_2,0.0004840152687393129,-0.2271353006362915
0498,147630_7f858240_15,0.0019466441590338945,0.6570439338684082
0499,69337_2c778611_11,0.0008248091908171773,0.5144948959350586
0500,82498_92a00cd6_1,0.0005685798823833466,0.823830246925354
0501,78775_e2d8b091_1,0.02398870699107647,-2.2536981105804443
0502,40067_95ae6c76_9,0.016038980334997177,-0.7182304859161377
0503,80756_6f2e842f_0,0.008979527279734612,-0.8270491361618042
0504,25284_1da7aa8a_0,0.007611373905092478,-0.5061440467834473
0505,55605_2f8bc12e_62,0.0026749339886009693,0.908516526222229
0506,39792_60786b6c_15,0.004560764878988266,0.9084410667419434
0507,34063_0ca1585e_2,0.004015726502984762,-1.6029491424560547
0508,31664_1e85c690_13,0.0018284411635249853,0.9477193355560303
0509,131193_98f3ac52_1,0.002542255213484168,-0.13706815242767334
0510,120221_e2eaa34b_2,0.002071327529847622,0.2892475724220276
0511,130286_1f71bfed_3,0.0025588697753846645,0.2376863956451416
0512,118342_e8142153_21,0.0010319388238713145,0.6186443567276001
0513,128043_9f8cd69e_1,0.00033812568290159106,0.5341778993606567
0514,41504_85e300ee_1,0.0002764756209217012,-0.190496563911438
0515,78863_d59be42e_0,0.003715104889124632,0.553390383720398
0516,31733_5118b376_3,0.03484416380524635,0.7513483166694641
0517,22208_e177deb7_5,0.002706612925976515,0.3533928394317627
0518,24026_1dd4094b_43,0.0015017316909506917,-0.3133726119995117
0519,73388_10a40b49_1,0.012707092799246311,0.25195616483688354
0520,138219_cdff4f61_0,0.0020143946167081594,-0.32942020893096924
0521,49399_dc56d180_1,0.002195973414927721,0.9589300751686096
0522,41306_8f26e703_3,0.0008608080097474158,0.703311026096344
0523,51590_034b8b08_14,0.06992355734109879,-0.18249595165252686
0524,48402_8c965495_4,0.0006461141747422516,0.07056903839111328
0525,26388_a3367cba_0,0.00962414126843214,-0.19964158535003662
0526,28300_b3a6ab79_6,0.004606577567756176,0.8458800911903381
0527,43938_418421a7_0,0.000810434517916292,0.6326297521591187
0528,41520_60018d18_0,0.00048429390881210566,-2.486964702606201
0529,137869_344b239b_0,0.0006219078786671162,-0.4628978967666626
0530,41648_577daf16_0,0.0108748534694314,0.5344928503036499
0531,31347_386f6298_10,0.0021457383409142494,0.9593927264213562
0532,82190_24b1b0fe_12,0.0021771197207272053,0.6187224388122559
0533,33741_4a973932_1,0.0028819036670029163,0.5222066640853882
0534,42005_3da46d94_0,0.0012530366657301784,-27.057701110839844
0535,132982_ee1eed2f_0,0.0043821088038384914,0.8128719329833984
0536,23898_6e740393_29,0.012405687011778355,-23.444761276245117
0537,105831_88a0fb85_6,0.001375216874293983,0.9700069427490234
0538,31278_749a6317_0,0.00034072628477588296,0.7953348159790039
0539,51586_2ad96f8c_4,0.04032101482152939,-17.408903121948242
0540,57000_cd1ddece_14,0.008730687201023102,-2.5586485862731934
0541,50692_e7ff2668_8,0.00528738321736455,0.8119450211524963
0542,65346_e89312e5_0,0.0008428545552305877,-0.2737741470336914
0543,38840_0e449caf_4,0.002195218810811639,0.43306732177734375
0544,29573_ca59fbbf_5,0.012004940770566463,0.8789733052253723
0545,30164_c5680724_12,0.013932405039668083,0.2647506594657898
0546,138620_e21e10ee_0,0.0009174500009976327,0.21812838315963745
0547,50305_caf9cef2_34,0.011546230874955654,-18.978620529174805
0548,83396_fdb2987a_0,0.0021516934502869844,0.9224278926849365
0549,28379_7e292343_4,0.0046326275914907455,0.8979273438453674
0550,33529_756075a0_32,0.0062840040773153305,0.5330491065979004
0551,109857_1d24326e_42,0.00011278776219114661,-4.6206135749816895
0552,22772_2b5f6629_6,0.0030298966448754072,0.9502771496772766
0553,34600_e2685d46_2,0.006404261104762554,0.765976071357727
0554,122344_ab1b06aa_2,0.022020559757947922,0.6019108295440674
0555,123573_5f5c9584_1,0.0008835442713461816,0.2871629595756531
0556,35166_562b126c_20,0.003704535309225321,0.8566064834594727
0557,51350_138f893a_1,0.0003206576802767813,-2.07558536529541
0558,137785_67c3085b_16,0.0054822275415062904,0.865090548992157
0559,50417_199cffee_12,0.008933675475418568,0.5684117674827576
0560,22194_a5c323b9_3,0.010702406987547874,-0.746070146560669
0561,42329_df7f540f_18,0.007423982489854097,0.22566181421279907
0562,41779_25e4203d_6,0.002695692703127861,-3.106931686401367
0563,51094_40aa8332_20,0.008180980570614338,0.6929563283920288
0564,109762_cb162371_38,0.004154362250119448,0.781306803226471
0565,45922_26941172_9,0.0072411466389894485,-0.24668288230895996
0566,34587_ed155e93_0,0.0011801108485087752,0.9660940170288086
0567,69589_a468c1b4_0,0.008513599634170532,0.8202411532402039
0568,44921_00dfb467_0,0.0009897419949993491,0.7585805058479309
0569,82672_4705a693_0,0.0019201586255803704,0.14455068111419678
0570,26778_a71e88a6_0,0.0003552408015821129,0.042428433895111084
0571,69488_7bfb2b67_0,0.001103149726986885,0.9693464040756226
0572,22686_afe3a61e_0,0.0001663874281803146,-0.027979373931884766
0573,109772_5faa88e8_5,0.02276070974767208,-14.569124221801758
0574,43938_418421a7_147,0.0042454879730939865,0.41676491498947144
0575,141694_b5ac3112_3,0.002784622833132744,-0.0732722282409668
0576,31973_093ea963_16,0.0003881170996464789,0.7563204765319824
0577,26858_e90dc419_25,0.00020595500245690346,-0.19184720516204834
0578,131350_bbdad30d_0,0.002470391569659114,-0.4085332155227661
0579,35741_c43475b8_1,0.0022865249775350094,0.20315110683441162
0580,30690_3df2c9e2_1,0.007914368063211441,0.32522451877593994
0581,122758_5f4efbf0_2,0.0035102488473057747,0.7690420150756836
0582,37822_3be11c62_0,0.0007796537829563022,0.6684995889663696
0583,91174_ee6ee92b_1,0.0042158267460763454,0.012279033660888672
0584,23676_52069f98_31,0.07008886337280273,0.29397839307785034
0585,27958_fee329eb_1,0.01246334332972765,-2.3807966709136963
0586,144534_3b4fdb09_18,0.012225992977619171,-2.4162299633026123
0587,30292_0b5e0265_1,0.040142156183719635,0.45354390144348145
0588,111062_e59e2d31_0,0.046331629157066345,0.47346818447113037
0589,135790_a27f9deb_77,0.00370776723138988,0.277820348739624
0590,65842_de75838b_10,0.0021923412568867207,0.5413734912872314
0591,22475_9d9601a8_3,0.0003584726364351809,-0.9984622001647949
0592,119884_192e3265_0,0.01853126287460327,-1.7657709121704102
0593,51463_3330e3aa_2,0.012568352743983269,-0.3041994571685791
0594,23231_efe613bb_4,0.006594341713935137,0.6622506380081177
0595,22895_4533b542_2,0.0035806880332529545,0.450015127658844
0596,146219_5661130f_4,0.0027683561202138662,0.9399219751358032
0597,38953_19054857_19,0.0006069174269214272,0.46064138412475586
0598,21847_b2de7eb8_24,0.004724449012428522,0.6798322200775146
0599,51603_034939eb_12,0.0008050578180700541,0.5037670135498047
0600,24843_5231632c_4,0.001081037800759077,0.32744234800338745
0601,41982_f75ceb8f_4,0.0002898391685448587,-1.20485258102417
0602,42937_c573c439_2,0.00043468436342664063,-0.8272055387496948
0603,61288_2d594195_0,0.014738587662577629,-23.228857040405273
0604,55006_94230c00_0,0.001349178608506918,-0.34359169006347656
0605,49898_f42a885e_5,0.0048222956247627735,0.8948947191238403
0606,55709_af3825c8_4,0.003328691003844142,0.8916593194007874
0607,144117_83c980ca_2,0.0003698137297760695,-0.2873591184616089
0608,40417_b8d98f73_7,0.000968590728007257,0.35547053813934326
0609,53200_d1e30b87_11,0.011094278655946255,-11.164745330810547
0610,147009_977ee378_4,0.00013541645603254437,-0.19587206840515137
0611,63056_a5dfd66b_4,0.001396891544573009,-1.5239264965057373
0612,22205_f48b96b3_10,0.013300210237503052,-2.0288166999816895
0613,51585_b695905b_4,0.003503587795421481,0.9224233627319336
0614,24084_71f37c00_1,0.001898088026791811,0.6190666556358337
0615,25815_0e853ad9_10,0.0018981622997671366,0.8813032507896423
0616,55030_11a6e3e8_3,0.03673163428902626,0.6680861115455627
0617,23042_1184de03_5,0.004851641599088907,0.8588197827339172
0618,39719_e9629dbd_4,0.00018667570839170367,-1.0532968044281006
0619,51256_ed221095_2,0.0005878653610125184,0.3432878851890564
0620,25810_93c8a71a_3,0.004801757168024778,0.8164167404174805
0621,22208_e177deb7_1,0.007371275220066309,0.48421019315719604
0622,115624_d0acb46b_22,0.008015450090169907,0.8738399147987366
0623,30708_4282508b_0,0.00043897275463677943,-5.794389247894287
0624,31117_cd5cdbdb_12,0.0010480739874765277,0.5475212335586548
0625,41733_1ec9b00c_32,0.0003019454888999462,0.108642578125
0626,111387_c4243097_2,0.0011534985387697816,-0.5666803121566772
0627,119869_e8f0dd81_19,0.0003600144700612873,0.7290612459182739
0628,34569_590239d6_0,0.0012146588414907455,0.9442440271377563
0629,136318_130d6a06_23,0.00037219628575257957,0.5366929769515991
0630,145132_7aea3b66_4,0.025053860619664192,0.6720801591873169
0631,41878_3aeaed3d_0,0.003805506508797407,0.38115882873535156
0632,34583_a1cf326b_0,0.002343393862247467,0.9571117758750916
0633,116581_d405b783_0,0.0680093765258789,0.07597911357879639
0634,24044_9bbe7992_3,0.001006902428343892,-0.25672757625579834
0635,22194_a5c323b9_2,0.008504903875291348,0.23351287841796875
0636,142076_08d80e12_21,0.00015854040975682437,0.298561155796051
0637,55817_6ac2912d_7,9.528250666335225e-05,-0.027492880821228027
0638,21165_5cb2d287_2,0.0004186144797131419,0.1179165244102478
0639,39796_45dcdc7d_0,0.053358372300863266,0.3079912066459656
0640,33044_7fdd9213_1,0.0054015787318348885,0.8568603992462158
0641,23731_3fe5b501_6,0.0003650868602562696,0.4388001561164856
0642,32743_f4c47bbc_31,0.004158335272222757,0.6134580373764038
0643,108775_4908fba2_21,0.0031255315989255905,0.7222413420677185
0644,21941_1a683ec2_19,0.0025865931529551744,0.8090951442718506
0645,27682_04277f62_18,0.0068482570350170135,0.6855013370513916
0646,25815_0e853ad9_4,0.0031889891251921654,0.7942143678665161
0647,30261_723e95cf_2,0.006372692529112101,0.7314025163650513
0648,21385_601444ba_102,0.01484119612723589,0.30189502239227295
0649,30368_d7fd30ce_7,0.0006448941421695054,0.7567927837371826
0650,55605_2f8bc12e_3,0.02431046962738037,-2.9685211181640625
0651,24650_dad8c8ee_15,9.722058894112706e-05,-2.0332324504852295
0652,34227_48203345_7,0.0018483770545572042,0.9484686851501465
0653,113348_ac85cba3_1,0.00778258265927434,0.1642257571220398
0654,26552_25c5924a_1,0.0017070762114599347,0.34631556272506714
0655,55381_cbaffe9b_0,0.0009827126050367951,0.7279585599899292
0656,55817_6ac2912d_25,0.0025109420530498028,0.9332694411277771
0657,138947_0778db40_4,0.0005661784671247005,0.7785887718200684
0658,52788_07f7da63_0,0.004601726308465004,-0.14231622219085693
0659,70355_e5f58cd5_6,0.00024364540877286345,0.5896937251091003
0660,51744_cd355565_8,0.010573597624897957,-1.1678011417388916
0661,41227_90e1c07c_16,0.0011685132049024105,0.9705736637115479
0662,45359_1768ab3f_42,0.007076317444443703,0.2531864643096924
0663,41783_d1c10326_3,0.0004022393259219825,-0.29399585723876953
0664,32960_0eaa1de8_13,0.000126113707665354,-8.104410171508789
0665,34674_32ee1595_3,0.007563781458884478,0.7434558868408203
0666,136885_23632908_1,0.01022136490792036,-2.647693157196045
0667,136808_00592735_3,0.0030179526656866074,0.3434341549873352
0668,45589_49e3c7ea_5,0.0013018666068091989,0.9731990098953247
0669,141665_0564e852_3,0.004438931588083506,-0.05999124050140381
0670,50897_3be92e2f_18,0.0008672195835970342,0.9797482490539551
0671,84256_4164b724_3,0.0007751487428322434,0.2562602758407593
0672,22994_e6ad8f2b_10,0.005884071812033653,0.7816208600997925
0673,28295_0dc908b9_8,0.03379801660776138,-9.586750030517578
0674,23329_6939d5d9_5,0.00045651840628124774,0.4935736656188965
0675,123665_0a0da5c7_3,0.00014863895194139332,-0.1603184938430786
0676,121172_0ac63503_7,0.004250159952789545,0.19515633583068848
0677,50941_2a8a8c76_0,0.0019516975153237581,0.9612959027290344
0678,37846_cde34fcd_66,0.011823524720966816,-0.984391450881958
0679,56040_9b1307eb_21,0.01087990216910839,-0.6946038007736206
0680,146535_229c95bc_1,0.0005667496589012444,-1.5967607498168945
0681,50947_49287c16_2,0.004283091984689236,0.9299920797348022
0682,95622_0a0787e4_5,0.0010524682002142072,0.4304123520851135
0683,25432_f13e5110_0,0.001600715215317905,0.9495919346809387
0684,32454_e959e3cf_0,0.0020426728297024965,0.9425134062767029
0685,65858_61e9b51a_18,0.004195543937385082,0.04287511110305786
0686,70350_751de4b0_3,0.026783494278788567,-2.7026963233947754
0687,129239_0d49310c_15,0.004160106647759676,-0.5855817794799805
0688,31008_8fa25b35_8,0.0025435120332986116,0.46291792392730713
0689,55306_795d845b_2,0.00014264982019085437,0.09336555004119873
0690,29729_e8bb36f1_2,0.0006549746030941606,0.22817212343215942
0691,67283_4097cbd6_5,0.0008226503850892186,-5.994622230529785
0692,23904_811e466f_4,0.0009319249074906111,0.2181488275527954
0693,116076_12d31fb7_1,0.002999710151925683,0.5485992431640625
0694,45302_02d7e3bc_0,0.004045839887112379,-0.017608642578125
0695,60977_4bb093ec_1,0.012418052181601524,0.4466506242752075
0696,49017_76979790_8,0.0028245572466403246,0.46463531255722046
0697,146321_0dbae658_10,0.00011656133574433625,-10.746060371398926
0698,102194_150e3faf_3,0.0015996748115867376,0.9510055780410767
0699,34769_44655d03_5,0.0005747578106820583,0.35732096433639526
0700,38953_19054857_6,0.000592890486586839,0.5133229494094849
0701,55397_ad24603f_1,0.0008283606730401516,0.14017271995544434
0702,21908_385686ec_15,0.00421301182359457,0.796640157699585
0703,60721_57103153_4,0.0004403688362799585,0.2949627637863159
0704,98701_7cd4ec8d_0,0.015994805842638016,0.7094712853431702
0705,91703_642cdf1a_1,0.0019225731957703829,0.9638363122940063
0706,26661_ab88a525_5,0.004192320629954338,-0.05752062797546387
0707,51940_67bb0219_21,0.00012037476699333638,0.7434744834899902
0708,22543_684108ff_22,0.0008228382794186473,0.18234246969223022
0709,145250_cde4d039_8,0.0003073725674767047,0.6539559960365295
0710,20232_e5b060d9_6,0.00047045014798641205,0.14598798751831055
0711,128043_d4650350_0,0.012620334513485432,0.8305326104164124
0712,140530_30edf2c4_0,0.0031225162092596292,-1.6352105140686035
0713,131814_9af6d05a_0,0.004812261089682579,0.2763862609863281
0714,26245_4aac38e1_9,0.001407157746143639,0.4121798872947693
0715,30282_88c6933c_14,0.008088615722954273,0.6896597146987915
0716,32322_71d0035e_1,0.004609815776348114,0.7634773850440979
0717,131762_d10609a4_1,0.018355464562773705,0.17088079452514648
0718,54812_5f7b7aba_2,0.0004573199257720262,0.7992324829101562
0719,135830_8fb36dac_4,0.0026484502013772726,0.8827296495437622
0720,139280_8874b1ab_4,0.00037157823680900037,0.20185154676437378
0721,49904_639055dd_1,0.0057468595914542675,0.34131067991256714
0722,53601_59d3ecd2_0,0.015591003000736237,0.36081475019454956
0723,50047_54241fe3_12,0.010145365260541439,0.2147003412246704
0724,136925_70fb0381_3,0.006139557342976332,0.6242892742156982
0725,87488_95f678ce_0,0.01484776847064495,0.6722038984298706
0726,137166_90691294_2,0.0003714648773893714,0.7529911398887634
0727,44030_17bd5ec9_11,0.0005035255453549325,0.20212483406066895
0728,137396_b5f6bec4_5,0.002288356889039278,0.9312695264816284
0729,21900_760d2078_10,0.00755617581307888,0.8905442357063293
0730,21185_ac5324ba_5,0.005602558609098196,0.8252686262130737
0731,31132_2320d049_4,0.0021206620149314404,0.9614259004592896
0732,82281_80cdf67c_4,0.00046556940651498735,-0.17450964450836182
0733,38287_88ec74de_15,0.0017318204045295715,0.9664615988731384
0734,136128_831e37a6_0,0.003477886551991105,0.6130931377410889
0735,21330_f0cee934_18,0.0009702117531560361,0.3631793260574341
0736,34109_5a868eae_10,0.002523409202694893,0.7587416172027588
0737,21174_861bd902_2,0.0037103374488651752,0.6766196489334106
0738,49783_365bec9e_6,0.00277296407148242,0.9168144464492798
0739,24429_ace910b3_8,0.00011860206723213196,-5.9410481452941895
0740,22772_2b5f6629_4,0.012827134691178799,-2.2796120643615723
0741,53927_ef5208b9_14,0.012689216062426567,0.471349835395813
0742,56250_3b6024e3_54,0.002526825061067939,0.9447803497314453
0743,23522_5c2ec58e_8,0.006049376912415028,0.8093833923339844
0744,121177_93fb3127_10,0.0004704431048594415,0.14628535509109497
0745,138840_b7f948ea_2,0.004094619769603014,0.5832467079162598
0746,41125_711db4bf_6,0.007075761444866657,0.8326432704925537
0747,102606_28922dfc_0,0.008032041601836681,-83.4527587890625
0748,31530_6744ae73_50,0.058342937380075455,-0.04088914394378662
0749,50598_eae0df5a_1,0.00039552777889184654,0.27677083015441895
0750,145726_19ccdbda_12,0.0008819130016490817,0.7171883583068848
0751,41469_b94cf3e4_0,0.010262012481689453,-1.103410005569458
0752,147009_977ee378_1,0.003753314958885312,0.6392329931259155
0753,24267_8a216138_10,0.010952433571219444,0.11081993579864502
0754,63071_3d434a33_16,0.00772605836391449,0.5877844095230103
0755,34436_ffc43a58_4,0.0009149360121227801,0.2107248306274414
0756,50692_e7ff2668_4,0.0011195355327799916,0.5514118671417236
0757,146642_883a71d2_9,0.0323471873998642,0.48916417360305786
0758,109772_f1a0845e_7,0.0029185626190155745,0.9318941831588745
0759,136640_16741d62_1,0.0039062160067260265,0.008226096630096436
0760,21680_360ba5c7_11,0.0027196300216019154,-0.10494577884674072
0761,27729_09d75da1_2,0.0013599171070382,0.9612631797790527
0762,82148_5df06ed9_19,0.011233742348849773,0.21965676546096802
0763,55287_8a57a3db_1,0.014890759252011776,0.08393704891204834
0764,53221_74fa81cd_5,0.005180446896702051,-1.484403371810913
0765,30417_0010bc7c_39,0.009631422348320484,0.24818283319473267
0766,23706_ef15ef9c_40,0.00606398144736886,0.13449794054031372
0767,140763_e14274f8_3,0.0009612638968974352,0.272291362285614
0768,23602_5daaccf5_3,0.0024043007288128138,0.6102416515350342
0769,30282_88c6933c_9,0.01194602157920599,0.24852627515792847
0770,56824_0fc773f6_0,0.00847548246383667,0.5168298482894897
0771,42410_d3b5588e_1,0.00213180691935122,0.6761012077331543
0772,55055_dd27a8a4_0,0.002338964492082596,0.9571913480758667
0773,115633_a2c63339_6,0.0012590609258040786,-0.3938509225845337
0774,73651_a41647f8_5,0.0002135737013304606,0.17209351062774658
0775,33413_060ce192_32,0.004831956699490547,0.6288082599639893
0776,97331_a482fa9b_0,0.005196189507842064,-0.0980604887008667
0777,23476_705b76d1_0,0.003816903568804264,0.850705623626709
0778,32566_7bfc936b_6,0.025334225967526436,0.760562539100647
0779,41717_eb1c1e6b_0,0.00404024962335825,0.676230251789093
0780,60720_ef9a0a95_8,0.0015851682983338833,-2.388021945953369
0781,138700_ab763a46_202,0.0008440636447630823,-464.8037109375
0782,38287_88ec74de_17,0.026358934119343758,-3.3349862098693848
0783,135535_0bd0048d_0,0.009859872050583363,0.8514983654022217
0784,21797_69df08d5_7,0.07591108977794647,0.39561909437179565
0785,65350_b3fa8f4f_47,0.24172206223011017,-0.1125267744064331
0786,41714_1d49f4d1_3,0.005868938285857439,0.34420543909072876
0787,66012_a13e1644_1,0.0028315018862485886,-0.20075297355651855
0788,22652_564979ff_11,0.0015862208092585206,-0.17911219596862793
0789,25127_ecba81df_23,0.0013442379422485828,0.12273222208023071
0790,47548_db93c988_4,0.004825127311050892,-10.803936004638672
0791,55927_f8b31711_5,0.011649328283965588,0.37694263458251953
0792,31647_ab9ad9dc_2,0.0043952506966888905,0.4058995246887207
0793,41128_ee74f244_8,0.002311770571395755,0.36729973554611206
0794,20959_d4905d19_4,0.00272809318266809,0.3306896686553955
0795,52009_a2b75078_3,0.10586939752101898,-0.06624984741210938
0796,22201_473a3a65_16,0.004401594866067171,0.40371447801589966
0797,29442_365e23df_30,0.014865723438560963,0.5795406103134155
0798,51859_6b2fd0f1_8,0.02280956134200096,0.22104233503341675
0799,140413_44177109_15,0.00031242219847626984,0.722883403301239
0800,21822_7d3db422_11,0.005613135173916817,0.8440248966217041
0801,24168_a0ede173_100,0.0006413430091924965,0.5371472835540771
0802,145532_c2304f89_1,0.003488552523776889,0.5114890933036804
0803,104641_2cd02839_13,0.0003209234564565122,-0.24387717247009277
0804,23679_81ef9e37_2,0.011908849701285362,-1.837470293045044
0805,95271_de3df8d5_2,0.00024185261281672865,-0.164506196975708
0806,41401_e4117da2_0,0.00010002242925111204,-1.179440975189209
0807,48006_babdf4af_9,0.014127715490758419,0.8363969326019287
0808,142246_0851be5e_32,0.026069657877087593,0.5673864483833313
0809,33615_7bab1106_4,0.008794810622930527,0.41804826259613037
0810,31117_cd5cdbdb_18,0.005903675686568022,0.9106382131576538
0811,34914_8911676d_0,0.004780852235853672,0.6058663129806519
0812,55501_a09e4ced_2,0.0005127096083015203,-18.25901985168457
0813,41128_ee74f244_9,0.0020112739875912666,0.33421677350997925
0814,142246_0851be5e_22,0.005118175875395536,0.07172501087188721
0815,22413_901f5867_0,0.0005090192425996065,-0.540554404258728
0816,56490_0a0fba77_0,0.0162074975669384,-3.59706974029541
0817,93676_4f934980_1,0.0007147504948079586,-0.5845216512680054
0818,146642_883a71d2_96,0.002473881933838129,0.729979395866394
0819,24032_d6172503_3,0.0039014380890876055,0.338606059551239
0820,44221_25c62f03_1,0.0022508688271045685,0.9583103060722351
0821,50315_0f1419bf_33,0.012683128006756306,-0.23102259635925293
0822,133389_0938a905_2,0.008135033771395683,-1.064615249633789
0823,24824_cf51e5b6_4,0.006209172774106264,-0.16480183601379395
0824,33970_32f36442_3,0.005171699915081263,0.8387241363525391
0825,29359_bbfab271_2,0.00403960794210434,0.28885531425476074
0826,23172_4ab01e83_0,0.0014956676168367267,0.963650643825531
0827,98511_1b46a85e_45,0.005580699536949396,0.8431548476219177
0828,98511_1b46a85e_46,0.005134103819727898,0.8490564823150635
0829,34248_cc11976c_0,0.007063925266265869,0.7390024662017822
0830,104003_46555fb2_0,0.0005569084314629436,-0.2384166717529297
0831,34520_035b5e9a_8,0.004328776616603136,-0.48772573471069336
0832,38397_93d5d7de_12,0.032624538987874985,0.5480031371116638
0833,130023_93b3ca95_1,0.003132032696157694,-0.10240280628204346
0834,83213_47c49876_1,0.005745850037783384,0.3414369821548462
0835,43928_6ca53538_63,0.025513511151075363,0.4066874384880066
0836,82779_b7b722e3_9,0.0036995739210397005,0.5581495761871338
0837,134967_0f27ef51_1,0.0005512120551429689,0.5876189470291138
0838,86024_714b24f4_1,0.0038360324688255787,0.8497201800346375
0839,40807_58058731_11,0.0034573387820273638,0.47857969999313354
0840,26750_cd3cb3ff_0,0.008649125695228577,0.8499677181243896
0841,126913_d253adb7_2,0.006661002524197102,-0.31427109241485596
0842,24268_2804c9ff_13,0.005474159959703684,0.8576134443283081
0843,45542_320c16fd_3,0.0012525744969025254,0.9750977754592896
0844,22342_274ed8a6_1,0.025944819673895836,-4.6189703941345215
0845,133385_e6aa64d8_17,0.00018264184473082423,0.26784682273864746
0846,143509_1dd5212d_3,0.005482916720211506,0.8382883071899414
0847,47989_3ff0f41d_0,0.020296867936849594,0.4225950241088867
0848,21822_7d3db422_14,0.005311972927302122,0.9232941269874573
0849,21517_bfe35b4c_12,0.0014691188698634505,-1.5645301342010498
0850,52883_e518d3f4_10,0.003394325962290168,0.4489177465438843
0851,41871_f9a1ad02_14,0.016908857971429825,-0.6915631294250488
0852,37016_455093c1_2,0.0010359783191233873,0.4446215033531189
0853,31117_cd5cdbdb_78,0.09714315831661224,0.24668657779693604
0854,129239_0d49310c_22,0.00017827414558269083,0.48239344358444214
0855,30400_8824ce97_6,0.019401544705033302,0.5943453311920166
0856,53233_8dbca22c_8,0.008550165221095085,0.4002518057823181
0857,40514_bb61631d_25,0.0038653267547488213,0.14486199617385864
0858,24053_53349e4d_2,0.0005373255116865039,0.30848121643066406
0859,41917_f0c40fa1_16,0.0015316286589950323,0.9637668132781982
0860,22543_684108ff_5,0.014367084950208664,0.43041980266571045
0861,138636_c1153075_0,0.0008599296561442316,0.2323933243751526
0862,24448_75004b6c_6,0.00513754365965724,0.8364294767379761
0863,24831_bbd3e098_8,0.0008296142914332449,0.18705636262893677
0864,53221_74fa81cd_3,0.0016135131008923054,0.5638245940208435
0865,76879_65a30a82_4,0.0008821646333672106,-0.44209909439086914
0866,108773_f9384cff_10,0.00036626282962970436,-2.865413188934326
0867,33671_0e9c6ca3_5,0.001666862634010613,0.8676104545593262
0868,93103_fdb9fcb7_15,0.012992661446332932,0.29892992973327637
0869,137675_d2bd633e_0,0.001722305896691978,-0.0786670446395874
0870,21893_0500d043_32,0.00306057115085423,-1.0008952617645264
0871,22110_0bc70e9f_1,0.0019952068105340004,-0.22616493701934814
0872,43152_b5472481_1,0.00296383211389184,-0.11298239231109619
0873,115717_40314bc2_1,0.007719412911683321,0.32551902532577515
0874,102943_ca9e7968_0,0.000617740792222321,0.15943455696105957
0875,136401_69f29349_0,0.01997065544128418,-12.246744155883789
0876,28542_3c922564_0,0.0013528430135920644,0.506682276725769
0877,24267_8a216138_6,0.004546300042420626,0.7506721019744873
0878,84374_272a9731_7,0.002975075738504529,0.607749879360199
0879,23531_1ecc8346_18,0.03242611885070801,0.6837063431739807
0880,41871_f9a1ad02_30,0.009701190516352654,0.7059661149978638
0881,132461_14abd2d0_0,0.0004453565343283117,-11.43310260772705
0882,37617_3f415463_2,0.0005106898606754839,0.16549348831176758
0883,41696_de0790a1_1,0.0021174908615648746,0.9529791474342346
0884,54657_2a66e0de_20,0.00922087486833334,0.15328502655029297
0885,24425_0dc4b306_0,0.0031221613753587008,0.6942346096038818
0886,146667_fe438b5b_0,0.0034844072069972754,0.867481529712677
0887,23048_8a1a5553_8,0.0005820685182698071,-14.661356925964355
0888,51871_86ebf5b2_17,0.03087371028959751,-4.651941776275635
0889,30664_a3084f71_6,0.0062498776242136955,0.6165002584457397
0890,139801_97e2ca6a_5,0.0025297231040894985,0.4820588231086731
0891,22278_12f1fb79_13,0.009872202761471272,0.3577461242675781
0892,22776_facf9bcf_8,0.005502834916114807,0.8127056360244751
0893,40500_6055e3d7_15,0.10422788560390472,-0.03953897953033447
0894,35740_5322d674_13,0.0008941947016865015,0.45600247383117676
0895,39792_60786b6c_12,0.0037591748405247927,0.8635278940200806
0896,115524_4a411f7e_0,0.002100348472595215,0.5228770971298218
0897,24131_3ea7d5a8_17,0.009561454877257347,0.5387983322143555
0898,100326_0602c712_2,0.010037538595497608,0.6811661720275879
0899,34571_25c64838_2,0.012258196249604225,0.27347564697265625
0900,143534_4f65fd1a_0,0.0009087578509934247,0.6927565336227417
0901,101446_95204330_1,0.0019882002379745245,-0.26039111614227295
0902,41749_14d0599c_10,0.0010353680700063705,-2.0217015743255615
0903,55715_525d1d3e_12,0.0002493672363925725,0.2603309154510498
0904,45307_b9b4bca0_30,0.0980883315205574,0.29749470949172974
0905,22654_4c426b0f_0,0.003143057692795992,0.6064116954803467
0906,22670_9353c710_4,0.004721376113593578,-0.44786274433135986
0907,99445_94c22a37_11,0.00426119938492775,0.9366883039474487
0908,132811_57264a28_4,0.002170208841562271,0.8227025270462036
0909,23258_87a2ba81_3,0.0003172344877384603,0.4985491633415222
0910,50777_2934de55_22,0.015439818613231182,0.45192211866378784
0911,98418_4185a7fb_0,0.0023524987045675516,0.9430075883865356
0912,43441_e1ab0873_2,0.00041214749217033386,-3.994174003601074
0913,24271_dbc0fd2d_12,0.001043007941916585,0.7704191207885742
0914,38944_0d0c3fce_0,0.04501407593488693,0.7083785533905029
0915,40624_e1c5c424_11,8.498706301907077e-05,-1.1404852867126465
0916,100028_0c3a8f1c_13,0.0071222358383238316,0.9083886742591858
0917,40491_ac67bf4c_13,0.005024245008826256,0.9057571887969971
0918,25416_1deb9c75_0,0.005546038504689932,0.03996950387954712
0919,21657_2651585a_6,0.005116988439112902,0.7287799119949341
0920,21986_67c5509a_15,0.008136922493577003,-0.00957953929901123
0921,32288_34013274_2,0.005449776072055101,0.07757961750030518
0922,55373_ddd74d2f_0,0.007942665368318558,-0.02581644058227539
0923,26245_4aac38e1_0,0.004151216242462397,0.7621426582336426
0924,33044_7fdd9213_0,0.0007841892656870186,0.8599841594696045
0925,31530_6744ae73_48,0.08409309387207031,0.18765342235565186
0926,25555_fd3d9a3c_1,0.0002865895803552121,0.5976444482803345
0927,54175_7d864ace_6,0.0013120075454935431,0.7053642272949219
0928,72950_5074f5a3_0,0.00306683499366045,-1.0273463726043701
0929,129618_2962c248_0,0.008315538987517357,0.8611151576042175
0930,52012_77070fda_10,0.0004909429117105901,0.2300800085067749
0931,28295_0dc908b9_7,0.023304414004087448,-5.260208606719971
0932,144419_90e59d67_2,0.0004289881617296487,-3.7407970428466797
0933,22734_f6bad9f7_24,0.015026144683361053,0.5349724292755127
0934,22604_0b4ffb43_14,0.002338964492082596,0.9571913480758667
0935,81996_b3752ed2_3,0.00039523979648947716,0.6453046202659607
0936,24504_493cee15_8,0.004297554027289152,0.8288801312446594
0937,39124_28e99e62_1,0.0011989031918346882,-0.34901511669158936
0938,29725_0ad4937e_1,0.00034956703893840313,0.3681517243385315
0939,109232_04340d62_6,0.0001535570772830397,-1.7932798862457275
0940,129075_8fbf62e5_0,0.0005961565184406936,0.5282115340232849
0941,102937_18c3cb6a_4,0.0010712201474234462,0.962441623210907
0942,52551_8098346a_5,0.0012172384886071086,-1.1173980236053467
0943,128043_6947b64c_0,0.003720569657161832,0.7852214574813843
0944,119030_292009a7_41,0.012881879694759846,-0.8896386623382568
0945,48526_5aecac8a_0,0.00694284588098526,-0.16909098625183105
0946,32541_86f7df73_4,0.0010073439916595817,0.04168301820755005
0947,55114_7bf17f6a_0,0.034289129078388214,-1.4857628345489502
0948,55285_6816da52_1,0.030745793133974075,0.3345872759819031
0949,37683_e2cca100_17,0.00022256643569562584,0.649593710899353
0950,78775_e2d8b091_15,0.008892729878425598,0.7092392444610596
0951,93199_2146e709_2,0.001830795663408935,0.7838586568832397
0952,135595_656de97a_14,0.0008837529458105564,0.36638468503952026
0953,24284_3710e946_16,0.002514347666874528,0.9430367350578308
0954,135521_30553c91_2,0.0005090959020890296,-6.383642673492432
0955,29732_fb15318c_5,0.0008823868120089173,0.16178911924362183
0956,88060_389bdff4_0,0.006280108354985714,0.6178290843963623
0957,27839_4a077326_28,0.01248200610280037,0.6907248497009277
0958,100435_87bf423d_8,0.0015945201739668846,0.9685805439949036
0959,25365_bb0e4ede_44,0.006104351487010717,-7.657560348510742
0960,146169_144d8264_0,0.0751275047659874,0.5942549705505371
0961,23342_7193a931_3,0.00033667811658233404,0.008100748062133789
0962,57000_cd1ddece_12,0.0018545481143519282,0.9629220962524414
0963,119790_1ed376f0_3,0.0009437534026801586,-0.030010581016540527
0964,72522_e9e87960_4,0.005097053479403257,0.9043303728103638
0965,65366_f618b577_2,0.0004972570459358394,0.5671541094779968
0966,55707_c78416ed_35,0.004465875681489706,0.7666147947311401
0967,70321_eccffc7e_0,0.003926323261111975,-0.017140984535217285
0968,120143_b5756e6b_0,0.0034853562247008085,0.5159803628921509
0969,27726_aca43af4_35,0.00019529392011463642,-8.073561668395996
0970,31361_72aab333_20,0.0022051623091101646,0.2991769313812256
0971,121949_e10b5e85_12,0.007481699343770742,0.7933529615402222
0972,146399_0e4b73c4_13,0.046244218945503235,0.05064815282821655
0973,41134_fc146947_6,0.001799513935111463,0.15872293710708618
0974,21237_7887a24b_35,0.0004316727863624692,-0.7846126556396484
0975,24885_55e20ddf_3,0.00030652486020699143,0.6971632242202759
0976,34914_8911676d_23,0.004072412848472595,0.27623414993286133
0977,21803_8a36dcda_12,0.005379502195864916,0.8199939131736755
0978,41306_8f26e703_5,0.00011487135634524748,-0.24005579948425293
0979,25118_f50fdc69_10,0.0003562041965778917,0.4797476530075073
0980,25473_0991d519_9,0.00099919771309942,0.9749789237976074
0981,126585_86fa26cb_0,0.00023195421090349555,0.7135399580001831
0982,145691_69484976_9,0.006626517977565527,0.4041960835456848
0983,60729_c51868ec_0,0.001212041825056076,0.33228427171707153
0984,123929_e7dbad2c_0,0.013917919248342514,-5.611171245574951
0985,69649_70b07cac_0,0.0010029752738773823,0.9778449535369873
0986,55135_f1186d58_9,0.0007328084320761263,0.08702993392944336
0987,20838_86c931be_2,0.003116447711363435,0.6125319600105286
0988,45242_626509cb_11,0.009425369091331959,-3.1651086807250977
0989,34983_439766af_13,0.01133702602237463,0.8820761442184448
0990,53453_fb0f1640_1,0.01806585304439068,0.45157068967819214
0991,23255_972fbfe6_25,0.0017303961794823408,0.9454565048217773
0992,24168_a0ede173_203,0.12027234584093094,0.3310977816581726
0993,55476_1473d91f_0,0.0032794408034533262,-0.6718795299530029
0994,55111_ef389075_1,0.004008120857179165,0.8468062281608582
0995,141710_17531562_1,0.0015476953703910112,0.8700513243675232
0996,96601_b89e6252_1,0.00013261566346045583,0.2947579622268677
0997,135790_a27f9deb_43,0.07638372480869293,0.021363019943237305
0998,121363_746708db_0,0.0018527574138715863,0.2871304154396057
0999,136886_3aa46890_0,0.0006609853007830679,0.7535442113876343
1000,50315_0f1419bf_19,0.01758130080997944,0.758169412612915
1001,37846_cde34fcd_14,0.0003261722740717232,-2.6878151893615723
1002,24816_ef81ad4c_1,0.0013967100530862808,0.5005635023117065
1003,75646_4baf69b2_7,0.022812599316239357,0.6805509924888611
1004,140155_81f9ac63_0,0.008007622323930264,-0.9978100061416626
1005,51603_034939eb_10,0.00896275695413351,0.5034671425819397
1006,30435_c97330d2_0,0.0007019475451670587,-0.18686902523040771
1007,27839_4a077326_27,0.005541033577173948,0.6987155675888062
1008,55627_971fde61_34,0.05567117780447006,-3.303924560546875
1009,134909_ef3d003c_0,0.0004063792002853006,0.6013309359550476
1010,33413_060ce192_51,0.00014092118362896144,-18.524967193603516
1011,22245_ca848576_12,0.0007168662850745022,0.16281330585479736
1012,52039_ba12c3ac_1,0.001800961559638381,0.9639947414398193
1013,39707_358f88df_2,0.005945026874542236,-5.330843925476074
1014,50014_33f250c8_3,0.06165391579270363,0.43762046098709106
1015,52987_387431ac_1,0.007783904671669006,0.46553248167037964
1016,33501_b1ee5058_15,0.00168283237144351,0.9665365219116211
1017,82168_4844bddd_1,0.004661074373871088,0.3706687092781067
1018,30384_95e72fc2_4,0.00020338721515145153,-1.240001916885376
1019,23554_a0845d54_2,0.0060422238893806934,-4.050854682922363
1020,23800_65e0a5d1_0,0.0005626272177323699,-0.7731157541275024
1021,41128_ee74f244_0,0.0009313990012742579,0.06492835283279419
1022,143019_22dbd3e6_2,0.004238253924995661,0.865531325340271
1023,79993_6087acd5_8,0.007587939966470003,0.7599525451660156
1024,21422_b2a6bf27_0,0.007292638067156076,0.8797647953033447
1025,25487_dd2c17e8_21,0.001225411193445325,-0.08806884288787842
1026,22654_4c426b0f_10,0.00013552690506912768,0.08987939357757568
1027,30368_d7fd30ce_6,0.0004427463572937995,-8.469246864318848
1028,57249_6bd2af3c_2,0.003175900084897876,0.8828415870666504
1029,57029_3ab80a22_0,0.0071308547630906105,-0.4146188497543335
1030,79906_052c7eb4_3,0.01310477964580059,-1.8406505584716797
1031,82996_b8dc67c9_10,0.00026327409432269633,0.6366732120513916
1032,119884_192e3265_1,0.008642847649753094,-2.9417803287506104
1033,21225_c081eae3_10,0.0029618795961141586,0.8301892280578613
1034,121949_e10b5e85_1,0.012607778422534466,-2.1902854442596436
1035,81994_ba8916c9_5,0.00036708495463244617,0.6792454719543457
1036,22447_4062c6cb_29,0.002729932079091668,0.9539488554000854
1037,55044_ee57bac8_1,0.0003676718915812671,-0.3969374895095825
1038,41871_f9a1ad02_13,0.07079334557056427,0.6023966073989868
1039,74688_a5168a45_2,0.0002324606030015275,-48.9473762512207
1040,23218_02d26ab4_4,0.0003601827775128186,0.1715642809867859
1041,41205_dc60aa5d_0,0.009254327043890953,-1.3006641864776611
1042,41979_ca698776_0,0.0010824765777215362,0.7779940962791443
1043,141453_50ec6f25_7,0.0015288664726540446,0.9566918611526489
1044,97143_5424c420_0,0.003367968602105975,0.13564956188201904
1045,41986_26275a06_2,0.012691526673734188,-0.19638311862945557
1046,136800_c5e4d711_2,0.0004003529029432684,0.4527762532234192
1047,101635_11b839a3_5,0.00010000356269301847,0.1807088851928711
1048,55866_b041060d_0,0.00487066525965929,0.7018862962722778
1049,53846_89405f98_0,0.0020416872575879097,0.5828607082366943
1050,27725_5cceaeb7_1,0.005655332002788782,0.48972684144973755
1051,146137_92faaea5_9,0.004110727459192276,0.6706302165985107
1052,41211_11f6b8a0_4,0.0009288867586292326,0.6174478530883789
1053,21330_f0cee934_46,0.0018710250733420253,0.962592363357544
1054,127188_5fecd146_4,0.00048036090447567403,0.33993786573410034
1055,135949_06517574_8,0.00011844786058645695,-0.22794389724731445
1056,68928_0d4e4a2e_24,0.007351279258728027,0.5377514958381653
1057,50410_f8f03667_38,0.00012667605187743902,-7.721004486083984
1058,142999_171240b6_21,0.0003350144543219358,0.752295732498169
1059,144709_642fc665_0,0.02465347945690155,-1.4227721691131592
1060,53232_f8760054_10,0.03612125292420387,-344.7107849121094
1061,22372_e91792a1_0,0.00033770434674806893,-3.3310675621032715
1062,21767_53eaa558_12,0.06446143239736557,0.16700202226638794
1063,32220_1fd19c5e_0,0.00033630200778134167,0.6544920802116394
1064,22886_a6331748_1,0.002226012758910656,0.795628011226654
1065,130996_b842b511_12,0.004089679569005966,0.623047947883606
1066,55571_74a416b1_1,0.00024381352704949677,-1.0681862831115723
1067,70169_914780d4_1,0.0011599205899983644,0.55830317735672
1068,23156_7788f78a_6,0.07099433988332748,0.4862976670265198
1069,124496_20e20439_10,0.0006643392262049019,-0.4601297378540039
1070,76300_7cb02add_1,0.0044198487885296345,0.34553420543670654
1071,21647_6b6cca6f_10,0.0069880676455795765,-2.8141398429870605
1072,22734_f6bad9f7_23,0.010652552358806133,0.5562310218811035
1073,94176_0a6c42ab_2,0.0007172715850174427,-130.6346435546875
1074,24048_d731886d_9,0.0038247767370194197,0.5784175395965576
1075,25487_dd2c17e8_30,0.009701994247734547,-3.385645866394043
1076,115717_40314bc2_4,0.0003102336195297539,-0.009120583534240723
1077,125592_875faf40_0,0.013334542512893677,0.38105517625808716
1078,41871_f9a1ad02_44,0.0077973115257918835,0.4491357207298279
1079,146642_883a71d2_8,0.0015570716932415962,0.620100736618042
1080,136883_076fbff9_31,0.0008335141465067863,-1.757084846496582
1081,60766_fb8715eb_3,0.004023948218673468,0.7057300806045532
1082,30818_33617072_0,0.024710141122341156,-0.25107455253601074
1083,130679_7a357a9c_18,0.008419418707489967,0.5047438740730286
1084,55306_795d845b_0,0.00023990176850929856,0.48571646213531494
1085,135934_d2f6bb2e_33,0.0005725171649828553,0.23671460151672363
1086,111054_e45a0d40_7,0.07435029000043869,0.28078651428222656
1087,36826_d9269c2e_10,0.00876736082136631,0.4044817090034485
1088,37619_ae810a8d_7,0.0001734335528453812,-78.2101058959961
1089,22343_34184fd5_22,0.00032490966259501874,-0.005608916282653809
1090,113020_de552f8d_0,0.0009775379439815879,0.38871270418167114
1091,20216_89b90993_0,0.014611052349209785,0.02661043405532837
1092,23325_292b3294_16,0.007599073927849531,0.2770650386810303
1093,23522_5c2ec58e_9,0.008746063336730003,0.3359360098838806
1094,146624_359752bb_20,0.00017469347221776843,-87.06646728515625
1095,104990_11b4aeee_1,0.0052231731824576855,0.8806081414222717
1096,90917_4670b560_0,0.028198745101690292,0.4519508481025696
1097,54818_59adf8c2_5,0.012853138148784637,-10.115641593933105
1098,34109_5a868eae_3,0.0006866195471957326,-0.12021088600158691
1099,23161_e7f63a9f_2,0.0029982328414916992,0.7287083864212036
1100,37160_2a95674a_27,0.006898913998156786,-1.4103291034698486
1101,61280_8bdbc90f_0,0.00326289189979434,0.8828140497207642
1102,55083_dac1f9cc_2,0.005369914695620537,0.5529557466506958
1103,34341_d19b12fb_14,0.00012030988000333309,-0.19661056995391846
1104,54516_ac9e2ef4_61,0.003605554113164544,0.40130704641342163
1105,24559_3c306e71_2,0.0005596574628725648,-0.1392664909362793
1106,105831_88a0fb85_1,0.0018871345091611147,0.928300678730011
1107,32743_f4c47bbc_19,0.011047765612602234,-1.0528297424316406
1108,40500_6055e3d7_18,0.004314842633903027,0.792876660823822
1109,22862_f5406bb0_0,0.0068756164982914925,0.8893926739692688
1110,141081_ae61ec46_0,0.004667954985052347,0.9324249625205994
1111,135112_cf8007b8_4,0.010381557047367096,0.8425096273422241
1112,131442_1512d9ff_5,0.00020522593695204705,0.565695583820343
1113,145132_7aea3b66_1,0.09696868807077408,0.6329821348190308
1114,41871_f9a1ad02_45,0.0015513302059844136,0.7009879946708679
1115,51775_49ef614a_1,0.01167052611708641,-2.3067805767059326
1116,143293_fc5b0ff7_23,0.0003683607210405171,0.32702183723449707
1117,51547_a7e01c38_6,0.00038683926686644554,0.4457521438598633
1118,114021_44c3c39c_2,0.000471092906082049,-0.17445659637451172
1119,123766_c5a4cf5e_0,0.0008412058814428747,-4.363327503204346
1120,23031_0d684603_8,0.003077014349400997,-0.3262726068496704
1121,132996_c742ef84_4,0.006562745664268732,0.08930176496505737
1122,137096_5d77f285_1,0.0076681203208863735,0.0847543478012085
1123,27072_b4756e8c_2,0.008109931834042072,-0.834213376045227
1124,51915_e704f5dd_2,0.009756653569638729,-0.5257434844970703
1125,132811_57264a28_13,0.002750797662883997,0.9536896347999573
1126,49396_98ab955d_13,0.005202897358685732,0.41995590925216675
1127,132081_761d26ad_0,0.00097761454526335,0.9738308787345886
1128,82906_7b72e0e8_2,0.006698924116790295,0.8133693933486938
1129,92649_26fe8262_0,0.0008016180363483727,0.6301608085632324
1130,21803_8a36dcda_11,0.00270657055079937,0.9272016286849976
1131,30637_f6324fc6_5,0.00025405551423318684,-0.6814993619918823
1132,105560_a6f91315_12,0.00012501377204898745,-16.509557723999023
1133,41737_d80c34b9_0,0.014398155733942986,0.13977915048599243
1134,34983_439766af_12,0.009408959187567234,0.07443040609359741
1135,122755_60c41889_10,0.00038243058952502906,-5.128636837005615
1136,76879_65a30a82_2,0.05239492654800415,0.5313303470611572
1137,89816_cef36e57_4,0.0029018332716077566,0.9521459341049194
1138,49406_100c707b_3,0.020141538232564926,-1.3224151134490967
1139,105560_a6f91315_10,9.13760595722124e-05,-0.9730136394500732
1140,129421_483d2957_5,0.00026519777020439506,-0.1173708438873291
1141,122740_fc5c94eb_33,0.0021271235309541225,0.9348714351654053
1142,135595_656de97a_5,0.0007973198662512004,0.7087960839271545
1143,35740_5322d674_5,0.00017182109877467155,-58.63347244262695
1144,23681_932e722e_18,0.0018955809064209461,0.9641199707984924
1145,108244_329b1876_17,0.0007577938376925886,-175.07350158691406
1146,125745_cf468448_6,0.0025122419465333223,0.40928488969802856
1147,138838_c9a9e790_6,0.0327434316277504,-5.364812850952148
1148,102416_b74464a2_4,0.00018852250650525093,-73.77848052978516
1149,30426_2cde26de_21,0.0005040036048740149,-0.49809956550598145
1150,137837_9c9f163d_5,0.0010920517379418015,-0.1499192714691162
1151,25487_dd2c17e8_15,0.015572941862046719,-1.0298893451690674
1152,21549_18160a0a_4,0.00014153066149447113,-18.97829246520996
1153,21385_601444ba_0,0.0031620177906006575,0.8032936453819275
1154,35233_add576ba_9,0.003144082147628069,0.7946534156799316
1155,55345_c6423351_0,0.02917514555156231,-3.7232279777526855
1156,110697_4b2725f1_0,0.0021546012721955776,0.9498087763786316
1157,109946_242843a6_1,0.00010708498302847147,-1.5243260860443115
1158,34341_d19b12fb_22,0.00013452245912048966,-14.29411506652832
1159,23247_bcd1e84f_21,0.038948800414800644,-7.178112030029297
1160,131765_29b29f08_6,9.272246097680181e-05,-1.007922887802124
1161,21395_7d6fda6f_12,0.03833984211087227,-32.55534362792969
1162,135460_6471e973_15,0.0015562844928354025,0.4887828230857849
1163,51741_49d61151_7,0.0067893704399466515,0.7546776533126831
1164,28382_90b7cc0c_12,0.001796647673472762,0.3482992649078369
1165,30850_05d88af9_2,0.0038193343207240105,0.842445433139801
1166,86278_1e55d036_12,0.0004973423783667386,-2.701810359954834
1167,67240_525e92c1_1,0.028218401595950127,-21.64283561706543
1168,82002_ef2b4feb_6,0.0015222514048218727,0.9707508087158203
1169,53364_ec8aad42_1,0.01846732199192047,0.20649665594100952
1170,135771_b030a25c_17,0.0009972198167815804,-0.1535630226135254
1171,135906_29d7b495_1,0.0003909893857780844,0.30097049474716187
1172,21822_7d3db422_38,0.0009303335100412369,0.05614113807678223
1173,81136_5b86c723_1,0.00014942456618882716,-0.09732639789581299
1174,25473_0991d519_2,0.027545632794499397,0.5234415531158447
1175,73405_94381b7c_5,0.006744734011590481,-0.13371646404266357
1176,24009_c40b0d48_2,0.0016175940399989486,0.9503241181373596
1177,22162_439af02a_1,0.0012191471178084612,0.9760280847549438
1178,146159_f3f80701_0,0.005794096738100052,-0.5448925495147705
1179,51895_5760b481_15,0.01900571584701538,0.7977166175842285
1180,33500_e58e287e_1,0.011414174921810627,0.4686868190765381
1181,31838_2e4bd173_0,0.019847426563501358,-12.266925811767578
1182,146137_92faaea5_18,0.0002591980737634003,-1.2688498497009277
1183,124879_2257a334_2,0.00018518418073654175,-1.0324668884277344
1184,144145_510eedc2_7,0.001701659639365971,0.9684641361236572
1185,21237_7887a24b_78,0.002394482959061861,0.7917698621749878
1186,82297_93739ce0_6,0.0009202459477819502,0.6974916458129883
1187,51536_a18dc325_31,0.0032137201633304358,-14.577166557312012
1188,93103_fdb9fcb7_7,0.02119043655693531,-1.735257625579834
1189,24590_415f7013_9,0.002558441599830985,0.5259684324264526
1190,130659_16f2db4c_0,0.0012144698994234204,0.598231315612793
1191,23083_fdb942ac_2,0.004875598009675741,0.7965688705444336
1192,23954_a8c09819_2,0.0012843130389228463,0.9750938415527344
1193,30417_0010bc7c_13,0.014745756052434444,-0.31122803688049316
1194,120535_e304dfca_1,0.002186369150876999,0.8396300077438354
1195,93199_2146e709_9,0.013937274925410748,-2.2003519535064697
1196,23686_cba4f679_15,0.004786445759236813,0.8927180767059326
1197,40807_58058731_20,0.03274053335189819,0.6704668998718262
1198,94410_d32e7520_35,0.01137849036604166,0.7166932821273804
1199,79695_fd8bae0e_0,0.010220608673989773,-1.5989251136779785
1200,129422_621d0a90_35,0.02119719237089157,-8.955528259277344
1201,44932_16cb7f21_5,0.006717124488204718,0.8097536563873291
1202,136550_8a8672e5_1,0.00232920260168612,0.34612834453582764
1203,20495_e8e7e80c_3,0.0025578883942216635,0.9542510509490967
1204,31962_e5291336_50,0.000737252994440496,0.2967075705528259
1205,24888_5be1de05_1,0.0001215734810102731,-1.3122265338897705
1206,34114_7e58a97d_10,0.003492964431643486,0.8657125234603882
1207,108433_37a79370_0,0.016446053981781006,-0.4532252550125122
1208,22844_9b75b8e0_1,0.003554312512278557,0.8525609374046326
1209,115637_b4d41e8a_0,0.004337617661803961,0.580091655254364
1210,53474_f29e4438_15,0.02007272280752659,0.42899030447006226
1211,26766_1aaa348c_0,0.003307571168988943,0.5304871797561646
1212,51940_67bb0219_7,0.0049342205747962,0.19367265701293945
1213,41714_1d49f4d1_13,0.0002854706544894725,-0.12574231624603271
1214,21815_7090778f_9,0.012944892048835754,-0.06232774257659912
1215,32843_8e5bdf24_0,0.004200374241918325,0.8138928413391113
1216,23686_cba4f679_10,0.0064034052193164825,0.20205241441726685
1217,114425_891ab08d_0,0.007336316164582968,0.08524930477142334
1218,41786_02d48cdd_5,0.006695555057376623,-0.03608810901641846
1219,22895_4533b542_1,0.0018540052697062492,0.8937405943870544
1220,49016_cd1b47bf_6,0.0038046767003834248,0.879476010799408
1221,51674_a70c1c6c_3,0.0003465492045506835,0.44582122564315796
1222,52972_6e5a5ada_11,0.0034363586455583572,0.8541406989097595
1223,120700_d818883a_8,0.0003952199767809361,0.4648866057395935
1224,34530_9525ffcd_0,0.004450139123946428,0.916313886642456
1225,24355_99bf3f8f_1,0.0009409624035470188,-0.8222333192825317
1226,56250_3b6024e3_46,0.01084972731769085,0.8081660270690918
1227,56355_727ca47c_3,0.007395080756396055,-0.7856628894805908
1228,35057_9af89947_1,0.0018583157798275352,0.7082415819168091
1229,120881_a946667f_13,0.00033810807508416474,0.5342017412185669
1230,143021_c6df0146_5,0.0002009258751058951,-0.1188439130783081
1231,69240_dc199112_3,0.00039107687189243734,0.6440650224685669
1232,41733_1ec9b00c_15,0.010834903456270695,-1.2563457489013672
1233,30298_24191733_2,0.00019215309293940663,-0.3288605213165283
1234,30400_8824ce97_18,0.007587953470647335,-0.5844144821166992
1235,37040_ecbcd25e_36,0.00771538820117712,-1.0808804035186768
1236,23035_6087bb57_4,0.0006326742586679757,0.05319422483444214
1237,38675_6e07d74b_26,0.01963844709098339,0.7282717227935791
1238,31751_e37382e1_9,0.0036495306994765997,0.6108641624450684
1239,54601_e1da5b93_4,0.001938465517014265,0.9614352583885193
1240,142999_171240b6_29,0.003126912983134389,0.7629714012145996
1241,137646_14bca880_0,0.0036774491891264915,0.6603849530220032
1242,37519_442dc408_1,0.0007257428369484842,0.11312729120254517
1243,47195_a8cd8bad_6,0.0029216825496405363,0.8142091035842896
1244,22474_b10fea1a_6,0.00534885935485363,0.38309454917907715
1245,53200_d1e30b87_10,0.00315698329359293,0.4506556987762451
1246,41472_f9d73638_9,0.0005805263062939048,0.40330690145492554
1247,126397_cc08a23d_1,0.0002519122790545225,0.5911617279052734
1248,31838_2e4bd173_4,0.0021262012887746096,0.962095320224762
1249,52006_d21e4570_7,0.002281717024743557,0.5477055907249451
1250,62109_08c31aa8_0,0.005344015546143055,0.04774969816207886
1251,49403_458914df_0,0.003505317959934473,-1.0705502033233643
1252,122914_76ff1f5e_2,0.00016133181634359062,-13.358967781066895
1253,34913_d23e2a24_2,0.005624137353152037,-1.5166208744049072
1254,104641_2cd02839_15,0.0002833231119439006,0.1812610626220703
1255,131632_6144b102_1,0.009363045915961266,0.888527512550354
1256,30850_05d88af9_0,0.007979908026754856,0.3738657832145691
1257,86296_8a6ed4d3_7,0.00031484931241720915,0.030255019664764404
1258,34983_439766af_7,0.02480952814221382,0.6465550065040588
1259,33374_7491cbf8_2,0.014633034355938435,0.8584208488464355
1260,50694_afd26bd5_10,0.013206345960497856,0.8581841588020325
1261,50292_e84db1fb_8,0.0002884606074076146,0.015649139881134033
1262,81367_622a9e51_2,0.010055845603346825,-1.5250728130340576
1263,78966_584c5305_0,0.002679552650079131,-0.397169828414917
1264,79905_623eae86_1,0.06546124815940857,0.4639320969581604
1265,63055_6b907478_15,0.01705918088555336,-0.360809326171875
1266,135771_b030a25c_4,0.00045115716056898236,0.4319806694984436
1267,41753_9b4f8d8a_0,0.0019463783828541636,0.9617851376533508
1268,80784_f7ec5f70_1,0.001434950390830636,0.7568560838699341
1269,33607_c6f31fa6_10,0.005807508714497089,0.28877633810043335
1270,22225_a3ce4d29_42,0.007682594005018473,0.17440283298492432
1271,51938_8b9cba89_5,0.014824545942246914,0.6893240213394165
1272,44741_f386a08f_4,0.0029279522132128477,0.9130980372428894
1273,70021_e673ae54_4,0.0031572566367685795,0.9487569332122803
1274,55135_f1186d58_7,0.007396775763481855,0.3370264172554016
1275,31856_2a5a4e32_12,0.03062964789569378,-0.699103832244873
1276,75303_045fc848_4,0.01481550745666027,-1.2764136791229248
1277,129683_3ad38815_10,0.048762887716293335,0.4297727942466736
1278,21894_93f0d052_24,0.002617370104417205,0.7883250117301941
1279,143823_1b04bf80_13,0.0031582156661897898,0.7721026539802551
1280,143823_1b04bf80_18,0.0007317303097806871,0.2920476794242859
1281,111863_c925f4f3_2,0.0005541128339245915,0.4712664484977722
1282,104633_d0a15bd3_6,0.008007350377738476,0.32855522632598877
1283,48832_22363e53_33,0.002010256750509143,0.9457008838653564
1284,127466_a18ae326_1,0.00202730530872941,0.23621749877929688
1285,22211_b1ee53f0_12,0.004441426135599613,0.8144021034240723
1286,137837_9c9f163d_6,0.003520610509440303,0.041164517402648926
1287,122755_b830e22d_17,0.00040873943362385035,-3.5777249336242676
1288,21299_e9cd80a6_12,0.004223287105560303,-4.663445472717285
1289,44920_70dd4b80_11,0.002522971946746111,0.8858577013015747
1290,52987_387431ac_7,0.001607109559699893,0.9510512948036194
1291,147926_b78316a8_10,0.0010452166898176074,0.08426839113235474
1292,144653_e3eccdf1_50,0.0007649760809727013,0.4903320074081421
1293,56458_c027ed41_0,0.0021917312406003475,0.7279367446899414
1294,23495_6366269c_11,0.001172754680737853,0.9766774773597717
1295,70883_e2d6a103_2,0.059744227677583694,0.11230701208114624
1296,32743_f4c47bbc_34,0.004061036743223667,-1.366924524307251
1297,30910_38ea5a06_2,0.0052245003171265125,0.11392843723297119
1298,56476_466fc284_17,0.020389415323734283,0.5782634019851685
1299,22604_0b4ffb43_62,0.004874005448073149,0.7966374158859253
1300,21534_6367be99_0,0.0015819655964151025,0.5013078451156616
1301,133026_1085532d_1,0.00549121992662549,-0.39554929733276367
1302,137828_0b0786fb_1,0.0054982989095151424,0.8942975997924805
1303,55627_971fde61_27,0.01035645604133606,-0.30737805366516113
1304,93869_8b1922a3_0,0.001668659271672368,0.8654271364212036
1305,24393_9acd18c6_3,0.006487641483545303,0.8789402842521667
1306,44996_b3e9c266_14,0.00022787920897826552,0.10819655656814575
1307,55300_b9675d43_1,0.001229071756824851,0.975867748260498
1308,113352_879844fe_0,0.0017204160103574395,0.9299431443214417
1309,135317_3c58b0d0_9,0.0006936691352166235,0.35905390977859497
1310,115624_fe3eb392_1,0.008901710622012615,0.5831021070480347
1311,63055_6b907478_21,0.004594968631863594,0.8324287533760071
1312,40421_032c052f_0,0.00297819753177464,0.5473136901855469
1313,143029_70554264_3,0.0002977813419420272,0.4898662567138672
1314,145117_78f63de3_0,0.0034798409324139357,0.10502088069915771
1315,128996_35f2006e_0,0.0003730357566382736,-0.8654271364212036
1316,54503_fc6c6963_1,0.00266834138892591,0.662988543510437
1317,24657_0168dc6b_1,0.0014588813064619899,0.9642913341522217
1318,130524_13ad16a8_0,0.18974798917770386,0.06172966957092285
1319,142670_33c641dc_3,0.04124194011092186,-14.668364524841309
1320,65375_674ff0b9_11,0.00169607053976506,-0.5441538095474243
1321,23168_7fdf5427_3,0.00014378750347532332,-64.68212127685547
1322,41717_ab2075ac_0,0.002153247594833374,0.9209414720535278
1323,21739_57582b8f_4,0.001845165272243321,0.8917464017868042
1324,143293_fc5b0ff7_30,0.005449535325169563,0.8513878583908081
1325,135906_587b5c3d_0,0.0008237700094468892,0.5025708079338074
1326,138685_fd9b79cd_0,0.0014231111854314804,-0.13794374465942383
1327,119921_5621fcb4_0,0.004442221950739622,0.250033974647522
1328,49403_458914df_5,0.022185757756233215,-1.528463363647461
1329,73525_7f6b2f67_2,0.0003701336681842804,0.4071769714355469
1330,136994_a3a2f50f_3,0.0016527894185855985,0.8138384819030762
1331,31838_2e4bd173_1,0.005984619725495577,0.8704690337181091
1332,35866_d0233b36_6,0.002626485889777541,0.955223798751831
1333,53053_d6b4d71c_9,0.0046049244701862335,0.8804433345794678
1334,90220_7baf1e18_1,0.0008864423725754023,-0.19662678241729736
1335,23364_73dd9d4d_10,0.00021967482462059706,0.6842790842056274
1336,52987_387431ac_3,0.0098566934466362,0.18820995092391968
1337,51859_6b2fd0f1_4,0.0013001632178202271,0.27719080448150635
1338,51708_867d4509_12,0.0003761245752684772,-2.2580795288085938
1339,93199_2146e709_3,0.002338576363399625,0.9504175782203674
