case_num,case_name,MSE,R-Square
0,50417_199cffee_13,0.005047537386417389,0.9606823921203613
1,48516_2b3135bf_11,0.0015334595227614045,0.9481540322303772
2,41733_1ec9b00c_31,0.0019031706033274531,0.8153918385505676
3,31664_1e85c690_0,0.0010523921810090542,0.9434190988540649
4,21893_0500d043_18,0.000751902989577502,0.9847129583358765
5,31607_9a2f8140_6,0.0007941449875943363,0.9733442664146423
6,41774_88a7a483_18,0.0007239378755912185,0.8232830762863159
7,42143_51b31600_4,3.946962169720791e-05,0.9202480316162109
8,23104_3b70eba4_13,0.00044694700045511127,0.2647498846054077
9,129075_8fbf62e5_2,5.106183380121365e-05,0.8652525544166565
10,41624_a15f83c1_13,0.00011395436013117433,0.9440432190895081
11,36088_1ea9c8a9_12,0.0003179207560606301,0.9925832152366638
12,126477_6596d136_14,0.0001548900327179581,0.8596044182777405
13,130441_10c43121_0,0.005122375208884478,0.9739051461219788
14,133385_e6aa64d8_21,0.00017531411140225828,0.8849827647209167
15,26398_b99946da_1,0.0017722996417433023,0.9766911864280701
16,61198_0c99f50a_4,5.865928687853739e-05,-2.695340156555176
17,26661_ab88a525_0,4.895299571217038e-05,0.9434217810630798
18,129075_8fbf62e5_1,0.00023175972455646843,0.7811350226402283
19,51891_9455ea02_1,0.0010408490197733045,0.983483612537384
20,34770_6bba5bd4_13,0.0003475589619483799,0.9931759834289551
21,21646_a2dd0d00_53,0.00040948906098492444,0.9659624099731445
22,68909_4ae1bc2e_1,0.00011347726103849709,0.8933573365211487
23,27866_ece3076e_109,0.0002693733258638531,0.9575234055519104
24,92134_52f13f49_6,0.0001609473692951724,0.9072445631027222
25,23342_7193a931_1,0.00010763491445686668,0.850610077381134
26,126572_a2d6f794_14,3.580972816052963e-06,0.6400035619735718
27,44344_3e0b0b0c_1,1.5676823750254698e-05,-1.1711969375610352
28,49331_3bf3bb84_4,0.00020676039275713265,0.996215283870697
29,33971_46bb0373_0,0.0006214587483555079,0.9206167459487915
30,21517_bfe35b4c_1,0.00013134462642483413,0.809496283531189
31,23165_369d62aa_6,0.0004163299163337797,0.9949783682823181
32,81846_2907c980_0,0.0009593901922926307,0.9574130177497864
33,24168_a0ede173_111,0.0009693370666354895,0.9042586088180542
34,53461_a5942665_1,0.0004003187350463122,0.9851526618003845
35,24907_c72322ea_13,0.0006911320961080492,0.7392117381095886
36,133424_315bcaeb_7,0.00011245557834627107,0.8544778823852539
37,40490_916e13fe_0,0.0005278394091874361,0.9835590720176697
38,38000_b5822e44_3,0.0010564661351963878,0.9839881062507629
39,138520_f4e0bc0b_63,6.727858271915466e-05,0.9358131289482117
40,61294_9255796d_3,5.1348699344089255e-05,0.9039193987846375
41,22176_272891b8_0,0.0006602094508707523,0.6651058197021484
42,24815_4f2a57e4_1,0.0010822787880897522,0.9682202339172363
43,113343_e692c488_1,6.58953285892494e-05,0.9005587100982666
44,33995_18423507_1,0.00031509128166362643,0.5755432844161987
45,127897_029949fd_6,0.00030190625693649054,0.9939631223678589
46,123181_4e56fb4f_0,0.0005354980821721256,0.9922422170639038
47,22670_9353c710_1,1.7185670003527775e-05,0.8952649831771851
48,128642_4d72bf31_2,0.00029565938166342676,0.839840292930603
49,146667_fe438b5b_6,0.004123445134609938,0.7481870055198669
50,38260_2a31c6df_2,0.001590220257639885,0.7758859395980835
51,24443_996411f9_3,0.001075594569556415,0.9755914807319641
52,142074_34e02b6d_1,0.0004051213327329606,0.8786718845367432
53,41501_b627682a_15,0.0006058331346139312,0.9470580816268921
54,24712_da77fe8f_0,0.00045094717643223703,0.9915629029273987
55,32960_0eaa1de8_26,0.0007474652375094593,0.9861553907394409
56,130757_b2c47f8d_2,4.122262907912955e-05,-0.23200786113739014
57,104817_6d73dc41_0,0.0017787833930924535,0.8007106184959412
58,79243_49539d9f_0,0.0012183418730273843,0.9737523794174194
59,82012_c533307b_1,0.00014117517275735736,0.8684903383255005
60,107649_e651c5ca_1,5.2799681725446135e-05,0.6318026781082153
61,40997_e3c88650_12,0.0009498572908341885,0.975635826587677
62,143029_70554264_4,0.0009024727623909712,0.8766342401504517
63,27054_342fcf5c_3,9.902250894811004e-05,0.896649956703186
64,41648_577daf16_17,0.00018315407214686275,0.9306670427322388
65,89720_4e65191c_1,0.0006096396245993674,0.985231339931488
66,75382_1b589ea9_12,2.2817439457867295e-05,0.9347738027572632
67,120371_433ba1ca_2,0.0002999961143359542,0.9738367199897766
68,49024_b7f02205_13,0.0009086758363991976,0.9598650336265564
69,51022_47816098_7,0.0018259170465171337,0.9812505841255188
70,41634_4f5d0edb_0,4.009293479612097e-05,0.9198297262191772
71,23170_6ea8ded5_3,0.0005061111878603697,0.991530179977417
72,69589_cd2fa794_8,0.002176609355956316,0.857679545879364
73,41504_85e300ee_0,0.0026876796036958694,0.6330252885818481
74,128996_42176b10_0,0.001542610232718289,0.8751440644264221
75,38920_e81879c2_7,4.205484583508223e-05,-49.58024597167969
76,148051_c59af578_6,0.00034484328352846205,0.9906082153320312
77,65494_16d62db5_0,0.00011128770711366087,0.8508740663528442
78,25473_0991d519_0,0.0008615234983153641,0.979759693145752
79,75270_25a261ef_5,0.00035252192174084485,0.9648255109786987
80,49613_1b97c07b_12,4.705149694927968e-05,0.5002728700637817
81,115633_a2c63339_1,0.00015440111747011542,0.9543312191963196
82,52366_63042db4_1,0.0004936489276587963,0.9887647032737732
83,30282_88c6933c_5,0.001152292126789689,0.8621479868888855
84,53474_f29e4438_12,0.0007177654188126326,0.9765014052391052
85,24026_1dd4094b_21,0.0007738408166915178,0.9117280840873718
86,21225_c081eae3_2,0.0013355634873732924,0.8234661817550659
87,35057_9af89947_8,0.00026118458481505513,0.7901940941810608
88,43529_4804941b_20,0.0007671080529689789,0.9766222238540649
89,22103_fd11c71b_3,0.00026170836645178497,0.9673206210136414
90,51536_a18dc325_0,0.0005306766252033412,0.9718359708786011
91,24230_636208ab_13,0.0003562188649084419,0.781252920627594
92,41117_1b3271f2_56,0.002691658679395914,0.9584365487098694
93,140499_419d5823_0,0.0005079872789792717,0.9560881853103638
94,115524_a949e82c_2,4.07582992920652e-05,0.8412296175956726
95,29833_0ed4880f_3,0.00045417677029035985,0.9918282628059387
96,127556_4823a42a_6,0.00023420757497660816,0.9606583118438721
97,23960_48cc0f21_19,9.315542411059141e-05,-0.30630171298980713
98,132987_ba18d2eb_11,0.0001469201233703643,0.7186675071716309
99,51337_f8636fd9_30,4.4885880924994126e-05,0.9492849111557007
100,40999_cad6be09_18,0.0014926580479368567,0.9647099375724792
101,136886_99fbdef3_0,6.19741331320256e-05,0.8936488628387451
102,30447_4ed3b778_7,0.0009855615207925439,0.996368944644928
103,55811_bc667b2d_13,0.003085140138864517,-0.17450642585754395
104,41716_d55164d4_1,0.00018498107965569943,0.9352619647979736
105,33610_aa697fc9_6,0.0005604399484582245,0.9586324691772461
106,55095_fa260d33_6,0.0011302619241178036,0.9702070355415344
107,115639_bc0cc622_0,0.0016632715705782175,0.8782206773757935
108,20841_1620ae7d_0,0.0007318846764974296,0.8992385864257812
109,50823_d1830e58_2,0.0017694745911285281,0.649721622467041
110,109762_cb162371_48,0.00044946905109100044,0.8420554399490356
111,41387_5f752e39_23,0.001330064726062119,0.9508118629455566
112,121540_629c716f_0,0.0006068276707082987,0.9743117690086365
113,118539_1dff9cf9_12,1.8207903849543072e-05,-0.331640362739563
114,30714_dafa62f6_2,0.0017923967679962516,0.9765499830245972
115,79633_bbbde75f_0,0.0011137538822367787,0.9728370308876038
116,33059_531cfd5e_11,0.0005595482070930302,0.90842604637146
117,20697_d3e106b4_4,3.1654941267333925e-05,0.7341449856758118
118,136062_0027ff97_6,0.0005935565568506718,0.9452390074729919
119,146291_6b0c8db3_1,0.01269925944507122,0.7044552564620972
120,45466_5f662bcb_0,3.838700649794191e-05,0.9209615588188171
121,144500_7f600ab6_0,0.00045034781214781106,0.9583550691604614
122,44996_b3e9c266_4,0.00011671676475089043,0.9753473401069641
123,40713_4c9264ef_0,0.00034950693952851,0.9533675909042358
124,132384_0fcab1fa_13,0.0005146408802829683,0.4463613033294678
125,33738_77d49563_2,0.000205219752388075,0.7614591717720032
126,129422_621d0a90_33,6.551195110660046e-05,0.969167172908783
127,115633_fd3c9b97_32,4.6020748413866386e-05,0.8114215135574341
128,69337_a122ffde_1,0.0004636631638277322,0.9526103138923645
129,37241_29f91452_0,0.00047757886932231486,0.9889519810676575
130,141199_9ae000ef_6,0.0007502973894588649,0.36578482389450073
131,147133_92c04b84_4,0.0006808245670981705,0.401206374168396
132,77687_cbb18594_50,0.0008852468454279006,0.38896334171295166
133,144290_2a679085_11,4.348508082330227e-05,0.8719301223754883
134,130825_c59bbbfb_0,0.0010944684036076069,0.9719917178153992
135,82512_252da752_6,4.13433626818005e-05,-62.96261978149414
136,115624_d0acb46b_24,0.0005214994889684021,0.9943416714668274
137,92134_52f13f49_7,0.00016930537822190672,0.8937776684761047
138,100326_0602c712_7,6.349795148707926e-05,0.8999069929122925
139,134630_f9e85072_0,0.0007567352731712162,0.8257937431335449
140,108943_b07b2543_1,0.0013226063456386328,0.7818988561630249
141,125416_ab456bc3_5,0.0011964725563302636,0.898417592048645
142,57222_33b428d7_69,0.00020373363804537803,0.7962355613708496
143,24650_dad8c8ee_13,0.0011740265181288123,0.9791970252990723
144,41749_14d0599c_1,0.0002292355493409559,0.9658998250961304
145,49396_98ab955d_27,9.677803609520197e-05,0.9368165731430054
146,136892_e2a0b32c_4,5.6012031564023346e-05,-0.44027626514434814
147,31962_e5291336_28,0.0007036291062831879,0.9846437573432922
148,34231_e27353cb_0,0.00013161139213480055,0.86162269115448
149,112724_d334de09_0,0.0022433861158788204,0.9651320576667786
150,56486_82b3e23a_21,1.1409118087613024e-05,0.8673295974731445
151,40500_6055e3d7_17,1.321530271525262e-05,0.5554276704788208
152,39468_15fb2e60_43,0.00023839599452912807,0.6110076904296875
153,141710_17531562_7,0.0008031453471630812,0.9773012399673462
154,33529_756075a0_12,0.0005848479922860861,0.8854279518127441
155,54169_3a875f10_8,0.0013411708641797304,0.9646252989768982
156,41023_5445cb61_9,9.606707317288965e-05,0.9155115485191345
157,146380_5c569eeb_2,0.0009540843893773854,0.4872053861618042
158,24195_9791f5d3_38,1.726897244225256e-05,0.6594638824462891
159,26573_7f7e176d_2,0.001097112544812262,0.9902689456939697
160,22734_f6bad9f7_25,0.0018151607364416122,0.9707536697387695
161,48112_9538e204_0,0.0002704181824810803,0.9946321845054626
162,127545_6fa39158_10,0.0023809231352061033,0.9814853072166443
163,23788_5c0b60c6_0,0.00025997275952249765,0.863491415977478
164,23792_5b4c1ce0_21,0.0008007616852410138,0.9747327566146851
165,146067_46e58ab3_1,0.0038176006637513638,0.9757792353630066
166,101072_dec6f415_3,0.00016572965250816196,0.9240309000015259
167,22829_b6649a29_0,9.086557838600129e-05,-0.5066503286361694
168,55389_a736bd99_0,0.0005126564064994454,0.7276795506477356
169,30259_d709601c_9,0.0024844093713909388,0.9292247891426086
170,35866_d0233b36_13,0.0001500317157479003,-0.5931183099746704
171,34563_52848c45_5,0.00010962878877762705,0.9556251764297485
172,44519_90af0df6_7,0.0009050282533280551,0.7359923124313354
173,114111_59282658_8,0.00030779442749917507,0.8946782350540161
174,45922_26941172_15,0.0016615309286862612,0.9721863269805908
175,41303_bd1def52_3,0.0002122310543200001,0.9463367462158203
176,22053_de30641b_1,4.551426900434308e-05,0.3032705783843994
177,22298_51433023_4,0.0011656912975013256,0.974602222442627
178,23479_81a49137_0,0.0008093177457340062,0.705994188785553
179,22225_a3ce4d29_37,0.0020131892524659634,0.9721273183822632
180,135669_490cd2d7_14,0.005420595407485962,0.7092565298080444
181,32173_8b075b1a_4,0.0015441123396158218,0.974989116191864
182,145119_24107428_5,0.0011770259588956833,0.9107187986373901
183,41774_88a7a483_36,8.82374297361821e-05,0.9546506404876709
184,133549_1b6c58d6_0,0.000892343872692436,0.9810078740119934
185,40936_6de8f4f4_0,0.00631440756842494,0.960609495639801
186,23008_3d1bb7b2_0,0.0009825993329286575,0.9859016537666321
187,38360_ad61c9b2_1,0.00020764567307196558,0.8650882840156555
188,136109_3d342d3c_2,0.0005828485009260476,0.9765680432319641
189,135790_a27f9deb_11,9.229209535988048e-05,0.8855493068695068
190,140249_7c1c5bba_0,0.00024729498545639217,0.6989709138870239
191,128996_a3d026d6_0,0.002458749571815133,0.4961385726928711
192,23235_f9ccb8b0_0,0.0007355622365139425,0.4199258089065552
193,93671_f7290ded_0,0.0002818803768604994,0.8329668045043945
194,51109_97b211c3_7,0.0012102366890758276,0.8520878553390503
195,51916_fa226b15_13,8.796188922133297e-05,0.8099383115768433
196,86268_094d3fab_1,0.0005021229153499007,0.9899596571922302
197,39637_ca6a9a60_1,0.0021210734266787767,0.7376848459243774
198,47219_93cb3619_3,0.0036946272011846304,0.9349247217178345
199,47878_0edb6829_0,0.0002155020774807781,0.9961674213409424
200,26764_ab35159a_6,0.0023852947633713484,0.9047894477844238
201,34341_d19b12fb_12,0.0001356518332613632,0.8506225943565369
202,118342_c702e084_6,0.000623190775513649,0.9857642650604248
203,49886_dd68dccb_4,0.0010703461011871696,0.9189579486846924
204,23493_57512264_5,0.0001039821800077334,0.6721841096878052
205,31751_e37382e1_5,0.0010779926087707281,0.9723876118659973
206,24338_848cab42_6,0.002474481239914894,0.8045063018798828
207,24916_42eacca3_10,0.00042741099605336785,0.7690824866294861
208,137485_a953e1be_2,0.000296954094665125,0.9940623641014099
209,23706_ef15ef9c_18,0.0018144656205549836,0.8796413540840149
210,143671_eaf4d13b_6,0.0019217052031308413,0.970679759979248
211,53470_39f2e9dc_13,0.00035087880678474903,0.5553336143493652
212,145772_59253c6d_3,8.427941065747291e-05,0.8812423944473267
213,51893_d531e2bd_2,0.0005585209000855684,0.9878391027450562
214,39389_d641313f_8,0.003669091733172536,0.8600016832351685
215,51595_41f3d1a3_5,0.00011078834359068424,0.8948218822479248
216,51674_a70c1c6c_15,0.00025457493029534817,0.0301438570022583
217,37617_3f415463_5,0.00019041199993807822,0.8555790781974792
218,31862_a89f21f9_3,0.0005288817337714136,0.9842826128005981
219,40519_55a097c6_11,0.000853178440593183,0.9502550363540649
220,111306_9108c940_0,0.0013025703374296427,0.7507266998291016
221,136640_16741d62_4,0.000548457377590239,0.6267726421356201
222,23155_d7305c5f_2,0.0035890715662389994,0.9273011684417725
223,43934_912ff891_41,0.00015124742640182376,0.2790079116821289
224,57017_6033d1e5_0,0.0005533115472644567,0.9721437692642212
225,126913_d253adb7_1,0.0007301524747163057,0.7080011367797852
226,130752_52d74f2f_48,0.0011204672046005726,0.9244687557220459
227,124177_71283cad_0,0.00029189817723818123,0.977491557598114
228,24650_dad8c8ee_18,0.0006401400314643979,0.9836365580558777
229,55199_4d57661f_2,0.00163041811902076,0.9023926854133606
230,115010_eb737aaf_20,0.00021714756439905614,0.9958418607711792
231,27855_19c5895a_12,0.0005840149824507535,0.6936861276626587
232,52772_a6e6e320_0,0.00026292685652151704,0.6471539735794067
233,90917_3d2d21a9_0,0.002290532225742936,0.9476131200790405
234,40703_5f4e45d4_7,0.0005768844857811928,0.988555908203125
235,132622_911efd2f_1,0.0020523848943412304,0.9692789316177368
236,43441_e1ab0873_6,0.01433604210615158,0.7736822962760925
237,34917_61633e20_6,0.0007691889768466353,0.9833239912986755
238,67221_275ba7e6_4,0.0005071602063253522,0.9898267984390259
239,130719_e4764a36_10,4.8706107918405905e-05,0.8937906622886658
240,136318_130d6a06_20,0.0007054227753542364,0.9356573224067688
241,99636_73c43ebd_10,0.0004980259109288454,0.9865619540214539
242,29377_3a04cb8d_6,0.0006830724887549877,0.9003472328186035
243,23018_63087a41_47,0.0006366231827996671,0.9825741052627563
244,26165_100fec74_4,0.00028555982862599194,0.10148811340332031
245,135934_d2f6bb2e_46,0.00021937249402981251,0.8935084939002991
246,24039_448afafa_5,0.0008755280287005007,0.957804262638092
247,32775_a79b406b_14,0.0014204168692231178,0.8190136551856995
248,23686_cba4f679_0,0.0007085035904310644,0.932807207107544
249,35147_bc9f2c5d_0,0.0013334389077499509,0.7847415208816528
250,136337_1351909b_2,0.003940804395824671,0.9063960313796997
251,139222_2c10ca9a_1,0.0010764019098132849,0.9074004292488098
252,139379_fe5c3f64_0,0.00019820079614873976,0.9926928877830505
253,33084_344fec27_2,0.0005274853319860995,0.9900708198547363
254,24775_d5c98d77_0,1.8352071492699906e-05,0.43426740169525146
255,56344_3a89f085_23,0.00023627476184628904,0.9781019687652588
256,135112_cf8007b8_5,0.0017215001862496138,0.9576117396354675
257,50706_20d07d57_2,0.003058247733861208,0.9706937074661255
258,51744_cd355565_5,0.0014933549100533128,0.9552711844444275
259,51464_da501c24_0,0.0010955680627375841,0.7840626835823059
260,126572_a2d6f794_23,5.880492608412169e-06,0.7964781522750854
261,70021_e673ae54_2,0.00010427943925606087,0.8497504591941833
262,25144_31b089b6_5,0.0003228676796425134,0.8537567853927612
263,24715_55aac5f2_2,2.5282073693233542e-05,-1.1047301292419434
264,24532_f82f8000_2,0.0013736860128119588,-0.11205148696899414
265,30664_a3084f71_1,0.001064046286046505,0.5551352500915527
266,81145_5c13a8e9_1,0.0004985354607924819,0.4907957911491394
267,132037_2abb8c63_10,3.0473695005639456e-05,0.8599181175231934
268,50414_ac159b58_2,0.0008900313405320048,0.9676535129547119
269,21601_360ce1c7_7,0.0004906660760752857,0.9910828471183777
270,22119_27e3ecbe_9,0.0006645769462920725,0.9793918132781982
271,145120_74f7316f_0,0.0025957420002669096,0.8826426863670349
272,74574_c302ff1f_0,0.00024111836683005095,0.683308482170105
273,52443_085efc00_4,0.0002744086959864944,0.9103370904922485
274,147546_ede0f31c_3,0.004346565809100866,0.9060066938400269
275,22492_047b125b_21,0.0013232078636065125,0.9692891836166382
276,72313_5a86e234_0,0.014996699057519436,0.7135251760482788
277,45589_49e3c7ea_2,0.0002802936942316592,0.9915480017662048
278,83432_a7f85698_0,0.00028086997917853296,0.9936913251876831
279,32775_a79b406b_0,0.00010015731095336378,0.035475730895996094
280,121703_69c4a5ac_3,4.5747176045551896e-05,0.8342438340187073
281,80901_e9080573_6,0.0010656670201569796,0.9584121704101562
282,21809_8bd6b10e_3,0.0030354312621057034,0.933190107345581
283,49396_98ab955d_15,0.0005783265805803239,0.9448570013046265
284,33766_14917a4a_19,0.0006557731539942324,0.985409140586853
285,26661_ab88a525_8,0.00035392152494750917,0.990078330039978
286,44030_17bd5ec9_0,0.0005609919899143279,0.3103688359260559
287,53221_74fa81cd_7,0.0003498606092762202,0.6975746154785156
288,21887_3306168f_7,0.0017306818626821041,0.827555239200592
289,86185_85fde9e6_0,0.0010417042067274451,0.8407959938049316
290,87951_500b1dcd_2,0.000122947632917203,0.8683841228485107
291,22276_69c5036b_11,0.001993197249248624,0.9478505253791809
292,41721_44151488_5,0.00172505434602499,0.8402700424194336
293,102293_5d04e48d_0,0.0033002495765686035,0.843416690826416
294,77687_cbb18594_20,7.534131145803258e-05,0.8954912424087524
295,133248_1bab99ae_0,0.0015568904345855117,0.3136897683143616
296,24051_4852a192_2,0.0006127619417384267,0.9789679646492004
297,86806_2993395a_1,0.00021428876789286733,0.8180833458900452
298,38558_b0d6b3f8_1,0.0005219302256591618,0.9892875552177429
299,140549_7d01813c_0,0.0016903841169551015,0.946377694606781
300,24559_3c306e71_1,0.0008543514413759112,0.8685928583145142
301,70350_751de4b0_13,0.0014079667162150145,0.4264724850654602
302,39101_23fec10f_8,0.0018181506311520934,0.8065690994262695
303,24942_9d1b2ff2_8,0.0012768347514793277,0.9851176142692566
304,30850_05d88af9_3,0.0020094916690140963,0.9665845632553101
305,113358_08641c94_4,0.0015404450241476297,0.9521318674087524
306,21234_8b71bd47_27,0.00038528055301867425,0.8606142401695251
307,26245_4aac38e1_21,9.852211951510981e-05,0.7714153528213501
308,66072_d301cc88_0,0.0008025389397516847,0.652938723564148
309,21894_93f0d052_23,0.0005542504950426519,0.9452551007270813
310,147816_7fb70c2b_2,0.000780333939474076,0.9181517958641052
311,49120_4131d1e7_1,0.00017780509369913489,0.9644021987915039
312,52224_ca16c854_4,0.001480962266214192,0.7885186076164246
313,105762_19e04e0b_1,0.0001918253256008029,-0.5142927169799805
314,30400_8824ce97_36,0.0012288761790841818,0.8229959011077881
315,95199_ffcff41e_0,0.0003073037078138441,0.6851438283920288
316,50417_199cffee_3,0.00018340953101869673,0.8572526574134827
317,24544_d06c82dd_5,0.0004449438420124352,0.9926365613937378
318,22604_565b91f5_2,0.00029843352967873216,0.9875484108924866
319,22788_b6a9e30a_4,0.00014033283514436334,0.9649317264556885
320,45789_d5126eab_14,0.0011673016706481576,0.7615503072738647
321,37267_b2be4b50_3,3.5829234548145905e-06,0.6394758820533752
322,34330_5eff1ee1_3,0.000633098476100713,0.9261146187782288
323,137999_d934160e_1,2.6288978915545158e-05,0.7966407537460327
324,134921_f5efde94_27,0.0001415728183928877,0.8698375821113586
325,53470_39f2e9dc_8,7.240787090267986e-05,0.18767952919006348
326,23497_f292546d_25,0.0012587393866851926,0.947684645652771
327,22289_4b848f64_2,0.0005574981914833188,0.9244948625564575
328,31392_84b62622_2,0.0005923550925217569,0.9506325125694275
329,51347_1fc6f329_0,0.0009682006784714758,0.7824981808662415
330,50777_2934de55_6,0.00020404820679686964,0.9927202463150024
331,32841_954e8c1a_0,4.582751716952771e-05,0.9527198076248169
332,31530_6744ae73_3,0.00046916663995943964,0.99311363697052
333,65827_d1469ad6_1,8.702460036147386e-05,0.34874117374420166
334,145461_30637b22_8,6.122642662376165e-05,-1.4472737312316895
335,31973_093ea963_13,0.00020862701057922095,0.9187834858894348
336,70355_e5f58cd5_14,0.0006072961259633303,0.9407735466957092
337,77687_cbb18594_40,0.00020171426876913756,0.10880464315414429
338,24392_fce351ea_0,0.00017701154865790159,0.9051042795181274
339,36853_7efccb8c_3,0.0005034011555835605,0.9312927722930908
340,41644_d15f8e2b_5,9.701075759949163e-05,0.500080406665802
341,131762_9b5e5ff5_2,0.0017470677848905325,0.8944957852363586
342,82193_96ef9433_2,0.0005597484414465725,0.9912770390510559
343,31347_386f6298_15,0.001478490186855197,0.9652359485626221
344,34568_fbe47bf9_0,0.0002127231564372778,0.39107000827789307
345,115624_fe3eb392_3,0.0017893356271088123,0.9590511322021484
346,130446_e7b58dbe_0,0.002414796967059374,0.9025731086730957
347,104641_2cd02839_33,3.1681098334956914e-05,0.9307878017425537
348,31460_39fdfc6a_7,0.0011440189555287361,0.7424964904785156
349,95541_ced8f936_0,0.0009660511859692633,0.979179322719574
350,23126_725969ea_17,0.0005545950843952596,0.9414042234420776
351,23676_52069f98_5,1.9890203475370072e-05,0.9250972270965576
352,137637_ed9c537d_0,0.00042947768815793097,0.8938054442405701
353,22474_b10fea1a_2,0.0005504274158738554,0.9866675734519958
354,143017_21d96cc2_10,0.0007772626122459769,0.8879505395889282
355,105270_34f92afd_1,7.225017179735005e-05,0.8986636400222778
356,95622_0a0787e4_4,0.0006750194006599486,0.9899181127548218
357,55854_13f0399b_0,0.002306874841451645,0.9503489136695862
358,22118_1e09e0eb_5,0.0007701691356487572,0.967153012752533
359,146717_3e6a84c1_7,0.001780546735972166,0.9733105897903442
360,63132_330141d7_3,0.00041605837759561837,0.9156211018562317
361,115633_fd3c9b97_46,7.236730016302317e-05,0.85094153881073
362,21644_aa203dc5_29,0.00033035653177648783,0.9189126491546631
363,79791_00f639ca_15,0.0003054696717299521,0.994857132434845
364,60711_42b5a13e_1,0.0006164718070067465,0.9317300319671631
365,137483_cdb8989d_0,0.0008580844150856137,0.9820842146873474
366,21644_aa203dc5_26,0.0008171871886588633,0.8589611649513245
367,131876_b2384623_0,0.0010839632013812661,0.30012136697769165
368,23706_ef15ef9c_10,0.00039867646410129964,0.9390090107917786
369,68948_0d2a01cd_9,0.0019758103881031275,0.9445846080780029
370,145137_4e9eef42_1,0.001103987917304039,0.7779611349105835
371,30426_2cde26de_20,0.0017946143634617329,0.9795788526535034
372,31378_34c52a73_0,0.0002693146525416523,0.9252337217330933
373,92134_52f13f49_4,0.00019196530047338456,0.8704440593719482
374,119634_fc722479_1,0.0009412983199581504,0.9870492219924927
375,24032_d6172503_24,0.0006122171762399375,0.7436755299568176
376,136401_69f29349_4,3.0288110792753287e-05,0.530049204826355
377,41871_f9a1ad02_26,0.0004390871326904744,0.966659665107727
378,48220_87941c4e_116,0.001178440754301846,0.825611412525177
379,115012_9ed88535_2,0.000937148928642273,0.6256927251815796
380,69488_025cf0a2_1,0.0032546413131058216,0.9779369831085205
381,147427_69f68da4_3,6.639926868956536e-05,0.8159658312797546
382,33766_14917a4a_32,0.000714018358848989,0.9743152260780334
383,51747_3d58eae0_0,0.0004158939409535378,0.9441567659378052
384,33785_a4c23f61_0,0.007300820201635361,0.9724570512771606
385,114935_797875fe_2,0.0021676921751350164,0.9211387634277344
386,51775_49ef614a_26,8.505560253979638e-05,0.8487725257873535
387,38196_ea48fa42_3,4.480888674152084e-05,0.47581255435943604
388,140413_44177109_21,1.0206505066889804e-05,0.8132120370864868
389,27676_79237cc5_1,0.0005673739942722023,0.8143854141235352
390,52883_e518d3f4_33,0.00026664696633815765,0.9947472810745239
391,34347_841c5375_2,0.00013171248428989202,-1.6780054569244385
392,55289_292737cb_0,0.00038111754111014307,0.9926832318305969
393,50606_82cb18e2_0,0.0006332838675007224,0.9751108288764954
394,30407_efa567f2_4,0.000959798926487565,0.9768570065498352
395,31647_ab9ad9dc_13,0.0005854159826412797,0.9432857632637024
396,24896_58b4730f_17,0.00036546558840200305,0.9318351149559021
397,23602_5daaccf5_4,0.0010694516822695732,0.9253034591674805
398,27725_5cceaeb7_10,0.00013616991054732352,0.7171040773391724
399,127734_395dcf7d_5,0.0011298730969429016,0.816274881362915
400,31957_d864f861_3,0.0008433653274551034,0.8281359672546387
401,49415_1671b60c_4,0.00046356904204003513,0.5665469765663147
402,45110_fae73324_4,0.00038756788126192987,0.9793171286582947
403,22343_34184fd5_18,0.00016348202188964933,0.37761473655700684
404,22848_cc91b848_38,2.1112497051944956e-05,-23.337017059326172
405,73652_23b21ef2_1,0.004020939115434885,0.9191445708274841
406,65569_bd890a32_1,8.129622437991202e-05,0.2202206254005432
407,48220_87941c4e_111,0.0021361573599278927,0.6258796453475952
408,30394_e30f932c_0,0.0012651140568777919,0.927613377571106
409,21941_1a683ec2_26,0.0004913994343951344,0.9794800281524658
410,25564_e646fcb3_1,6.778705574106425e-05,0.7710744142532349
411,134053_87a32e31_3,7.058145274640992e-05,0.807407796382904
412,87950_af56e26e_2,0.00033092236844822764,0.97577965259552
413,51458_54240b70_17,0.0001300930744037032,0.8563063144683838
414,40688_effe215a_1,0.0009942968608811498,0.9753780364990234
415,131494_c8a441d0_0,0.000389226945117116,0.9242058992385864
416,26768_c4df841f_21,0.00031436243443749845,0.63176029920578
417,136892_2d5f55a9_0,0.00419505825266242,0.08007180690765381
418,54652_d60ac3e0_10,0.001566304243169725,0.9150230884552002
419,51747_3d58eae0_1,0.00044298599823378026,0.8189091682434082
420,54650_df3655c1_0,4.320378866395913e-05,0.5268074870109558
421,41125_711db4bf_58,0.0005553129012696445,0.9382309317588806
422,45418_f603706b_2,0.00028543424559757113,0.9278043508529663
423,21852_6cf9a734_18,0.003907874692231417,0.9665991067886353
424,122515_758d8b70_6,3.957742592319846e-05,-31.68252182006836
425,104081_05ba54fa_2,0.00043625987018458545,0.8167793154716492
426,41672_cf87e0b6_0,0.0002904671709984541,0.9551697373390198
427,22638_37f9fe91_1,4.4811979023506865e-05,0.8676109313964844
428,24559_3c306e71_3,0.0005054504727013409,0.9081932306289673
429,31589_ac31215d_8,0.00018249433196615428,0.9034295082092285
430,49603_143b8bd2_35,0.001527481945231557,0.8791064023971558
431,127965_c64a91da_0,0.000540372624527663,0.8601483702659607
432,36062_f2fb6808_1,0.00011161686416016892,-0.03156328201293945
433,139280_8874b1ab_18,0.00010733271483331919,0.8968624472618103
434,30997_24dea167_4,0.002148778410628438,0.8061792850494385
435,143471_eb185912_5,1.8660841305973008e-05,0.8089314699172974
436,23176_1bf2a2d5_10,0.0010432321578264236,0.9568689465522766
437,98299_b8146029_5,0.00033598090521991253,0.9709028601646423
438,23466_1cf60d09_4,0.002036446938291192,0.9430568218231201
439,41591_2d0bd0d5_3,0.00121544417925179,0.9572731256484985
440,134929_9049dcec_1,0.00017700926400721073,0.9050840139389038
441,41785_e8bf0528_0,0.0008681108010932803,0.962172269821167
442,31460_39fdfc6a_6,0.0007486831746064126,0.9839666485786438
443,133710_00be7f31_1,0.0020278342999517918,0.7673196196556091
444,24532_f82f8000_0,0.000464742595795542,0.897774338722229
445,21234_8b71bd47_3,4.850729601457715e-05,0.9265711307525635
446,35175_6edc4126_5,0.0007157704094424844,0.9792588949203491
447,20495_e8e7e80c_1,0.00013264475273899734,0.8453356027603149
448,76546_c17e95aa_2,8.108960901154205e-05,0.5230165719985962
449,41654_e75f89df_0,0.0005081330891698599,0.9724205732345581
450,109772_f1a0845e_6,0.00022706273011863232,0.8687989711761475
451,34913_d23e2a24_0,0.0007668575854040682,0.9573946595191956
452,25203_1cc0cb3c_12,0.0009459209977649152,0.9842134118080139
453,37160_2a95674a_4,0.0008854909683577716,0.9421964883804321
454,69240_dc199112_4,0.0007032194407656789,0.8664255142211914
455,25176_d9130589_0,0.00037233324837870896,0.9510660171508789
456,69235_fe79a369_0,0.00020421492808964103,0.5413645505905151
457,39468_15fb2e60_9,0.0004900471540167928,0.9289066195487976
458,103284_e25015aa_6,0.00022668851306661963,-0.806676983833313
459,30377_e18ea3de_0,0.0002516584354452789,0.7961244583129883
460,66080_f578d52b_4,0.000412939116358757,-1.122392177581787
461,37444_52b27e94_14,0.0006146817468106747,0.9063870310783386
462,38675_6e07d74b_31,0.0007725024479441345,0.9755564332008362
463,21680_360ba5c7_28,0.0005638543516397476,0.9589182138442993
464,142032_5c32b7db_2,0.0007110395818017423,0.9869068264961243
465,44210_a155c2d1_0,0.004818263463675976,0.8927434086799622
466,38287_88ec74de_92,0.0004628786991816014,0.9316656589508057
467,29572_2f9283f2_4,0.00121777574531734,0.9092875719070435
468,28300_b3a6ab79_10,0.00045422097900882363,0.9842939972877502
469,136129_e6a20c7d_5,5.94255980104208e-05,0.908821702003479
470,119381_e4d13609_0,0.0005315385642461479,0.979889452457428
471,30729_b4d83b07_4,1.203988904308062e-05,0.752763032913208
472,140413_44177109_11,0.0006038512801751494,0.9715996980667114
473,26384_83eddf22_0,0.0009694905602373183,0.9259799122810364
474,82285_e7a738e7_2,0.006360203493386507,0.47023361921310425
475,108599_347602af_0,0.003249677363783121,0.8989442586898804
476,119889_41a6f268_1,9.006581967696548e-05,0.8670842051506042
477,55006_94230c00_1,0.0007406133809126914,0.9768457412719727
478,21517_bfe35b4c_10,0.0002425948332529515,0.8885200023651123
479,20818_098cad7c_6,0.00011909006570931524,0.8724679350852966
480,41855_b82e6ae8_6,0.0003919379960279912,0.9546929001808167
481,137166_90691294_8,5.5680604418739676e-05,0.9630230665206909
482,69561_f274e705_26,0.0003052213287446648,0.9852848649024963
483,51579_d0c3e154_0,0.0008021164103411138,0.9660583734512329
484,23676_52069f98_4,0.0009878213750198483,0.9688954949378967
485,31962_e5291336_1,0.0008174933609552681,0.9758129715919495
486,57222_33b428d7_1,0.00017624777683522552,0.8691544532775879
487,51586_2ad96f8c_17,1.1746388736355584e-05,0.8587127923965454
488,41473_c2137170_32,0.0003745565772987902,0.9416239261627197
489,31123_9a1bfc50_2,0.0005257594166323543,0.9602965712547302
490,23211_3aac9c7e_0,0.0004853667924180627,0.9090578556060791
491,45798_b573e9da_5,0.003630339866504073,0.8128613829612732
492,27847_d2436f7c_37,4.914675446343608e-05,0.9431957602500916
493,54736_6ee1b513_1,0.00019836716819554567,0.8286199569702148
494,132901_7d205bb4_9,0.00035069952718913555,-1.3252015113830566
495,73762_8c704690_0,0.0008959424449130893,0.8791821002960205
496,23209_1592b0a4_1,0.0006247300771065056,0.9566748738288879
497,49024_b7f02205_2,4.2244919313816354e-05,0.8928954601287842
498,147630_7f858240_15,0.0005746042006649077,0.8987672924995422
499,69337_2c778611_11,0.0002783321251627058,0.8361661434173584
500,82498_92a00cd6_1,0.0007801618194207549,0.7582733631134033
501,78775_e2d8b091_1,0.0004256225365679711,0.9422708749771118
502,40067_95ae6c76_9,0.00034274053177796304,0.9632827639579773
503,80756_6f2e842f_0,0.00030773930484429,0.9373847842216492
504,25284_1da7aa8a_0,0.00032241237931884825,0.9362007975578308
505,55605_2f8bc12e_62,0.0003344171855133027,0.988562822341919
506,39792_60786b6c_15,0.0015863809967413545,0.9681528806686401
507,34063_0ca1585e_2,0.0007192259654402733,0.5338057279586792
508,31664_1e85c690_13,0.0004173113266006112,0.9880678057670593
509,131193_98f3ac52_1,0.0007645439472980797,0.6580443382263184
510,120221_e2eaa34b_2,0.0011861316161230206,0.5929924249649048
511,130286_1f71bfed_3,0.0007701998110860586,0.7705495357513428
512,118342_e8142153_21,0.00013538257917389274,0.9499690532684326
513,128043_9f8cd69e_1,7.659981929464266e-05,0.8944715261459351
514,41504_85e300ee_1,3.432458470342681e-05,0.8521992564201355
515,78863_d59be42e_0,0.0010222329292446375,0.8771127462387085
516,31733_5118b376_3,0.0035332527477294207,0.9747863411903381
517,22208_e177deb7_5,0.0009537790901958942,0.7721431255340576
518,24026_1dd4094b_43,0.00042939800187014043,0.6244604587554932
519,73388_10a40b49_1,0.0015276976628229022,0.9100672006607056
520,138219_cdff4f61_0,0.0006085855420678854,0.5983577966690063
521,49399_dc56d180_1,0.00045077595859766006,0.9915693998336792
522,41306_8f26e703_3,0.00015348081069532782,0.9471007585525513
523,51590_034b8b08_14,0.004338411148637533,0.9266319870948792
524,48402_8c965495_4,8.745808008825406e-05,0.8741921186447144
525,26388_a3367cba_0,0.002560825552791357,0.6807951331138611
526,28300_b3a6ab79_6,0.0004485822864808142,0.9849920272827148
527,43938_418421a7_0,0.0005141242290847003,0.766947329044342
528,41520_60018d18_0,3.191225914633833e-05,0.7702285051345825
529,137869_344b239b_0,0.00010554285108810291,0.7517342567443848
530,41648_577daf16_0,0.00580646051093936,0.7514496445655823
531,31347_386f6298_10,0.0005168693605810404,0.990218460559845
532,82190_24b1b0fe_12,0.0019357502460479736,0.6609933376312256
533,33741_4a973932_1,0.0011133239604532719,0.8154210448265076
534,42005_3da46d94_0,0.0003744159184861928,-7.383832931518555
535,132982_ee1eed2f_0,0.0005566535401158035,0.9762293696403503
536,23898_6e740393_29,0.00043600500794127584,0.14087480306625366
537,105831_88a0fb85_6,0.0002398415090283379,0.9947691559791565
538,31278_749a6317_0,0.0003517434815876186,0.7887170910835266
539,51586_2ad96f8c_4,0.0001725980982882902,0.921198844909668
540,57000_cd1ddece_14,0.0003017795388586819,0.8769939541816711
541,50692_e7ff2668_8,0.0013145204866304994,0.9532467722892761
542,65346_e89312e5_0,0.00019396020798012614,0.7068752646446228
543,38840_0e449caf_4,0.0009919620351865888,0.743817925453186
544,29573_ca59fbbf_5,0.0012265749974176288,0.9876344203948975
545,30164_c5680724_12,0.0012685550609603524,0.93305504322052
546,138620_e21e10ee_0,0.00020841242803726345,0.8223862051963806
547,50305_caf9cef2_34,0.0008214422268792987,-0.4213540554046631
548,83396_fdb2987a_0,0.0007943444652482867,0.9713625311851501
549,28379_7e292343_4,0.0014007377903908491,0.9691369533538818
550,33529_756075a0_32,0.00129281438421458,0.9039337038993835
551,109857_1d24326e_42,1.827366213547066e-05,0.08935874700546265
552,22772_2b5f6629_6,0.00031356720137409866,0.9948541522026062
553,34600_e2685d46_2,0.00033379902015440166,0.9878023266792297
554,122344_ab1b06aa_2,0.006463727448135614,0.8831483125686646
555,123573_5f5c9584_1,0.00034296276862733066,0.7233001589775085
556,35166_562b126c_20,0.00040902584441937506,0.9841675758361816
557,51350_138f893a_1,1.823503043851815e-05,0.8250988721847534
558,137785_67c3085b_16,0.0008567393524572253,0.9789169430732727
559,50417_199cffee_12,0.0017049388261511922,0.9176339507102966
560,22194_a5c323b9_3,0.0002775403263512999,0.9547200202941895
561,42329_df7f540f_18,0.0003940954338759184,0.9588949680328369
562,41779_25e4203d_6,0.0003417577245272696,0.4793265461921692
563,51094_40aa8332_20,0.0011694389395415783,0.9561092853546143
564,109762_cb162371_38,0.0012851656647399068,0.932346522808075
565,45922_26941172_9,0.0005502048297785223,0.9052731394767761
566,34587_ed155e93_0,0.0002707148087210953,0.9922220706939697
567,69589_a468c1b4_0,0.0012407723115757108,0.9738019704818726
568,44921_00dfb467_0,0.00023140694247558713,0.9435548186302185
569,82672_4705a693_0,0.00028984493110328913,0.8708712458610535
570,26778_a71e88a6_0,5.728192627429962e-05,0.8455933332443237
571,69488_7bfb2b67_0,0.00031322904396802187,0.9912962317466736
572,22686_afe3a61e_0,5.817279088660143e-05,0.6405953168869019
573,109772_5faa88e8_5,0.0005912798224017024,0.5955438613891602
574,43938_418421a7_147,0.0009762156987562776,0.8658897876739502
575,141694_b5ac3112_3,0.0015859261620789766,0.38873928785324097
576,31973_093ea963_16,0.00010850704711629078,0.9318737983703613
577,26858_e90dc419_25,1.8546308638178743e-05,0.8926737904548645
578,131350_bbdad30d_0,0.00012367364251986146,0.9294854998588562
579,35741_c43475b8_1,0.0005266646039672196,0.8164585828781128
580,30690_3df2c9e2_1,0.0008223530021496117,0.9298865795135498
581,122758_5f4efbf0_2,0.0006328406743705273,0.9583620429039001
582,37822_3be11c62_0,9.227008558809757e-05,0.9607677459716797
583,91174_ee6ee92b_1,0.0004769974038936198,0.8882448673248291
584,23676_52069f98_31,0.0013183746486902237,0.9867197275161743
585,27958_fee329eb_1,0.0002786183904390782,0.9244222044944763
586,144534_3b4fdb09_18,0.0023007614072412252,0.35711318254470825
587,30292_0b5e0265_1,0.005219749640673399,0.928943395614624
588,111062_e59e2d31_0,0.0050076148472726345,0.9430913925170898
589,135790_a27f9deb_77,0.000635197211522609,0.8762795925140381
590,65842_de75838b_10,0.0006213091546669602,0.8700253367424011
591,22475_9d9601a8_3,0.00021574053971562535,-0.20273971557617188
592,119884_192e3265_0,0.001094604842364788,0.8366314172744751
593,51463_3330e3aa_2,0.0009470939985476434,0.9017214775085449
594,23231_efe613bb_4,0.0011168670607730746,0.9427962303161621
595,22895_4533b542_2,0.0006795765948481858,0.8956186771392822
596,146219_5661130f_4,0.0008116033859550953,0.9823868274688721
597,38953_19054857_19,0.000657933356706053,0.4153043031692505
598,21847_b2de7eb8_24,0.0009491645032539964,0.9356767535209656
599,51603_034939eb_12,0.0007471595890820026,0.5394551753997803
600,24843_5231632c_4,0.00017216146807186306,0.8928913474082947
601,41982_f75ceb8f_4,5.9119945944985375e-05,0.5502651333808899
602,42937_c573c439_2,0.000132623448735103,0.4425143003463745
603,61288_2d594195_0,0.0005574438255280256,0.08361464738845825
604,55006_94230c00_0,0.0002260605397168547,0.7748755812644958
605,49898_f42a885e_5,0.0005505986046046019,0.9879993200302124
606,55709_af3825c8_4,0.0008804031531326473,0.971345067024231
607,144117_83c980ca_2,0.00022468114912044257,0.21786212921142578
608,40417_b8d98f73_7,0.00010704492160584778,0.9287691116333008
609,53200_d1e30b87_11,0.0003397711261641234,0.6274449825286865
610,147009_977ee378_4,1.564641934237443e-05,0.8618254065513611
611,63056_a5dfd66b_4,0.00019234650244470686,0.6524652242660522
612,22205_f48b96b3_10,0.0006919289589859545,0.8424291014671326
613,51585_b695905b_4,0.0010997052304446697,0.9756502509117126
614,24084_71f37c00_1,0.000536878767888993,0.8922520875930786
615,25815_0e853ad9_10,0.0006650867289863527,0.9584105014801025
616,55030_11a6e3e8_3,0.0035930874291807413,0.967532217502594
617,23042_1184de03_5,0.0004785425844602287,0.986074686050415
618,39719_e9629dbd_4,5.719994805986062e-05,0.37084221839904785
619,51256_ed221095_2,0.00010349015792598948,0.8843897581100464
620,25810_93c8a71a_3,0.0006328959716483951,0.9758027791976929
621,22208_e177deb7_1,0.0008464634302072227,0.9407704472541809
622,115624_d0acb46b_22,0.0004190877953078598,0.9934037327766418
623,30708_4282508b_0,6.139893230283633e-05,0.049671709537506104
624,31117_cd5cdbdb_12,0.00022303870355244726,0.903708815574646
625,41733_1ec9b00c_32,8.144391176756471e-05,0.7595736980438232
626,111387_c4243097_2,6.905922782607377e-05,0.9062038660049438
627,119869_e8f0dd81_19,7.962041127029806e-05,0.9400794506072998
628,34569_590239d6_0,0.0012850110651925206,0.9410146474838257
629,136318_130d6a06_23,4.7544035624014214e-05,0.9408175349235535
630,145132_7aea3b66_4,0.00175885867793113,0.9769790172576904
631,41878_3aeaed3d_0,0.0011533387005329132,0.812447190284729
632,34583_a1cf326b_0,0.0003328419988974929,0.9939084053039551
633,116581_d405b783_0,0.001988799311220646,0.9729788303375244
634,24044_9bbe7992_3,0.0001668934419285506,0.7916982173919678
635,22194_a5c323b9_2,0.0008776458562351763,0.9209039807319641
636,142076_08d80e12_21,2.8995053071412258e-05,0.8717156052589417
637,55817_6ac2912d_7,0.0001814932911656797,-0.9571595191955566
638,21165_5cb2d287_2,3.143995490972884e-05,0.9337512850761414
639,39796_45dcdc7d_0,0.00586705282330513,0.9239097237586975
640,33044_7fdd9213_1,0.0023699160665273666,0.9371982216835022
641,23731_3fe5b501_6,4.388528395793401e-05,0.9325409531593323
642,32743_f4c47bbc_31,0.0007802963955327868,0.9274668097496033
643,108775_4908fba2_21,0.0005053409258835018,0.9550915360450745
644,21941_1a683ec2_19,0.0007411311962641776,0.9453004002571106
645,27682_04277f62_18,0.0007079872884787619,0.9674864411354065
646,25815_0e853ad9_4,0.0003833032096736133,0.9752654433250427
647,30261_723e95cf_2,0.000978954485617578,0.9587388634681702
648,21385_601444ba_102,0.0016191544709727168,0.9238376617431641
649,30368_d7fd30ce_7,0.000250088021857664,0.9056849479675293
650,55605_2f8bc12e_3,0.0009595978772267699,0.8433520793914795
651,24650_dad8c8ee_15,1.2920500921609346e-05,0.5968869924545288
652,34227_48203345_7,0.0006546693621203303,0.9817483425140381
653,113348_ac85cba3_1,0.0010661245323717594,0.8855085372924805
654,26552_25c5924a_1,0.00021535446285270154,0.917535126209259
655,55381_cbaffe9b_0,0.0001720446889521554,0.9523733854293823
656,55817_6ac2912d_25,0.0006190296844579279,0.9835487008094788
657,138947_0778db40_4,0.0001466119138058275,0.9426655769348145
658,52788_07f7da63_0,0.00029661061125807464,0.9263704419136047
659,70355_e5f58cd5_6,9.195427264785394e-05,0.8451461791992188
660,51744_cd355565_8,0.0009615134913474321,0.8028702735900879
661,41227_90e1c07c_16,0.0013301431899890304,0.966503381729126
662,45359_1768ab3f_42,0.002384610241279006,0.7483353614807129
663,41783_d1c10326_3,0.00011758480104617774,0.6217320561408997
664,32960_0eaa1de8_13,3.52661227225326e-05,-1.5459346771240234
665,34674_32ee1595_3,0.0013500110944733024,0.9542110562324524
666,136885_23632908_1,0.000959544035140425,0.6575679779052734
667,136808_00592735_3,0.00041859023622237146,0.9089342951774597
668,45589_49e3c7ea_5,0.00022225253633223474,0.9954245686531067
669,141665_0564e852_3,0.001250547356903553,0.7013765573501587
670,50897_3be92e2f_18,0.0002989727072417736,0.9930182099342346
671,84256_4164b724_3,0.00011115230154246092,0.8933515548706055
672,22994_e6ad8f2b_10,0.0018089872319251299,0.9328619241714478
673,28295_0dc908b9_8,0.00019273509678896517,0.9396284818649292
674,23329_6939d5d9_5,0.00014763072249479592,0.8362298607826233
675,123665_0a0da5c7_3,1.4960231055738404e-05,0.883216142654419
676,121172_0ac63503_7,0.001067152014002204,0.7979156970977783
677,50941_2a8a8c76_0,0.0004421352641656995,0.9912320375442505
678,37846_cde34fcd_66,0.0005865468410775065,0.9015573859214783
679,56040_9b1307eb_21,0.002621555468067527,0.5916785001754761
680,146535_229c95bc_1,0.0001923892559716478,0.11850166320800781
681,50947_49287c16_2,0.0014979643747210503,0.9755154848098755
682,95622_0a0787e4_5,0.00018615640874486417,0.8992536067962646
683,25432_f13e5110_0,0.0005155743565410376,0.9837640523910522
684,32454_e959e3cf_0,0.0007837177254259586,0.9779439568519592
685,65858_61e9b51a_18,0.0008610576624050736,0.8035678863525391
686,70350_751de4b0_3,0.002304467838257551,0.6814178228378296
687,129239_0d49310c_15,0.00032970510073937476,0.874336302280426
688,31008_8fa25b35_8,0.0006339495885185897,0.8661366701126099
689,55306_795d845b_2,2.618076541693881e-05,0.8336038589477539
690,29729_e8bb36f1_2,0.0005093816434964538,0.39974021911621094
691,67283_4097cbd6_5,0.0002707775856833905,-1.3022985458374023
692,23904_811e466f_4,0.00020917374058626592,0.8245108127593994
693,116076_12d31fb7_1,0.00020724660134874284,0.9688132405281067
694,45302_02d7e3bc_0,0.0010751171503216028,0.7295867800712585
695,60977_4bb093ec_1,0.0008165555191226304,0.9636142253875732
696,49017_76979790_8,0.0004450282431207597,0.9156496524810791
697,146321_0dbae658_10,2.2414471459342167e-05,-1.258739948272705
698,102194_150e3faf_3,0.0003088504890911281,0.990540623664856
699,34769_44655d03_5,0.00019276919192634523,0.7844505906105042
700,38953_19054857_6,0.0006322819972410798,0.4809882640838623
701,55397_ad24603f_1,0.00014376865874510258,0.8507700562477112
702,21908_385686ec_15,0.000958204094786197,0.9537479877471924
703,60721_57103153_4,0.0005127883050590754,0.1790180802345276
704,98701_7cd4ec8d_0,0.0015918430872261524,0.9710858464241028
705,91703_642cdf1a_1,0.0006241403170861304,0.9882599115371704
706,26661_ab88a525_5,0.0007009778637439013,0.8231770396232605
707,51940_67bb0219_21,0.00018161397019866854,0.612970232963562
708,22543_684108ff_22,0.00015584193170070648,0.8451392650604248
709,145250_cde4d039_8,0.00016316541587002575,0.8163062930107117
710,20232_e5b060d9_6,8.340323256561533e-05,0.8485974073410034
711,128043_d4650350_0,0.0012284968979656696,0.9835035800933838
712,140530_30edf2c4_0,0.0005026249564252794,0.5758155584335327
713,131814_9af6d05a_0,0.002083637285977602,0.6866860389709473
714,26245_4aac38e1_9,0.0002531979698687792,0.8942301869392395
715,30282_88c6933c_14,0.0009895835537463427,0.9620320796966553
716,32322_71d0035e_1,0.0005085724988020957,0.9739059209823608
717,131762_d10609a4_1,0.003317964496091008,0.8501270413398743
718,54812_5f7b7aba_2,0.00015709413855802268,0.9310342669487
719,135830_8fb36dac_4,0.0010919981868937612,0.9516475796699524
720,139280_8874b1ab_4,3.827472392003983e-05,0.9177860617637634
721,49904_639055dd_1,0.0004906668909825385,0.9437611103057861
722,53601_59d3ecd2_0,0.0010107581038028002,0.958561897277832
723,50047_54241fe3_12,0.0005915542715229094,0.9542108774185181
724,136925_70fb0381_3,0.0004895604215562344,0.9700413346290588
725,87488_95f678ce_0,0.0008863540715537965,0.980431854724884
726,137166_90691294_2,5.559173951041885e-05,0.9630337953567505
727,44030_17bd5ec9_11,9.475475962972268e-05,0.8498537540435791
728,137396_b5f6bec4_5,0.0002596219419501722,0.9922022819519043
729,21900_760d2078_10,0.0018818950047716498,0.9727396368980408
730,21185_ac5324ba_5,0.0012669924180954695,0.9604853391647339
731,31132_2320d049_4,0.0003659647481981665,0.9933432340621948
732,82281_80cdf67c_4,2.9200933568063192e-05,0.9263336658477783
733,38287_88ec74de_15,0.00019803369650617242,0.996164858341217
734,136128_831e37a6_0,0.0005595911643467844,0.9377467632293701
735,21330_f0cee934_18,0.00016057987522799522,0.8945997357368469
736,34109_5a868eae_10,0.0011238682782277465,0.8925490975379944
737,21174_861bd902_2,0.0011964800069108605,0.8957188725471497
738,49783_365bec9e_6,0.0008866384159773588,0.9734019041061401
739,24429_ace910b3_8,1.5641919162590057e-05,0.08457493782043457
740,22772_2b5f6629_4,0.00042694940930232406,0.8908385634422302
741,53927_ef5208b9_14,0.0021928981877863407,0.9086408615112305
742,56250_3b6024e3_54,0.0007958252099342644,0.9826085567474365
743,23522_5c2ec58e_8,0.0016161283710971475,0.9490755796432495
744,121177_93fb3127_10,8.327699470100924e-05,0.848876953125
745,138840_b7f948ea_2,0.001243219943717122,0.8734641671180725
746,41125_711db4bf_6,0.0012841579737141728,0.9696269631385803
747,102606_28922dfc_0,0.0001997235231101513,-1.099989414215088
748,31530_6744ae73_50,0.0018898058915510774,0.9662842154502869
749,50598_eae0df5a_1,4.659358091885224e-05,0.9148028492927551
750,145726_19ccdbda_12,0.0002141020231647417,0.931341826915741
751,41469_b94cf3e4_0,0.0006818133406341076,0.860248327255249
752,147009_977ee378_1,0.0014241262106224895,0.8631136417388916
753,24267_8a216138_10,0.0003500441962387413,0.9715814590454102
754,63071_3d434a33_16,0.0007291356450878084,0.9610977172851562
755,34436_ffc43a58_4,0.00016692689678166062,0.8559994697570801
756,50692_e7ff2668_4,0.0005515667144209146,0.7789920568466187
757,146642_883a71d2_9,0.0025442487094551325,0.9598205089569092
758,109772_f1a0845e_7,0.0004578055231831968,0.9893169403076172
759,136640_16741d62_1,0.0015316138742491603,0.6111288666725159
760,21680_360ba5c7_11,0.0004806120414286852,0.8047344088554382
761,27729_09d75da1_2,0.0006278583314269781,0.982115626335144
762,82148_5df06ed9_19,0.002485701348632574,0.8273326754570007
763,55287_8a57a3db_1,0.0009596403688192368,0.9409639835357666
764,53221_74fa81cd_5,0.0003483858017716557,0.8329235315322876
765,30417_0010bc7c_39,0.0006041034357622266,0.9528444409370422
766,23706_ef15ef9c_40,0.000463982141809538,0.9337766170501709
767,140763_e14274f8_3,0.00012839310511481017,0.9028021693229675
768,23602_5daaccf5_3,0.00028826456400565803,0.9532697796821594
769,30282_88c6933c_9,0.0010443347273394465,0.9343053102493286
770,56824_0fc773f6_0,0.0008434998453594744,0.9519137740135193
771,42410_d3b5588e_1,0.0009467419004067779,0.856155514717102
772,55055_dd27a8a4_0,0.00033553593675605953,0.9938588738441467
773,115633_a2c63339_6,0.00030674878507852554,0.6604119539260864
774,73651_a41647f8_5,3.6621604522224516e-05,0.8580384254455566
775,33413_060ce192_32,0.0007788246148265898,0.9401705265045166
776,97331_a482fa9b_0,0.0014162602601572871,0.7007154226303101
777,23476_705b76d1_0,0.00039639760507270694,0.9844952821731567
778,32566_7bfc936b_6,0.002111106878146529,0.9800476431846619
779,41717_eb1c1e6b_0,0.001147874747402966,0.9080138206481934
780,60720_ef9a0a95_8,0.0006435056566260755,-0.37538158893585205
781,138700_ab763a46_202,1.3298841622599866e-05,-6.339078426361084
782,38287_88ec74de_17,0.007116439752280712,-0.17036867141723633
783,135535_0bd0048d_0,0.0018768652807921171,0.9717321395874023
784,21797_69df08d5_7,0.008278870023787022,0.9340862035751343
785,65350_b3fa8f4f_47,0.003952313214540482,0.9818094372749329
786,41714_1d49f4d1_3,0.0008351151482202113,0.9066843390464783
787,66012_a13e1644_1,0.0002558984560891986,0.891481339931488
788,22652_564979ff_11,0.0003870435757562518,0.7122924327850342
789,25127_ecba81df_23,0.0012159335892647505,0.20646530389785767
790,47548_db93c988_4,0.00029636756516993046,0.2749820947647095
791,55927_f8b31711_5,0.004851472098380327,0.7405219078063965
792,31647_ab9ad9dc_2,0.00037599779898300767,0.9491768479347229
793,41128_ee74f244_8,0.0007021017372608185,0.8078442811965942
794,20959_d4905d19_4,0.0003300329844933003,0.919029712677002
795,52009_a2b75078_3,0.007637495175004005,0.9230799674987793
796,22201_473a3a65_16,0.0008196269045583904,0.8889648914337158
797,29442_365e23df_30,0.0008470889879390597,0.9760410785675049
798,51859_6b2fd0f1_8,0.00018197194731328636,0.993785560131073
799,140413_44177109_15,0.0003934561973437667,0.6510066986083984
800,21822_7d3db422_11,0.0017476327484473586,0.9514376521110535
801,24168_a0ede173_100,0.00022511256975121796,0.8375378847122192
802,145532_c2304f89_1,0.0015484135365113616,0.7831717133522034
803,104641_2cd02839_13,4.8040543333627284e-05,0.813798189163208
804,23679_81ef9e37_2,0.00041579175740480423,0.9009311199188232
805,95271_de3df8d5_2,2.239604145870544e-05,0.8921643495559692
806,41401_e4117da2_0,6.0980550188105553e-05,-0.3287370204925537
807,48006_babdf4af_9,0.0005768452538177371,0.9933199882507324
808,142246_0851be5e_32,0.002438832074403763,0.9595287442207336
809,33615_7bab1106_4,0.0006902925088070333,0.954323410987854
810,31117_cd5cdbdb_18,0.0008050357573665679,0.9878144860267639
811,34914_8911676d_0,0.0007675648084841669,0.936721920967102
812,55501_a09e4ced_2,5.919825525779743e-06,0.7776323556900024
813,41128_ee74f244_9,0.000321318453643471,0.8936353921890259
814,142246_0851be5e_22,0.0017238141736015677,0.6873546838760376
815,22413_901f5867_0,2.8139347705291584e-05,0.9148358106613159
816,56490_0a0fba77_0,0.0002191801613662392,0.9378320574760437
817,93676_4f934980_1,0.000321046041790396,0.28827691078186035
818,146642_883a71d2_96,0.001071014441549778,0.8831003308296204
819,24032_d6172503_3,0.0007408838137052953,0.8744011521339417
820,44221_25c62f03_1,0.00041318064904771745,0.992347240447998
821,50315_0f1419bf_33,0.0018340707756578922,0.8219853639602661
822,133389_0938a905_2,0.0003258537908550352,0.9173005819320679
823,24824_cf51e5b6_4,0.001749497721903026,0.6718052625656128
824,33970_32f36442_3,0.00067445746390149,0.9789674878120422
825,29359_bbfab271_2,0.0009162771166302264,0.8386958241462708
826,23172_4ab01e83_0,0.00037409079959616065,0.9909084439277649
827,98511_1b46a85e_45,0.000888831214979291,0.9750194549560547
828,98511_1b46a85e_46,0.0009196187602356076,0.9729630351066589
829,34248_cc11976c_0,0.0005577225820161402,0.9793933033943176
830,104003_46555fb2_0,0.0004201169649604708,0.06577128171920776
831,34520_035b5e9a_8,0.0007807353977113962,0.7316747307777405
832,38397_93d5d7de_12,0.002087326953187585,0.9710811376571655
833,130023_93b3ca95_1,0.0013965974794700742,0.5084301233291626
834,83213_47c49876_1,0.0004906110116280615,0.9437683820724487
835,43928_6ca53538_63,0.0015670781722292304,0.9635578393936157
836,82779_b7b722e3_9,0.0009157064487226307,0.8906345963478088
837,134967_0f27ef51_1,0.00022481234918814152,0.8318099975585938
838,86024_714b24f4_1,0.00039983607712201774,0.9843360781669617
839,40807_58058731_11,0.00038184371078386903,0.9424120187759399
840,26750_cd3cb3ff_0,0.0014425974804908037,0.9749759435653687
841,126913_d253adb7_2,0.0006369639304466546,0.874321699142456
842,24268_2804c9ff_13,0.0009264195687137544,0.9759032130241394
843,45542_320c16fd_3,0.0002957696560770273,0.9941198825836182
844,22342_274ed8a6_1,0.0004805673670489341,0.8959216475486755
845,133385_e6aa64d8_17,8.333331788890064e-05,0.6659431457519531
846,143509_1dd5212d_3,0.000575736747123301,0.9830193519592285
847,47989_3ff0f41d_0,0.0014943849528208375,0.9574877619743347
848,21822_7d3db422_14,0.002028446411713958,0.9707088470458984
849,21517_bfe35b4c_12,0.0003007719642482698,0.47496509552001953
850,52883_e518d3f4_10,0.0003697705687955022,0.9399662613868713
851,41871_f9a1ad02_14,0.0016557537019252777,0.834358274936676
852,37016_455093c1_2,0.0001769919617800042,0.9051162600517273
853,31117_cd5cdbdb_78,0.001429602038115263,0.988913893699646
854,129239_0d49310c_22,5.125960524310358e-05,0.8511713147163391
855,30400_8824ce97_6,0.002746392972767353,0.9425774216651917
856,53233_8dbca22c_8,0.0006771517219021916,0.9525014162063599
857,40514_bb61631d_25,0.00036753600579686463,0.9186888933181763
858,24053_53349e4d_2,7.44864228181541e-05,0.9041386246681213
859,41917_f0c40fa1_16,0.0003134654543828219,0.9925844669342041
860,22543_684108ff_5,0.001820073346607387,0.9278435707092285
861,138636_c1153075_0,8.639552106615156e-05,0.9228799939155579
862,24448_75004b6c_6,0.00042168155778199434,0.9865744113922119
863,24831_bbd3e098_8,0.00015979213640093803,0.8434188365936279
864,53221_74fa81cd_3,0.0004498199268709868,0.8784017562866211
865,76879_65a30a82_4,0.00021026642934884876,0.6562715768814087
866,108773_f9384cff_10,1.8367372831562534e-05,0.8061569929122925
867,33671_0e9c6ca3_5,0.0003126784577034414,0.9751657247543335
868,93103_fdb9fcb7_15,0.0007613978814333677,0.9589157700538635
869,137675_d2bd633e_0,0.0009520591120235622,0.4037325978279114
870,21893_0500d043_32,0.0011050872271880507,0.27753227949142456
871,22110_0bc70e9f_1,0.0006488347426056862,0.6012551784515381
872,43152_b5472481_1,0.00018187986279372126,0.9317002296447754
873,115717_40314bc2_1,0.002315098885446787,0.7977190613746643
874,102943_ca9e7968_0,8.705505024408922e-05,0.8815433979034424
875,136401_69f29349_0,0.0009029952343553305,0.40103381872177124
876,28542_3c922564_0,0.0005165860638953745,0.8116255402565002
877,24267_8a216138_6,0.0006279901135712862,0.9655598402023315
878,84374_272a9731_7,0.0008429010049439967,0.8888673782348633
879,23531_1ecc8346_18,0.0029305831994861364,0.9714142680168152
880,41871_f9a1ad02_30,0.0014033918268978596,0.9574645161628723
881,132461_14abd2d0_0,7.248567271744832e-06,0.7976403832435608
882,37617_3f415463_2,8.600246655987576e-05,0.8594653606414795
883,41696_de0790a1_1,0.0003996046434622258,0.9911264181137085
884,54657_2a66e0de_20,0.00029235598049126565,0.9731541275978088
885,24425_0dc4b306_0,0.0005595909315161407,0.9451971054077148
886,146667_fe438b5b_0,0.00029769924003630877,0.9886779189109802
887,23048_8a1a5553_8,6.844364543212578e-05,-0.8415706157684326
888,51871_86ebf5b2_17,0.001474730554036796,0.7300262451171875
889,30664_a3084f71_6,0.0009050352964550257,0.9444659948348999
890,139801_97e2ca6a_5,0.0003792578063439578,0.9223499298095703
891,22278_12f1fb79_13,0.0014076782390475273,0.908420979976654
892,22776_facf9bcf_8,0.0012766236905008554,0.9565488696098328
893,40500_6055e3d7_15,0.02008773759007454,0.7996506690979004
894,35740_5322d674_13,0.00013877387391403317,0.9155747294425964
895,39792_60786b6c_12,0.000547942821867764,0.9801076054573059
896,115524_4a411f7e_0,0.000364559527952224,0.9171853065490723
897,24131_3ea7d5a8_17,0.0008469027234241366,0.9591492414474487
898,100326_0602c712_2,0.0029367331881076097,0.9067171812057495
899,34571_25c64838_2,0.0014131689677014947,0.9162436723709106
900,143534_4f65fd1a_0,0.0003672321909107268,0.8758418560028076
901,101446_95204330_1,0.00029311463003978133,0.8141841888427734
902,41749_14d0599c_10,0.00010721643047872931,0.6870909333229065
903,55715_525d1d3e_12,0.00021568074589595199,0.360251247882843
904,45307_b9b4bca0_30,0.011230451054871082,0.919567883014679
905,22654_4c426b0f_0,0.0009341532131657004,0.8830209970474243
906,22670_9353c710_4,0.0005570471403189003,0.8291752338409424
907,99445_94c22a37_11,0.0005237343721091747,0.9922184944152832
908,132811_57264a28_4,0.00032240548171103,0.9736607670783997
909,23258_87a2ba81_3,0.00012134669668739662,0.8081879615783691
910,50777_2934de55_22,0.0012173280119895935,0.956787645816803
911,98418_4185a7fb_0,0.0005775507306680083,0.9860080480575562
912,43441_e1ab0873_2,8.693421114003286e-05,-0.053420424461364746
913,24271_dbc0fd2d_12,0.00030057827825658023,0.933838427066803
914,38944_0d0c3fce_0,0.004864223301410675,0.9684873819351196
915,40624_e1c5c424_11,1.3583311556431e-05,0.6578904986381531
916,100028_0c3a8f1c_13,0.0005278544267639518,0.9932103753089905
917,40491_ac67bf4c_13,0.0007572690374217927,0.9857954382896423
918,25416_1deb9c75_0,0.0011443921830505133,0.8019033670425415
919,21657_2651585a_6,0.00038485630648210645,0.9796011447906494
920,21986_67c5509a_15,0.0002544363378547132,0.9684311151504517
921,32288_34013274_2,0.0012850748607888818,0.7824902534484863
922,55373_ddd74d2f_0,0.0010629286989569664,0.8627198934555054
923,26245_4aac38e1_0,0.0006518543232232332,0.9626498818397522
924,33044_7fdd9213_0,0.0004019829211756587,0.9282265305519104
925,31530_6744ae73_48,0.003354959888383746,0.9675908088684082
926,25555_fd3d9a3c_1,9.226574911735952e-05,0.8704640865325928
927,54175_7d864ace_6,0.0005341536016203463,0.8800458312034607
928,72950_5074f5a3_0,0.0005222910549491644,0.6547369360923767
929,129618_2962c248_0,0.0020953097846359015,0.9650044441223145
930,52012_77070fda_10,5.825176413054578e-05,0.908646821975708
931,28295_0dc908b9_7,0.0002867954899556935,0.9229588508605957
932,144419_90e59d67_2,8.129846537485719e-05,0.10156136751174927
933,22734_f6bad9f7_24,0.004030703566968441,0.875258207321167
934,22604_0b4ffb43_14,0.00033553593675605953,0.9938588738441467
935,81996_b3752ed2_3,6.456478877225891e-05,0.9420583844184875
936,24504_493cee15_8,0.0009284037514589727,0.9630328416824341
937,39124_28e99e62_1,0.00014714016288053244,0.8344367742538452
938,29725_0ad4937e_1,5.512190909939818e-05,0.9003662467002869
939,109232_04340d62_6,8.225534111261368e-05,-0.4962656497955322
940,129075_8fbf62e5_0,0.0003280914097558707,0.7403538227081299
941,102937_18c3cb6a_4,0.0006689713918603957,0.976544976234436
942,52551_8098346a_5,0.00042358305654488504,0.2631732225418091
943,128043_6947b64c_0,0.0016334198880940676,0.905707061290741
944,119030_292009a7_41,0.00098396313842386,0.8556627631187439
945,48526_5aecac8a_0,0.00043782711145468056,0.9262752532958984
946,32541_86f7df73_4,0.00018306814308743924,0.8258417248725891
947,55114_7bf17f6a_0,0.0013076962204650044,0.9051996469497681
948,55285_6816da52_1,0.003873754758387804,0.9161626696586609
949,37683_e2cca100_17,8.255690772784874e-05,0.870023250579834
950,78775_e2d8b091_15,0.0015786712756380439,0.9483830332756042
951,93199_2146e709_2,0.0005110953934490681,0.9396607279777527
952,135595_656de97a_14,0.0001612476189620793,0.8843919038772583
953,24284_3710e946_16,0.0004829184035770595,0.989059329032898
954,135521_30553c91_2,7.210219337139279e-05,-0.045729875564575195
955,29732_fb15318c_5,0.0004178548988420516,0.6030646562576294
956,88060_389bdff4_0,0.0006782570271752775,0.9587252140045166
957,27839_4a077326_28,0.0023840987123548985,0.9409275650978088
958,100435_87bf423d_8,0.0002100829005939886,0.9958603978157043
959,25365_bb0e4ede_44,0.0002480745315551758,0.6481657028198242
960,146169_144d8264_0,0.0027075307443737984,0.985377311706543
961,23342_7193a931_3,4.346394052845426e-05,0.8719493746757507
962,57000_cd1ddece_12,0.0005033476045355201,0.9899365901947021
963,119790_1ed376f0_3,0.00016608074656687677,0.8187397718429565
964,72522_e9e87960_4,0.0007552957977168262,0.985823392868042
965,65366_f618b577_2,0.0002587618073448539,0.7747563719749451
966,55707_c78416ed_35,0.0012800156837329268,0.9331067800521851
967,70321_eccffc7e_0,0.00046274231863208115,0.8801234364509583
968,120143_b5756e6b_0,0.0010268825571984053,0.8573943972587585
969,27726_aca43af4_35,9.038861753651872e-05,-3.1995506286621094
970,31361_72aab333_20,0.0014562279684469104,0.5371959209442139
971,121949_e10b5e85_12,0.0005549499182961881,0.9846720695495605
972,146399_0e4b73c4_13,0.0013892259448766708,0.9714804291725159
973,41134_fc146947_6,0.0006040799198672175,0.7175911664962769
974,21237_7887a24b_35,0.00019267728202976286,0.20343756675720215
975,24885_55e20ddf_3,0.00010252502397634089,0.8987085223197937
976,34914_8911676d_23,0.0004474674933589995,0.9204742312431335
977,21803_8a36dcda_12,0.001575264846906066,0.9472892880439758
978,41306_8f26e703_5,1.3583697182184551e-05,0.8533616662025452
979,25118_f50fdc69_10,6.961884355405346e-05,0.8983185291290283
980,25473_0991d519_9,0.0009124799980781972,0.9771504402160645
981,126585_86fa26cb_0,7.669689512113109e-05,0.9052804708480835
982,145691_69484976_9,0.0009402767173014581,0.9154577851295471
983,60729_c51868ec_0,0.0003709778538905084,0.7956277132034302
984,123929_e7dbad2c_0,0.0006116921431384981,0.709439218044281
985,69649_70b07cac_0,0.000371517613530159,0.9917934536933899
986,55135_f1186d58_9,0.00010393661796115339,0.870510458946228
987,20838_86c931be_2,0.0005092009669169784,0.9366910457611084
988,45242_626509cb_11,0.0002122380828950554,0.9062111377716064
989,34983_439766af_13,0.0007198060629889369,0.9925128221511841
990,53453_fb0f1640_1,0.004726335406303406,0.8565215468406677
991,23255_972fbfe6_25,0.00034946759114973247,0.9889845252037048
992,24168_a0ede173_203,0.008507837541401386,0.95268315076828
993,55476_1473d91f_0,0.0005922760465182364,0.6980539560317993
994,55111_ef389075_1,0.0006918190629221499,0.9735580682754517
995,141710_17531562_1,0.0005849154549650848,0.9508889317512512
996,96601_b89e6252_1,0.0001337839785264805,0.2885449528694153
997,135790_a27f9deb_43,0.007648470811545849,0.9020069241523743
998,121363_746708db_0,0.0002622824104037136,0.8990838527679443
999,136886_3aa46890_0,0.00012854031228926033,0.9520723223686218
1000,50315_0f1419bf_19,0.0035351456608623266,0.9513741135597229
1001,37846_cde34fcd_14,0.00015250765136443079,-0.7243036031723022
1002,24816_ef81ad4c_1,0.00038669619243592024,0.8617249131202698
1003,75646_4baf69b2_7,0.002153421053662896,0.9698452353477478
1004,140155_81f9ac63_0,0.000243697504629381,0.9392002820968628
1005,51603_034939eb_10,0.00181977276224643,0.8991853594779968
1006,30435_c97330d2_0,6.592875433852896e-05,0.8885261416435242
1007,27839_4a077326_27,0.00036169003578834236,0.980333685874939
1008,55627_971fde61_34,0.001264470163732767,0.9022441506385803
1009,134909_ef3d003c_0,0.00010689350892789662,0.8951345682144165
1010,33413_060ce192_51,1.5810421245987527e-05,-1.1905717849731445
1011,22245_ca848576_12,0.0002798647910822183,0.6731621026992798
1012,52039_ba12c3ac_1,0.0005252607516013086,0.9894988536834717
1013,39707_358f88df_2,0.00030010531190782785,0.6804186105728149
1014,50014_33f250c8_3,0.004592227283865213,0.9581117630004883
1015,52987_387431ac_1,0.0011076448718085885,0.9239456057548523
1016,33501_b1ee5058_15,0.000567739421967417,0.9887104034423828
1017,82168_4844bddd_1,0.0008337231120094657,0.8874319791793823
1018,30384_95e72fc2_4,0.00020264391787350178,-1.2318155765533447
1019,23554_a0845d54_2,0.0003781633567996323,0.6838832497596741
1020,23800_65e0a5d1_0,0.0001945818221429363,0.38677674531936646
1021,41128_ee74f244_0,0.0001989295269595459,0.800286054611206
1022,143019_22dbd3e6_2,0.0004757135175168514,0.9849068522453308
1023,79993_6087acd5_8,0.0013644543942064047,0.9568349719047546
1024,21422_b2a6bf27_0,0.00045215163845568895,0.9925453066825867
1025,25487_dd2c17e8_21,0.000327687943354249,0.7090388536453247
1026,22654_4c426b0f_10,9.909689833875746e-05,0.3345223665237427
1027,30368_d7fd30ce_6,1.165320736618014e-05,0.7507667541503906
1028,57249_6bd2af3c_2,0.00040912406984716654,0.9849075078964233
1029,57029_3ab80a22_0,0.00064994883723557,0.8710631728172302
1030,79906_052c7eb4_3,0.0006685731932520866,0.8550770878791809
1031,82996_b8dc67c9_10,8.230217645177618e-05,0.8864203095436096
1032,119884_192e3265_1,0.0005487958551384509,0.749708354473114
1033,21225_c081eae3_10,0.0015485099283978343,0.9112206697463989
1034,121949_e10b5e85_1,0.00046330050099641085,0.8827659487724304
1035,81994_ba8916c9_5,0.00011871589231304824,0.8962674736976624
1036,22447_4062c6cb_29,0.00030547831556759775,0.9948468804359436
1037,55044_ee57bac8_1,0.00015839800471439958,0.3981804847717285
1038,41871_f9a1ad02_13,0.004789865110069513,0.9730982184410095
1039,74688_a5168a45_2,1.897620313684456e-05,-3.0772995948791504
1040,23218_02d26ab4_4,2.2468402676167898e-05,0.9483217000961304
1041,41205_dc60aa5d_0,0.0006871174555271864,0.8291797637939453
1042,41979_ca698776_0,0.00033885729499161243,0.9305034875869751
1043,141453_50ec6f25_7,0.0005950057529844344,0.9831452965736389
1044,97143_5424c420_0,0.000661059923004359,0.8303465843200684
1045,41986_26275a06_2,0.0008554186788387597,0.9193628430366516
1046,136800_c5e4d711_2,7.039765478111804e-05,0.9037767052650452
1047,101635_11b839a3_5,4.84856718685478e-05,0.6027753353118896
1048,55866_b041060d_0,0.0003016860573552549,0.981535017490387
1049,53846_89405f98_0,0.0011122783180326223,0.7727492451667786
1050,27725_5cceaeb7_1,0.0012022537412121892,0.891522228717804
1051,146137_92faaea5_9,0.001226938096806407,0.901692271232605
1052,41211_11f6b8a0_4,9.119263995671645e-05,0.9624432921409607
1053,21330_f0cee934_46,0.0004923635860905051,0.9901561141014099
1054,127188_5fecd146_4,6.807535100961104e-05,0.9064579010009766
1055,135949_06517574_8,1.0934438250842504e-05,0.8866431713104248
1056,68928_0d4e4a2e_24,0.0018904937896877527,0.8811257481575012
1057,50410_f8f03667_38,1.6347212294931524e-05,-0.12542271614074707
1058,142999_171240b6_21,6.521523027913645e-05,0.9517809152603149
1059,144709_642fc665_0,0.0009390317718498409,0.9077184796333313
1060,53232_f8760054_10,0.00017186456534545869,-0.6448885202407837
1061,22372_e91792a1_0,1.7435670088161714e-05,0.7763870358467102
1062,21767_53eaa558_12,0.007742362562566996,0.8999499082565308
1063,32220_1fd19c5e_0,9.190764103550464e-05,0.9055764675140381
1064,22886_a6331748_1,0.0007422438939101994,0.9318540096282959
1065,130996_b842b511_12,0.00017789920093491673,0.98360276222229
1066,55571_74a416b1_1,5.869990127393976e-05,0.5020689964294434
1067,70169_914780d4_1,0.0005829702131450176,0.7780054211616516
1068,23156_7788f78a_6,0.003577273804694414,0.9741154909133911
1069,124496_20e20439_10,0.00012528493243735284,0.7246403098106384
1070,76300_7cb02add_1,0.0008363040979020298,0.8761649131774902
1071,21647_6b6cca6f_10,0.00044019814231432974,0.7597365379333496
1072,22734_f6bad9f7_23,0.0015427028993144631,0.9357333779335022
1073,94176_0a6c42ab_2,2.942538003480877e-06,0.45998144149780273
1074,24048_d731886d_9,0.0007404425414279103,0.91838538646698
1075,25487_dd2c17e8_30,0.0011822826927527785,0.4655662178993225
1076,115717_40314bc2_4,2.7970667360932566e-05,0.9090176820755005
1077,125592_875faf40_0,0.0017617163248360157,0.9182270169258118
1078,41871_f9a1ad02_44,0.0008548673358745873,0.9396053552627563
1079,146642_883a71d2_8,0.00037583307130262256,0.9083030819892883
1080,136883_076fbff9_31,0.00010463462967891246,0.6538912057876587
1081,60766_fb8715eb_3,0.0006772932829335332,0.9504697918891907
1082,30818_33617072_0,0.0025211910251528025,0.8723520636558533
1083,130679_7a357a9c_18,0.002280056942254305,0.865880012512207
1084,55306_795d845b_0,3.5208988265367225e-05,0.9245215654373169
1085,135934_d2f6bb2e_33,4.5243141357786953e-05,0.9396814107894897
1086,111054_e45a0d40_7,0.029389815405011177,0.7157031297683716
1087,36826_d9269c2e_10,0.0005858936347067356,0.9602034687995911
1088,37619_ae810a8d_7,1.6370051525882445e-05,-6.4764862060546875
1089,22343_34184fd5_22,0.000161966891027987,0.4987056851387024
1090,113020_de552f8d_0,0.00014598107372876257,0.9087131023406982
1091,20216_89b90993_0,0.001873315661214292,0.875199556350708
1092,23325_292b3294_16,0.0005190506926737726,0.9506202936172485
1093,23522_5c2ec58e_9,0.0005928051541559398,0.9549899697303772
1094,146624_359752bb_20,1.7093772839871235e-05,-7.617312431335449
1095,104990_11b4aeee_1,0.0004242246213834733,0.9903030395507812
1096,90917_4670b560_0,0.0024896401446312666,0.9516132473945618
1097,54818_59adf8c2_5,0.0005850916495546699,0.49400144815444946
1098,34109_5a868eae_3,0.00045321363722905517,0.2605878710746765
1099,23161_e7f63a9f_2,0.0003761902917176485,0.9659608602523804
1100,37160_2a95674a_27,0.001020685420371592,0.6433948874473572
1101,61280_8bdbc90f_0,0.0010181681718677282,0.9634327292442322
1102,55083_dac1f9cc_2,0.00034162570955231786,0.9715597629547119
1103,34341_d19b12fb_14,1.4700920473842416e-05,0.8537836074829102
1104,54516_ac9e2ef4_61,0.001508855726569891,0.7494584321975708
1105,24559_3c306e71_2,0.00019008897652383894,0.6130454540252686
1106,105831_88a0fb85_1,0.0007190279429778457,0.9726814031600952
1107,32743_f4c47bbc_19,0.0012687259586527944,0.7642529010772705
1108,40500_6055e3d7_18,0.0008644699119031429,0.958503246307373
1109,22862_f5406bb0_0,0.0005223818006925285,0.991596519947052
1110,141081_ae61ec46_0,0.0005343458033166826,0.9922646284103394
1111,135112_cf8007b8_4,0.002886880189180374,0.956205427646637
1112,131442_1512d9ff_5,8.19930573925376e-05,0.826484203338623
1113,145132_7aea3b66_1,0.0095576923340559,0.963824987411499
1114,41871_f9a1ad02_45,0.00045975763350725174,0.9113837480545044
1115,51775_49ef614a_1,0.0006425262545235455,0.8179436922073364
1116,143293_fc5b0ff7_23,0.0007525209221057594,-0.37482118606567383
1117,51547_a7e01c38_6,5.4055486543802544e-05,0.9225514531135559
1118,114021_44c3c39c_2,3.018954157596454e-05,0.9247360825538635
1119,123766_c5a4cf5e_0,0.00017763215873856097,-0.13254022598266602
1120,23031_0d684603_8,0.0007801127503626049,0.6637512445449829
1121,132996_c742ef84_4,0.0013407302321866155,0.813949704170227
1122,137096_5d77f285_1,0.0004783321055583656,0.9429075717926025
1123,27072_b4756e8c_2,0.0007831269176676869,0.8228811025619507
1124,51915_e704f5dd_2,0.000639376463368535,0.9000144600868225
1125,132811_57264a28_13,0.00030579601298086345,0.99485182762146
1126,49396_98ab955d_13,0.0012250691652297974,0.8634233474731445
1127,132081_761d26ad_0,0.0003361593990121037,0.991001546382904
1128,82906_7b72e0e8_2,0.0010790355736389756,0.9699382781982422
1129,92649_26fe8262_0,0.00027955271070823073,0.8710238933563232
1130,21803_8a36dcda_11,0.0018234646413475275,0.9509544372558594
1131,30637_f6324fc6_5,9.036958363140002e-05,0.401877224445343
1132,105560_a6f91315_12,1.7260215827263892e-05,-1.4174835681915283
1133,41737_d80c34b9_0,0.007171457167714834,0.5715397596359253
1134,34983_439766af_12,0.00031826115446165204,0.9686923027038574
1135,122755_60c41889_10,3.298990850453265e-05,0.47132062911987305
1136,76879_65a30a82_2,0.005565885920077562,0.9502134919166565
1137,89816_cef36e57_4,0.0004518544301390648,0.9925484657287598
1138,49406_100c707b_3,0.0004709431086666882,0.9456980228424072
1139,105560_a6f91315_10,1.4254869711294305e-05,0.6922054290771484
1140,129421_483d2957_5,4.19531024817843e-05,0.8232369422912598
1141,122740_fc5c94eb_33,0.0004972220631316304,0.9847760200500488
1142,135595_656de97a_5,0.00013612938346341252,0.9502816796302795
1143,35740_5322d674_5,1.6110559954540804e-05,-4.591446876525879
1144,23681_932e722e_18,0.0003643493400886655,0.9931035041809082
1145,108244_329b1876_17,1.1366139005986042e-05,-1.6409239768981934
1146,125745_cf468448_6,0.00042844924610108137,0.8992567658424377
1147,138838_c9a9e790_6,0.0003731450706254691,0.9274663925170898
1148,102416_b74464a2_4,1.8008635379374027e-05,-6.143223285675049
1149,30426_2cde26de_21,3.163495421176776e-05,0.9059683084487915
1150,137837_9c9f163d_5,8.632739627500996e-05,0.9090981483459473
1151,25487_dd2c17e8_15,0.0025502201169729233,0.6675859689712524
1152,21549_18160a0a_4,1.568212428537663e-05,-1.2136690616607666
1153,21385_601444ba_0,0.001554134301841259,0.9033186435699463
1154,35233_add576ba_9,0.003047361271455884,0.8009704351425171
1155,55345_c6423351_0,0.0003583785437513143,0.941981315612793
1156,110697_4b2725f1_0,0.0011104115983471274,0.9741330742835999
1157,109946_242843a6_1,1.974187216546852e-05,0.5346226692199707
1158,34341_d19b12fb_22,3.6835510400123894e-05,-3.187899589538574
1159,23247_bcd1e84f_21,0.00029748838278464973,0.9375361204147339
1160,131765_29b29f08_6,1.2780818906321656e-05,0.7232288718223572
1161,21395_7d6fda6f_12,0.00035978469531983137,0.6851134300231934
1162,135460_6471e973_15,0.0003103622584603727,0.8980504274368286
1163,51741_49d61151_7,0.0006520775496028364,0.9764382839202881
1164,28382_90b7cc0c_12,0.00026537050143815577,0.9037417769432068
1165,30850_05d88af9_2,0.0007403699564747512,0.9694584012031555
1166,86278_1e55d036_12,0.00025001386529766023,-0.8608989715576172
1167,67240_525e92c1_1,0.0011141562135890126,0.10598564147949219
1168,82002_ef2b4feb_6,0.0003795594966504723,0.9927069544792175
1169,53364_ec8aad42_1,0.0041854348964989185,0.8201603889465332
1170,135771_b030a25c_17,0.0004013691795989871,0.535704493522644
1171,135906_29d7b495_1,4.8776495532365516e-05,0.9127950668334961
1172,21822_7d3db422_38,0.000313996453769505,0.6814385652542114
1173,81136_5b86c723_1,2.9828901460859925e-05,0.7809460759162903
1174,25473_0991d519_2,0.0021124689374119043,0.9634528160095215
1175,73405_94381b7c_5,0.0009703043615445495,0.836902379989624
1176,24009_c40b0d48_2,0.00028602316160686314,0.9912163019180298
1177,22162_439af02a_1,0.0002636639983393252,0.9948156476020813
1178,146159_f3f80701_0,0.0018956318963319063,0.49456357955932617
1179,51895_5760b481_15,0.0021433017682284117,0.977188229560852
1180,33500_e58e287e_1,0.0020672178361564875,0.9037740230560303
1181,31838_2e4bd173_0,0.0006727327709086239,0.5503146648406982
1182,146137_92faaea5_18,2.2459511455963366e-05,0.8034041523933411
1183,124879_2257a334_2,0.000131590903038159,-0.44426023960113525
1184,144145_510eedc2_7,0.0004000379703938961,0.9925863146781921
1185,21237_7887a24b_78,0.00038570878678001463,0.9664578437805176
1186,82297_93739ce0_6,0.0008359719649888575,0.7251946330070496
1187,51536_a18dc325_31,0.00025535040185786784,-0.23770439624786377
1188,93103_fdb9fcb7_7,0.000530298741068691,0.9315491318702698
1189,24590_415f7013_9,0.0003827537002507597,0.9290828704833984
1190,130659_16f2db4c_0,0.00017442097305320203,0.9422983527183533
1191,23083_fdb942ac_2,0.00029857721528969705,0.9875420331954956
1192,23954_a8c09819_2,0.00026676664128899574,0.9948266744613647
1193,30417_0010bc7c_13,0.0004720610158983618,0.958023190498352
1194,120535_e304dfca_1,0.0008745099185034633,0.9358547925949097
1195,93199_2146e709_9,0.0006946385256014764,0.840493381023407
1196,23686_cba4f679_15,0.0007477736216969788,0.9832396507263184
1197,40807_58058731_20,0.00189942994620651,0.9808822870254517
1198,94410_d32e7520_35,0.001787984394468367,0.9554819464683533
1199,79695_fd8bae0e_0,0.0016875191358849406,0.570892870426178
1200,129422_621d0a90_35,0.0020044194534420967,0.058599233627319336
1201,44932_16cb7f21_5,0.0028183949179947376,0.9201757907867432
1202,136550_8a8672e5_1,0.0002799888898152858,0.9213993549346924
1203,20495_e8e7e80c_3,0.000231572674238123,0.9958581924438477
1204,31962_e5291336_50,0.000701169774401933,0.33112865686416626
1205,24888_5be1de05_1,1.2928012438351288e-05,0.7541199326515198
1206,34114_7e58a97d_10,0.0019893068820238113,0.9235208630561829
1207,108433_37a79370_0,0.0011975220404565334,0.8941831588745117
1208,22844_9b75b8e0_1,0.0003614576125983149,0.9850060939788818
1209,115637_b4d41e8a_0,0.0006160474731586874,0.9403627514839172
1210,53474_f29e4438_15,0.0037277766969054937,0.8939557671546936
1211,26766_1aaa348c_0,0.0008739604381844401,0.8759405016899109
1212,51940_67bb0219_7,0.0007000855403020978,0.8855952620506287
1213,41714_1d49f4d1_13,3.114564606221393e-05,0.8771783709526062
1214,21815_7090778f_9,0.0028459718450903893,0.766444206237793
1215,32843_8e5bdf24_0,0.0018084533512592316,0.9198723435401917
1216,23686_cba4f679_10,0.0008934148354455829,0.8886688947677612
1217,114425_891ab08d_0,0.0028890150133520365,0.6397744417190552
1218,41786_02d48cdd_5,0.00045576898264698684,0.9294731020927429
1219,22895_4533b542_1,0.0004962614038959146,0.9715575575828552
1220,49016_cd1b47bf_6,0.0029361711349338293,0.9069883823394775
1221,51674_a70c1c6c_3,4.573970727506094e-05,0.9268560409545898
1222,52972_6e5a5ada_11,0.0010770459193736315,0.9542838335037231
1223,120700_d818883a_8,7.103381358319893e-05,0.9038228392601013
1224,34530_9525ffcd_0,0.001313938875682652,0.9752910137176514
1225,24355_99bf3f8f_1,0.000107325024146121,0.792158305644989
1226,56250_3b6024e3_46,0.0018574587302282453,0.9671582579612732
1227,56355_727ca47c_3,0.0007806114736013114,0.8115085959434509
1228,35057_9af89947_1,0.0006032867822796106,0.9052830934524536
1229,120881_a946667f_13,7.649858162039891e-05,0.8946108818054199
1230,143021_c6df0146_5,5.8283869293518364e-05,0.6754497289657593
1231,69240_dc199112_3,0.0009995413711294532,0.09027665853500366
1232,41733_1ec9b00c_15,0.0005662908661179245,0.8820711374282837
1233,30298_24191733_2,2.0275336282793432e-05,0.8597831726074219
1234,30400_8824ce97_18,0.00031065091025084257,0.9351340532302856
1235,37040_ecbcd25e_36,0.00046711089089512825,0.8740177154541016
1236,23035_6087bb57_4,7.595009810756892e-05,0.8863396048545837
1237,38675_6e07d74b_26,0.005173030775040388,0.9284231066703796
1238,31751_e37382e1_9,0.000444062112364918,0.95265132188797
1239,54601_e1da5b93_4,0.00045058492105454206,0.9910358786582947
1240,142999_171240b6_29,0.00044732936657965183,0.9660912156105042
1241,137646_14bca880_0,0.0004969981964677572,0.9541018605232239
1242,37519_442dc408_1,0.00012947297364007682,0.8417813777923584
1243,47195_a8cd8bad_6,0.0009625365491956472,0.9387919306755066
1244,22474_b10fea1a_6,0.0010831882245838642,0.8750715255737305
1245,53200_d1e30b87_10,0.00041989912278950214,0.9269336462020874
1246,41472_f9d73638_9,0.0003440561704337597,0.6463623642921448
1247,126397_cc08a23d_1,8.94898985279724e-05,0.8547633290290833
1248,31838_2e4bd173_4,0.0004461401840671897,0.9920464754104614
1249,52006_d21e4570_7,0.0016216229414567351,0.67855304479599
1250,62109_08c31aa8_0,0.0009444318129681051,0.8317116498947144
1251,49403_458914df_0,0.0007934710592962801,0.5313059091567993
1252,122914_76ff1f5e_2,2.2280117264017463e-05,-0.9829907417297363
1253,34913_d23e2a24_2,0.00044230971252545714,0.8020806312561035
1254,104641_2cd02839_15,5.955940650892444e-05,0.8278869390487671
1255,131632_6144b102_1,0.0004256796673871577,0.9949320554733276
1256,30850_05d88af9_0,0.0003925729251932353,0.9691972136497498
1257,86296_8a6ed4d3_7,0.00018071997328661382,0.4433772563934326
1258,34983_439766af_7,0.001370670273900032,0.980472981929779
1259,33374_7491cbf8_2,0.0016269765328615904,0.9842584729194641
1260,50694_afd26bd5_10,0.0005379078793339431,0.9942237138748169
1261,50292_e84db1fb_8,0.00010640238906489685,0.6369096040725708
1262,81367_622a9e51_2,0.0002632878313306719,0.9338871240615845
1263,78966_584c5305_0,0.0005178670398890972,0.7299742698669434
1264,79905_623eae86_1,0.0024742535315454006,0.9797381162643433
1265,63055_6b907478_15,0.0005141235305927694,0.9589884281158447
1266,135771_b030a25c_4,6.0329155530780554e-05,0.9240438938140869
1267,41753_9b4f8d8a_0,0.00041416610474698246,0.9918683171272278
1268,80784_f7ec5f70_1,0.0009739336092025042,0.8349726796150208
1269,33607_c6f31fa6_10,0.0004950790898874402,0.9393695592880249
1270,22225_a3ce4d29_42,0.0009853041265159845,0.8941159248352051
1271,51938_8b9cba89_5,0.0049170637503266335,0.8969537615776062
1272,44741_f386a08f_4,0.001036610803566873,0.9692332744598389
1273,70021_e673ae54_4,0.0003185683162882924,0.994829535484314
1274,55135_f1186d58_7,0.0005941902054473758,0.9467427134513855
1275,31856_2a5a4e32_12,0.0010182178812101483,0.9435169100761414
1276,75303_045fc848_4,0.000688037951476872,0.8942824602127075
1277,129683_3ad38815_10,0.0032731422688812017,0.9617242813110352
1278,21894_93f0d052_24,0.0005450891912914813,0.9559169411659241
1279,143823_1b04bf80_13,0.0007810938404873013,0.9436361193656921
1280,143823_1b04bf80_18,0.0003024337056558579,0.7073940634727478
1281,111863_c925f4f3_2,0.00015752481704112142,0.8496900796890259
1282,104633_d0a15bd3_6,0.0008867026190273464,0.9256468415260315
1283,48832_22363e53_33,0.0004258095286786556,0.9884984493255615
1284,127466_a18ae326_1,0.0005776499165222049,0.7823717594146729
1285,22211_b1ee53f0_12,0.0013060646597296,0.9454222917556763
1286,137837_9c9f163d_6,0.00013020967890042812,0.964537501335144
1287,122755_b830e22d_17,1.8089009245159104e-05,0.7974100112915039
1288,21299_e9cd80a6_12,0.00020013237372040749,0.7316216230392456
1289,44920_70dd4b80_11,0.0005558360717259347,0.9748532772064209
1290,52987_387431ac_7,0.0008389541762880981,0.97444748878479
1291,147926_b78316a8_10,0.00012141263869125396,0.8936283588409424
1292,144653_e3eccdf1_50,0.00011146775068482384,0.9257342219352722
1293,56458_c027ed41_0,0.00043041782919317484,0.9465715289115906
1294,23495_6366269c_11,0.0002738752809818834,0.9945534467697144
1295,70883_e2d6a103_2,0.0012771171750500798,0.9810243248939514
1296,32743_f4c47bbc_34,0.0007242573774419725,0.5778756141662598
1297,30910_38ea5a06_2,0.0001892026193672791,0.9679113626480103
1298,56476_466fc284_17,0.005699386820197105,0.8821133375167847
1299,22604_0b4ffb43_62,0.00029884965624660254,0.9875308275222778
1300,21534_6367be99_0,0.00046977458987385035,0.8519102334976196
1301,133026_1085532d_1,0.00019484788936097175,0.9504809975624084
1302,137828_0b0786fb_1,0.0008097175741568208,0.9844335317611694
1303,55627_971fde61_27,0.00027972078532911837,0.9646885991096497
1304,93869_8b1922a3_0,0.00047514616744592786,0.9616807699203491
1305,24393_9acd18c6_3,0.00046245023258961737,0.991370677947998
1306,44996_b3e9c266_14,3.579248004825786e-05,0.8599264025688171
1307,55300_b9675d43_1,0.000264511356363073,0.9948064684867859
1308,113352_879844fe_0,0.0006054171244613826,0.9753468632698059
1309,135317_3c58b0d0_9,0.00021844229195266962,0.7981606721878052
1310,115624_fe3eb392_1,0.002045415574684739,0.9042060971260071
1311,63055_6b907478_21,0.0009194049634970725,0.9664707779884338
1312,40421_032c052f_0,0.000420306867454201,0.9361132979393005
1313,143029_70554264_3,0.00011232684482820332,0.8075711727142334
1314,145117_78f63de3_0,0.0003432822413742542,0.9117113351821899
1315,128996_35f2006e_0,0.00011953375360462815,0.40225160121917725
1316,54503_fc6c6963_1,0.0003662305243778974,0.9537450671195984
1317,24657_0168dc6b_1,0.0005297287716530263,0.9870339632034302
1318,130524_13ad16a8_0,0.006876904051750898,0.9659948945045471
1319,142670_33c641dc_3,0.00016571415471844375,0.9370429515838623
1320,65375_674ff0b9_11,0.0012763856211677194,-0.16206002235412598
1321,23168_7fdf5427_3,1.5249013813445345e-05,-5.965748310089111
1322,41717_ab2075ac_0,0.0002848833391908556,0.9895402193069458
1323,21739_57582b8f_4,0.0006258970242924988,0.9632793664932251
1324,143293_fc5b0ff7_30,0.0004430910630617291,0.9879166483879089
1325,135906_587b5c3d_0,0.00018341111717745662,0.8892481923103333
1326,138685_fd9b79cd_0,8.402861567446962e-05,0.9328092932701111
1327,119921_5621fcb4_0,0.00044905682443641126,0.924187183380127
1328,49403_458914df_5,0.00036059762351214886,0.958903431892395
1329,73525_7f6b2f67_2,5.905953730689362e-05,0.9054075479507446
1330,136994_a3a2f50f_3,0.0007817706791684031,0.9119454622268677
1331,31838_2e4bd173_1,0.003122191410511732,0.9324233531951904
1332,35866_d0233b36_6,0.00030504848109558225,0.9947995543479919
1333,53053_d6b4d71c_9,0.001547113643027842,0.9598326086997986
1334,90220_7baf1e18_1,0.0001337110297754407,0.819500744342804
1335,23364_73dd9d4d_10,6.261802627705038e-05,0.910004198551178
1336,52987_387431ac_3,0.0003331697080284357,0.9725604057312012
1337,51859_6b2fd0f1_4,0.0001897644979180768,0.8945028185844421
1338,51708_867d4509_12,6.445692997658625e-05,0.4416588544845581
1339,93199_2146e709_3,0.0005497680976986885,0.9883438348770142
