case_num,case_name,MSE,R-Square
0000,50417_199cffee_13,0.007285597268491983,0.9432491064071655
0001,48516_2b3135bf_11,0.005583665799349546,0.8112172484397888
0002,41733_1ec9b00c_31,0.0057359240017831326,0.44361358880996704
0003,31664_1e85c690_0,0.002104033948853612,0.8868786096572876
0004,21893_0500d043_18,0.0018226054962724447,0.9629443883895874
0005,31607_9a2f8140_6,0.0010248715989291668,0.9655998349189758
0006,41774_88a7a483_18,0.0008566963952034712,0.790876030921936
0007,42143_51b31600_4,0.00015520676970481873,0.6863906979560852
0008,23104_3b70eba4_13,0.0008052352350205183,-0.32465219497680664
0009,129075_8fbf62e5_2,0.0001073857129085809,0.716619074344635
0010,41624_a15f83c1_13,0.00017515497165732086,0.9139909148216248
0011,36088_1ea9c8a9_12,0.00034039560705423355,0.9920589327812195
0012,126477_6596d136_14,0.00027306837728247046,0.7524850368499756
0013,130441_10c43121_0,0.025903237983584404,0.8680415153503418
0014,133385_e6aa64d8_21,0.00038259438588283956,0.7489936351776123
0015,26398_b99946da_1,0.003673492930829525,0.9516871571540833
0016,61198_0c99f50a_4,8.559955858800095e-06,0.4607512354850769
0017,26661_ab88a525_0,0.00018958763394039124,0.7808810472488403
0018,129075_8fbf62e5_1,0.001060586771927774,-0.0015773773193359375
0019,51891_9455ea02_1,0.0020395261235535145,0.9676364064216614
0020,34770_6bba5bd4_13,0.0005500194383785129,0.9892008900642395
0021,21646_a2dd0d00_53,0.0013085785321891308,0.8912281394004822
0022,68909_4ae1bc2e_1,0.00015210176934488118,0.857059121131897
0023,27866_ece3076e_109,0.0006272750324569643,0.9010871052742004
0024,92134_52f13f49_6,0.0004225197189953178,0.7564980387687683
0025,23342_7193a931_1,0.00024536356795579195,0.6594520807266235
0026,126572_a2d6f794_14,3.363303039805032e-05,-2.3811404705047607
0027,44344_3e0b0b0c_1,1.4338971595861949e-05,-0.985908031463623
0028,49331_3bf3bb84_4,0.0012046326883137226,0.9779492616653442
0029,33971_46bb0373_0,0.003046843921765685,0.6108053922653198
0030,21517_bfe35b4c_1,0.000446993246441707,0.35167592763900757
0031,23165_369d62aa_6,0.0014047485310584307,0.9830564856529236
0032,81846_2907c980_0,0.001683499664068222,0.9252700805664062
0033,24168_a0ede173_111,0.0035445771645754576,0.6499022245407104
0034,53461_a5942665_1,0.0007431091507896781,0.9724389910697937
0035,24907_c72322ea_13,0.0010549930157139897,0.6019142866134644
0036,133424_315bcaeb_7,0.0001531062152935192,0.8018743395805359
0037,40490_916e13fe_0,0.0008012681500986218,0.9750424027442932
0038,38000_b5822e44_3,0.0013811613898724318,0.9790670275688171
0039,138520_f4e0bc0b_63,0.00036044808803126216,0.6561157703399658
0040,61294_9255796d_3,0.00020613386004697531,0.6142947673797607
0041,22176_272891b8_0,0.0008354831952601671,0.5761974453926086
0042,24815_4f2a57e4_1,0.003759198123589158,0.8896158933639526
0043,113343_e692c488_1,0.00015577551675960422,0.7649224400520325
0044,33995_18423507_1,0.0001842280471464619,0.7518279552459717
0045,127897_029949fd_6,0.00043419114081189036,0.9913179278373718
0046,123181_4e56fb4f_0,0.0008731152047403157,0.9873511791229248
0047,22670_9353c710_1,8.952096686698496e-05,0.45443034172058105
0048,128642_4d72bf31_2,0.0014636220876127481,0.20715081691741943
0049,146667_fe438b5b_6,0.005379227455705404,0.6714981198310852
0050,38260_2a31c6df_2,0.0008796192123554647,0.8760328888893127
0051,24443_996411f9_3,0.0021152407862246037,0.951998770236969
0052,142074_34e02b6d_1,0.0006162803038023412,0.8154327869415283
0053,41501_b627682a_15,0.004155606497079134,0.636854350566864
0054,24712_da77fe8f_0,0.0006838756962679327,0.9872048497200012
0055,32960_0eaa1de8_26,0.001131842378526926,0.9790359139442444
0056,130757_b2c47f8d_2,8.108734618872404e-05,-1.4234323501586914
0057,104817_6d73dc41_0,0.0068660639226436615,0.2307475209236145
0058,79243_49539d9f_0,0.0016550138825550675,0.9643447995185852
0059,82012_c533307b_1,0.0002826499112416059,0.7367016077041626
0060,107649_e651c5ca_1,0.00024902503355406225,-0.7365701198577881
0061,40997_e3c88650_12,0.0021312839817255735,0.9453317523002625
0062,143029_70554264_4,0.0007018359028734267,0.9040608406066895
0063,27054_342fcf5c_3,0.00023037628852762282,0.7595556974411011
0064,41648_577daf16_17,0.0016419609310105443,0.3784360885620117
0065,89720_4e65191c_1,0.0011471965117380023,0.9722089767456055
0066,75382_1b589ea9_12,6.81172386975959e-05,0.8052793145179749
0067,120371_433ba1ca_2,0.0006675724289380014,0.9417796730995178
0068,49024_b7f02205_13,0.0022970589343458414,0.898542046546936
0069,51022_47816098_7,0.005325921345502138,0.9453107714653015
0070,41634_4f5d0edb_0,0.00015459960559383035,0.6908608675003052
0071,23170_6ea8ded5_3,0.0011247583897784352,0.9811770915985107
0072,69589_cd2fa794_8,0.0023478898219764233,0.846480131149292
0073,41504_85e300ee_0,0.004909551702439785,0.32965177297592163
0074,128996_42176b10_0,0.0028517297469079494,0.7691863775253296
0075,38920_e81879c2_7,7.190394535427913e-05,-85.48038482666016
0076,148051_c59af578_6,0.0008858945220708847,0.9758726954460144
0077,65494_16d62db5_0,0.0001728898350847885,0.7683269381523132
0078,25473_0991d519_0,0.001774132251739502,0.9583191871643066
0079,75270_25a261ef_5,0.0008983557345345616,0.9103624820709229
0080,49613_1b97c07b_12,0.00030333787435665727,-2.221707344055176
0081,115633_a2c63339_1,0.00025958273909054697,0.9232205748558044
0082,52366_63042db4_1,0.0011237072758376598,0.9744247794151306
0083,30282_88c6933c_5,0.002208738587796688,0.7357622385025024
0084,53474_f29e4438_12,0.008879362605512142,0.7093024253845215
0085,24026_1dd4094b_21,0.0012355765793472528,0.8590579032897949
0086,21225_c081eae3_2,0.002258013002574444,0.7015374302864075
0087,35057_9af89947_8,0.0007993900799192488,0.35786116123199463
0088,43529_4804941b_20,0.0012399344705045223,0.9622128009796143
0089,22103_fd11c71b_3,0.0008437415235675871,0.8946423530578613
0090,51536_a18dc325_0,0.0017008058493956923,0.9097349047660828
0091,24230_636208ab_13,0.00095830560894683,0.4115232229232788
0092,41117_1b3271f2_56,0.0028881726320832968,0.9554020166397095
0093,140499_419d5823_0,0.0012892883969470859,0.8885504007339478
0094,115524_a949e82c_2,6.268186552915722e-05,0.7558282613754272
0095,29833_0ed4880f_3,0.0005475854268297553,0.9901476502418518
0096,127556_4823a42a_6,0.0009230306022800505,0.8449513912200928
0097,23960_48cc0f21_19,4.3133819417562336e-05,0.39514219760894775
0098,132987_ba18d2eb_11,0.00015531998360529542,0.7025828957557678
0099,51337_f8636fd9_30,6.812946230638772e-05,0.9230227470397949
0100,40999_cad6be09_18,0.002676688600331545,0.9367165565490723
0101,136886_99fbdef3_0,0.00012053799582645297,0.793150007724762
0102,30447_4ed3b778_7,0.04756363853812218,0.824763834476471
0103,55811_bc667b2d_13,0.001103224465623498,0.5800047516822815
0104,41716_d55164d4_1,0.00022558544878847897,0.921051561832428
0105,33610_aa697fc9_6,0.001347342156805098,0.9005491733551025
0106,55095_fa260d33_6,0.00321340118534863,0.9152967929840088
0107,115639_bc0cc622_0,0.004332948476076126,0.6827555298805237
0108,20841_1620ae7d_0,0.0009176592575386167,0.8736622929573059
0109,50823_d1830e58_2,0.0008868927252478898,0.8244341611862183
0110,109762_cb162371_48,0.00043319526594132185,0.8477741479873657
0111,41387_5f752e39_23,0.0009088226943276823,0.9663901329040527
0112,121540_629c716f_0,0.0011054541682824492,0.9532039165496826
0113,118539_1dff9cf9_12,1.699943095445633e-05,-0.24325835704803467
0114,30714_dafa62f6_2,0.006667830049991608,0.9127644896507263
0115,79633_bbbde75f_0,0.005924914963543415,0.8554991483688354
0116,33059_531cfd5e_11,0.0006421108264476061,0.8949140906333923
0117,20697_d3e106b4_4,9.876566036837175e-05,0.1705135703086853
0118,136062_0027ff97_6,0.000956712116021663,0.9117345809936523
0119,146291_6b0c8db3_1,0.04044662415981293,0.05870199203491211
0120,45466_5f662bcb_0,0.00015601616178173572,0.6787643432617188
0121,144500_7f600ab6_0,0.0007299305289052427,0.9325012564659119
0122,44996_b3e9c266_4,0.0004766781348735094,0.8993170261383057
0123,40713_4c9264ef_0,0.00192066200543195,0.7437387704849243
0124,132384_0fcab1fa_13,0.0007821243489161134,0.15860891342163086
0125,33738_77d49563_2,0.0003678035282064229,0.5724769830703735
0126,129422_621d0a90_33,0.0002700178883969784,0.8729177117347717
0127,115633_fd3c9b97_32,6.188026600284502e-05,0.7464342713356018
0128,69337_a122ffde_1,0.0008852837490849197,0.9095177054405212
0129,37241_29f91452_0,0.0011620762525126338,0.9731172919273376
0130,141199_9ae000ef_6,0.003677116008475423,-2.1082115173339844
0131,147133_92c04b84_4,0.0006250640144571662,0.4502484202384949
0132,77687_cbb18594_50,0.0014095106162130833,0.027093231678009033
0133,144290_2a679085_11,0.00016192904149647802,0.5230954885482788
0134,130825_c59bbbfb_0,0.0003388111072126776,0.991329550743103
0135,82512_252da752_6,7.270287460414693e-05,-111.47915649414062
0136,115624_d0acb46b_24,0.001923302304930985,0.9791318774223328
0137,92134_52f13f49_7,0.00036412078770808876,0.7715502977371216
0138,100326_0602c712_7,0.0001928913698066026,0.6959417462348938
0139,134630_f9e85072_0,0.0014974453952163458,0.6552766561508179
0140,108943_b07b2543_1,0.0009485647897236049,0.8435792326927185
0141,125416_ab456bc3_5,0.0020816202741116285,0.8232671618461609
0142,57222_33b428d7_69,0.0007022258942015469,0.29766780138015747
0143,24650_dad8c8ee_13,0.003143101930618286,0.9443063139915466
0144,41749_14d0599c_1,0.0018872660584747791,0.7192577123641968
0145,49396_98ab955d_27,0.0001539805525681004,0.8994707465171814
0146,136892_e2a0b32c_4,9.57273459789576e-06,0.7538496255874634
0147,31962_e5291336_28,0.0017002822132781148,0.962892472743988
0148,34231_e27353cb_0,0.00016388212679885328,0.827692985534668
0149,112724_d334de09_0,0.0027207948733121157,0.957711935043335
0150,56486_82b3e23a_21,3.7407760828500614e-05,0.5650055408477783
0151,40500_6055e3d7_17,1.531722955405712e-05,0.48471730947494507
0152,39468_15fb2e60_43,0.0006622683722525835,-0.0806276798248291
0153,141710_17531562_7,0.0011753924190998077,0.9667806625366211
0154,33529_756075a0_12,0.0009056360577233136,0.8225854635238647
0155,54169_3a875f10_8,0.0032637629192322493,0.9139150381088257
0156,41023_5445cb61_9,0.00028554064920172095,0.7488745450973511
0157,146380_5c569eeb_2,0.0028128509875386953,-0.5118316411972046
0158,24195_9791f5d3_38,2.2496975361718796e-05,0.5563701391220093
0159,26573_7f7e176d_2,0.02867782860994339,0.7456369400024414
0160,22734_f6bad9f7_25,0.005958755500614643,0.9039909839630127
0161,48112_9538e204_0,0.00035771200782619417,0.9928994178771973
0162,127545_6fa39158_10,0.004528762772679329,0.9647831320762634
0163,23788_5c0b60c6_0,0.00030091506778262556,0.8419930934906006
0164,23792_5b4c1ce0_21,0.0010958502534776926,0.9654214978218079
0165,146067_46e58ab3_1,0.008189965039491653,0.9480388164520264
0166,101072_dec6f415_3,0.00036472154897637665,0.832814633846283
0167,22829_b6649a29_0,3.770940747926943e-05,0.3747369647026062
0168,55389_a736bd99_0,0.0017194467363879085,0.0866386890411377
0169,30259_d709601c_9,0.002421044511720538,0.9310299158096313
0170,35866_d0233b36_13,0.00021143116464372724,-1.2450909614562988
0171,34563_52848c45_5,0.00024829490575939417,0.8994967937469482
0172,44519_90af0df6_7,0.0018421614076942205,0.46261918544769287
0173,114111_59282658_8,0.001132393372245133,0.6125151515007019
0174,45922_26941172_15,0.00808271486312151,0.8646971583366394
0175,41303_bd1def52_3,0.0006936136051081121,0.8246178030967712
0176,22053_de30641b_1,3.97086187149398e-05,0.3921430706977844
0177,22298_51433023_4,0.0016570916632190347,0.9638956785202026
0178,23479_81a49137_0,0.0024845160078257322,0.09743475914001465
0179,22225_a3ce4d29_37,0.0026067516300827265,0.9639094471931458
0180,135669_490cd2d7_14,0.011268840171396732,0.3955754041671753
0181,32173_8b075b1a_4,0.004417849704623222,0.9284414649009705
0182,145119_24107428_5,0.0018938230350613594,0.8563474416732788
0183,41774_88a7a483_36,0.00021093690884299576,0.8915895819664001
0184,133549_1b6c58d6_0,0.001992675708606839,0.9575890302658081
0185,40936_6de8f4f4_0,0.008371644653379917,0.9477760195732117
0186,23008_3d1bb7b2_0,0.005811712238937616,0.9166133403778076
0187,38360_ad61c9b2_1,0.0005370270810090005,0.6510822772979736
0188,136109_3d342d3c_2,0.001117927604354918,0.9550565481185913
0189,135790_a27f9deb_11,0.0001680107379797846,0.79165118932724
0190,140249_7c1c5bba_0,0.0001280480355489999,0.8441287279129028
0191,128996_a3d026d6_0,0.002875537844374776,0.410727858543396
0192,23235_f9ccb8b0_0,0.0020207150373607874,-0.5935628414154053
0193,93671_f7290ded_0,0.00022802023158874363,0.8648825883865356
0194,51109_97b211c3_7,0.0021493849344551563,0.7373075485229492
0195,51916_fa226b15_13,0.00013190925528761,0.7149800658226013
0196,86268_094d3fab_1,0.00030287023400887847,0.9939438700675964
0197,39637_ca6a9a60_1,0.005199661012738943,0.3569530248641968
0198,47219_93cb3619_3,0.04605596140027046,0.18879365921020508
0199,47878_0edb6829_0,0.0013135656481608748,0.976638913154602
0200,26764_ab35159a_6,0.0024453315418213606,0.9023930430412292
0201,34341_d19b12fb_12,0.0003721248940564692,0.5902225971221924
0202,118342_c702e084_6,0.0007683494477532804,0.9824483394622803
0203,49886_dd68dccb_4,0.0027254705782979727,0.7936389446258545
0204,23493_57512264_5,0.00014514796203002334,0.5424041748046875
0205,31751_e37382e1_5,0.0015200566267594695,0.961064338684082
0206,24338_848cab42_6,0.0056634689681231976,0.5525639057159424
0207,24916_42eacca3_10,0.0015409764600917697,0.16745597124099731
0208,137485_a953e1be_2,0.0004081515362486243,0.9918389916419983
0209,23706_ef15ef9c_18,0.004752790089696646,0.6847339868545532
0210,143671_eaf4d13b_6,0.0023320375476032495,0.9644191861152649
0211,53470_39f2e9dc_13,0.0009821417042985559,-0.24466168880462646
0212,145772_59253c6d_3,5.553623122978024e-05,0.9217442274093628
0213,51893_d531e2bd_2,0.0009577571181580424,0.9791463613510132
0214,39389_d641313f_8,0.008667915128171444,0.6692659258842468
0215,51595_41f3d1a3_5,0.0002331821742700413,0.7786259055137634
0216,51674_a70c1c6c_15,0.0002278419997310266,0.13198846578598022
0217,37617_3f415463_5,0.000390414847061038,0.7038838863372803
0218,31862_a89f21f9_3,0.0010902127251029015,0.96760094165802
0219,40519_55a097c6_11,0.003571594599634409,0.7917564511299133
0220,111306_9108c940_0,0.0017803265945985913,0.6592983603477478
0221,136640_16741d62_4,0.000972410140093416,0.33827126026153564
0222,23155_d7305c5f_2,0.011906820349395275,0.7588199973106384
0223,43934_912ff891_41,0.0001884086523205042,0.10186147689819336
0224,57017_6033d1e5_0,0.0008971060742624104,0.9548355340957642
0225,126913_d253adb7_1,0.0009813031647354364,0.6075621843338013
0226,130752_52d74f2f_48,0.004888901486992836,0.6704367399215698
0227,124177_71283cad_0,0.0008410651353187859,0.9351449012756348
0228,24650_dad8c8ee_18,0.0012099012965336442,0.9690722227096558
0229,55199_4d57661f_2,0.002938647521659732,0.8240736722946167
0230,115010_eb737aaf_20,0.001076359418220818,0.9793887734413147
0231,27855_19c5895a_12,0.0001665968884481117,0.912620484828949
0232,52772_a6e6e320_0,0.0004897838807664812,0.3427134156227112
0233,90917_3d2d21a9_0,0.0037618258502334356,0.9139630198478699
0234,40703_5f4e45d4_7,0.0003150235570501536,0.9937506318092346
0235,132622_911efd2f_1,0.007239779457449913,0.8916316032409668
0236,43441_e1ab0873_6,0.04992727190256119,0.2118169665336609
0237,34917_61633e20_6,0.0018080335576087236,0.960801899433136
0238,67221_275ba7e6_4,0.0011208715150132775,0.9775162935256958
0239,130719_e4764a36_10,0.00019662969862110913,0.5712261199951172
0240,136318_130d6a06_20,0.0012732002651318908,0.883869469165802
0241,99636_73c43ebd_10,0.0007367976941168308,0.9801192283630371
0242,29377_3a04cb8d_6,0.00036058665136806667,0.9473943710327148
0243,23018_63087a41_47,0.0012315765488892794,0.9662888050079346
0244,26165_100fec74_4,0.00010522537195356563,0.6689091324806213
0245,135934_d2f6bb2e_46,0.0004592090263031423,0.7770829796791077
0246,24039_448afafa_5,0.004109624773263931,0.8019382357597351
0247,32775_a79b406b_14,0.004054670687764883,0.48336291313171387
0248,23686_cba4f679_0,0.000770196842495352,0.9269563555717468
0249,35147_bc9f2c5d_0,0.0031869825907051563,0.4855220317840576
0250,136337_1351909b_2,0.015172221697866917,0.6396216750144958
0251,139222_2c10ca9a_1,0.005664402153342962,0.5127087831497192
0252,139379_fe5c3f64_0,0.00015094285481609404,0.9944351315498352
0253,33084_344fec27_2,0.0006284978589974344,0.9881694316864014
0254,24775_d5c98d77_0,2.309206684003584e-05,0.288149356842041
0255,56344_3a89f085_23,0.0006053912220522761,0.9438921809196472
0256,135112_cf8007b8_5,0.0017482273979112506,0.9569536447525024
0257,50706_20d07d57_2,0.007648922502994537,0.926702618598938
0258,51744_cd355565_5,0.003376314416527748,0.8988730311393738
0259,51464_da501c24_0,0.002250606194138527,0.5564036965370178
0260,126572_a2d6f794_23,1.9925964807043783e-05,0.310369074344635
0261,70021_e673ae54_2,0.00024097022833302617,0.652801513671875
0262,25144_31b089b6_5,0.001097845728509128,0.5027297139167786
0263,24715_55aac5f2_2,3.110305988229811e-05,-1.5893266201019287
0264,24532_f82f8000_2,0.0022978349588811398,-0.8601855039596558
0265,30664_a3084f71_1,0.0017195666441693902,0.2810702323913574
0266,81145_5c13a8e9_1,0.00033594545675441623,0.6568652391433716
0267,132037_2abb8c63_10,6.714813207508996e-05,0.6913326382637024
0268,50414_ac159b58_2,0.0009690699516795576,0.9647810459136963
0269,21601_360ce1c7_7,0.0011580255813896656,0.9789546132087708
0270,22119_27e3ecbe_9,0.0011362977093085647,0.9647639989852905
0271,145120_74f7316f_0,0.00894180778414011,0.5957276821136475
0272,74574_c302ff1f_0,0.0006129987305030227,0.1948704719543457
0273,52443_085efc00_4,0.0004992486792616546,0.8368707299232483
0274,147546_ede0f31c_3,0.016276849433779716,0.6480175256729126
0275,22492_047b125b_21,0.002515815431252122,0.9416095018386841
0276,72313_5a86e234_0,0.04074294492602348,0.22170698642730713
0277,45589_49e3c7ea_2,0.0002696994924917817,0.9918674826622009
0278,83432_a7f85698_0,0.001457550679333508,0.9672617316246033
0279,32775_a79b406b_0,0.0004514216270763427,-3.3472323417663574
0280,121703_69c4a5ac_3,6.219050555955619e-05,0.774664580821991
0281,80901_e9080573_6,0.0006785772857256234,0.973518431186676
0282,21809_8bd6b10e_3,0.0292336605489254,0.35656654834747314
0283,49396_98ab955d_15,0.0016417399747297168,0.8434613943099976
0284,33766_14917a4a_19,0.0011081885313615203,0.9753429889678955
0285,26661_ab88a525_8,0.00012589062680490315,0.9964708089828491
0286,44030_17bd5ec9_0,0.001650679507292807,-1.029191255569458
0287,53221_74fa81cd_7,0.00025191777967847884,0.7822380065917969
0288,21887_3306168f_7,0.003992872312664986,0.6021510362625122
0289,86185_85fde9e6_0,0.002560116583481431,0.6087366342544556
0290,87951_500b1dcd_2,0.00016606839199084789,0.8222231864929199
0291,22276_69c5036b_11,0.002347206464037299,0.9385883212089539
0292,41721_44151488_5,0.004371570888906717,0.5952180027961731
0293,102293_5d04e48d_0,0.01800472103059292,0.1457497477531433
0294,77687_cbb18594_20,0.00015529499796684831,0.7845844030380249
0295,133248_1bab99ae_0,0.004235663451254368,-0.8671698570251465
0296,24051_4852a192_2,0.0018412262434139848,0.9368029236793518
0297,86806_2993395a_1,0.00017391456640325487,0.852358341217041
0298,38558_b0d6b3f8_1,0.0007106975535862148,0.985413134098053
0299,140549_7d01813c_0,0.027213510125875473,0.13673394918441772
0300,24559_3c306e71_1,0.0012665498070418835,0.8051930069923401
0301,70350_751de4b0_13,0.010311444289982319,-3.200310230255127
0302,39101_23fec10f_8,0.0026384831871837378,0.7192949056625366
0303,24942_9d1b2ff2_8,0.0025864597409963608,0.9698530435562134
0304,30850_05d88af9_3,0.01858285255730152,0.6909891366958618
0305,113358_08641c94_4,0.00277512613683939,0.9137651324272156
0306,21234_8b71bd47_27,0.00127530621830374,0.5386230945587158
0307,26245_4aac38e1_21,0.0005190554074943066,-0.20427870750427246
0308,66072_d301cc88_0,0.0009273944888263941,0.5989444851875305
0309,21894_93f0d052_23,0.0031339148990809917,0.690454363822937
0310,147816_7fb70c2b_2,0.001528182183392346,0.8397109508514404
0311,49120_4131d1e7_1,0.0002949106565210968,0.9409568309783936
0312,52224_ca16c854_4,0.00570461293682456,0.18538135290145874
0313,105762_19e04e0b_1,6.365380977513269e-05,0.4975090026855469
0314,30400_8824ce97_36,0.0006072662072256207,0.9125310182571411
0315,95199_ffcff41e_0,0.00023374942247755826,0.7605057954788208
0316,50417_199cffee_3,0.00027527171187102795,0.7857564687728882
0317,24544_d06c82dd_5,0.0012533277040347457,0.9792584776878357
0318,22604_565b91f5_2,0.0008013563929125667,0.9665648341178894
0319,22788_b6a9e30a_4,0.0006531123071908951,0.8367913365364075
0320,45789_d5126eab_14,0.002017709892243147,0.5878338813781738
0321,37267_b2be4b50_3,3.3648851967882365e-05,-2.3858449459075928
0322,34330_5eff1ee1_3,0.0007587991422042251,0.9114447832107544
0323,137999_d934160e_1,6.104880594648421e-05,0.5277549028396606
0324,134921_f5efde94_27,0.0002454168861731887,0.774363100528717
0325,53470_39f2e9dc_8,6.442229641834274e-05,0.27726709842681885
0326,23497_f292546d_25,0.0018328642472624779,0.9238230586051941
0327,22289_4b848f64_2,0.0007881371420808136,0.8932581543922424
0328,31392_84b62622_2,0.0020574796944856644,0.8285275101661682
0329,51347_1fc6f329_0,0.0017235430423170328,0.6128139495849609
0330,50777_2934de55_6,0.00028746691532433033,0.9897441267967224
0331,32841_954e8c1a_0,6.738609226886183e-05,0.9304778575897217
0332,31530_6744ae73_3,0.0009692853782325983,0.985772967338562
0333,65827_d1469ad6_1,0.001020417083054781,-6.636411190032959
0334,145461_30637b22_8,3.895545160048641e-05,-0.5570834875106812
0335,31973_093ea963_13,0.0003887095081154257,0.8486790657043457
0336,70355_e5f58cd5_14,0.0018072091042995453,0.823752224445343
0337,77687_cbb18594_40,7.117299537640065e-05,0.6855500340461731
0338,24392_fce351ea_0,0.0005115126841701567,0.7257784605026245
0339,36853_7efccb8c_3,0.0013150072190910578,0.8205198645591736
0340,41644_d15f8e2b_5,7.083612581482157e-05,0.6349645256996155
0341,131762_9b5e5ff5_2,0.0017359823687002063,0.895165205001831
0342,82193_96ef9433_2,0.001563463476486504,0.9756354689598083
0343,31347_386f6298_15,0.0020695675630122423,0.9513378143310547
0344,34568_fbe47bf9_0,0.00016304694872815162,0.5332704782485962
0345,115624_fe3eb392_3,0.002568631200119853,0.9412170052528381
0346,130446_e7b58dbe_0,0.020048830658197403,0.1911143660545349
0347,104641_2cd02839_33,6.24995882390067e-05,0.8634601831436157
0348,31460_39fdfc6a_7,0.0023239587899297476,0.47690773010253906
0349,95541_ced8f936_0,0.0006558395689353347,0.9858651161193848
0350,23126_725969ea_17,0.0003750442119780928,0.9603747129440308
0351,23676_52069f98_5,0.00010460669727763161,0.6060707569122314
0352,137637_ed9c537d_0,0.0007969754515215755,0.802936315536499
0353,22474_b10fea1a_2,0.001323310425505042,0.9679468870162964
0354,143017_21d96cc2_10,0.0012493720278143883,0.8198916912078857
0355,105270_34f92afd_1,0.00022771902149543166,0.6806067228317261
0356,95622_0a0787e4_4,0.0017873396864160895,0.9733047485351562
0357,55854_13f0399b_0,0.0032913859467953444,0.9291591644287109
0358,22118_1e09e0eb_5,0.002133668400347233,0.9090010523796082
0359,146717_3e6a84c1_7,0.0019690347835421562,0.970485270023346
0360,63132_330141d7_3,0.00101472157984972,0.7942088842391968
0361,115633_fd3c9b97_46,0.0001009206534945406,0.7921288013458252
0362,21644_aa203dc5_29,0.0002954087685793638,0.9274907112121582
0363,79791_00f639ca_15,0.0006787808961234987,0.9885721206665039
0364,60711_42b5a13e_1,0.0011031021131202579,0.8778391480445862
0365,137483_cdb8989d_0,0.0011017114156857133,0.9769976139068604
0366,21644_aa203dc5_26,0.0005320816417224705,0.9081677198410034
0367,131876_b2384623_0,0.0005409552832134068,0.6507233381271362
0368,23706_ef15ef9c_10,0.0005709149409085512,0.9126593470573425
0369,68948_0d2a01cd_9,0.0021869675256311893,0.9386622905731201
0370,145137_4e9eef42_1,0.001729767769575119,0.6521015167236328
0371,30426_2cde26de_20,0.004356709308922291,0.9504244327545166
0372,31378_34c52a73_0,0.00038838840555399656,0.8921768069267273
0373,92134_52f13f49_4,0.0003917825815733522,0.735588788986206
0374,119634_fc722479_1,0.0019078755285590887,0.9737505912780762
0375,24032_d6172503_24,0.002785870572552085,-0.16639471054077148
0376,136401_69f29349_4,0.00019288697512820363,-1.9928374290466309
0377,41871_f9a1ad02_26,0.0007132441969588399,0.9458426237106323
0378,48220_87941c4e_116,0.0022623392287641764,0.6652134656906128
0379,115012_9ed88535_2,0.00178785459138453,0.28591179847717285
0380,69488_025cf0a2_1,0.009293773211538792,0.9369980692863464
0381,147427_69f68da4_3,0.00014033837942406535,0.6110339760780334
0382,33766_14917a4a_32,0.0009175774175673723,0.9669927358627319
0383,51747_3d58eae0_0,0.0013772665988653898,0.8150705695152283
0384,33785_a4c23f61_0,0.023138655349612236,0.9127075672149658
0385,114935_797875fe_2,0.0018880441784858704,0.9313124418258667
0386,51775_49ef614a_26,0.0002170965017285198,0.6140060424804688
0387,38196_ea48fa42_3,0.00014106837625149637,-0.6502591371536255
0388,140413_44177109_21,2.180854971811641e-05,0.6008844375610352
0389,27676_79237cc5_1,0.0017068911110982299,0.44159597158432007
0390,52883_e518d3f4_33,0.0003421753062866628,0.9932594895362854
0391,34347_841c5375_2,0.00030292008887045085,-5.15903377532959
0392,55289_292737cb_0,0.0006939581944607198,0.9866772294044495
0393,50606_82cb18e2_0,0.0009491866221651435,0.962695300579071
0394,30407_efa567f2_4,0.000464012089651078,0.9888116121292114
0395,31647_ab9ad9dc_13,0.002931809751316905,0.7159706354141235
0396,24896_58b4730f_17,0.0007516562473028898,0.8598046898841858
0397,23602_5daaccf5_4,0.0028915510047227144,0.7980378270149231
0398,27725_5cceaeb7_10,0.00018941953021567315,0.6064767837524414
0399,127734_395dcf7d_5,0.006087130401283503,0.010190904140472412
0400,31957_d864f861_3,0.006747893523424864,-0.375110387802124
0401,49415_1671b60c_4,0.0011693709529936314,-0.09340202808380127
0402,45110_fae73324_4,0.0007697625551372766,0.958920955657959
0403,22343_34184fd5_18,0.00015912987873889506,0.39418357610702515
0404,22848_cc91b848_38,4.8217167204711586e-05,-54.58139419555664
0405,73652_23b21ef2_1,0.0031323465518653393,0.9370129108428955
0406,65569_bd890a32_1,0.0008791910950094461,-7.433049201965332
0407,48220_87941c4e_111,0.0036886518355458975,0.3539803624153137
0408,30394_e30f932c_0,0.003573265392333269,0.79554682970047
0409,21941_1a683ec2_26,0.0017213927349075675,0.9281176924705505
0410,25564_e646fcb3_1,9.907317871693522e-05,0.6654171347618103
0411,134053_87a32e31_3,0.00016670771583449095,0.5451127290725708
0412,87950_af56e26e_2,0.0007601185352541506,0.9443666338920593
0413,51458_54240b70_17,0.0002556469407863915,0.7176263928413391
0414,40688_effe215a_1,0.0007470411364920437,0.9815008640289307
0415,131494_c8a441d0_0,0.00044411866110749543,0.9135168790817261
0416,26768_c4df841f_21,0.0008404363761655986,0.015524685382843018
0417,136892_2d5f55a9_0,0.004907988477498293,-0.07626557350158691
0418,54652_d60ac3e0_10,0.0015485548647120595,0.9159860014915466
0419,51747_3d58eae0_1,0.0013639731332659721,0.4424133896827698
0420,54650_df3655c1_0,6.503593613160774e-05,0.2876893877983093
0421,41125_711db4bf_58,0.0012492223177105188,0.8610453605651855
0422,45418_f603706b_2,0.00038738996954634786,0.9020164608955383
0423,21852_6cf9a734_18,0.01196159329265356,0.8977633714675903
0424,122515_758d8b70_6,2.735156704147812e-05,-21.586566925048828
0425,104081_05ba54fa_2,0.0014013713225722313,0.41145116090774536
0426,41672_cf87e0b6_0,0.000508183497004211,0.9215677380561829
0427,22638_37f9fe91_1,8.089486800599843e-05,0.7610104084014893
0428,24559_3c306e71_3,0.0012630142737179995,0.7705942392349243
0429,31589_ac31215d_8,0.0007194812060333788,0.6192723512649536
0430,49603_143b8bd2_35,0.0027529229409992695,0.782118022441864
0431,127965_c64a91da_0,0.0007222144631668925,0.8130866289138794
0432,36062_f2fb6808_1,0.0001815759314922616,-0.6781251430511475
0433,139280_8874b1ab_18,0.00032787531381472945,0.6849398612976074
0434,30997_24dea167_4,0.0025495351292192936,0.7700308561325073
0435,143471_eb185912_5,4.3558062316151336e-05,0.5540086030960083
0436,23176_1bf2a2d5_10,0.0030924463644623756,0.8721468448638916
0437,98299_b8146029_5,0.0006736069335602224,0.9416632652282715
0438,23466_1cf60d09_4,0.005024666432291269,0.8595002293586731
0439,41591_2d0bd0d5_3,0.0012432786170393229,0.956294596195221
0440,134929_9049dcec_1,0.0005111140781082213,0.7259300947189331
0441,41785_e8bf0528_0,0.00218939664773643,0.9045975208282471
0442,31460_39fdfc6a_6,0.0015471491497009993,0.966867208480835
0443,133710_00be7f31_1,0.011355358175933361,-0.3029510974884033
0444,24532_f82f8000_0,0.000495503016281873,0.891008198261261
0445,21234_8b71bd47_3,0.00012904618051834404,0.8046538233757019
0446,35175_6edc4126_5,0.001974596409127116,0.9427815079689026
0447,20495_e8e7e80c_1,0.0002876821381505579,0.6645613312721252
0448,76546_c17e95aa_2,0.00012893718667328358,0.24156856536865234
0449,41654_e75f89df_0,0.0012296816566959023,0.9332578182220459
0450,109772_f1a0845e_6,0.00024534171097911894,0.8582370281219482
0451,34913_d23e2a24_0,0.0012143728090450168,0.932531476020813
0452,25203_1cc0cb3c_12,0.001944921212270856,0.9675410389900208
0453,37160_2a95674a_4,0.001588519662618637,0.8963038921356201
0454,69240_dc199112_4,0.0018934120889753103,0.6403518319129944
0455,25176_d9130589_0,0.001948984107002616,0.7438544034957886
0456,69235_fe79a369_0,0.00015087448991835117,0.6611590385437012
0457,39468_15fb2e60_9,0.0010851336410269141,0.8425747156143188
0458,103284_e25015aa_6,9.018662967719138e-05,0.28122472763061523
0459,30377_e18ea3de_0,0.0004180716350674629,0.6613085269927979
0460,66080_f578d52b_4,0.001132465316914022,-4.820556640625
0461,37444_52b27e94_14,0.0017834326718002558,0.7283921241760254
0462,38675_6e07d74b_31,0.0015627533430233598,0.9505512118339539
0463,21680_360ba5c7_28,0.0006461932207457721,0.952919065952301
0464,142032_5c32b7db_2,0.0010365692432969809,0.980912446975708
0465,44210_a155c2d1_0,0.0201791450381279,0.5508036613464355
0466,38287_88ec74de_92,0.00040401326259598136,0.9403558969497681
0467,29572_2f9283f2_4,0.001545824226923287,0.8848511576652527
0468,28300_b3a6ab79_10,0.00042244320502504706,0.9853928089141846
0469,136129_e6a20c7d_5,0.00020219010184518993,0.6897743940353394
0470,119381_e4d13609_0,0.0023523885756731033,0.9109984040260315
0471,30729_b4d83b07_4,1.956771120603662e-05,0.5981805920600891
0472,140413_44177109_11,0.0018783072009682655,0.9116596579551697
0473,26384_83eddf22_0,0.0005797369522042572,0.9557374119758606
0474,82285_e7a738e7_2,0.011063117533922195,0.07850944995880127
0475,108599_347602af_0,0.0025867223739624023,0.9195603132247925
0476,119889_41a6f268_1,0.00013532457523979247,0.8002930283546448
0477,55006_94230c00_1,0.0008697350276634097,0.9728088974952698
0478,21517_bfe35b4c_10,0.00015724274271633476,0.9277419447898865
0479,20818_098cad7c_6,0.0001763582695275545,0.8111401796340942
0480,41855_b82e6ae8_6,0.0007693162187933922,0.9110689163208008
0481,137166_90691294_8,8.017117215786129e-05,0.9467591047286987
0482,69561_f274e705_26,0.00035103727714158595,0.9830760359764099
0483,51579_d0c3e154_0,0.002182980300858617,0.9076271057128906
0484,23676_52069f98_4,0.0011817098129540682,0.962790310382843
0485,31962_e5291336_1,0.0007903462974354625,0.9766162037849426
0486,57222_33b428d7_1,0.00014032611215952784,0.8958225250244141
0487,51586_2ad96f8c_17,3.8573511119466275e-05,0.5360324382781982
0488,41473_c2137170_32,0.0008996303076855838,0.859789252281189
0489,31123_9a1bfc50_2,0.0011870221933349967,0.9103604555130005
0490,23211_3aac9c7e_0,0.0003736205107998103,0.9299955368041992
0491,45798_b573e9da_5,0.014497281983494759,0.25268667936325073
0492,27847_d2436f7c_37,0.00019348555360920727,0.776367723941803
0493,54736_6ee1b513_1,0.0015516113489866257,-0.34052014350891113
0494,132901_7d205bb4_9,0.0002653089468367398,-0.7590463161468506
0495,73762_8c704690_0,0.0049631232395768166,0.33072251081466675
0496,23209_1592b0a4_1,0.0042518917471170425,0.7051305770874023
0497,49024_b7f02205_2,0.00013748614583164454,0.6514281630516052
0498,147630_7f858240_15,0.000883733737282455,0.8443054556846619
0499,69337_2c778611_11,0.0004278389969840646,0.7481622695922852
0500,82498_92a00cd6_1,0.0006066372734494507,0.8120384812355042
0501,78775_e2d8b091_1,0.0005548835033550858,0.9247386455535889
0502,40067_95ae6c76_9,0.0005745760863646865,0.938446581363678
0503,80756_6f2e842f_0,0.0009798042010515928,0.8006409406661987
0504,25284_1da7aa8a_0,0.0006022154702804983,0.8808331489562988
0505,55605_2f8bc12e_62,0.001485218876041472,0.9492051005363464
0506,39792_60786b6c_15,0.0012923305621370673,0.9740560054779053
0507,34063_0ca1585e_2,0.001611210755072534,-0.044368863105773926
0508,31664_1e85c690_13,0.001042238436639309,0.9701992273330688
0509,131193_98f3ac52_1,0.0005356555921025574,0.7604186534881592
0510,120221_e2eaa34b_2,0.0017039809608832002,0.4152984023094177
0511,130286_1f71bfed_3,0.0018547934014350176,0.44743794202804565
0512,118342_e8142153_21,0.00023727730149403214,0.9123135805130005
0513,128043_9f8cd69e_1,0.0001522916863905266,0.7901939153671265
0514,41504_85e300ee_1,6.465605838457122e-05,0.7215927243232727
0515,78863_d59be42e_0,0.003382562892511487,0.593366801738739
0516,31733_5118b376_3,0.006597072817385197,0.9529225826263428
0517,22208_e177deb7_5,0.0008992765215225518,0.7851637601852417
0518,24026_1dd4094b_43,0.0007371542160399258,0.3553054928779602
0519,73388_10a40b49_1,0.006123967468738556,0.6394929885864258
0520,138219_cdff4f61_0,0.0008276619482785463,0.4537760615348816
0521,49399_dc56d180_1,0.0006861281581223011,0.9871677756309509
0522,41306_8f26e703_3,0.00032756305881775916,0.8871009945869446
0523,51590_034b8b08_14,0.05822926014661789,0.01526939868927002
0524,48402_8c965495_4,0.0002897134982049465,0.583249032497406
0525,26388_a3367cba_0,0.005365453660488129,0.3312004804611206
0526,28300_b3a6ab79_6,0.0008627466158941388,0.9711354970932007
0527,43938_418421a7_0,0.0007607563165947795,0.6551489233970642
0528,41520_60018d18_0,5.833487011841498e-05,0.579983115196228
0529,137869_344b239b_0,0.0006328581948764622,-0.4886561632156372
0530,41648_577daf16_0,0.01009827759116888,0.5677348375320435
0531,31347_386f6298_10,0.0006008396740071476,0.9886293411254883
0532,82190_24b1b0fe_12,0.0027354948688298464,0.5209345817565918
0533,33741_4a973932_1,0.0016235002549365163,0.7308384776115417
0534,42005_3da46d94_0,0.00031272455817088485,-6.002455234527588
0535,132982_ee1eed2f_0,0.0008934445213526487,0.9618474841117859
0536,23898_6e740393_29,0.0016091113211587071,-2.1706700325012207
0537,105831_88a0fb85_6,0.0006662995438091457,0.9854682087898254
0538,31278_749a6317_0,0.000205049233045429,0.8768324255943298
0539,51586_2ad96f8c_4,0.00019774475367739797,0.9097179174423218
0540,57000_cd1ddece_14,0.000298761238809675,0.8782241940498352
0541,50692_e7ff2668_8,0.0019955222960561514,0.9290257692337036
0542,65346_e89312e5_0,0.0005602705059573054,0.15328437089920044
0543,38840_0e449caf_4,0.0019324346212670207,0.5009334087371826
0544,29573_ca59fbbf_5,0.0036370158195495605,0.963333785533905
0545,30164_c5680724_12,0.0065268524922430515,0.6555609703063965
0546,138620_e21e10ee_0,0.0004821351612918079,0.5891134738922119
0547,50305_caf9cef2_34,0.0019448095699772239,-2.3651340007781982
0548,83396_fdb2987a_0,0.002091818954795599,0.9245864152908325
0549,28379_7e292343_4,0.0016644351417198777,0.9633268117904663
0550,33529_756075a0_32,0.0031466218642890453,0.766181230545044
0551,109857_1d24326e_42,1.1107556019851472e-05,0.4464711546897888
0552,22772_2b5f6629_6,0.0007254011579789221,0.9880956411361694
0553,34600_e2685d46_2,0.0030917746480554342,0.8870206475257874
0554,122344_ab1b06aa_2,0.020784543827176094,0.6242556571960449
0555,123573_5f5c9584_1,0.0008134956588037312,0.34367769956588745
0556,35166_562b126c_20,0.0008366952533833683,0.9676135778427124
0557,51350_138f893a_1,4.129382432438433e-05,0.6039305925369263
0558,137785_67c3085b_16,0.002507755532860756,0.9382878541946411
0559,50417_199cffee_12,0.005130741745233536,0.7521325349807739
0560,22194_a5c323b9_3,0.0006822631694376469,0.8886905312538147
0561,42329_df7f540f_18,0.0009664008393883705,0.8992022275924683
0562,41779_25e4203d_6,0.0009035416878759861,-0.3765604496002197
0563,51094_40aa8332_20,0.002798520727083087,0.8949676156044006
0564,109762_cb162371_38,0.0029213852249085903,0.8462129831314087
0565,45922_26941172_9,0.0006388584733940661,0.8900099992752075
0566,34587_ed155e93_0,0.00018455556710250676,0.9946975111961365
0567,69589_a468c1b4_0,0.005530679598450661,0.8832234740257263
0568,44921_00dfb467_0,0.0003178604820277542,0.9224669337272644
0569,82672_4705a693_0,0.0005537657416425645,0.7532919645309448
0570,26778_a71e88a6_0,0.00017273848061449826,0.5343737602233887
0571,69488_7bfb2b67_0,0.00015844155859667808,0.9955973625183105
0572,22686_afe3a61e_0,8.923630957724527e-05,0.44867777824401855
0573,109772_5faa88e8_5,0.012990671209990978,-7.886075019836426
0574,43938_418421a7_147,0.0010861128102988005,0.850792407989502
0575,141694_b5ac3112_3,0.00367298093624413,-0.4156705141067505
0576,31973_093ea963_16,9.545389912091196e-05,0.9400691986083984
0577,26858_e90dc419_25,9.086869249586016e-05,0.47414928674697876
0578,131350_bbdad30d_0,0.0010479127522557974,0.4025157690048218
0579,35741_c43475b8_1,0.0005984168383292854,0.7914530634880066
0580,30690_3df2c9e2_1,0.0010809265077114105,0.9078407287597656
0581,122758_5f4efbf0_2,0.0016203384147956967,0.8933892846107483
0582,37822_3be11c62_0,0.00017353658040519804,0.9262140989303589
0583,91174_ee6ee92b_1,0.0006418167613446712,0.8496295213699341
0584,23676_52069f98_31,0.016128048300743103,0.8375383615493774
0585,27958_fee329eb_1,0.00044240496936254203,0.8799935579299927
0586,144534_3b4fdb09_18,0.006027265917509794,-0.6841598749160767
0587,30292_0b5e0265_1,0.012013648636639118,0.8364579081535339
0588,111062_e59e2d31_0,0.041512541472911835,0.5282343029975891
0589,135790_a27f9deb_77,0.0005885101854801178,0.885373055934906
0590,65842_de75838b_10,0.0010449206456542015,0.7814080119132996
0591,22475_9d9601a8_3,8.294263534480706e-05,0.5376001000404358
0592,119884_192e3265_0,0.004800414200872183,0.2835434079170227
0593,51463_3330e3aa_2,0.003377053653821349,0.6495680809020996
0594,23231_efe613bb_4,0.004185363184660673,0.7856338620185852
0595,22895_4533b542_2,0.0013697576941922307,0.7896085977554321
0596,146219_5661130f_4,0.001711259945295751,0.9628627300262451
0597,38953_19054857_19,0.0003012499073520303,0.7322836518287659
0598,21847_b2de7eb8_24,0.0034130264539271593,0.7687050700187683
0599,51603_034939eb_12,0.00031031781691126525,0.8087218999862671
0600,24843_5231632c_4,0.00039694292354397476,0.7530456185340881
0601,41982_f75ceb8f_4,8.95873163244687e-05,0.318494975566864
0602,42937_c573c439_2,0.0002634356205817312,-0.10735762119293213
0603,61288_2d594195_0,0.004507584031671286,-6.410045146942139
0604,55006_94230c00_0,0.0008188571664504707,0.18453365564346313
0605,49898_f42a885e_5,0.0010437164455652237,0.9772514700889587
0606,55709_af3825c8_4,0.0019079868216067553,0.9378997087478638
0607,144117_83c980ca_2,8.590902871219441e-05,0.7009419202804565
0608,40417_b8d98f73_7,0.0003538701857905835,0.7645241022109985
0609,53200_d1e30b87_11,0.0006812562351115048,0.2530105710029602
0610,147009_977ee378_4,5.636752030113712e-05,0.5022145509719849
0611,63056_a5dfd66b_4,0.0009578625322319567,-0.7306817770004272
0612,22205_f48b96b3_10,0.0007840864127501845,0.8214423656463623
0613,51585_b695905b_4,0.0014459353405982256,0.9679840207099915
0614,24084_71f37c00_1,0.0004820280591957271,0.9032602310180664
0615,25815_0e853ad9_10,0.0004277174884919077,0.9732537865638733
0616,55030_11a6e3e8_3,0.005689631681889296,0.9485874176025391
0617,23042_1184de03_5,0.001140211126767099,0.966820478439331
0618,39719_e9629dbd_4,4.9683585530146956e-05,0.45351678133010864
0619,51256_ed221095_2,0.0003529853711370379,0.605675458908081
0620,25810_93c8a71a_3,0.0011466632131487131,0.9561601877212524
0621,22208_e177deb7_1,0.0014298800379037857,0.8999471068382263
0622,115624_d0acb46b_22,0.001326371100731194,0.9791234135627747
0623,30708_4282508b_0,1.1980592717009131e-05,0.8145652413368225
0624,31117_cd5cdbdb_12,0.0005630534724332392,0.7569162845611572
0625,41733_1ec9b00c_32,7.549626025138423e-05,0.7771314382553101
0626,111387_c4243097_2,0.0009158928878605366,-0.24396467208862305
0627,119869_e8f0dd81_19,0.00012120785686420277,0.9087817072868347
0628,34569_590239d6_0,0.002003886504098773,0.9080163836479187
0629,136318_130d6a06_23,0.000171866369782947,0.7860620617866516
0630,145132_7aea3b66_4,0.0027131312526762486,0.9644889235496521
0631,41878_3aeaed3d_0,0.003419979475438595,0.44385218620300293
0632,34583_a1cf326b_0,0.0009195709135383368,0.983170211315155
0633,116581_d405b783_0,0.05517866089940071,0.25030583143234253
0634,24044_9bbe7992_3,0.00043809658382087946,0.4532061219215393
0635,22194_a5c323b9_2,0.0010852599516510963,0.9021931886672974
0636,142076_08d80e12_21,4.952762174070813e-05,0.7808722853660583
0637,55817_6ac2912d_7,3.052018291782588e-05,0.6708811521530151
0638,21165_5cb2d287_2,0.0003494535922072828,0.2636488676071167
0639,39796_45dcdc7d_0,0.05054324120283127,0.3445008397102356
0640,33044_7fdd9213_1,0.0036714698653668165,0.902707576751709
0641,23731_3fe5b501_6,0.0001351792161585763,0.7922068238258362
0642,32743_f4c47bbc_31,0.0015091001987457275,0.8597201704978943
0643,108775_4908fba2_21,0.0009160490590147674,0.9185928702354431
0644,21941_1a683ec2_19,0.0009540953324176371,0.9295824766159058
0645,27682_04277f62_18,0.002544048009440303,0.8831673860549927
0646,25815_0e853ad9_4,0.0012532022083178163,0.919130802154541
0647,30261_723e95cf_2,0.0010519162751734257,0.9556636214256287
0648,21385_601444ba_102,0.003263563849031925,0.8464874029159546
0649,30368_d7fd30ce_7,0.00019511074060574174,0.9264184236526489
0650,55605_2f8bc12e_3,0.004935019183903933,0.19439125061035156
0651,24650_dad8c8ee_15,1.5534185877186246e-05,0.5153414011001587
0652,34227_48203345_7,0.0018099942244589329,0.9495387673377991
0653,113348_ac85cba3_1,0.001217635814100504,0.8692376613616943
0654,26552_25c5924a_1,0.0007772952667437494,0.7023531794548035
0655,55381_cbaffe9b_0,0.0005477077793329954,0.8483796715736389
0656,55817_6ac2912d_25,0.001997329294681549,0.9469191431999207
0657,138947_0778db40_4,0.00024861161364242435,0.9027773141860962
0658,52788_07f7da63_0,0.001406598137691617,0.6508310437202454
0659,70355_e5f58cd5_6,0.0003040549054276198,0.4879623055458069
0660,51744_cd355565_8,0.002860433654859662,0.41355329751968384
0661,41227_90e1c07c_16,0.0011227020295336843,0.9717273116111755
0662,45359_1768ab3f_42,0.0053286924958229065,0.43762558698654175
0663,41783_d1c10326_3,0.00026956357760354877,0.13281935453414917
0664,32960_0eaa1de8_13,2.3600192434969358e-05,-0.7037469148635864
0665,34674_32ee1595_3,0.005989142693579197,0.7968636155128479
0666,136885_23632908_1,0.0031172733288258314,-0.11245977878570557
0667,136808_00592735_3,0.0009113014093600214,0.8017432689666748
0668,45589_49e3c7ea_5,0.0005196541897021234,0.9893020987510681
0669,141665_0564e852_3,0.00201466865837574,0.5189087390899658
0670,50897_3be92e2f_18,0.00018311360327061266,0.9957238435745239
0671,84256_4164b724_3,0.00036687549436464906,0.6479902863502502
0672,22994_e6ad8f2b_10,0.00156097998842597,0.9420664310455322
0673,28295_0dc908b9_8,0.00032652588561177254,0.8977203965187073
0674,23329_6939d5d9_5,0.00033435673685744405,0.6290903687477112
0675,123665_0a0da5c7_3,6.19073398411274e-05,0.5167335271835327
0676,121172_0ac63503_7,0.0015835835365578532,0.700120210647583
0677,50941_2a8a8c76_0,0.00033582551986910403,0.993340253829956
0678,37846_cde34fcd_66,0.0010856363223865628,0.8177931308746338
0679,56040_9b1307eb_21,0.003704505506902933,0.4230031967163086
0680,146535_229c95bc_1,0.00022626957797911018,-0.03673279285430908
0681,50947_49287c16_2,0.001489138463512063,0.9756597280502319
0682,95622_0a0787e4_5,0.0004524407850112766,0.7551425695419312
0683,25432_f13e5110_0,0.00048538355622440577,0.9847148060798645
0684,32454_e959e3cf_0,0.001110678887926042,0.9687423706054688
0685,65858_61e9b51a_18,0.0011131127830594778,0.7460668087005615
0686,70350_751de4b0_3,0.0035655044484883547,0.5070852041244507
0687,129239_0d49310c_15,0.00024901924189180136,0.9050889015197754
0688,31008_8fa25b35_8,0.0008903024718165398,0.8120057582855225
0689,55306_795d845b_2,6.975280120968819e-05,0.556674599647522
0690,29729_e8bb36f1_2,0.00043981816270388663,0.4817144274711609
0691,67283_4097cbd6_5,0.00024665871751494706,-1.097226858139038
0692,23904_811e466f_4,0.000494224950671196,0.5853632092475891
0693,116076_12d31fb7_1,0.001136783161200583,0.8289352059364319
0694,45302_02d7e3bc_0,0.003587291808798909,0.0977252721786499
0695,60977_4bb093ec_1,0.0014490103349089622,0.935431957244873
0696,49017_76979790_8,0.001270218170247972,0.7592437267303467
0697,146321_0dbae658_10,1.0935568752756808e-05,-0.10199368000030518
0698,102194_150e3faf_3,0.00029776233714073896,0.9908801913261414
0699,34769_44655d03_5,0.00021400443802122027,0.7607058882713318
0700,38953_19054857_6,0.0005940461996942759,0.5123742818832397
0701,55397_ad24603f_1,0.0003978557069785893,0.5870311260223389
0702,21908_385686ec_15,0.0008634155965410173,0.9583233594894409
0703,60721_57103153_4,0.000727567879948765,-0.16484737396240234
0704,98701_7cd4ec8d_0,0.006722058169543743,0.8779009580612183
0705,91703_642cdf1a_1,0.0015827309107407928,0.9702287316322327
0706,26661_ab88a525_5,0.003931678365916014,0.008226871490478516
0707,51940_67bb0219_21,0.00013957988994661719,0.7025473117828369
0708,22543_684108ff_22,0.0003807938483078033,0.6216037273406982
0709,145250_cde4d039_8,0.0014541203854605556,-0.6370675563812256
0710,20232_e5b060d9_6,0.000215546548133716,0.608716607093811
0711,128043_d4650350_0,0.0025137774646282196,0.9662446975708008
0712,140530_30edf2c4_0,0.002319161780178547,-0.9572290182113647
0713,131814_9af6d05a_0,0.0008314233273267746,0.8749799132347107
0714,26245_4aac38e1_9,0.0003607659600675106,0.8492951393127441
0715,30282_88c6933c_14,0.003015077905729413,0.8843188285827637
0716,32322_71d0035e_1,0.0009295406634919345,0.9523066878318787
0717,131762_d10609a4_1,0.012580322101712227,0.43174487352371216
0718,54812_5f7b7aba_2,0.00013439013855531812,0.9410015344619751
0719,135830_8fb36dac_4,0.0024985752534121275,0.8893659114837646
0720,139280_8874b1ab_4,0.00031667479197494686,0.31978392601013184
0721,49904_639055dd_1,0.0009277184144593775,0.893667459487915
0722,53601_59d3ecd2_0,0.010654029436409473,0.5632160902023315
0723,50047_54241fe3_12,0.0008910087635740638,0.9310316443443298
0724,136925_70fb0381_3,0.0007964019314385951,0.9512641429901123
0725,87488_95f678ce_0,0.0027453345246613026,0.9393908977508545
0726,137166_90691294_2,8.307021926157176e-05,0.9447617530822754
0727,44030_17bd5ec9_11,0.00022956429165787995,0.636237621307373
0728,137396_b5f6bec4_5,0.0013090536231175065,0.96068274974823
0729,21900_760d2078_10,0.003434699960052967,0.950246274471283
0730,21185_ac5324ba_5,0.002391314134001732,0.9254202246665955
0731,31132_2320d049_4,0.0005376270273700356,0.9902207255363464
0732,82281_80cdf67c_4,0.00016623570991214365,0.5806308388710022
0733,38287_88ec74de_15,0.000828176736831665,0.9839615225791931
0734,136128_831e37a6_0,0.0029124226421117783,0.675999641418457
0735,21330_f0cee934_18,0.00032257981365546584,0.7882673740386963
0736,34109_5a868eae_10,0.0016462671337649226,0.8426035046577454
0737,21174_861bd902_2,0.0010329482611268759,0.9099717736244202
0738,49783_365bec9e_6,0.002135290065780282,0.9359439015388489
0739,24429_ace910b3_8,1.4166497749101836e-05,0.17092221975326538
0740,22772_2b5f6629_4,0.000489678350277245,0.8748002052307129
0741,53927_ef5208b9_14,0.00579566415399313,0.7585446834564209
0742,56250_3b6024e3_54,0.0016013783169910312,0.9650044441223145
0743,23522_5c2ec58e_8,0.002973131602630019,0.9063162207603455
0744,121177_93fb3127_10,0.00021567395015154034,0.6086157560348511
0745,138840_b7f948ea_2,0.0010823195334523916,0.8898407220840454
0746,41125_711db4bf_6,0.0019182852702215314,0.9546284675598145
0747,102606_28922dfc_0,0.0038432495202869177,-39.4097785949707
0748,31530_6744ae73_50,0.007601929362863302,0.8643749356269836
0749,50598_eae0df5a_1,0.00015302938118111342,0.7201831936836243
0750,145726_19ccdbda_12,0.0005208479706197977,0.8329746127128601
0751,41469_b94cf3e4_0,0.0021190557163208723,0.5656560659408569
0752,147009_977ee378_1,0.005876943469047546,0.43511074781417847
0753,24267_8a216138_10,0.000973816670011729,0.920940101146698
0754,63071_3d434a33_16,0.0013133418979123235,0.9299280643463135
0755,34436_ffc43a58_4,0.00035513582406565547,0.693639874458313
0756,50692_e7ff2668_4,0.0007813343545421958,0.6869261264801025
0757,146642_883a71d2_9,0.022186141461133957,0.6496303081512451
0758,109772_f1a0845e_7,0.0008577444823458791,0.9799842238426208
0759,136640_16741d62_1,0.0019191603641957045,0.5127322673797607
0760,21680_360ba5c7_11,0.0014561685966327786,0.40838009119033813
0761,27729_09d75da1_2,0.0011166393524035811,0.9681928753852844
0762,82148_5df06ed9_19,0.004793085157871246,0.6670520901679993
0763,55287_8a57a3db_1,0.0021863176953047514,0.8655001521110535
0764,53221_74fa81cd_5,0.0011217010905966163,0.4620622396469116
0765,30417_0010bc7c_39,0.0009090541279874742,0.9290403127670288
0766,23706_ef15ef9c_40,0.0011444870615378022,0.8366492986679077
0767,140763_e14274f8_3,0.0003289323067292571,0.7509873509407043
0768,23602_5daaccf5_3,0.00039212091360241175,0.936433732509613
0769,30282_88c6933c_9,0.0027434031944721937,0.8274241089820862
0770,56824_0fc773f6_0,0.0023761021438986063,0.8645431995391846
0771,42410_d3b5588e_1,0.0008699222235009074,0.8678272366523743
0772,55055_dd27a8a4_0,0.0009144852519966662,0.9832627177238464
0773,115633_a2c63339_6,0.00023258269357029349,0.7425179481506348
0774,73651_a41647f8_5,5.255594805930741e-05,0.7962697744369507
0775,33413_060ce192_32,0.002914802171289921,0.7760843634605408
0776,97331_a482fa9b_0,0.002169616986066103,0.5415158271789551
0777,23476_705b76d1_0,0.0008515761001035571,0.9666914343833923
0778,32566_7bfc936b_6,0.003873097710311413,0.963394820690155
0779,41717_eb1c1e6b_0,0.007945569232106209,0.3632732629776001
0780,60720_ef9a0a95_8,0.0003769132017623633,0.19441348314285278
0781,138700_ab763a46_202,6.38790224911645e-05,-34.25218200683594
0782,38287_88ec74de_17,0.006862121168524027,-0.12854337692260742
0783,135535_0bd0048d_0,0.00801882240921259,0.879226803779602
0784,21797_69df08d5_7,0.03265075013041496,0.7400447130203247
0785,65350_b3fa8f4f_47,0.1567762941122055,0.27843648195266724
0786,41714_1d49f4d1_3,0.0025282816495746374,0.7174900770187378
0787,66012_a13e1644_1,0.0010860183974727988,0.5394529700279236
0788,22652_564979ff_11,0.0004981292295269668,0.629717230796814
0789,25127_ecba81df_23,0.0013758945278823376,0.10207271575927734
0790,47548_db93c988_4,0.0008697896846570075,-1.127807378768921
0791,55927_f8b31711_5,0.009327013045549393,0.5011502504348755
0792,31647_ab9ad9dc_2,0.001193564967252314,0.8386673331260681
0793,41128_ee74f244_8,0.0009085939382202923,0.7513301968574524
0794,20959_d4905d19_4,0.0008958647376857698,0.7802085280418396
0795,52009_a2b75078_3,0.0817745104432106,0.17641866207122803
0796,22201_473a3a65_16,0.001043854863382876,0.8585886359214783
0797,29442_365e23df_30,0.0036061888094991446,0.8980032205581665
0798,51859_6b2fd0f1_8,0.00043034733971580863,0.9853034019470215
0799,140413_44177109_15,0.0002469545288477093,0.7809528112411499
0800,21822_7d3db422_11,0.00479335431009531,0.8668045997619629
0801,24168_a0ede173_100,0.0004487076075747609,0.6761709451675415
0802,145532_c2304f89_1,0.0016627921722829342,0.7671549916267395
0803,104641_2cd02839_13,6.237351772142574e-05,0.758244514465332
0804,23679_81ef9e37_2,0.0007279145647771657,0.8265629410743713
0805,95271_de3df8d5_2,0.00011869719310197979,0.4284799098968506
0806,41401_e4117da2_0,1.427940333087463e-05,0.6888586282730103
0807,48006_babdf4af_9,0.00218908186070621,0.9746497869491577
0808,142246_0851be5e_32,0.00525920232757926,0.9127260446548462
0809,33615_7bab1106_4,0.001168968272395432,0.9226495027542114
0810,31117_cd5cdbdb_18,0.0013903543585911393,0.9789547324180603
0811,34914_8911676d_0,0.000781320792157203,0.9355878829956055
0812,55501_a09e4ced_2,2.401931124040857e-05,0.09775745868682861
0813,41128_ee74f244_9,0.0007226529996842146,0.760783314704895
0814,142246_0851be5e_22,0.002665625186637044,0.5165400505065918
0815,22413_901f5867_0,0.0001502948289271444,0.5451304316520691
0816,56490_0a0fba77_0,0.00038602034328505397,0.8905097842216492
0817,93676_4f934980_1,0.0003705454873852432,0.17854225635528564
0818,146642_883a71d2_96,0.0015263088280335069,0.833405613899231
0819,24032_d6172503_3,0.0005097246612422168,0.9135885834693909
0820,44221_25c62f03_1,0.0007844762876629829,0.9854702353477478
0821,50315_0f1419bf_33,0.0015633011935278773,0.8482662439346313
0822,133389_0938a905_2,0.000344172993209213,0.9126513004302979
0823,24824_cf51e5b6_4,0.0025699094403535128,0.5179011821746826
0824,33970_32f36442_3,0.002481201197952032,0.9226254820823669
0825,29359_bbfab271_2,0.0013722919393330812,0.7584176063537598
0826,23172_4ab01e83_0,0.0007006010273471475,0.9829732179641724
0827,98511_1b46a85e_45,0.0010597745422273874,0.9702151417732239
0828,98511_1b46a85e_46,0.0009201015927828848,0.9729488492012024
0829,34248_cc11976c_0,0.0016501237405464053,0.9390313029289246
0830,104003_46555fb2_0,0.0003801583079621196,0.15462875366210938
0831,34520_035b5e9a_8,0.0005268098320811987,0.8189445734024048
0832,38397_93d5d7de_12,0.005994969047605991,0.9169426560401917
0833,130023_93b3ca95_1,0.001402884372510016,0.5062172412872314
0834,83213_47c49876_1,0.0009275377378799021,0.8936898708343506
0835,43928_6ca53538_63,0.003720078384503722,0.9134901762008667
0836,82779_b7b722e3_9,0.0016624686541035771,0.8014467358589172
0837,134967_0f27ef51_1,0.00035772399860434234,0.7323741316795349
0838,86024_714b24f4_1,0.0008537494577467442,0.9665536284446716
0839,40807_58058731_11,0.0009072372340597212,0.863174557685852
0840,26750_cd3cb3ff_0,0.0016221299301832914,0.9718616604804993
0841,126913_d253adb7_2,0.0009756456129252911,0.8074970245361328
0842,24268_2804c9ff_13,0.002717781811952591,0.9293086528778076
0843,45542_320c16fd_3,0.0004578092193696648,0.9908983707427979
0844,22342_274ed8a6_1,0.0007332317181862891,0.8412011861801147
0845,133385_e6aa64d8_17,0.0002454548084642738,0.016049683094024658
0846,143509_1dd5212d_3,0.0017211622325703502,0.9492365121841431
0847,47989_3ff0f41d_0,0.0034547813702374697,0.9017184376716614
0848,21822_7d3db422_14,0.0035750572569668293,0.9483754634857178
0849,21517_bfe35b4c_12,0.00023441386292688549,0.5908013582229614
0850,52883_e518d3f4_10,0.0010954448953270912,0.8221501708030701
0851,41871_f9a1ad02_14,0.0033783523831516504,0.6620293855667114
0852,37016_455093c1_2,0.0005113463848829269,0.7258719205856323
0853,31117_cd5cdbdb_78,0.022729137912392616,0.8237429857254028
0854,129239_0d49310c_22,5.926606900175102e-05,0.8279250860214233
0855,30400_8824ce97_6,0.002924172906205058,0.938860297203064
0856,53233_8dbca22c_8,0.0007914842572063208,0.944481611251831
0857,40514_bb61631d_25,0.002257038140669465,0.5006685853004456
0858,24053_53349e4d_2,0.00028826543712057173,0.6290126442909241
0859,41917_f0c40fa1_16,0.0010257295798510313,0.9757347106933594
0860,22543_684108ff_5,0.0056610614992678165,0.7755683660507202
0861,138636_c1153075_0,0.0002408513391856104,0.7850067615509033
0862,24448_75004b6c_6,0.0009211500873789191,0.9706721901893616
0863,24831_bbd3e098_8,0.00040746541344560683,0.6007224321365356
0864,53221_74fa81cd_3,0.0006219487404450774,0.8318707346916199
0865,76879_65a30a82_4,0.00014984828885644674,0.7550387978553772
0866,108773_f9384cff_10,4.0632705349707976e-05,0.571176290512085
0867,33671_0e9c6ca3_5,0.0008064030553214252,0.9359519481658936
0868,93103_fdb9fcb7_15,0.004527153912931681,0.7557196021080017
0869,137675_d2bd633e_0,0.0010981193045154214,0.31225621700286865
0870,21893_0500d043_32,0.0005825170082971454,0.6191705465316772
0871,22110_0bc70e9f_1,0.00086434674449265,0.4688110947608948
0872,43152_b5472481_1,0.00030060880817472935,0.887114942073822
0873,115717_40314bc2_1,0.003818686120212078,0.6663436889648438
0874,102943_ca9e7968_0,0.00032886891858652234,0.5525051355361938
0875,136401_69f29349_0,0.002287881216034293,-0.5175753831863403
0876,28542_3c922564_0,0.0005848389118909836,0.7867369651794434
0877,24267_8a216138_6,0.0018283325480297208,0.8997306823730469
0878,84374_272a9731_7,0.002903483109548688,0.6171890497207642
0879,23531_1ecc8346_18,0.005717628635466099,0.9442285895347595
0880,41871_f9a1ad02_30,0.0024279989302158356,0.9264096617698669
0881,132461_14abd2d0_0,2.1126445062691346e-05,0.410209059715271
0882,37617_3f415463_2,0.00021223752992227674,0.6531875133514404
0883,41696_de0790a1_1,0.003557356772944331,0.9210056066513062
0884,54657_2a66e0de_20,0.0005580392316915095,0.948757529258728
0885,24425_0dc4b306_0,0.00080158154014498,0.9214980006217957
0886,146667_fe438b5b_0,0.00022443676425609738,0.9914642572402954
0887,23048_8a1a5553_8,5.066110679763369e-05,-0.36310696601867676
0888,51871_86ebf5b2_17,0.0023379416670650244,0.5720012187957764
0889,30664_a3084f71_6,0.0024423750583082438,0.8501330614089966
0890,139801_97e2ca6a_5,0.0008500143885612488,0.8259661197662354
0891,22278_12f1fb79_13,0.0021398235112428665,0.860789954662323
0892,22776_facf9bcf_8,0.003376411972567439,0.8850805163383484
0893,40500_6055e3d7_15,0.03404988348484039,0.6603962182998657
0894,35740_5322d674_13,0.00017125871090684086,0.8958120346069336
0895,39792_60786b6c_12,0.0025376209523528814,0.9078748226165771
0896,115524_4a411f7e_0,0.0013266365276649594,0.6986363530158997
0897,24131_3ea7d5a8_17,0.0024649433325976133,0.8811022043228149
0898,100326_0602c712_2,0.004719384014606476,0.8500927686691284
0899,34571_25c64838_2,0.0022681874688714743,0.8655680418014526
0900,143534_4f65fd1a_0,0.0007704219315201044,0.7395267486572266
0901,101446_95204330_1,0.0004974253242835402,0.6846643090248108
0902,41749_14d0599c_10,0.00030737416818737984,0.10293453931808472
0903,55715_525d1d3e_12,0.00025318728876300156,0.2489999532699585
0904,45307_b9b4bca0_30,0.022343745455145836,0.8399748802185059
0905,22654_4c426b0f_0,0.0010951180011034012,0.8628642559051514
0906,22670_9353c710_4,0.0013170493766665459,0.596112072467804
0907,99445_94c22a37_11,0.0008352081058546901,0.9875907301902771
0908,132811_57264a28_4,0.0005223882617428899,0.9573229551315308
0909,23258_87a2ba81_3,0.00034212192986160517,0.459209680557251
0910,50777_2934de55_22,0.0027956580743193626,0.9007605910301208
0911,98418_4185a7fb_0,0.0007127599674277008,0.9827324151992798
0912,43441_e1ab0873_2,8.97754798643291e-05,-0.08784925937652588
0913,24271_dbc0fd2d_12,0.00034777060500346124,0.923450767993927
0914,38944_0d0c3fce_0,0.006416107527911663,0.9584335684776306
0915,40624_e1c5c424_11,2.4611770641058683e-05,0.38012754917144775
0916,100028_0c3a8f1c_13,0.001067234668880701,0.9862724542617798
0917,40491_ac67bf4c_13,0.0010468458058312535,0.980363667011261
0918,25416_1deb9c75_0,0.0014981580898165703,0.7406657934188843
0919,21657_2651585a_6,0.0006205090903677046,0.9671106338500977
0920,21986_67c5509a_15,0.0008782795048318803,0.8910284638404846
0921,32288_34013274_2,0.005650178529322147,0.043659746646881104
0922,55373_ddd74d2f_0,0.002172011649236083,0.7194789052009583
0923,26245_4aac38e1_0,0.0008285592775791883,0.9525250196456909
0924,33044_7fdd9213_0,0.00148788804654032,0.7343397736549377
0925,31530_6744ae73_48,0.01987534947693348,0.8080023527145386
0926,25555_fd3d9a3c_1,9.129475802183151e-05,0.8718273639678955
0927,54175_7d864ace_6,0.0005425267736427486,0.8781654834747314
0928,72950_5074f5a3_0,0.0015034567331895232,0.006132543087005615
0929,129618_2962c248_0,0.0028496142476797104,0.9524061679840088
0930,52012_77070fda_10,0.00010509155254112557,0.8351904153823853
0931,28295_0dc908b9_7,0.00044077643542550504,0.8815953135490417
0932,144419_90e59d67_2,9.748122465680353e-06,0.8922723531723022
0933,22734_f6bad9f7_24,0.00777551019564271,0.7593643069267273
0934,22604_0b4ffb43_14,0.0009144852519966662,0.9832627177238464
0935,81996_b3752ed2_3,0.00010487339022802189,0.9058847427368164
0936,24504_493cee15_8,0.001342050381936133,0.9465622901916504
0937,39124_28e99e62_1,0.00023849685385357589,0.7316415309906006
0938,29725_0ad4937e_1,0.00027989945374429226,0.49407708644866943
0939,109232_04340d62_6,0.00010026175732491538,-0.8238112926483154
0940,129075_8fbf62e5_0,0.0004960018559359014,0.60747230052948
0941,102937_18c3cb6a_4,0.0011003989493474364,0.9614185690879822
0942,52551_8098346a_5,0.0005172867677174509,0.10017478466033936
0943,128043_6947b64c_0,0.0027280773501843214,0.8425154089927673
0944,119030_292009a7_41,0.0018040788127109408,0.7353602647781372
0945,48526_5aecac8a_0,0.0008151758811436594,0.8627342581748962
0946,32541_86f7df73_4,0.0006491081439889967,0.38248372077941895
0947,55114_7bf17f6a_0,0.009188697673380375,0.33387279510498047
0948,55285_6816da52_1,0.004512536805123091,0.9023378491401672
0949,37683_e2cca100_17,0.0001431924756616354,0.7745592594146729
0950,78775_e2d8b091_15,0.003923820331692696,0.8717049956321716
0951,93199_2146e709_2,0.000973663292825222,0.8850505948066711
0952,135595_656de97a_14,0.0003814614028669894,0.7265075445175171
0953,24284_3710e946_16,0.0006174985319375992,0.9860103726387024
0954,135521_30553c91_2,0.0003786896413657814,-4.492302894592285
0955,29732_fb15318c_5,0.00017163442680612206,0.8369582891464233
0956,88060_389bdff4_0,0.0007367767975665629,0.9551640152931213
0957,27839_4a077326_28,0.009210486896336079,0.7717854976654053
0958,100435_87bf423d_8,0.000730057479813695,0.9856144785881042
0959,25365_bb0e4ede_44,0.0009068790823221207,-0.2861907482147217
0960,146169_144d8264_0,0.0072527090087533,0.9608299136161804
0961,23342_7193a931_3,0.00016195968782994896,0.5228449106216431
0962,57000_cd1ddece_12,0.00030403092387132347,0.9939215183258057
0963,119790_1ed376f0_3,0.000459902745205909,0.4980630874633789
0964,72522_e9e87960_4,0.0010564022231847048,0.9801717400550842
0965,65366_f618b577_2,0.0003620314528234303,0.6848635673522949
0966,55707_c78416ed_35,0.0012310737511143088,0.9356644749641418
0967,70321_eccffc7e_0,0.0011818845523521304,0.6938246488571167
0968,120143_b5756e6b_0,0.002194765955209732,0.6952077150344849
0969,27726_aca43af4_35,5.164932008483447e-05,-1.3996820449829102
0970,31361_72aab333_20,0.0016973778838291764,0.4605559706687927
0971,121949_e10b5e85_12,0.001465626060962677,0.9595189094543457
0972,146399_0e4b73c4_13,0.040397435426712036,0.1706773042678833
0973,41134_fc146947_6,0.0010366338538005948,0.5153712034225464
0974,21237_7887a24b_35,0.00020965842122677714,0.13323450088500977
0975,24885_55e20ddf_3,0.0001138255320256576,0.8875439763069153
0976,34914_8911676d_23,0.0010961673688143492,0.8051846623420715
0977,21803_8a36dcda_12,0.0020200610160827637,0.9324057698249817
0978,41306_8f26e703_5,4.4395979784894735e-05,0.5207378268241882
0979,25118_f50fdc69_10,0.0001575304486323148,0.7699196934700012
0980,25473_0991d519_9,0.0017644674517214298,0.9558157324790955
0981,126585_86fa26cb_0,0.0001568600273458287,0.8062801361083984
0982,145691_69484976_9,0.001727722818031907,0.8446568846702576
0983,60729_c51868ec_0,0.0007335813716053963,0.5958688259124756
0984,123929_e7dbad2c_0,0.003075110726058483,-0.46071290969848633
0985,69649_70b07cac_0,0.00027879441040568054,0.9938416481018066
0986,55135_f1186d58_9,0.000335688324412331,0.5817824006080627
0987,20838_86c931be_2,0.0009706870187073946,0.8793144226074219
0988,45242_626509cb_11,0.0007685720338486135,0.6603649258613586
0989,34983_439766af_13,0.0026703786570578814,0.9722236394882202
0990,53453_fb0f1640_1,0.008419614285230637,0.7444038391113281
0991,23255_972fbfe6_25,0.0011825076071545482,0.9627264142036438
0992,24168_a0ede173_203,0.026809552684426308,0.850896954536438
0993,55476_1473d91f_0,0.003138531232252717,-0.6000429391860962
0994,55111_ef389075_1,0.0019966652616858482,0.9236857891082764
0995,141710_17531562_1,0.0014450125163421035,0.8786728382110596
0996,96601_b89e6252_1,0.00016513050650246441,0.12184596061706543
0997,135790_a27f9deb_43,0.06446603685617447,0.17405378818511963
0998,121363_746708db_0,0.0007098412024788558,0.7268804311752319
0999,136886_3aa46890_0,0.00027849365142174065,0.8961604833602905
1000,50315_0f1419bf_19,0.006393892224878073,0.9120520949363708
1001,37846_cde34fcd_14,5.098104156786576e-05,0.42359089851379395
1002,24816_ef81ad4c_1,0.0013993134489282966,0.4996325373649597
1003,75646_4baf69b2_7,0.0033521007280796766,0.9530599117279053
1004,140155_81f9ac63_0,0.0004162177792750299,0.8961584568023682
1005,51603_034939eb_10,0.0031060746405273676,0.8279248476028442
1006,30435_c97330d2_0,0.00020424170361366123,0.6546634435653687
1007,27839_4a077326_27,0.0005363486707210541,0.9708369374275208
1008,55627_971fde61_34,0.0041612256318330765,0.6782967448234558
1009,134909_ef3d003c_0,0.0003053978143725544,0.7003964185714722
1010,33413_060ce192_51,1.4405280126084108e-05,-0.995885968208313
1011,22245_ca848576_12,0.00026688718935474753,0.6883178949356079
1012,52039_ba12c3ac_1,0.00029994043870829046,0.9940035343170166
1013,39707_358f88df_2,0.0018700239015743136,-0.9913836717605591
1014,50014_33f250c8_3,0.020691201090812683,0.8112640976905823
1015,52987_387431ac_1,0.0034885602071881294,0.7604644298553467
1016,33501_b1ee5058_15,0.00030706680263392627,0.9938939213752747
1017,82168_4844bddd_1,0.0017575658857822418,0.7626960277557373
1018,30384_95e72fc2_4,6.569940160261467e-05,0.2764206528663635
1019,23554_a0845d54_2,0.0005867761210538447,0.5094983577728271
1020,23800_65e0a5d1_0,0.00012660035281442106,0.6010198593139648
1021,41128_ee74f244_0,0.00042537847184576094,0.572944164276123
1022,143019_22dbd3e6_2,0.0022752643562853336,0.927811861038208
1023,79993_6087acd5_8,0.0049136304296553135,0.8445553779602051
1024,21422_b2a6bf27_0,0.0012105477508157492,0.9800414443016052
1025,25487_dd2c17e8_21,0.0008536686655133963,0.24200928211212158
1026,22654_4c426b0f_10,0.00011826528498204425,0.20579850673675537
1027,30368_d7fd30ce_6,2.7098318241769448e-05,0.4204341769218445
1028,57249_6bd2af3c_2,0.0007299811695702374,0.9730710983276367
1029,57029_3ab80a22_0,0.0028285663574934006,0.43886905908584595
1030,79906_052c7eb4_3,0.0006975295837037265,0.8488003611564636
1031,82996_b8dc67c9_10,0.0001709779753582552,0.7640448212623596
1032,119884_192e3265_1,0.0020907262805849314,0.04647362232208252
1033,21225_c081eae3_10,0.0017836365150287747,0.897740364074707
1034,121949_e10b5e85_1,0.0005279608885757625,0.8664042353630066
1035,81994_ba8916c9_5,9.428286284673959e-05,0.9176167249679565
1036,22447_4062c6cb_29,0.0006755504873581231,0.9886041283607483
1037,55044_ee57bac8_1,0.0002903494460042566,-0.10315752029418945
1038,41871_f9a1ad02_13,0.009223236702382565,0.948198676109314
1039,74688_a5168a45_2,3.1721290724817663e-05,-5.815757751464844
1040,23218_02d26ab4_4,0.00016971582954283804,0.6096463203430176
1041,41205_dc60aa5d_0,0.00039823513361625373,0.9009971022605896
1042,41979_ca698776_0,0.0004908188129775226,0.8993375897407532
1043,141453_50ec6f25_7,0.0009210069547407329,0.9739106893539429
1044,97143_5424c420_0,0.0017344478983432055,0.5548738241195679
1045,41986_26275a06_2,0.0013036334421485662,0.8771113157272339
1046,136800_c5e4d711_2,0.0003042749303858727,0.5841007828712463
1047,101635_11b839a3_5,8.89019065652974e-05,0.27166056632995605
1048,55866_b041060d_0,0.0007325062179006636,0.9551662802696228
1049,53846_89405f98_0,0.0011452606413513422,0.766010582447052
1050,27725_5cceaeb7_1,0.002075431402772665,0.8127365708351135
1051,146137_92faaea5_9,0.003075897926464677,0.7535454034805298
1052,41211_11f6b8a0_4,0.00017793431470636278,0.9267196655273438
1053,21330_f0cee934_46,0.00030455508385784924,0.9939109683036804
1054,127188_5fecd146_4,7.772798562655225e-05,0.8931942582130432
1055,135949_06517574_8,4.4352360418997705e-05,0.54020094871521
1056,68928_0d4e4a2e_24,0.0025586646515876055,0.8391111493110657
1057,50410_f8f03667_38,1.4805817045271397e-05,-0.01930546760559082
1058,142999_171240b6_21,0.00010677804675651714,0.9210500717163086
1059,144709_642fc665_0,0.0056389314122498035,0.4458451271057129
1060,53232_f8760054_10,0.001298793707974255,-11.430547714233398
1061,22372_e91792a1_0,5.01886970596388e-05,0.356328547000885
1062,21767_53eaa558_12,0.04889852926135063,0.3681124448776245
1063,32220_1fd19c5e_0,0.000365132320439443,0.6248725652694702
1064,22886_a6331748_1,0.0013624747516587377,0.8749101161956787
1065,130996_b842b511_12,0.0012229615822434425,0.8872777223587036
1066,55571_74a416b1_1,0.00022886831720825285,-0.9414111375808716
1067,70169_914780d4_1,0.0009298192453570664,0.6459255814552307
1068,23156_7788f78a_6,0.03500597923994064,0.7467029690742493
1069,124496_20e20439_10,4.6153294533723965e-05,0.8985611796379089
1070,76300_7cb02add_1,0.0009819960687309504,0.8545916676521301
1071,21647_6b6cca6f_10,0.0024477799888700247,-0.3360166549682617
1072,22734_f6bad9f7_23,0.005626210011541843,0.7656207084655762
1073,94176_0a6c42ab_2,4.2908708564937115e-05,-6.874663829803467
1074,24048_d731886d_9,0.0029426710680127144,0.6756468415260315
1075,25487_dd2c17e8_30,0.0023447393905371428,-0.0599055290222168
1076,115717_40314bc2_4,7.445899973390624e-05,0.7578015327453613
1077,125592_875faf40_0,0.0034351376816630363,0.8405523896217346
1078,41871_f9a1ad02_44,0.0026694140397012234,0.8114112615585327
1079,146642_883a71d2_8,0.000592347583733499,0.8554772138595581
1080,136883_076fbff9_31,0.00025315911625511944,0.16260427236557007
1081,60766_fb8715eb_3,0.0016298521077260375,0.880809485912323
1082,30818_33617072_0,0.014486713334918022,0.2665376663208008
1083,130679_7a357a9c_18,0.00459899241104722,0.7294731140136719
1084,55306_795d845b_0,6.614331505261362e-05,0.8582068681716919
1085,135934_d2f6bb2e_33,0.00016526127001270652,0.7796720862388611
1086,111054_e45a0d40_7,0.027730165049433708,0.7317575216293335
1087,36826_d9269c2e_10,0.0008923053392209113,0.9393906593322754
1088,37619_ae810a8d_7,1.7034650227287784e-05,-6.780019760131836
1089,22343_34184fd5_22,0.00016849502571858466,0.4785008430480957
1090,113020_de552f8d_0,0.00029698925209231675,0.8142826557159424
1091,20216_89b90993_0,0.0073507134802639484,0.5102948546409607
1092,23325_292b3294_16,0.005416760221123695,0.48467856645584106
1093,23522_5c2ec58e_9,0.005041232332587242,0.617233395576477
1094,146624_359752bb_20,2.421082172077149e-05,-11.205158233642578
1095,104990_11b4aeee_1,0.000853101082611829,0.9804997444152832
1096,90917_4670b560_0,0.01082210149616003,0.789669930934906
1097,54818_59adf8c2_5,0.0014119198312982917,-0.2210555076599121
1098,34109_5a868eae_3,0.00019400582823436707,0.6834820508956909
1099,23161_e7f63a9f_2,0.0017743909265846014,0.8394463062286377
1100,37160_2a95674a_27,0.0016118346247822046,0.4368603229522705
1101,61280_8bdbc90f_0,0.0021292236633598804,0.9235295057296753
1102,55083_dac1f9cc_2,0.002846284070983529,0.763047456741333
1103,34341_d19b12fb_14,4.8254234570777044e-05,0.5200599431991577
1104,54516_ac9e2ef4_61,0.00214348454028368,0.6440799236297607
1105,24559_3c306e71_2,0.00012566430086735636,0.7441915273666382
1106,105831_88a0fb85_1,0.0010514147579669952,0.9600527882575989
1107,32743_f4c47bbc_19,0.002534060040488839,0.529136061668396
1108,40500_6055e3d7_18,0.0011547061149030924,0.9445711970329285
1109,22862_f5406bb0_0,0.0011625970946624875,0.9812974333763123
1110,141081_ae61ec46_0,0.0008744519436731935,0.9873411059379578
1111,135112_cf8007b8_4,0.002990392269566655,0.9546351432800293
1112,131442_1512d9ff_5,9.882671292871237e-05,0.7908603549003601
1113,145132_7aea3b66_1,0.012256687507033348,0.9536095261573792
1114,41871_f9a1ad02_45,0.0013889434048905969,0.7322873473167419
1115,51775_49ef614a_1,0.001481157261878252,0.5803220868110657
1116,143293_fc5b0ff7_23,0.00015862256987020373,0.7102038264274597
1117,51547_a7e01c38_6,9.586799569660798e-05,0.8626441359519958
1118,114021_44c3c39c_2,0.0001674195082159713,0.5826153755187988
1119,123766_c5a4cf5e_0,0.0002213681145804003,-0.41139018535614014
1120,23031_0d684603_8,0.0005151500809006393,0.777957022190094
1121,132996_c742ef84_4,0.0025691406335681677,0.6434857845306396
1122,137096_5d77f285_1,0.0005584650207310915,0.9333431720733643
1123,27072_b4756e8c_2,0.0018870104104280472,0.5732171535491943
1124,51915_e704f5dd_2,0.005911273416131735,0.07559627294540405
1125,132811_57264a28_13,0.0006792116910219193,0.9885653257369995
1126,49396_98ab955d_13,0.002665085718035698,0.7028833627700806
1127,132081_761d26ad_0,0.0001294290559599176,0.9965354204177856
1128,82906_7b72e0e8_2,0.0022970407735556364,0.9360049366950989
1129,92649_26fe8262_0,0.00039330587605945766,0.8185421228408813
1130,21803_8a36dcda_11,0.0012859187554568052,0.9654127359390259
1131,30637_f6324fc6_5,0.00013709277845919132,0.09263366460800171
1132,105560_a6f91315_12,1.117223746405216e-05,-0.5647950172424316
1133,41737_d80c34b9_0,0.01837773248553276,-0.09798157215118408
1134,34983_439766af_12,0.0003580545599106699,0.9647777676582336
1135,122755_60c41889_10,9.314929775428027e-05,-0.4927629232406616
1136,76879_65a30a82_2,0.011828466318547726,0.894195020198822
1137,89816_cef36e57_4,0.001271409448236227,0.9790332317352295
1138,49406_100c707b_3,0.0010064109228551388,0.8839560151100159
1139,105560_a6f91315_10,1.3706056051887572e-05,0.7040555477142334
1140,129421_483d2957_5,8.936013182392344e-05,0.6234945058822632
1141,122740_fc5c94eb_33,0.0008798170019872487,0.9730616807937622
1142,135595_656de97a_5,0.0002943962754216045,0.8924781084060669
1143,35740_5322d674_5,1.8293963876203634e-05,-5.3492350578308105
1144,23681_932e722e_18,0.00045604887418448925,0.9913678169250488
1145,108244_329b1876_17,5.0965347327291965e-05,-10.841805458068848
1146,125745_cf468448_6,0.0012845267774537206,0.6979632377624512
1147,138838_c9a9e790_6,0.0004953961470164359,0.9037027359008789
1148,102416_b74464a2_4,2.098328695865348e-05,-7.3231353759765625
1149,30426_2cde26de_21,0.0001660526031628251,0.5064254999160767
1150,137837_9c9f163d_5,0.00028511203709058464,0.6997799873352051
1151,25487_dd2c17e8_15,0.00567916315048933,0.2597370147705078
1152,21549_18160a0a_4,1.441316544514848e-05,-1.0345447063446045
1153,21385_601444ba_0,0.0041182455606758595,0.7438075542449951
1154,35233_add576ba_9,0.00444521801546216,0.7096735239028931
1155,55345_c6423351_0,0.0003577769093681127,0.942078709602356
1156,110697_4b2725f1_0,0.0004249445628374815,0.9901009798049927
1157,109946_242843a6_1,7.071834261296317e-05,-0.6670511960983276
1158,34341_d19b12fb_22,1.3848828530171886e-05,-0.5744997262954712
1159,23247_bcd1e84f_21,0.0003998098545707762,0.9160515666007996
1160,131765_29b29f08_6,1.865455851657316e-05,0.596031904220581
1161,21395_7d6fda6f_12,0.00046166279935278,0.5959489345550537
1162,135460_6471e973_15,0.00043209653813391924,0.8580624461174011
1163,51741_49d61151_7,0.002064623637124896,0.9253983497619629
1164,28382_90b7cc0c_12,0.0007824485655874014,0.7161812782287598
1165,30850_05d88af9_2,0.0018461109139025211,0.9238445162773132
1166,86278_1e55d036_12,0.00017734439461492002,-0.3200068473815918
1167,67240_525e92c1_1,0.0013934290036559105,-0.11810660362243652
1168,82002_ef2b4feb_6,0.000690859102178365,0.9867255687713623
1169,53364_ec8aad42_1,0.005721641704440117,0.7541526556015015
1170,135771_b030a25c_17,0.0005698591703549027,0.3407987952232361
1171,135906_29d7b495_1,0.00015289422299247235,0.7266484498977661
1172,21822_7d3db422_38,0.000432870932854712,0.5608358979225159
1173,81136_5b86c723_1,8.45424656290561e-05,0.37914711236953735
1174,25473_0991d519_2,0.0048333643935620785,0.916379451751709
1175,73405_94381b7c_5,0.0020732965786010027,0.6515014171600342
1176,24009_c40b0d48_2,0.00030315713956952095,0.9906901121139526
1177,22162_439af02a_1,0.00033703260123729706,0.9933729767799377
1178,146159_f3f80701_0,0.0028201814275234938,0.24804896116256714
1179,51895_5760b481_15,0.008241254836320877,0.9122859239578247
1180,33500_e58e287e_1,0.005948001053184271,0.7231292724609375
1181,31838_2e4bd173_0,0.005716358777135611,-2.821075201034546
1182,146137_92faaea5_18,9.14111515157856e-05,0.19984668493270874
1183,124879_2257a334_2,0.00012392272765282542,-0.36009907722473145
1184,144145_510eedc2_7,0.0004710177599918097,0.991270899772644
1185,21237_7887a24b_78,0.0020221099257469177,0.8241523504257202
1186,82297_93739ce0_6,0.0004968569264747202,0.8366703987121582
1187,51536_a18dc325_31,0.00038701898301951587,-0.8759129047393799
1188,93103_fdb9fcb7_7,0.0008338192710652947,0.8923707604408264
1189,24590_415f7013_9,0.0007141403038986027,0.8676831126213074
1190,130659_16f2db4c_0,0.0002530056517571211,0.9163011312484741
1191,23083_fdb942ac_2,0.0008017157088033855,0.9665489196777344
1192,23954_a8c09819_2,0.0003312542976345867,0.9935761094093323
1193,30417_0010bc7c_13,0.0005365913384594023,0.9522849917411804
1194,120535_e304dfca_1,0.0027914477977901697,0.7952475547790527
1195,93199_2146e709_9,0.0007721007568761706,0.8227061033248901
1196,23686_cba4f679_15,0.0035596261732280254,0.9202156662940979
1197,40807_58058731_20,0.005932963453233242,0.940284788608551
1198,94410_d32e7520_35,0.0020299796015024185,0.9494566917419434
1199,79695_fd8bae0e_0,0.001534263021312654,0.60986328125
1200,129422_621d0a90_35,0.002338165184482932,-0.09814882278442383
1201,44932_16cb7f21_5,0.004768329206854105,0.864948570728302
1202,136550_8a8672e5_1,0.0008357223705388606,0.7653895616531372
1203,20495_e8e7e80c_3,0.0012262234231457114,0.978068470954895
1204,31962_e5291336_50,0.00040154517046175897,0.6169514656066895
1205,24888_5be1de05_1,2.0143637811997905e-05,0.6168847680091858
1206,34114_7e58a97d_10,0.00307960482314229,0.8816041946411133
1207,108433_37a79370_0,0.0043023452162742615,0.6198312044143677
1208,22844_9b75b8e0_1,0.0002486473531462252,0.9896856546401978
1209,115637_b4d41e8a_0,0.0005108699551783502,0.9505445957183838
1210,53474_f29e4438_15,0.014086022041738033,0.5992943048477173
1211,26766_1aaa348c_0,0.0004972932511009276,0.9294087886810303
1212,51940_67bb0219_7,0.0014125017914921045,0.7691755294799805
1213,41714_1d49f4d1_13,0.00013127557758707553,0.4823198914527893
1214,21815_7090778f_9,0.009073684923350811,0.25536441802978516
1215,32843_8e5bdf24_0,0.0029222434386610985,0.8705233335494995
1216,23686_cba4f679_10,0.0011388272978365421,0.8580873012542725
1217,114425_891ab08d_0,0.005334591027349234,0.33484041690826416
1218,41786_02d48cdd_5,0.003588496008887887,0.4447064995765686
1219,22895_4533b542_1,0.0005382666131481528,0.9691500663757324
1220,49016_cd1b47bf_6,0.005206693895161152,0.8350631594657898
1221,51674_a70c1c6c_3,2.8925911465194076e-05,0.953743577003479
1222,52972_6e5a5ada_11,0.0035258273128420115,0.8503431081771851
1223,120700_d818883a_8,0.00035466731060296297,0.5197933912277222
1224,34530_9525ffcd_0,0.002637983998283744,0.950391948223114
1225,24355_99bf3f8f_1,0.0005185932386666536,-0.004288673400878906
1226,56250_3b6024e3_46,0.002485285047441721,0.9560576677322388
1227,56355_727ca47c_3,0.002167563885450363,0.4766063094139099
1228,35057_9af89947_1,0.0016218387754634023,0.7453688383102417
1229,120881_a946667f_13,0.00015227032417897135,0.7902231216430664
1230,143021_c6df0146_5,6.205457611940801e-05,0.6544528007507324
1231,69240_dc199112_3,0.0004822474147658795,0.5610869526863098
1232,41733_1ec9b00c_15,0.002442637924104929,0.4913257956504822
1233,30298_24191733_2,4.353537951828912e-05,0.6989251971244812
1234,30400_8824ce97_18,0.0006120990728959441,0.8721897006034851
1235,37040_ecbcd25e_36,0.0009744865237735212,0.7371759414672852
1236,23035_6087bb57_4,0.0002810073783621192,0.5794686079025269
1237,38675_6e07d74b_26,0.007661947049200535,0.8939850926399231
1238,31751_e37382e1_9,0.0008108186302706599,0.9135454297065735
1239,54601_e1da5b93_4,0.00032935652416199446,0.9934476017951965
1240,142999_171240b6_29,0.001889822306111455,0.856746256351471
1241,137646_14bca880_0,0.0013171152677387,0.8783634901046753
1242,37519_442dc408_1,0.00031281873816624284,0.6177290678024292
1243,47195_a8cd8bad_6,0.0010139427613466978,0.9355229735374451
1244,22474_b10fea1a_6,0.0036357734352350235,0.5806716680526733
1245,53200_d1e30b87_10,0.001450462732464075,0.7476060390472412
1246,41472_f9d73638_9,0.00027602072805166245,0.7162925004959106
1247,126397_cc08a23d_1,0.00013879736070521176,0.7747403383255005
1248,31838_2e4bd173_4,0.0009365178411826491,0.9833043217658997
1249,52006_d21e4570_7,0.000839276413898915,0.8336340188980103
1250,62109_08c31aa8_0,0.0007949160062707961,0.858353853225708
1251,49403_458914df_0,0.0005745578673668206,0.6606153845787048
1252,122914_76ff1f5e_2,2.2284826627583243e-05,-0.9834097623825073
1253,34913_d23e2a24_2,0.000714379595592618,0.6803380250930786
1254,104641_2cd02839_15,8.211287786252797e-05,0.7627125978469849
1255,131632_6144b102_1,0.001451157033443451,0.9827231168746948
1256,30850_05d88af9_0,0.0006795814260840416,0.9466774463653564
1257,86296_8a6ed4d3_7,0.0003690606099553406,-0.1367173194885254
1258,34983_439766af_7,0.0030549282673746347,0.956478476524353
1259,33374_7491cbf8_2,0.006476088427007198,0.9373418688774109
1260,50694_afd26bd5_10,0.001996933715417981,0.9785559773445129
1261,50292_e84db1fb_8,0.00022653327323496342,0.22697168588638306
1262,81367_622a9e51_2,0.0004944808897562325,0.8758333921432495
1263,78966_584c5305_0,0.0011476825457066298,0.4015763998031616
1264,79905_623eae86_1,0.008405972272157669,0.9311627745628357
1265,63055_6b907478_15,0.0003953334817197174,0.9684642553329468
1266,135771_b030a25c_4,0.0002027008740697056,0.7447940111160278
1267,41753_9b4f8d8a_0,0.0003557940071914345,0.993014395236969
1268,80784_f7ec5f70_1,0.0013978017959743738,0.763150691986084
1269,33607_c6f31fa6_10,0.001666462398134172,0.7959146499633789
1270,22225_a3ce4d29_42,0.002661202335730195,0.7140183448791504
1271,51938_8b9cba89_5,0.00815171841531992,0.8291655778884888
1272,44741_f386a08f_4,0.002044695895165205,0.9393131732940674
1273,70021_e673ae54_4,0.0007464179652743042,0.9878854155540466
1274,55135_f1186d58_7,0.0012012490769848228,0.8923319578170776
1275,31856_2a5a4e32_12,0.0040479316376149654,0.7754510641098022
1276,75303_045fc848_4,0.00040514188003726304,0.9377496242523193
1277,129683_3ad38815_10,0.006452488712966442,0.924545407295227
1278,21894_93f0d052_24,0.0013589090667665005,0.8901007175445557
1279,143823_1b04bf80_13,0.0008327198447659612,0.9399108290672302
1280,143823_1b04bf80_18,0.00039789636502973735,0.6150335073471069
1281,111863_c925f4f3_2,0.00022766433539800346,0.7827630639076233
1282,104633_d0a15bd3_6,0.0026708957739174366,0.7760359048843384
1283,48832_22363e53_33,0.0009514963021501899,0.9742991328239441
1284,127466_a18ae326_1,0.0021010027267038822,0.20845216512680054
1285,22211_b1ee53f0_12,0.0019621578976511955,0.9180055260658264
1286,137837_9c9f163d_6,0.0004235345695633441,0.884650707244873
1287,122755_b830e22d_17,3.8823476643301547e-05,0.565191924571991
1288,21299_e9cd80a6_12,0.0009384708246216178,-0.2584933042526245
1289,44920_70dd4b80_11,0.0019579906947910786,0.9114181399345398
1290,52987_387431ac_7,0.000706505321431905,0.9784815311431885
1291,147926_b78316a8_10,0.00031691082403995097,0.7223491668701172
1292,144653_e3eccdf1_50,0.0002964432060252875,0.802493691444397
1293,56458_c027ed41_0,0.0008769523701630533,0.8911424279212952
1294,23495_6366269c_11,0.00036331216688267887,0.9927748441696167
1295,70883_e2d6a103_2,0.0015412956709042192,0.9770990610122681
1296,32743_f4c47bbc_34,0.0005162988672964275,0.6990816593170166
1297,30910_38ea5a06_2,0.00022291771892923862,0.9621933102607727
1298,56476_466fc284_17,0.009039602242410183,0.8130240440368652
1299,22604_0b4ffb43_62,0.000800682173576206,0.9665924310684204
1300,21534_6367be99_0,0.0010055910097435117,0.6830017566680908
1301,133026_1085532d_1,0.0003874885442201048,0.9015229344367981
1302,137828_0b0786fb_1,0.0014367931289598346,0.9723782539367676
1303,55627_971fde61_27,0.0007342000026255846,0.9073160886764526
1304,93869_8b1922a3_0,0.0007172514451667666,0.9421555995941162
1305,24393_9acd18c6_3,0.0011088254395872355,0.9793092608451843
1306,44996_b3e9c266_14,6.067527283448726e-05,0.7625477910041809
1307,55300_b9675d43_1,0.0003360496775712818,0.993401825428009
1308,113352_879844fe_0,0.0006748358136974275,0.972520112991333
1309,135317_3c58b0d0_9,0.00023514461645390838,0.7827277779579163
1310,115624_fe3eb392_1,0.005056115798652172,0.7632046341896057
1311,63055_6b907478_21,0.0005560307763516903,0.9797224402427673
1312,40421_032c052f_0,0.0007288470515049994,0.8892151713371277
1313,143029_70554264_3,0.00021234943415038288,0.6362209320068359
1314,145117_78f63de3_0,0.002645103959366679,0.3197065591812134
1315,128996_35f2006e_0,0.0001582612021593377,0.2085886001586914
1316,54503_fc6c6963_1,0.0006694166222587228,0.9154526591300964
1317,24657_0168dc6b_1,0.001414035796187818,0.9653890132904053
1318,130524_13ad16a8_0,0.0238668043166399,0.8819828629493713
1319,142670_33c641dc_3,0.00023926225549075752,0.9091010689735413
1320,65375_674ff0b9_11,0.001598386443220079,-0.4552193880081177
1321,23168_7fdf5427_3,1.973757207451854e-05,-8.016120910644531
1322,41717_ab2075ac_0,0.0004381889884825796,0.9839114546775818
1323,21739_57582b8f_4,0.00103178177960217,0.9394665956497192
1324,143293_fc5b0ff7_30,0.0009421994327567518,0.9743056297302246
1325,135906_587b5c3d_0,0.0004696541582234204,0.7164018154144287
1326,138685_fd9b79cd_0,0.0003604978555813432,0.7117397785186768
1327,119921_5621fcb4_0,0.0011754060396924615,0.8015599846839905
1328,49403_458914df_5,0.0006571687408722937,0.9251039028167725
1329,73525_7f6b2f67_2,0.0001539479271741584,0.7534299492835999
1330,136994_a3a2f50f_3,0.0014543592697009444,0.8361886143684387
1331,31838_2e4bd173_1,0.005092128179967403,0.8897860646247864
1332,35866_d0233b36_6,0.0006599632324650884,0.9887489676475525
1333,53053_d6b4d71c_9,0.002048100810497999,0.9468255639076233
1334,90220_7baf1e18_1,0.00020082008268218488,0.7289088368415833
1335,23364_73dd9d4d_10,9.031265653902665e-05,0.8702009320259094
1336,52987_387431ac_3,0.0005982603179290891,0.9507277011871338
1337,51859_6b2fd0f1_4,0.0004388437664601952,0.7560303807258606
1338,51708_867d4509_12,0.00012829192564822733,-0.11129498481750488
1339,93199_2146e709_3,0.0005727554089389741,0.9878564476966858
