case_num,case_name,MSE,R-Square
0,50417_199cffee_13,0.0012791851768270135,0.9900358319282532
1,48516_2b3135bf_11,0.0007452043355442584,0.9748047590255737
2,41733_1ec9b00c_31,0.000554968137294054,0.9461679458618164
3,31664_1e85c690_0,0.0002924868604168296,0.9842747449874878
4,21893_0500d043_18,0.00032542372355237603,0.9933837652206421
5,31607_9a2f8140_6,0.00031226471764966846,0.9895187020301819
6,41774_88a7a483_18,0.0006692715687677264,0.8366274237632751
7,42143_51b31600_4,1.7236317944480106e-05,0.9651724696159363
8,23104_3b70eba4_13,0.0008548501646146178,-0.40627121925354004
9,129075_8fbf62e5_2,4.1314673580927774e-05,0.8909744024276733
10,41624_a15f83c1_13,8.495562360621989e-05,0.9582828879356384
11,36088_1ea9c8a9_12,0.0003067395882681012,0.9928441047668457
12,126477_6596d136_14,9.943286568159238e-05,0.9098719358444214
13,130441_10c43121_0,0.0011087729362770915,0.9943515658378601
14,133385_e6aa64d8_21,0.00014654042024631053,0.9038600921630859
15,26398_b99946da_1,0.0010063740191981196,0.9867644309997559
16,61198_0c99f50a_4,4.633643038687296e-05,-1.9190411567687988
17,26661_ab88a525_0,0.00011061771510867402,0.872151792049408
18,129075_8fbf62e5_1,0.00017531515914015472,0.8344390988349915
19,51891_9455ea02_1,0.000588677532505244,0.9906587600708008
20,34770_6bba5bd4_13,0.0004952680901624262,0.9902758598327637
21,21646_a2dd0d00_53,0.00039022453711368144,0.9675636887550354
22,68909_4ae1bc2e_1,9.070105443242937e-05,0.9147617220878601
23,27866_ece3076e_109,4.877475294051692e-05,0.9923088550567627
24,92134_52f13f49_6,0.00012251640146132559,0.9293926954269409
25,23342_7193a931_1,8.238911686930805e-05,0.8856495022773743
26,126572_a2d6f794_14,6.369536095007788e-06,0.3596683144569397
27,44344_3e0b0b0c_1,8.595053259341512e-06,-0.1903911828994751
28,49331_3bf3bb84_4,0.00016822548059280962,0.996920645236969
29,33971_46bb0373_0,0.0005056972149759531,0.9354037642478943
30,21517_bfe35b4c_1,0.00010377352737123147,0.8494856953620911
31,23165_369d62aa_6,0.00033832667395472527,0.9959192276000977
32,81846_2907c980_0,0.0004901139764115214,0.9782440066337585
33,24168_a0ede173_111,0.000299486011499539,0.9704197645187378
34,53461_a5942665_1,0.0001131422322941944,0.995803713798523
35,24907_c72322ea_13,0.0006522288313135505,0.7538912892341614
36,133424_315bcaeb_7,0.00011442103277659044,0.851934552192688
37,40490_916e13fe_0,0.0002712938585318625,0.9915498495101929
38,38000_b5822e44_3,0.00022077867470216006,0.9966538548469543
39,138520_f4e0bc0b_63,7.591758185299113e-05,0.9275711178779602
40,61294_9255796d_3,1.8833854483091272e-05,0.9647592306137085
41,22176_272891b8_0,0.0007292090449482203,0.6301054954528809
42,24815_4f2a57e4_1,0.0006282717804424465,0.9815515875816345
43,113343_e692c488_1,2.5985516913351603e-05,0.9607858061790466
44,33995_18423507_1,0.0001202204221044667,0.8380520939826965
45,127897_029949fd_6,0.00021259930508676916,0.9957488775253296
46,123181_4e56fb4f_0,0.00027106748893857,0.9960730671882629
47,22670_9353c710_1,4.4025975512340665e-05,0.7316914796829224
48,128642_4d72bf31_2,9.402891009813175e-05,0.9490641951560974
49,146667_fe438b5b_6,0.00043186021503061056,0.9736269116401672
50,38260_2a31c6df_2,0.0004301860462874174,0.939372718334198
51,24443_996411f9_3,0.0009930592495948076,0.977464497089386
52,142074_34e02b6d_1,7.14497291482985e-05,0.9786018133163452
53,41501_b627682a_15,0.0005721522029489279,0.9500013589859009
54,24712_da77fe8f_0,0.00013445735385175794,0.9974843263626099
55,32960_0eaa1de8_26,0.0004178402596153319,0.9922606945037842
56,130757_b2c47f8d_2,0.00014670677774120122,-3.384579658508301
57,104817_6d73dc41_0,0.0005211779498495162,0.9416088461875916
58,79243_49539d9f_0,0.0011380740907043219,0.9754816293716431
59,82012_c533307b_1,0.00016452636918984354,0.8467378616333008
60,107649_e651c5ca_1,6.051260425010696e-05,0.5780167579650879
61,40997_e3c88650_12,0.00048598897410556674,0.98753422498703
62,143029_70554264_4,0.0002743347140494734,0.9624991416931152
63,27054_342fcf5c_3,0.00012940590386278927,0.8649387359619141
64,41648_577daf16_17,0.00017076182120945305,0.9353581666946411
65,89720_4e65191c_1,0.0004837370361201465,0.9882813692092896
66,75382_1b589ea9_12,2.7383724955143407e-05,0.9217206239700317
67,120371_433ba1ca_2,0.00031466077780351043,0.972557783126831
68,49024_b7f02205_13,0.001017318107187748,0.955066442489624
69,51022_47816098_7,0.0012118933955207467,0.9875556826591492
70,41634_4f5d0edb_0,1.7441272575524636e-05,0.965124249458313
71,23170_6ea8ded5_3,0.0004314083489589393,0.992780327796936
72,69589_cd2fa794_8,0.0008086286834441125,0.9471267461776733
73,41504_85e300ee_0,0.003426097333431244,0.5322020053863525
74,128996_42176b10_0,0.0009469640208408237,0.9233545064926147
75,38920_e81879c2_7,3.9894730434753e-06,-3.798222541809082
76,148051_c59af578_6,0.00033054291270673275,0.9909976720809937
77,65494_16d62db5_0,8.356685430044308e-05,0.8880200982093811
78,25473_0991d519_0,0.0003219767240807414,0.9924355745315552
79,75270_25a261ef_5,0.00030523465829901397,0.9695438146591187
80,49613_1b97c07b_12,5.5179258197313175e-05,0.4139491319656372
81,115633_a2c63339_1,8.393056486966088e-05,0.9751750230789185
82,52366_63042db4_1,0.00034512917045503855,0.9921449422836304
83,30282_88c6933c_5,0.0006972118862904608,0.9165905714035034
84,53474_f29e4438_12,0.0006932442774996161,0.9773041605949402
85,24026_1dd4094b_21,0.00043371348874643445,0.9505263566970825
86,21225_c081eae3_2,0.0010203392012044787,0.8651322722434998
87,35057_9af89947_8,0.00023488979786634445,0.8113163113594055
88,43529_4804941b_20,0.0001654858497204259,0.9949567914009094
89,22103_fd11c71b_3,0.00023651223455090076,0.9704668521881104
90,51536_a18dc325_0,0.000932226306758821,0.9505249261856079
91,24230_636208ab_13,0.0005896709044463933,0.6378945708274841
92,41117_1b3271f2_56,0.0007132239989005029,0.9889866709709167
93,140499_419d5823_0,0.00017477395886089653,0.9848920702934265
94,115524_a949e82c_2,2.2587071725865826e-05,0.9120140075683594
95,29833_0ed4880f_3,0.00031857594149187207,0.9942680597305298
96,127556_4823a42a_6,0.00033141541643999517,0.9443296194076538
97,23960_48cc0f21_19,4.705757601186633e-05,0.3401200771331787
98,132987_ba18d2eb_11,0.00011206869385205209,0.7854033708572388
99,51337_f8636fd9_30,3.4691842301981524e-05,0.9608028531074524
100,40999_cad6be09_18,0.0007370105013251305,0.9825752973556519
101,136886_99fbdef3_0,0.00016630279424134642,0.7146150469779968
102,30447_4ed3b778_7,0.0003192584845237434,0.9988237619400024
103,55811_bc667b2d_13,0.0007943525561131537,0.6975916624069214
104,41716_d55164d4_1,0.0001994917111005634,0.9301836490631104
105,33610_aa697fc9_6,0.00018898662528954446,0.9860504269599915
106,55095_fa260d33_6,0.0005967732286080718,0.9842694401741028
107,115639_bc0cc622_0,0.0004659171972889453,0.9658870697021484
108,20841_1620ae7d_0,0.0003544111386872828,0.9512068629264832
109,50823_d1830e58_2,0.0004517619963735342,0.9105709195137024
110,109762_cb162371_48,0.00025417926372028887,0.9106807708740234
111,41387_5f752e39_23,0.00036434794310480356,0.9865257740020752
112,121540_629c716f_0,0.00029861522489227355,0.9873590469360352
113,118539_1dff9cf9_12,2.31718677241588e-05,-0.6946812868118286
114,30714_dafa62f6_2,0.0013029025867581367,0.9829540848731995
115,79633_bbbde75f_0,0.0007386649958789349,0.9819849133491516
116,33059_531cfd5e_11,0.00033022998832166195,0.9459555745124817
117,20697_d3e106b4_4,3.128582102362998e-05,0.7372450828552246
118,136062_0027ff97_6,0.0004340342420618981,0.9599564075469971
119,146291_6b0c8db3_1,0.0012479191645979881,0.9709576964378357
120,45466_5f662bcb_0,1.697860352578573e-05,0.9650412201881409
121,144500_7f600ab6_0,0.00021090451627969742,0.9804970622062683
122,44996_b3e9c266_4,5.0225400627823547e-05,0.9893915057182312
123,40713_4c9264ef_0,0.0004802699841093272,0.9359207153320312
124,132384_0fcab1fa_13,0.0006664128741249442,0.2830885648727417
125,33738_77d49563_2,0.00016437240992672741,0.8089388012886047
126,129422_621d0a90_33,7.892246503615752e-05,0.9628556370735168
127,115633_fd3c9b97_32,2.6076959329657257e-05,0.8931448459625244
128,69337_a122ffde_1,0.0003574547008611262,0.9634655714035034
129,37241_29f91452_0,0.00034952015266753733,0.9919144511222839
130,141199_9ae000ef_6,0.00039232641574926674,0.6683723330497742
131,147133_92c04b84_4,0.0005391869344748557,0.5257784128189087
132,77687_cbb18594_50,0.00034794790553860366,0.7598309516906738
133,144290_2a679085_11,5.314738882589154e-05,0.8434731960296631
134,130825_c59bbbfb_0,0.00023359889746643603,0.994022011756897
135,82512_252da752_6,3.877122708217939e-06,-4.998325347900391
136,115624_d0acb46b_24,0.0003661487717181444,0.9960272312164307
137,92134_52f13f49_7,0.00011298059689579532,0.929115891456604
138,100326_0602c712_7,8.493391942465678e-05,0.8661171197891235
139,134630_f9e85072_0,0.0002484628348611295,0.9428019523620605
140,108943_b07b2543_1,0.0006483149481937289,0.8930912017822266
141,125416_ab456bc3_5,0.0011271495604887605,0.904303252696991
142,57222_33b428d7_69,9.576230513630435e-05,0.9042232036590576
143,24650_dad8c8ee_13,0.0005737913306802511,0.9898328185081482
144,41749_14d0599c_1,0.0005316725582815707,0.9209104776382446
145,49396_98ab955d_27,6.233098247321323e-05,0.959306001663208
146,136892_e2a0b32c_4,5.131647048983723e-05,-0.3195359706878662
147,31962_e5291336_28,0.0005887947045266628,0.9871499538421631
148,34231_e27353cb_0,4.8370504373451695e-05,0.9491428732872009
149,112724_d334de09_0,0.0010568795260041952,0.9835733771324158
150,56486_82b3e23a_21,5.202408283366822e-05,0.39504027366638184
151,40500_6055e3d7_17,1.765214983606711e-05,0.4061688780784607
152,39468_15fb2e60_43,0.0003203076485078782,0.4773519039154053
153,141710_17531562_7,0.0003884213510900736,0.9890223145484924
154,33529_756075a0_12,0.0004974743933416903,0.9025444984436035
155,54169_3a875f10_8,0.002327889436855912,0.9385995864868164
156,41023_5445cb61_9,7.938162889331579e-05,0.9301859736442566
157,146380_5c569eeb_2,0.0005048702005296946,0.728645920753479
158,24195_9791f5d3_38,2.6771251214086078e-05,0.4720833897590637
159,26573_7f7e176d_2,0.0008276717853732407,0.992658793926239
160,22734_f6bad9f7_25,0.0007525515393353999,0.9878746867179871
161,48112_9538e204_0,0.00019919418264180422,0.9960460066795349
162,127545_6fa39158_10,0.002631991170346737,0.9795329570770264
163,23788_5c0b60c6_0,9.378921095049009e-05,0.9507524371147156
164,23792_5b4c1ce0_21,0.00036979347351007164,0.9883315563201904
165,146067_46e58ab3_1,0.001171870157122612,0.9925650954246521
166,101072_dec6f415_3,0.00016240817785728723,0.9255534410476685
167,22829_b6649a29_0,4.22299635829404e-05,0.2997812032699585
168,55389_a736bd99_0,0.0004214416549075395,0.776132345199585
169,30259_d709601c_9,0.0020659309811890125,0.9411462545394897
170,35866_d0233b36_13,4.911177165922709e-05,0.4785045385360718
171,34563_52848c45_5,7.509074202971533e-05,0.9696052670478821
172,44519_90af0df6_7,0.0007886518724262714,0.7699406743049622
173,114111_59282658_8,9.951399988494813e-05,0.9659481048583984
174,45922_26941172_15,0.0008296618470922112,0.9861116409301758
175,41303_bd1def52_3,0.0001075327381840907,0.9728100299835205
176,22053_de30641b_1,4.6358691179193556e-05,0.29034423828125
177,22298_51433023_4,0.000739674549549818,0.9838841557502747
178,23479_81a49137_0,0.0008872764301486313,0.6776736974716187
179,22225_a3ce4d29_37,0.000521259440574795,0.9927831292152405
180,135669_490cd2d7_14,0.0002489526814315468,0.9866469502449036
181,32173_8b075b1a_4,0.0003700057277455926,0.9940068125724792
182,145119_24107428_5,0.0006087161600589752,0.953826904296875
183,41774_88a7a483_36,0.00010199221287621185,0.94758141040802
184,133549_1b6c58d6_0,0.000421507575083524,0.9910288453102112
185,40936_6de8f4f4_0,0.0016276540700346231,0.9898463487625122
186,23008_3d1bb7b2_0,0.0011272432748228312,0.9838262796401978
187,38360_ad61c9b2_1,0.0002705217630136758,0.8242363333702087
188,136109_3d342d3c_2,0.00040942849591374397,0.9835399389266968
189,135790_a27f9deb_11,4.614010322256945e-05,0.9427820444107056
190,140249_7c1c5bba_0,0.00014098631800152361,0.8283791542053223
191,128996_a3d026d6_0,0.0011705623473972082,0.7601214647293091
192,23235_f9ccb8b0_0,0.0010988966096192598,0.13339543342590332
193,93671_f7290ded_0,0.00013667484745383263,0.9190108776092529
194,51109_97b211c3_7,0.0003350030165165663,0.9590567350387573
195,51916_fa226b15_13,7.552299939561635e-05,0.836815357208252
196,86268_094d3fab_1,0.00010684212611522526,0.9978635907173157
197,39637_ca6a9a60_1,0.0015333332121372223,0.8103712201118469
198,47219_93cb3619_3,0.0012777550145983696,0.9774942994117737
199,47878_0edb6829_0,0.00015340972458943725,0.997271716594696
200,26764_ab35159a_6,0.0009950518142431974,0.9602819085121155
201,34341_d19b12fb_12,7.937012560432777e-05,0.9125990271568298
202,118342_c702e084_6,0.00019765789329539984,0.9954848289489746
203,49886_dd68dccb_4,0.00044564547715708613,0.966257631778717
204,23493_57512264_5,8.173981768777594e-05,0.7423057556152344
205,31751_e37382e1_5,0.001039070775732398,0.9733846187591553
206,24338_848cab42_6,0.003289845772087574,0.7400893568992615
207,24916_42eacca3_10,0.0010475716553628445,0.4340279698371887
208,137485_a953e1be_2,0.00023401385988108814,0.9953208565711975
209,23706_ef15ef9c_18,0.0008623775793239474,0.9427960515022278
210,143671_eaf4d13b_6,0.0008903873967938125,0.9864150285720825
211,53470_39f2e9dc_13,0.0006343714194372296,0.19606536626815796
212,145772_59253c6d_3,4.00025091948919e-05,0.9436327219009399
213,51893_d531e2bd_2,0.00047651558998040855,0.9896246194839478
214,39389_d641313f_8,0.0012842630967497826,0.9509974718093872
215,51595_41f3d1a3_5,9.963666525436565e-05,0.9054087996482849
216,51674_a70c1c6c_15,0.0002974057279061526,-0.13302898406982422
217,37617_3f415463_5,9.598620817996562e-05,0.9271978139877319
218,31862_a89f21f9_3,0.0002879192470572889,0.9914435744285583
219,40519_55a097c6_11,0.0010700032580643892,0.9376129508018494
220,111306_9108c940_0,0.0015501725720241666,0.7033430337905884
221,136640_16741d62_4,0.0002628436777740717,0.8211339116096497
222,23155_d7305c5f_2,0.0015916147967800498,0.9677608609199524
223,43934_912ff891_41,0.0001776797289494425,0.1530059576034546
224,57017_6033d1e5_0,0.000318945967592299,0.9839428067207336
225,126913_d253adb7_1,0.0006091870600357652,0.7563769817352295
226,130752_52d74f2f_48,0.0011085787555202842,0.925270140171051
227,124177_71283cad_0,0.00017042864055838436,0.9868581295013428
228,24650_dad8c8ee_18,0.0003462425374891609,0.9911492466926575
229,55199_4d57661f_2,0.0024677340406924486,0.8522655367851257
230,115010_eb737aaf_20,0.00018849046318791807,0.9963905811309814
231,27855_19c5895a_12,0.0001069386926246807,0.9439110159873962
232,52772_a6e6e320_0,0.0001839951437432319,0.7530797719955444
233,90917_3d2d21a9_0,0.001001468044705689,0.977095365524292
234,40703_5f4e45d4_7,0.0001070398575393483,0.9978765845298767
235,132622_911efd2f_1,0.0007894455920904875,0.9881832003593445
236,43441_e1ab0873_6,0.008817036636173725,0.8608087301254272
237,34917_61633e20_6,0.0006716287462040782,0.985439121723175
238,67221_275ba7e6_4,0.0002650963724590838,0.9946823716163635
239,130719_e4764a36_10,4.546936179394834e-05,0.9008487462997437
240,136318_130d6a06_20,0.0006290982710197568,0.9426189661026001
241,99636_73c43ebd_10,0.000252119789365679,0.9931971430778503
242,29377_3a04cb8d_6,0.0002591573866084218,0.9621918201446533
243,23018_63087a41_47,0.0005215679411776364,0.9857234358787537
244,26165_100fec74_4,0.00024709905846975744,0.22250467538833618
245,135934_d2f6bb2e_46,0.00017614186799619347,0.9144942164421082
246,24039_448afafa_5,0.0005794161115773022,0.9720752835273743
247,32775_a79b406b_14,0.0012681487714871764,0.8384153246879578
248,23686_cba4f679_0,0.00042218045564368367,0.9599614143371582
249,35147_bc9f2c5d_0,0.0024531190283596516,0.603990375995636
250,136337_1351909b_2,0.003578523639589548,0.9150010943412781
251,139222_2c10ca9a_1,0.00038590902113355696,0.9668014049530029
252,139379_fe5c3f64_0,0.0003200179780833423,0.9882018566131592
253,33084_344fec27_2,0.0001382165210088715,0.9973982572555542
254,24775_d5c98d77_0,1.854077163443435e-05,0.42845040559768677
255,56344_3a89f085_23,0.00020570275955833495,0.9809353947639465
256,135112_cf8007b8_5,0.0006544625503011048,0.9838852882385254
257,50706_20d07d57_2,0.0013626875588670373,0.9869417548179626
258,51744_cd355565_5,0.0008740406483411789,0.9738208055496216
259,51464_da501c24_0,0.000664316990878433,0.869062602519989
260,126572_a2d6f794_23,1.4169709174893796e-05,0.5095911622047424
261,70021_e673ae54_2,8.154191891662776e-05,0.8825114965438843
262,25144_31b089b6_5,0.0002722119679674506,0.8767013549804688
263,24715_55aac5f2_2,1.8146629372495227e-05,-0.5107051134109497
264,24532_f82f8000_2,0.0008287398959510028,0.3291032910346985
265,30664_a3084f71_1,0.0010835956782102585,0.5469619035720825
266,81145_5c13a8e9_1,0.00018708693096414208,0.8089093565940857
267,132037_2abb8c63_10,4.800259921466932e-05,0.7793410420417786
268,50414_ac159b58_2,0.00022621123935095966,0.9917787909507751
269,21601_360ce1c7_7,0.0003129143442492932,0.9943132400512695
270,22119_27e3ecbe_9,0.0005933716311119497,0.9815998673439026
271,145120_74f7316f_0,0.0036209123209118843,0.8362932205200195
272,74574_c302ff1f_0,0.0002347041154280305,0.6917331218719482
273,52443_085efc00_4,0.00012311816681176424,0.9597712159156799
274,147546_ede0f31c_3,0.0023163582663983107,0.9499093890190125
275,22492_047b125b_21,0.00103891605976969,0.9758874177932739
276,72313_5a86e234_0,0.0031569430138915777,0.9396944046020508
277,45589_49e3c7ea_2,8.997890108730644e-05,0.9972867965698242
278,83432_a7f85698_0,0.00013320305151864886,0.9970080852508545
279,32775_a79b406b_0,5.9773217799374834e-05,0.42437833547592163
280,121703_69c4a5ac_3,2.420253076707013e-05,0.9123067259788513
281,80901_e9080573_6,0.0006615541642531753,0.9741827249526978
282,21809_8bd6b10e_3,0.005048403516411781,0.8888845443725586
283,49396_98ab955d_15,0.000453873653896153,0.9567235112190247
284,33766_14917a4a_19,0.0005786693654954433,0.9871247410774231
285,26661_ab88a525_8,0.00016155898629222065,0.9954709410667419
286,44030_17bd5ec9_0,0.0009382276330143213,-0.15336942672729492
287,53221_74fa81cd_7,0.00029325790819711983,0.7465028762817383
288,21887_3306168f_7,0.0014147013425827026,0.8590394258499146
289,86185_85fde9e6_0,0.00041985450661741197,0.9358335137367249
290,87951_500b1dcd_2,4.555688428808935e-05,0.9512311816215515
291,22276_69c5036b_11,0.0009093826520256698,0.9762071371078491
292,41721_44151488_5,0.0008385356049984694,0.9223564863204956
293,102293_5d04e48d_0,0.0014886901481077075,0.92936772108078
294,77687_cbb18594_20,5.294205402606167e-05,0.9265620708465576
295,133248_1bab99ae_0,0.0006258578505367041,0.7241086363792419
296,24051_4852a192_2,0.0005131768994033337,0.98238605260849
297,86806_2993395a_1,0.00014311278937384486,0.8785069584846497
298,38558_b0d6b3f8_1,0.0005512210191227496,0.9886863231658936
299,140549_7d01813c_0,0.0002646106295287609,0.9916060566902161
300,24559_3c306e71_1,0.0008816319750621915,0.8643969297409058
301,70350_751de4b0_13,0.0013090628199279308,0.46676045656204224
302,39101_23fec10f_8,0.0020294059067964554,0.7840939164161682
303,24942_9d1b2ff2_8,0.0005265384097583592,0.9938628077507019
304,30850_05d88af9_3,0.0010298569686710835,0.9828746914863586
305,113358_08641c94_4,0.0007318943971768022,0.9772569537162781
306,21234_8b71bd47_27,0.00019183139374945313,0.9305997490882874
307,26245_4aac38e1_21,0.00023034658806864172,0.4655647873878479
308,66072_d301cc88_0,0.0006451790686696768,0.7209897041320801
309,21894_93f0d052_23,0.0007117139757610857,0.9297019839286804
310,147816_7fb70c2b_2,0.0006351378397084773,0.9333812594413757
311,49120_4131d1e7_1,0.00010594774357741699,0.9787885546684265
312,52224_ca16c854_4,0.0005364346434362233,0.9233971238136292
313,105762_19e04e0b_1,8.00102498033084e-05,0.3683893084526062
314,30400_8824ce97_36,0.0003966027870774269,0.9428743720054626
315,95199_ffcff41e_0,0.00018164736684411764,0.8138883709907532
316,50417_199cffee_3,6.967326044104993e-05,0.9457734227180481
317,24544_d06c82dd_5,0.00034639614750631154,0.9942674040794373
318,22604_565b91f5_2,0.00019045060616917908,0.9920538067817688
319,22788_b6a9e30a_4,7.674868538742885e-05,0.9808210134506226
320,45789_d5126eab_14,0.0004570281889755279,0.906640887260437
321,37267_b2be4b50_3,6.3805459831201006e-06,0.3579709529876709
322,34330_5eff1ee1_3,0.0003812127688433975,0.9555107951164246
323,137999_d934160e_1,1.9115410395897925e-05,0.8521320819854736
324,134921_f5efde94_27,6.95953713147901e-05,0.9360138177871704
325,53470_39f2e9dc_8,5.167634299141355e-05,0.42025983333587646
326,23497_f292546d_25,0.0009628389962017536,0.9599827527999878
327,22289_4b848f64_2,0.00014525359438266605,0.9803274869918823
328,31392_84b62622_2,0.0006031017401255667,0.9497368931770325
329,51347_1fc6f329_0,0.0007492192671634257,0.831691324710846
330,50777_2934de55_6,0.0002214829728472978,0.9920982122421265
331,32841_954e8c1a_0,5.619868898065761e-05,0.9420198798179626
332,31530_6744ae73_3,0.00029482299578376114,0.9956726431846619
333,65827_d1469ad6_1,6.813975051045418e-05,0.49006813764572144
334,145461_30637b22_8,3.819654375547543e-05,-0.5267492532730103
335,31973_093ea963_13,0.0001265761675313115,0.9507250785827637
336,70355_e5f58cd5_14,0.0004870407865382731,0.9525014162063599
337,77687_cbb18594_40,0.0001352664257865399,0.4023783802986145
338,24392_fce351ea_0,0.00012320444511715323,0.9339501857757568
339,36853_7efccb8c_3,0.0006893076351843774,0.9059191346168518
340,41644_d15f8e2b_5,3.862784433295019e-05,0.8009414672851562
341,131762_9b5e5ff5_2,0.00038876073085702956,0.9765229821205139
342,82193_96ef9433_2,0.0003257636562921107,0.9949234127998352
343,31347_386f6298_15,0.0009317242074757814,0.9780921936035156
344,34568_fbe47bf9_0,0.0001775018754415214,0.4918925166130066
345,115624_fe3eb392_3,0.0008891268516890705,0.9796523451805115
346,130446_e7b58dbe_0,0.0010380359599366784,0.9581196308135986
347,104641_2cd02839_33,3.166177702951245e-05,0.9308300614356995
348,31460_39fdfc6a_7,0.000921396363992244,0.7926059365272522
349,95541_ced8f936_0,0.00029630461358465254,0.9936139583587646
350,23126_725969ea_17,0.000328234484186396,0.965320348739624
351,23676_52069f98_5,4.60232695331797e-05,0.8266849517822266
352,137637_ed9c537d_0,0.00044085527770221233,0.8909921646118164
353,22474_b10fea1a_2,0.0005299172480590641,0.9871643781661987
354,143017_21d96cc2_10,0.0006696690106764436,0.9034611582756042
355,105270_34f92afd_1,6.996704178163782e-05,0.9018658995628357
356,95622_0a0787e4_4,0.00032302760519087315,0.9951753616333008
357,55854_13f0399b_0,0.0008567053591832519,0.9815610647201538
358,22118_1e09e0eb_5,0.000996901304461062,0.9574831128120422
359,146717_3e6a84c1_7,0.0008234335109591484,0.9876571893692017
360,63132_330141d7_3,0.00012320200039539486,0.9750139713287354
361,115633_fd3c9b97_46,6.9379762862809e-05,0.8570951223373413
362,21644_aa203dc5_29,0.00020454167679417878,0.9497944116592407
363,79791_00f639ca_15,0.00019086002430412918,0.9967867136001587
364,60711_42b5a13e_1,0.0004949470749124885,0.945188045501709
365,137483_cdb8989d_0,0.00022548482229467481,0.9952921271324158
366,21644_aa203dc5_26,0.0004817253502551466,0.9168587327003479
367,131876_b2384623_0,0.0002859811356756836,0.8153516054153442
368,23706_ef15ef9c_10,0.00037402877933345735,0.9427797198295593
369,68948_0d2a01cd_9,0.000770222453866154,0.9783976078033447
370,145137_4e9eef42_1,0.00045423427945934236,0.9086424112319946
371,30426_2cde26de_20,0.000715097354259342,0.9918628334999084
372,31378_34c52a73_0,0.00016455278091598302,0.9543173909187317
373,92134_52f13f49_4,0.00014414942415896803,0.9027146100997925
374,119634_fc722479_1,0.0003723237896338105,0.9948773980140686
375,24032_d6172503_24,0.0006186238606460392,0.7409931421279907
376,136401_69f29349_4,8.041216642595828e-05,-0.24767637252807617
377,41871_f9a1ad02_26,0.0006402272265404463,0.9513868689537048
378,48220_87941c4e_116,0.001122567686252296,0.8338796496391296
379,115012_9ed88535_2,0.00042396236676722765,0.830664873123169
380,69488_025cf0a2_1,0.0013993078609928489,0.9905141592025757
381,147427_69f68da4_3,4.695596726378426e-05,0.8698554635047913
382,33766_14917a4a_32,0.00041333603439852595,0.9851313829421997
383,51747_3d58eae0_0,0.0004570294404402375,0.938633382320404
384,33785_a4c23f61_0,0.001900708768516779,0.992829442024231
385,114935_797875fe_2,0.0010897602187469602,0.960354208946228
386,51775_49ef614a_26,8.883734699338675e-05,0.8420486450195312
387,38196_ea48fa42_3,6.121441401774064e-05,0.28389590978622437
388,140413_44177109_21,1.5772915503475815e-05,0.7113418579101562
389,27676_79237cc5_1,0.0010595840867608786,0.6533604264259338
390,52883_e518d3f4_33,0.00020386333926580846,0.9959840774536133
391,34347_841c5375_2,5.680314643541351e-05,-0.15493321418762207
392,55289_292737cb_0,0.0002702120691537857,0.9948124289512634
393,50606_82cb18e2_0,0.00020595165551640093,0.9919057488441467
394,30407_efa567f2_4,0.00023207033518701792,0.9944042563438416
395,31647_ab9ad9dc_13,0.0006216329056769609,0.939777135848999
396,24896_58b4730f_17,0.0002453785273246467,0.9542331695556641
397,23602_5daaccf5_4,0.0009305576677434146,0.9350045919418335
398,27725_5cceaeb7_10,0.00015049715875647962,0.6873388886451721
399,127734_395dcf7d_5,0.001375467167235911,0.7763396501541138
400,31957_d864f861_3,0.0018196788150817156,0.6291792392730713
401,49415_1671b60c_4,0.00035788596142083406,0.6653642654418945
402,45110_fae73324_4,0.0004237916728015989,0.9773839712142944
403,22343_34184fd5_18,0.00019248989701736718,0.26718008518218994
404,22848_cc91b848_38,4.6652844503114466e-06,-4.377815246582031
405,73652_23b21ef2_1,0.0004156539507675916,0.9916417598724365
406,65569_bd890a32_1,0.0002226101205451414,-1.1352379322052002
407,48220_87941c4e_111,0.0010821149917319417,0.8104815483093262
408,30394_e30f932c_0,0.0008338557090610266,0.9522888660430908
409,21941_1a683ec2_26,0.0004462750512175262,0.981364369392395
410,25564_e646fcb3_1,0.00010236706293653697,0.6542932987213135
411,134053_87a32e31_3,7.577663200208917e-05,0.7932319641113281
412,87950_af56e26e_2,0.0003454122052062303,0.9747191667556763
413,51458_54240b70_17,7.092009036568925e-05,0.9216655492782593
414,40688_effe215a_1,0.0005001604440622032,0.9876144528388977
415,131494_c8a441d0_0,0.00015405972953885794,0.9699999690055847
416,26768_c4df841f_21,0.0006801433628425002,0.2032896876335144
417,136892_2d5f55a9_0,0.0015803746646270156,0.6534419059753418
418,54652_d60ac3e0_10,0.0008107072790153325,0.9560166001319885
419,51747_3d58eae0_1,0.0005834514740854502,0.7614874243736267
420,54650_df3655c1_0,5.2660405344795436e-05,0.4232332706451416
421,41125_711db4bf_58,0.0003845006867777556,0.9572308659553528
422,45418_f603706b_2,0.00026273741968907416,0.9335451126098633
423,21852_6cf9a734_18,0.0008189452346414328,0.9930003881454468
424,122515_758d8b70_6,2.1762489268439822e-05,-16.97117805480957
425,104081_05ba54fa_2,0.0007154227932915092,0.6995362639427185
426,41672_cf87e0b6_0,0.0002553484227973968,0.9605898857116699
427,22638_37f9fe91_1,2.8295349693507887e-05,0.9164063930511475
428,24559_3c306e71_3,0.0005204356275498867,0.9054714441299438
429,31589_ac31215d_8,0.00019458566384855658,0.8970311880111694
430,49603_143b8bd2_35,0.00043689581798389554,0.9654215574264526
431,127965_c64a91da_0,0.0005012432229705155,0.8702753186225891
432,36062_f2fb6808_1,4.71717503387481e-05,0.5640385746955872
433,139280_8874b1ab_18,0.00014056146028451622,0.8649324178695679
434,30997_24dea167_4,0.0008936257800087333,0.9193946123123169
435,143471_eb185912_5,2.4848055545589887e-05,0.7455805540084839
436,23176_1bf2a2d5_10,0.0004978784709237516,0.9794158339500427
437,98299_b8146029_5,0.0003950725949835032,0.9657853245735168
438,23466_1cf60d09_4,0.0011322353966534138,0.9683403968811035
439,41591_2d0bd0d5_3,0.00030340065131895244,0.9893344640731812
440,134929_9049dcec_1,0.00012318691005930305,0.9339446425437927
441,41785_e8bf0528_0,0.0010628567542880774,0.9536862373352051
442,31460_39fdfc6a_6,0.0006745640421286225,0.9855539202690125
443,133710_00be7f31_1,0.0013339740689843893,0.8469354510307312
444,24532_f82f8000_0,0.00019664046703837812,0.9567465782165527
445,21234_8b71bd47_3,5.918098395341076e-05,0.9104136228561401
446,35175_6edc4126_5,0.0003907891805283725,0.9886759519577026
447,20495_e8e7e80c_1,7.383780757663772e-05,0.9139047861099243
448,76546_c17e95aa_2,0.00012542738113552332,0.26221394538879395
449,41654_e75f89df_0,0.0004253825463820249,0.9769119620323181
450,109772_f1a0845e_6,8.313838770845905e-05,0.951961100101471
451,34913_d23e2a24_0,0.0004828021046705544,0.9731763005256653
452,25203_1cc0cb3c_12,0.00042785509140230715,0.9928594827651978
453,37160_2a95674a_4,0.0005740945343859494,0.9625239968299866
454,69240_dc199112_4,0.0007073182496242225,0.8656469583511353
455,25176_d9130589_0,0.0001973956823348999,0.9740572571754456
456,69235_fe79a369_0,0.00011425381671870127,0.743403434753418
457,39468_15fb2e60_9,0.0004367547226138413,0.9366379976272583
458,103284_e25015aa_6,5.604501347988844e-05,0.5533287525177002
459,30377_e18ea3de_0,0.0001406415249221027,0.8860623836517334
460,66080_f578d52b_4,0.0009399126283824444,-3.8308892250061035
461,37444_52b27e94_14,0.00029106574947945774,0.9556721448898315
462,38675_6e07d74b_31,0.0008451206376776099,0.9732586145401001
463,21680_360ba5c7_28,0.000343970867106691,0.9749386310577393
464,142032_5c32b7db_2,0.0003732921904884279,0.9931261539459229
465,44210_a155c2d1_0,0.006098007317632437,0.8642557859420776
466,38287_88ec74de_92,0.0004061998042743653,0.9400330781936646
467,29572_2f9283f2_4,0.0004770727246068418,0.9644627571105957
468,28300_b3a6ab79_10,0.00043460613233037293,0.9849722385406494
469,136129_e6a20c7d_5,6.262133683776483e-05,0.903918445110321
470,119381_e4d13609_0,0.0007630024920217693,0.9711321592330933
471,30729_b4d83b07_4,1.5323259503929876e-05,0.685339629650116
472,140413_44177109_11,0.0005608262727037072,0.9736232757568359
473,26384_83eddf22_0,0.0002225511270808056,0.9830083250999451
474,82285_e7a738e7_2,0.0009913647081702948,0.9174253344535828
475,108599_347602af_0,0.0004992231843061745,0.9844755530357361
476,119889_41a6f268_1,9.21312821446918e-05,0.8640360832214355
477,55006_94230c00_1,0.00024579878663644195,0.992315411567688
478,21517_bfe35b4c_10,8.051875192904845e-05,0.9629991054534912
479,20818_098cad7c_6,5.63953653909266e-05,0.9396069049835205
480,41855_b82e6ae8_6,0.00024461792781949043,0.9717227816581726
481,137166_90691294_8,5.8896574046229944e-05,0.9608873724937439
482,69561_f274e705_26,0.0012340957764536142,0.9405025243759155
483,51579_d0c3e154_0,0.0004458411131054163,0.9811342358589172
484,23676_52069f98_4,0.00038261894951574504,0.9879521131515503
485,31962_e5291336_1,0.00023172740475274622,0.9931439161300659
486,57222_33b428d7_1,0.00010876718442887068,0.9192517399787903
487,51586_2ad96f8c_17,3.1279709219234064e-05,0.6237633228302002
488,41473_c2137170_32,0.00031144326203502715,0.9514603614807129
489,31123_9a1bfc50_2,0.00034650045563466847,0.9738335609436035
490,23211_3aac9c7e_0,0.0002922130806837231,0.9452486634254456
491,45798_b573e9da_5,0.001542524667456746,0.9204851388931274
492,27847_d2436f7c_37,6.797531386837363e-05,0.9214335680007935
493,54736_6ee1b513_1,0.0005194393452256918,0.5512285232543945
494,132901_7d205bb4_9,0.0002142102603102103,-0.42025279998779297
495,73762_8c704690_0,0.001201668637804687,0.8379548788070679
496,23209_1592b0a4_1,0.000503268965985626,0.9650982022285461
497,49024_b7f02205_2,4.36792652180884e-05,0.8892589211463928
498,147630_7f858240_15,0.0003116780426353216,0.9450891613960266
499,69337_2c778611_11,0.00016238422540482134,0.9044162034988403
500,82498_92a00cd6_1,0.000174915068782866,0.9458039999008179
501,78775_e2d8b091_1,0.00038474216125905514,0.9478156566619873
502,40067_95ae6c76_9,0.0004157884686719626,0.9554572105407715
503,80756_6f2e842f_0,0.00039411833859048784,0.9198094010353088
504,25284_1da7aa8a_0,0.00017395343456882983,0.9655779600143433
505,55605_2f8bc12e_62,0.0003916929999832064,0.9866039752960205
506,39792_60786b6c_15,0.0004249071062076837,0.9914698600769043
507,34063_0ca1585e_2,0.0008867382421158254,0.4252261519432068
508,31664_1e85c690_13,0.0003934491833206266,0.9887501001358032
509,131193_98f3ac52_1,0.00029617626569233835,0.8675299882888794
510,120221_e2eaa34b_2,0.0017137940740212798,0.4119310975074768
511,130286_1f71bfed_3,0.0012748069129884243,0.6202218532562256
512,118342_e8142153_21,0.00011825011461041868,0.9563003778457642
513,128043_9f8cd69e_1,9.656961628934368e-05,0.8669599294662476
514,41504_85e300ee_1,2.4857987227733247e-05,0.8929621577262878
515,78863_d59be42e_0,0.0009009575005620718,0.8916918039321899
516,31733_5118b376_3,0.0017330182017758489,0.9876329898834229
517,22208_e177deb7_5,0.0004140080709476024,0.9010939002037048
518,24026_1dd4094b_43,0.00025328146875835955,0.7784870862960815
519,73388_10a40b49_1,0.001020080060698092,0.9399496912956238
520,138219_cdff4f61_0,0.0005617810529656708,0.6292469501495361
521,49399_dc56d180_1,0.00014497269876301289,0.9972886443138123
522,41306_8f26e703_3,8.942404383560643e-05,0.9691787958145142
523,51590_034b8b08_14,0.0008688673260621727,0.9853063821792603
524,48402_8c965495_4,7.249102782225236e-05,0.8957221508026123
525,26388_a3367cba_0,0.0004977575736120343,0.9379549026489258
526,28300_b3a6ab79_6,0.00022759870626032352,0.9923853278160095
527,43938_418421a7_0,0.0003837389522232115,0.8260509967803955
528,41520_60018d18_0,2.8150408979854546e-05,0.7973142266273499
529,137869_344b239b_0,7.19909294275567e-05,0.8306576013565063
530,41648_577daf16_0,0.003342112759128213,0.8569380640983582
531,31347_386f6298_10,0.00011454569175839424,0.9978322386741638
532,82190_24b1b0fe_12,0.0012752254260703921,0.7766705751419067
533,33741_4a973932_1,0.0011732312850654125,0.8054889440536499
534,42005_3da46d94_0,0.0001491881557740271,-2.340585947036743
535,132982_ee1eed2f_0,0.00042833632323890924,0.9817088842391968
536,23898_6e740393_29,0.00021119082521181554,0.5838594436645508
537,105831_88a0fb85_6,0.00015078655269462615,0.9967113733291626
538,31278_749a6317_0,0.00010475385352037847,0.9370771646499634
539,51586_2ad96f8c_4,6.992155249463394e-05,0.9680767059326172
540,57000_cd1ddece_14,0.00010626043513184413,0.9566879868507385
541,50692_e7ff2668_8,0.000664085615426302,0.9763806462287903
542,65346_e89312e5_0,0.00031334272352978587,0.5264569520950317
543,38840_0e449caf_4,0.00010615633800625801,0.9725843071937561
544,29573_ca59fbbf_5,0.0006602940266020596,0.9933432936668396
545,30164_c5680724_12,0.0004783014883287251,0.9747588038444519
546,138620_e21e10ee_0,8.19511478766799e-05,0.9301593899726868
547,50305_caf9cef2_34,0.00045554302050732076,0.21176689863204956
548,83396_fdb2987a_0,0.0009122256888076663,0.9671127200126648
549,28379_7e292343_4,0.000519852212164551,0.9885458946228027
550,33529_756075a0_32,0.001102651935070753,0.918064296245575
551,109857_1d24326e_42,9.720062735141255e-06,0.5156148672103882
552,22772_2b5f6629_6,0.00019670228357426822,0.9967719912528992
553,34600_e2685d46_2,0.0001074726169463247,0.9960727691650391
554,122344_ab1b06aa_2,0.0018686982803046703,0.9662175178527832
555,123573_5f5c9584_1,0.0003812343638855964,0.6924229264259338
556,35166_562b126c_20,7.970232400111854e-05,0.9969149231910706
557,51350_138f893a_1,2.283973117300775e-05,0.7809329032897949
558,137785_67c3085b_16,0.0008605984039604664,0.9788219332695007
559,50417_199cffee_12,0.0011884864652529359,0.9425839185714722
560,22194_a5c323b9_3,0.0001902102230815217,0.9689676761627197
561,42329_df7f540f_18,0.00027775976923294365,0.9710290431976318
562,41779_25e4203d_6,0.00019692242494784296,0.6999855041503906
563,51094_40aa8332_20,0.0011895800707861781,0.9553533792495728
564,109762_cb162371_38,0.0007139895460568368,0.9624142646789551
565,45922_26941172_9,0.00031741155544295907,0.9453523755073547
566,34587_ed155e93_0,8.615462138550356e-05,0.9975246787071228
567,69589_a468c1b4_0,0.0007692607468925416,0.9837576150894165
568,44921_00dfb467_0,0.00013896725431550294,0.9661028981208801
569,82672_4705a693_0,0.00044455862371250987,0.8019448518753052
570,26778_a71e88a6_0,5.201794556342065e-05,0.8597826957702637
571,69488_7bfb2b67_0,0.00018150190589949489,0.9949565529823303
572,22686_afe3a61e_0,6.965155625948682e-05,0.5696768760681152
573,109772_5faa88e8_5,0.0004910949501208961,0.6640738248825073
574,43938_418421a7_147,0.00038350094109773636,0.9473155736923218
575,141694_b5ac3112_3,0.0015023447340354323,0.4209539294242859
576,31973_093ea963_16,4.2304585804231465e-05,0.9734390377998352
577,26858_e90dc419_25,4.493625237955712e-05,0.7399570941925049
578,131350_bbdad30d_0,0.00023843902454245836,0.8640501499176025
579,35741_c43475b8_1,0.0002409999433439225,0.9160120487213135
580,30690_3df2c9e2_1,0.0006224923417903483,0.9469265937805176
581,122758_5f4efbf0_2,0.0004008556716144085,0.9736255407333374
582,37822_3be11c62_0,7.183569687185809e-05,0.9694562554359436
583,91174_ee6ee92b_1,0.000213730163522996,0.949925422668457
584,23676_52069f98_31,0.0006342668202705681,0.9936108589172363
585,27958_fee329eb_1,0.00018124304187949747,0.950836181640625
586,144534_3b4fdb09_18,0.0025895226281136274,0.27642643451690674
587,30292_0b5e0265_1,0.0010164022678509355,0.9861636757850647
588,111062_e59e2d31_0,0.005219425540417433,0.9406842589378357
589,135790_a27f9deb_77,0.000172210275195539,0.9664577841758728
590,65842_de75838b_10,0.00017278225277550519,0.9638548493385315
591,22475_9d9601a8_3,8.007341239135712e-05,0.5535958409309387
592,119884_192e3265_0,0.0008241675095632672,0.8769938945770264
593,51463_3330e3aa_2,0.0005942802526988089,0.9383324384689331
594,23231_efe613bb_4,0.0011053279740735888,0.9433872699737549
595,22895_4533b542_2,0.00017097983800340444,0.973737895488739
596,146219_5661130f_4,0.000259265536442399,0.9943735003471375
597,38953_19054857_19,0.00038733065593987703,0.6557849645614624
598,21847_b2de7eb8_24,0.0017438543727621436,0.8818219900131226
599,51603_034939eb_12,0.00029188249027356505,0.820085346698761
600,24843_5231632c_4,0.00011784970411099494,0.9266809225082397
601,41982_f75ceb8f_4,6.232390296645463e-05,0.5258921384811401
602,42937_c573c439_2,0.00012035106919938698,0.4941015839576721
603,61288_2d594195_0,0.0008430119487456977,-0.38583266735076904
604,55006_94230c00_0,0.0006999830948188901,0.30291545391082764
605,49898_f42a885e_5,0.0003419629647396505,0.9925466775894165
606,55709_af3825c8_4,0.0007098210044205189,0.9768970608711243
607,144117_83c980ca_2,6.603259680559859e-05,0.7701338529586792
608,40417_b8d98f73_7,0.00012191305722808465,0.9188753962516785
609,53200_d1e30b87_11,0.0001699160784482956,0.8136889934539795
610,147009_977ee378_4,4.11890032410156e-05,0.6362570524215698
611,63056_a5dfd66b_4,8.216010610340163e-05,0.8515517711639404
612,22205_f48b96b3_10,0.00028207837021909654,0.9357631206512451
613,51585_b695905b_4,0.0003308846789877862,0.9926735162734985
614,24084_71f37c00_1,0.00026288090157322586,0.9472416043281555
615,25815_0e853ad9_10,0.00020567920000758022,0.9871383905410767
616,55030_11a6e3e8_3,0.0011931936023756862,0.9892180562019348
617,23042_1184de03_5,0.00028801170992664993,0.9916189908981323
618,39719_e9629dbd_4,3.9186728827189654e-05,0.5689745545387268
619,51256_ed221095_2,6.710614979965612e-05,0.9250348210334778
620,25810_93c8a71a_3,0.00039535239920951426,0.9848846793174744
621,22208_e177deb7_1,0.0005835425690747797,0.9591678380966187
622,115624_d0acb46b_22,0.0002760383067652583,0.9956552386283875
623,30708_4282508b_0,1.8844346413970925e-05,0.7083285450935364
624,31117_cd5cdbdb_12,0.00019405507191549987,0.9162217378616333
625,41733_1ec9b00c_32,2.6441623049322516e-05,0.9219430685043335
626,111387_c4243097_2,0.0001590000174473971,0.7840463519096375
627,119869_e8f0dd81_19,5.561381476582028e-05,0.9581462740898132
628,34569_590239d6_0,0.0007380128954537213,0.9661232829093933
629,136318_130d6a06_23,8.208327926695347e-05,0.8978233933448792
630,145132_7aea3b66_4,0.000494706560857594,0.993524968624115
631,41878_3aeaed3d_0,0.0015003817388787866,0.756011962890625
632,34583_a1cf326b_0,0.00018167933740187436,0.9966749548912048
633,116581_d405b783_0,0.0018137767910957336,0.9753568172454834
634,24044_9bbe7992_3,7.168194861151278e-05,0.9105328321456909
635,22194_a5c323b9_2,0.0006151602719910443,0.9445599317550659
636,142076_08d80e12_21,5.041541953687556e-05,0.7769443392753601
637,55817_6ac2912d_7,7.525092223659158e-05,0.1885206699371338
638,21165_5cb2d287_2,3.1979776395019144e-05,0.9326137900352478
639,39796_45dcdc7d_0,0.0018949793884530663,0.9754238724708557
640,33044_7fdd9213_1,0.0009019980207085609,0.9760974049568176
641,23731_3fe5b501_6,4.004155198344961e-05,0.9384493827819824
642,32743_f4c47bbc_31,0.0002923140418715775,0.972827672958374
643,108775_4908fba2_21,0.0002966651227325201,0.9736360907554626
644,21941_1a683ec2_19,0.0006632166914641857,0.9510509371757507
645,27682_04277f62_18,0.0006259758374653757,0.9712527394294739
646,25815_0e853ad9_4,0.00020521461556199938,0.9867575168609619
647,30261_723e95cf_2,0.00021499408467207104,0.9909383654594421
648,21385_601444ba_102,0.0007210569456219673,0.9660826921463013
649,30368_d7fd30ce_7,0.0002526783791836351,0.9047080874443054
650,55605_2f8bc12e_3,0.00036615284625440836,0.9402279853820801
651,24650_dad8c8ee_15,1.8099197404808365e-05,0.4353143572807312
652,34227_48203345_7,0.00040039897430688143,0.9888371825218201
653,113348_ac85cba3_1,0.0004202180134598166,0.9548726677894592
654,26552_25c5924a_1,0.0001262065052287653,0.9516721963882446
655,55381_cbaffe9b_0,0.00017376361938659102,0.9518975019454956
656,55817_6ac2912d_25,0.0003576012677513063,0.9904963970184326
657,138947_0778db40_4,0.0001467985421186313,0.9425925612449646
658,52788_07f7da63_0,0.00030842242995277047,0.923438310623169
659,70355_e5f58cd5_6,4.716167313745245e-05,0.9205783009529114
660,51744_cd355565_8,0.000660773366689682,0.8645281195640564
661,41227_90e1c07c_16,0.00034346769098192453,0.991350531578064
662,45359_1768ab3f_42,0.0031644939444959164,0.6660287380218506
663,41783_d1c10326_3,0.00013143203977961093,0.5771857500076294
664,32960_0eaa1de8_13,3.5406166716711596e-05,-1.556044578552246
665,34674_32ee1595_3,0.003168269293382764,0.892540454864502
666,136885_23632908_1,0.0011819095816463232,0.5782124996185303
667,136808_00592735_3,0.00010295728861819953,0.9776012897491455
668,45589_49e3c7ea_5,0.00012187322863610461,0.9974910616874695
669,141665_0564e852_3,0.000599061546381563,0.8569475412368774
670,50897_3be92e2f_18,0.00010620192915666848,0.9975199103355408
671,84256_4164b724_3,0.00010545794066274539,0.8988152146339417
672,22994_e6ad8f2b_10,0.0009375103400088847,0.9652056097984314
673,28295_0dc908b9_8,0.00012535107089206576,0.960735559463501
674,23329_6939d5d9_5,0.0002855624770745635,0.6832189559936523
675,123665_0a0da5c7_3,4.193551649223082e-05,0.6726393103599548
676,121172_0ac63503_7,0.00044082809472456574,0.9165213108062744
677,50941_2a8a8c76_0,0.0001194565775222145,0.9976310729980469
678,37846_cde34fcd_66,0.0006804305012337863,0.8858004808425903
679,56040_9b1307eb_21,0.0018775810021907091,0.7075566053390503
680,146535_229c95bc_1,3.3023527066688985e-05,0.8486912250518799
681,50947_49287c16_2,0.0006796049419790506,0.9888917207717896
682,95622_0a0787e4_5,0.00013843903434462845,0.9250778555870056
683,25432_f13e5110_0,9.414201485924423e-05,0.9970353841781616
684,32454_e959e3cf_0,0.0004944317624904215,0.9860852956771851
685,65858_61e9b51a_18,0.0009390887571498752,0.7857667207717896
686,70350_751de4b0_3,0.0009740525274537504,0.8653416633605957
687,129239_0d49310c_15,0.0001382236077915877,0.9473174810409546
688,31008_8fa25b35_8,0.0001805858628358692,0.9618679285049438
689,55306_795d845b_2,3.114577702945098e-05,0.802047848701477
690,29729_e8bb36f1_2,0.0006006327457726002,0.29220908880233765
691,67283_4097cbd6_5,0.00022493860160466284,-0.9125505685806274
692,23904_811e466f_4,8.437049109488726e-05,0.929216206073761
693,116076_12d31fb7_1,0.00040293217170983553,0.9393661618232727
694,45302_02d7e3bc_0,0.000750630279071629,0.8112016320228577
695,60977_4bb093ec_1,0.0005004556151106954,0.9776996374130249
696,49017_76979790_8,0.000498156005050987,0.9055798649787903
697,146321_0dbae658_10,1.655221240071114e-05,-0.6679911613464355
698,102194_150e3faf_3,9.450166544411331e-05,0.997105598449707
699,34769_44655d03_5,0.00014474619820248336,0.8381485939025879
700,38953_19054857_6,0.0002759515482466668,0.7734838128089905
701,55397_ad24603f_1,7.84465009928681e-05,0.9185736179351807
702,21908_385686ec_15,0.0004241241840645671,0.9795277714729309
703,60721_57103153_4,0.00023073189368005842,0.6305947303771973
704,98701_7cd4ec8d_0,0.001476271660067141,0.9731850624084473
705,91703_642cdf1a_1,0.00030565657652914524,0.9942505955696106
706,26661_ab88a525_5,0.0032074267510324717,0.1909206509590149
707,51940_67bb0219_21,0.0001298142597079277,0.7233583927154541
708,22543_684108ff_22,7.774341793265194e-05,0.9227460622787476
709,145250_cde4d039_8,0.00019304529996588826,0.7826671004295349
710,20232_e5b060d9_6,8.115242962958291e-05,0.8526833057403564
711,128043_d4650350_0,0.000774645886849612,0.9895979762077332
712,140530_30edf2c4_0,0.0005859190714545548,0.5055205821990967
713,131814_9af6d05a_0,0.0002928813628386706,0.9559597969055176
714,26245_4aac38e1_9,0.00021506648045033216,0.9101590514183044
715,30282_88c6933c_14,0.0008920138352550566,0.9657756090164185
716,32322_71d0035e_1,0.00027859953115694225,0.9857054948806763
717,131762_d10609a4_1,0.0010979290818795562,0.9504063725471497
718,54812_5f7b7aba_2,8.204832556657493e-05,0.9639800786972046
719,135830_8fb36dac_4,0.0014403497334569693,0.9362229704856873
720,139280_8874b1ab_4,4.6755616494920105e-05,0.8995691537857056
721,49904_639055dd_1,0.00017516373191028833,0.9799231886863708
722,53601_59d3ecd2_0,0.0016023182542994618,0.9343096613883972
723,50047_54241fe3_12,0.00017474184278398752,0.9864741563796997
724,136925_70fb0381_3,0.0005139242275618017,0.9685503840446472
725,87488_95f678ce_0,0.0005770488060079515,0.9872604012489319
726,137166_90691294_2,4.82852483401075e-05,0.9678922891616821
727,44030_17bd5ec9_11,7.559661753475666e-05,0.8802112936973572
728,137396_b5f6bec4_5,0.00012256947229616344,0.9963186383247375
729,21900_760d2078_10,0.001043489552102983,0.9848844408988953
730,21185_ac5324ba_5,0.0007746860501356423,0.9758392572402954
731,31132_2320d049_4,0.00016827105719130486,0.9969391822814941
732,82281_80cdf67c_4,2.3717677322565578e-05,0.9401665329933167
733,38287_88ec74de_15,0.00014812506560701877,0.9971314072608948
734,136128_831e37a6_0,0.0005758459446951747,0.9359384775161743
735,21330_f0cee934_18,0.00017032225150614977,0.8882051110267639
736,34109_5a868eae_10,0.0004132065805606544,0.9604941010475159
737,21174_861bd902_2,0.0004676940443459898,0.9592373967170715
738,49783_365bec9e_6,0.000775298336520791,0.9767420291900635
739,24429_ace910b3_8,8.769119631324429e-06,0.4867974519729614
740,22772_2b5f6629_4,0.00023014396720100194,0.941157341003418
741,53927_ef5208b9_14,0.0012311215978115797,0.9487097859382629
742,56250_3b6024e3_54,0.0008740011835470796,0.9809001088142395
743,23522_5c2ec58e_8,0.0007567668217234313,0.9761542081832886
744,121177_93fb3127_10,8.105876622721553e-05,0.8529024124145508
745,138840_b7f948ea_2,0.0005469491006806493,0.9443311095237732
746,41125_711db4bf_6,0.0006372547941282392,0.9849275946617126
747,102606_28922dfc_0,0.000267976603936404,-1.8176352977752686
748,31530_6744ae73_50,0.0013991455780342221,0.9750379920005798
749,50598_eae0df5a_1,1.7587304682820104e-05,0.9678413271903992
750,145726_19ccdbda_12,0.00019626847642939538,0.9370606541633606
751,41469_b94cf3e4_0,0.0005422537797130644,0.8888539671897888
752,147009_977ee378_1,0.0006453105015680194,0.9379730224609375
753,24267_8a216138_10,0.0003938622248824686,0.9680240750312805
754,63071_3d434a33_16,0.0017661632737144828,0.9057682752609253
755,34436_ffc43a58_4,0.00014229759108275175,0.8772461414337158
756,50692_e7ff2668_4,0.0005069837789051235,0.7968560457229614
757,146642_883a71d2_9,0.0013302663573995233,0.9789920449256897
758,109772_f1a0845e_7,0.00036792116588912904,0.9914144277572632
759,136640_16741d62_1,0.0008681160397827625,0.779588520526886
760,21680_360ba5c7_11,0.0006972532137297094,0.7167162895202637
761,27729_09d75da1_2,0.00030545020126737654,0.9912993311882019
762,82148_5df06ed9_19,0.0018166463123634458,0.8738080859184265
763,55287_8a57a3db_1,0.0011890596942976117,0.9268503785133362
764,53221_74fa81cd_5,0.0002884929708670825,0.8616465330123901
765,30417_0010bc7c_39,0.0003747451410163194,0.9707478284835815
766,23706_ef15ef9c_40,0.0003510532551445067,0.9498947262763977
767,140763_e14274f8_3,9.974521526601166e-05,0.9244895577430725
768,23602_5daaccf5_3,9.77997260633856e-05,0.9841458201408386
769,30282_88c6933c_9,0.00040651217568665743,0.9744280576705933
770,56824_0fc773f6_0,0.000666710315272212,0.9619922041893005
771,42410_d3b5588e_1,0.0002948955225292593,0.9551946520805359
772,55055_dd27a8a4_0,0.00018290695152245462,0.996652364730835
773,115633_a2c63339_6,0.0002771525178104639,0.6931766271591187
774,73651_a41647f8_5,3.562973506632261e-05,0.8618833422660828
775,33413_060ce192_32,0.00048563574091531336,0.9626933932304382
776,97331_a482fa9b_0,0.0015839292900636792,0.6652835607528687
777,23476_705b76d1_0,0.00010845778160728514,0.9957577586174011
778,32566_7bfc936b_6,0.001287505030632019,0.9878315925598145
779,41717_eb1c1e6b_0,0.0008641486056149006,0.9307505488395691
780,60720_ef9a0a95_8,0.00044057934428565204,0.058338165283203125
781,138700_ab763a46_202,5.2272748689574655e-06,-1.8847160339355469
782,38287_88ec74de_17,0.00408890750259161,0.3275389075279236
783,135535_0bd0048d_0,0.0012462519807741046,0.9812299609184265
784,21797_69df08d5_7,0.008456973358988762,0.932668149471283
785,65350_b3fa8f4f_47,0.0022607524879276752,0.9895948767662048
786,41714_1d49f4d1_3,0.0010786181082949042,0.8794752955436707
787,66012_a13e1644_1,0.0003322497650515288,0.8591030836105347
788,22652_564979ff_11,0.00041066735866479576,0.6947317123413086
789,25127_ecba81df_23,0.0006713502225466073,0.5618678331375122
790,47548_db93c988_4,5.760644853580743e-05,0.8590746521949768
791,55927_f8b31711_5,0.0007376692374236882,0.9605461955070496
792,31647_ab9ad9dc_2,0.00045509752817451954,0.9384850263595581
793,41128_ee74f244_8,0.0008211900712922215,0.7752514481544495
794,20959_d4905d19_4,9.773035708349198e-05,0.9760228395462036
795,52009_a2b75078_3,0.0007882250938564539,0.9920614957809448
796,22201_473a3a65_16,0.0006674021133221686,0.9095868468284607
797,29442_365e23df_30,0.0003980639448855072,0.9887412190437317
798,51859_6b2fd0f1_8,0.0002101496356772259,0.9928233027458191
799,140413_44177109_15,0.00014523752906825393,0.8711751699447632
800,21822_7d3db422_11,0.0006643275264650583,0.9815399646759033
801,24168_a0ede173_100,0.00016209360910579562,0.8830181956291199
802,145532_c2304f89_1,0.0006387154571712017,0.9105590581893921
803,104641_2cd02839_13,2.7383010092307813e-05,0.8938653469085693
804,23679_81ef9e37_2,0.0002158170536858961,0.9485781788825989
805,95271_de3df8d5_2,5.0636135711101815e-05,0.7561899423599243
806,41401_e4117da2_0,1.936029366333969e-05,0.5781484842300415
807,48006_babdf4af_9,0.0004944131942465901,0.9942745566368103
808,142246_0851be5e_32,0.000964950944762677,0.9839870929718018
809,33615_7bab1106_4,0.0004840924229938537,0.9679676294326782
810,31117_cd5cdbdb_18,0.00021874486992601305,0.996688961982727
811,34914_8911676d_0,0.0001777950528776273,0.9853425621986389
812,55501_a09e4ced_2,1.547769716125913e-05,0.4186079502105713
813,41128_ee74f244_9,0.00028279717662371695,0.9063869118690491
814,142246_0851be5e_22,0.0017430639127269387,0.6838634014129639
815,22413_901f5867_0,1.6080806744867004e-05,0.9513311982154846
816,56490_0a0fba77_0,0.0001991683675441891,0.9435082077980042
817,93676_4f934980_1,0.0003189051931258291,0.29302293062210083
818,146642_883a71d2_96,0.0007197812665253878,0.9214369058609009
819,24032_d6172503_3,0.0002915917430073023,0.9505677223205566
820,44221_25c62f03_1,0.000155375586473383,0.9971221685409546
821,50315_0f1419bf_33,0.0008542540017515421,0.9170862436294556
822,133389_0938a905_2,0.0001334898261120543,0.9661211967468262
823,24824_cf51e5b6_4,0.00046141238999553025,0.9134419560432434
824,33970_32f36442_3,0.0006693023024126887,0.9791282415390015
825,29359_bbfab271_2,0.0007562630344182253,0.8668651580810547
826,23172_4ab01e83_0,0.0001873495930340141,0.9954468011856079
827,98511_1b46a85e_45,0.0006234206375665963,0.9824787974357605
828,98511_1b46a85e_46,0.0008602130692452192,0.9747095704078674
829,34248_cc11976c_0,0.0004902675282210112,0.9818856120109558
830,104003_46555fb2_0,0.0004326486960053444,0.03790402412414551
831,34520_035b5e9a_8,8.273238927358761e-05,0.9715663194656372
832,38397_93d5d7de_12,0.0011372449807822704,0.9842440485954285
833,130023_93b3ca95_1,0.0007380217430181801,0.7402334809303284
834,83213_47c49876_1,0.00017522666894365102,0.9799163341522217
835,43928_6ca53538_63,0.0010400348110124469,0.975814163684845
836,82779_b7b722e3_9,0.00048046355368569493,0.942616879940033
837,134967_0f27ef51_1,0.00015898320998530835,0.8810590505599976
838,86024_714b24f4_1,0.00010726122127380222,0.9957979321479797
839,40807_58058731_11,0.0003390922211110592,0.9488596320152283
840,26750_cd3cb3ff_0,0.0005382451345212758,0.9906632900238037
841,126913_d253adb7_2,0.0007425005314871669,0.8534984588623047
842,24268_2804c9ff_13,0.0009890201035887003,0.9742749333381653
843,45542_320c16fd_3,0.0002115294337272644,0.9957945942878723
844,22342_274ed8a6_1,0.00033493153750896454,0.9274625778198242
845,133385_e6aa64d8_17,7.91653073974885e-05,0.6826514005661011
846,143509_1dd5212d_3,0.0005735664744861424,0.9830833673477173
847,47989_3ff0f41d_0,0.0011423001997172832,0.9675038456916809
848,21822_7d3db422_14,0.0013794290134683251,0.980080783367157
849,21517_bfe35b4c_12,0.00010254549124510959,0.8209940791130066
850,52883_e518d3f4_10,0.0001876940077636391,0.9695271253585815
851,41871_f9a1ad02_14,0.0013493066653609276,0.8650152683258057
852,37016_455093c1_2,0.00012323071132414043,0.933937132358551
853,31117_cd5cdbdb_78,0.000503130373544991,0.9960983991622925
854,129239_0d49310c_22,3.883670797222294e-05,0.8872402906417847
855,30400_8824ce97_6,0.0014483353588730097,0.9697176814079285
856,53233_8dbca22c_8,0.00040564266964793205,0.9715463519096375
857,40514_bb61631d_25,0.0004475112655200064,0.9009957313537598
858,24053_53349e4d_2,0.00011110965715488419,0.8570058345794678
859,41917_f0c40fa1_16,0.000371213216567412,0.9912183284759521
860,22543_684108ff_5,0.001521339057944715,0.9396868348121643
861,138636_c1153075_0,0.0001056230757967569,0.9057167172431946
862,24448_75004b6c_6,0.0002248313103336841,0.9928417801856995
863,24831_bbd3e098_8,7.892758003436029e-05,0.9226584434509277
864,53221_74fa81cd_3,0.00011437470675446093,0.969081461429596
865,76879_65a30a82_4,8.88219874468632e-05,0.8548002243041992
866,108773_f9384cff_10,2.5464816644671373e-05,0.7312530279159546
867,33671_0e9c6ca3_5,0.00014705935609526932,0.9883198738098145
868,93103_fdb9fcb7_15,0.00024481667787767947,0.9867899417877197
869,137675_d2bd633e_0,0.00031970435520634055,0.7997716069221497
870,21893_0500d043_32,0.0005533741204999387,0.6382231712341309
871,22110_0bc70e9f_1,0.0007375777349807322,0.5467177033424377
872,43152_b5472481_1,0.00023395882453769445,0.9121434688568115
873,115717_40314bc2_1,0.0005283586797304451,0.9538348317146301
874,102943_ca9e7968_0,7.430562982335687e-05,0.8988916873931885
875,136401_69f29349_0,0.0008167361374944448,0.45825040340423584
876,28542_3c922564_0,0.00032618449768051505,0.8810559511184692
877,24267_8a216138_6,0.000696412636898458,0.961807370185852
878,84374_272a9731_7,0.0004790078673977405,0.9368450045585632
879,23531_1ecc8346_18,0.0014979741536080837,0.9853883385658264
880,41871_f9a1ad02_30,0.0007775052799843252,0.9764345288276672
881,132461_14abd2d0_0,1.719273677736055e-05,0.5200271010398865
882,37617_3f415463_2,5.344068267731927e-05,0.912673830986023
883,41696_de0790a1_1,0.0006365945446304977,0.9858638048171997
884,54657_2a66e0de_20,0.00021200504852458835,0.9805324673652649
885,24425_0dc4b306_0,0.0005758014158345759,0.9436095356941223
886,146667_fe438b5b_0,0.0003212309384252876,0.9877830147743225
887,23048_8a1a5553_8,4.157431976636872e-05,-0.11861443519592285
888,51871_86ebf5b2_17,0.0005705705261789262,0.89554762840271
889,30664_a3084f71_6,0.000855082762427628,0.9475311040878296
890,139801_97e2ca6a_5,0.00021731953893322498,0.9555054903030396
891,22278_12f1fb79_13,0.0007103836978785694,0.953784704208374
892,22776_facf9bcf_8,0.0011510910699144006,0.9608215093612671
893,40500_6055e3d7_15,0.008348986506462097,0.9167296290397644
894,35740_5322d674_13,0.00016282770957332104,0.9009411931037903
895,39792_60786b6c_12,0.0005570517387241125,0.979776918888092
896,115524_4a411f7e_0,0.0004250966594554484,0.9034334421157837
897,24131_3ea7d5a8_17,0.0007771377568133175,0.962514340877533
898,100326_0602c712_2,0.0009202403016388416,0.9707693457603455
899,34571_25c64838_2,0.0009956056019291282,0.940991997718811
900,143534_4f65fd1a_0,0.00033824832644313574,0.8856410384178162
901,101446_95204330_1,0.00013495289022102952,0.9144485592842102
902,41749_14d0599c_10,0.00020804406085517257,0.39282745122909546
903,55715_525d1d3e_12,0.00020410509023349732,0.39458680152893066
904,45307_b9b4bca0_30,0.0006192312575876713,0.9955651164054871
905,22654_4c426b0f_0,0.0004100552760064602,0.9486509561538696
906,22670_9353c710_4,0.0003141517809126526,0.903661847114563
907,99445_94c22a37_11,0.00026372168213129044,0.9960817098617554
908,132811_57264a28_4,0.00019379322475288063,0.9841678738594055
909,23258_87a2ba81_3,8.790020365267992e-05,0.8610566258430481
910,50777_2934de55_22,0.00028709194157272577,0.9898089170455933
911,98418_4185a7fb_0,0.00021440736600197852,0.9948056936264038
912,43441_e1ab0873_2,5.664518175763078e-05,0.31360524892807007
913,24271_dbc0fd2d_12,0.00015397464449051768,0.966107964515686
914,38944_0d0c3fce_0,0.0006193961598910391,0.9959872961044312
915,40624_e1c5c424_11,2.299382322235033e-05,0.42087721824645996
916,100028_0c3a8f1c_13,0.00031725314329378307,0.9959192872047424
917,40491_ac67bf4c_13,0.00023282348411157727,0.9956327676773071
918,25416_1deb9c75_0,0.0005946602905169129,0.8970630764961243
919,21657_2651585a_6,0.0002915659861173481,0.984545886516571
920,21986_67c5509a_15,0.00023823714582249522,0.9704409837722778
921,32288_34013274_2,0.0009611968998797238,0.8373093605041504
922,55373_ddd74d2f_0,0.0011924378341063857,0.8459934592247009
923,26245_4aac38e1_0,0.00027377920923754573,0.9843129515647888
924,33044_7fdd9213_0,0.00015178712783381343,0.9728986620903015
925,31530_6744ae73_48,0.0015372798079624772,0.9851497411727905
926,25555_fd3d9a3c_1,5.384516771300696e-05,0.9244044423103333
927,54175_7d864ace_6,0.00012651718861889094,0.9715881943702698
928,72950_5074f5a3_0,0.0004015935119241476,0.7345246076583862
929,129618_2962c248_0,0.001157583319582045,0.9806662201881409
930,52012_77070fda_10,2.1813142666360363e-05,0.9657915830612183
931,28295_0dc908b9_7,0.00018666742835193872,0.9498559832572937
932,144419_90e59d67_2,2.755045352387242e-05,0.6955367922782898
933,22734_f6bad9f7_24,0.0013671568594872952,0.9576893448829651
934,22604_0b4ffb43_14,0.00018290695152245462,0.996652364730835
935,81996_b3752ed2_3,4.4591557525563985e-05,0.9599827527999878
936,24504_493cee15_8,0.0005406633135862648,0.9784718751907349
937,39124_28e99e62_1,0.00012158167373854667,0.8631953597068787
938,29725_0ad4937e_1,4.76759705634322e-05,0.9138249158859253
939,109232_04340d62_6,9.945515193976462e-05,-0.8091387748718262
940,129075_8fbf62e5_0,0.0002444075362291187,0.8065798878669739
941,102937_18c3cb6a_4,0.000421789416577667,0.9852114915847778
942,52551_8098346a_5,0.0002688052481971681,0.5324106812477112
943,128043_6947b64c_0,0.0011705599026754498,0.9324266910552979
944,119030_292009a7_41,0.00030936446273699403,0.9546194076538086
945,48526_5aecac8a_0,0.00035809350083582103,0.9397013783454895
946,32541_86f7df73_4,0.00029459610232152045,0.7197418212890625
947,55114_7bf17f6a_0,0.002802737755700946,0.7968177795410156
948,55285_6816da52_1,0.0011887435102835298,0.9742727279663086
949,37683_e2cca100_17,4.725593680632301e-05,0.9256007671356201
950,78775_e2d8b091_15,0.0014783465303480625,0.9516633152961731
951,93199_2146e709_2,0.0002846831630449742,0.9663906693458557
952,135595_656de97a_14,0.00010386630310676992,0.9255320429801941
953,24284_3710e946_16,0.0001522013481007889,0.9965518116950989
954,135521_30553c91_2,5.518880425370298e-05,0.1995723843574524
955,29732_fb15318c_5,0.00011068840831285343,0.8948531150817871
956,88060_389bdff4_0,0.000503566931001842,0.9693558216094971
957,27839_4a077326_28,0.0007321421871893108,0.9818592071533203
958,100435_87bf423d_8,0.00015690599684603512,0.9969082474708557
959,25365_bb0e4ede_44,0.00017523787391837686,0.7514670491218567
960,146169_144d8264_0,0.0006767163868062198,0.9963452219963074
961,23342_7193a931_3,5.312020948622376e-05,0.8435006737709045
962,57000_cd1ddece_12,0.00015005521709099412,0.996999979019165
963,119790_1ed376f0_3,0.00022852973779663444,0.7505831122398376
964,72522_e9e87960_4,0.00022752422955818474,0.9957294464111328
965,65366_f618b577_2,0.0003673607134260237,0.680224597454071
966,55707_c78416ed_35,0.0005303577636368573,0.972283661365509
967,70321_eccffc7e_0,0.0007029043626971543,0.8179078102111816
968,120143_b5756e6b_0,0.0007895443122833967,0.8903541564941406
969,27726_aca43af4_35,3.595023008529097e-05,-0.670285701751709
970,31361_72aab333_20,0.0017545577138662338,0.44238364696502686
971,121949_e10b5e85_12,0.00045101274736225605,0.9875428676605225
972,146399_0e4b73c4_13,0.00046186274266801775,0.9905183911323547
973,41134_fc146947_6,0.00032562101841904223,0.847771406173706
974,21237_7887a24b_35,0.0001814960705814883,0.24966275691986084
975,24885_55e20ddf_3,6.98276053299196e-05,0.9310125708580017
976,34914_8911676d_23,0.00014219463628251106,0.9747285842895508
977,21803_8a36dcda_12,0.0010590562596917152,0.9645624160766602
978,41306_8f26e703_5,3.485435081529431e-05,0.6237413287162781
979,25118_f50fdc69_10,2.81252487184247e-05,0.9589217901229858
980,25473_0991d519_9,0.0001961617381311953,0.9950878620147705
981,126585_86fa26cb_0,7.27710867067799e-05,0.9101287722587585
982,145691_69484976_9,0.00022954274027142674,0.979361355304718
983,60729_c51868ec_0,0.0004534588078968227,0.7501888275146484
984,123929_e7dbad2c_0,0.0004588539886754006,0.7820390462875366
985,69649_70b07cac_0,0.00011883074330398813,0.9973751306533813
986,55135_f1186d58_9,7.849022949812934e-05,0.9022128582000732
987,20838_86c931be_2,0.00044528901344165206,0.9446371793746948
988,45242_626509cb_11,0.00040007519419305027,0.8232051134109497
989,34983_439766af_13,0.0006593514699488878,0.9931416511535645
990,53453_fb0f1640_1,0.0016445305664092302,0.9500765800476074
991,23255_972fbfe6_25,0.00042811076855286956,0.9865056276321411
992,24168_a0ede173_203,0.0014335879823192954,0.9920269846916199
993,55476_1473d91f_0,0.00030553172109648585,0.8442379832267761
994,55111_ef389075_1,0.0006917223217897117,0.9735617637634277
995,141710_17531562_1,0.00034642673563212156,0.9709130525588989
996,96601_b89e6252_1,0.00011575593816814944,0.38441693782806396
997,135790_a27f9deb_43,0.010881634429097176,0.8605832457542419
998,121363_746708db_0,0.00042333375313319266,0.8371174931526184
999,136886_3aa46890_0,0.00017174989625345916,0.935961127281189
1000,50315_0f1419bf_19,0.0008751333807595074,0.987962543964386
1001,37846_cde34fcd_14,7.275176903931424e-05,0.17744362354278564
1002,24816_ef81ad4c_1,0.00019232514023315161,0.9312282800674438
1003,75646_4baf69b2_7,0.0016585043631494045,0.9767756462097168
1004,140155_81f9ac63_0,0.00013207236770540476,0.9670494794845581
1005,51603_034939eb_10,0.0006648487178608775,0.963167667388916
1006,30435_c97330d2_0,4.0852188249118626e-05,0.9309262037277222
1007,27839_4a077326_27,0.00032721689785830677,0.9822081327438354
1008,55627_971fde61_34,0.001096100895665586,0.9152607321739197
1009,134909_ef3d003c_0,6.817339453846216e-05,0.93312007188797
1010,33413_060ce192_51,1.095597144740168e-05,-0.517975926399231
1011,22245_ca848576_12,0.00020957840024493635,0.7552455067634583
1012,52039_ba12c3ac_1,0.00011331594578223303,0.997734546661377
1013,39707_358f88df_2,0.00012883356248494238,0.8628054857254028
1014,50014_33f250c8_3,0.0012817300157621503,0.9883086085319519
1015,52987_387431ac_1,0.0007441192865371704,0.948906421661377
1016,33501_b1ee5058_15,0.0001067440680344589,0.9978773593902588
1017,82168_4844bddd_1,0.0002906637091655284,0.9607549905776978
1018,30384_95e72fc2_4,9.164841321762651e-05,-0.009368419647216797
1019,23554_a0845d54_2,0.0001951471931533888,0.8368712663650513
1020,23800_65e0a5d1_0,0.0002706633531488478,0.14700627326965332
1021,41128_ee74f244_0,0.00023885996779426932,0.760198175907135
1022,143019_22dbd3e6_2,0.0005940356641076505,0.9811528325080872
1023,79993_6087acd5_8,0.000937657430768013,0.9703368544578552
1024,21422_b2a6bf27_0,0.00025286420714110136,0.9958309531211853
1025,25487_dd2c17e8_21,0.0005208609509281814,0.5375164151191711
1026,22654_4c426b0f_10,8.790086576482281e-05,0.4097084403038025
1027,30368_d7fd30ce_6,2.588161987659987e-05,0.44645631313323975
1028,57249_6bd2af3c_2,0.00010810399544425309,0.9960120916366577
1029,57029_3ab80a22_0,0.0006709063891321421,0.8669055700302124
1030,79906_052c7eb4_3,0.0006079403683543205,0.8682201504707336
1031,82996_b8dc67c9_10,5.881174365640618e-05,0.9188379049301147
1032,119884_192e3265_1,0.0011798402993008494,0.46190524101257324
1033,21225_c081eae3_10,0.0011689249658957124,0.9329831004142761
1034,121949_e10b5e85_1,0.0003615566238295287,0.9085113406181335
1035,81994_ba8916c9_5,6.759171810699627e-05,0.9409391283988953
1036,22447_4062c6cb_29,0.00019008200615644455,0.9967935085296631
1037,55044_ee57bac8_1,7.903132791398093e-05,0.6997272968292236
1038,41871_f9a1ad02_13,0.0021703196689486504,0.9878106117248535
1039,74688_a5168a45_2,3.2116797228809446e-05,-5.900737762451172
1040,23218_02d26ab4_4,5.997262633172795e-05,0.8620604276657104
1041,41205_dc60aa5d_0,0.0002322590589756146,0.9422594308853149
1042,41979_ca698776_0,0.0004264438175596297,0.9125403165817261
1043,141453_50ec6f25_7,0.00027535014669410884,0.9922001957893372
1044,97143_5424c420_0,0.0002374024479649961,0.939073383808136
1045,41986_26275a06_2,0.00012201074423501268,0.9884985089302063
1046,136800_c5e4d711_2,5.434809281723574e-05,0.9257141351699829
1047,101635_11b839a3_5,0.00010413475683890283,0.14686357975006104
1048,55866_b041060d_0,0.00019019964383915067,0.9883586764335632
1049,53846_89405f98_0,0.0006130720721557736,0.8747426271438599
1050,27725_5cceaeb7_1,0.000868544913828373,0.9216323494911194
1051,146137_92faaea5_9,0.0008655960555188358,0.9306445717811584
1052,41211_11f6b8a0_4,7.236120291054249e-05,0.9701988101005554
1053,21330_f0cee934_46,0.00010825737263076007,0.9978355765342712
1054,127188_5fecd146_4,3.174953963025473e-05,0.9563730955123901
1055,135949_06517574_8,3.4273125493200496e-05,0.6446919441223145
1056,68928_0d4e4a2e_24,0.0008138197008520365,0.9488270282745361
1057,50410_f8f03667_38,7.632230335730128e-06,0.47455960512161255
1058,142999_171240b6_21,4.998157965019345e-05,0.9630444049835205
1059,144709_642fc665_0,0.0005638673319481313,0.9445870518684387
1060,53232_f8760054_10,0.0002218831650679931,-1.1236083507537842
1061,22372_e91792a1_0,3.2988402381306514e-05,0.5769227743148804
1062,21767_53eaa558_12,0.003239186480641365,0.9581418633460999
1063,32220_1fd19c5e_0,7.9589088272769e-05,0.918232262134552
1064,22886_a6331748_1,0.0002858277875930071,0.9737579226493835
1065,130996_b842b511_12,0.000168084807228297,0.9845073819160461
1066,55571_74a416b1_1,6.710792513331398e-05,0.4307466149330139
1067,70169_914780d4_1,0.0004668033798225224,0.8222416639328003
1068,23156_7788f78a_6,0.0010642544366419315,0.9922992587089539
1069,124496_20e20439_10,7.795455167070031e-05,0.8286662101745605
1070,76300_7cb02add_1,0.000546194554772228,0.9191226363182068
1071,21647_6b6cca6f_10,0.0003619079361669719,0.802467942237854
1072,22734_f6bad9f7_23,0.0010493441950529814,0.9562859535217285
1073,94176_0a6c42ab_2,4.151533630647464e-06,0.23810499906539917
1074,24048_d731886d_9,0.00034134360612370074,0.9623757004737854
1075,25487_dd2c17e8_30,0.0009766961447894573,0.5584986209869385
1076,115717_40314bc2_4,2.79566793324193e-05,0.9090631604194641
1077,125592_875faf40_0,0.0012915388215333223,0.9400510787963867
1078,41871_f9a1ad02_44,0.0008328129770234227,0.9411634206771851
1079,146642_883a71d2_8,8.086585148703307e-05,0.9802700877189636
1080,136883_076fbff9_31,0.00011416852794354782,0.6223551630973816
1081,60766_fb8715eb_3,0.00034602268715389073,0.9746955037117004
1082,30818_33617072_0,0.004770729690790176,0.7584578990936279
1083,130679_7a357a9c_18,0.0010897627798840404,0.9358968138694763
1084,55306_795d845b_0,2.9943539630039595e-05,0.9358092546463013
1085,135934_d2f6bb2e_33,4.7010285925352946e-05,0.9373254179954529
1086,111054_e45a0d40_7,0.004017847124487162,0.961134135723114
1087,36826_d9269c2e_10,0.0004019896441604942,0.9726950526237488
1088,37619_ae810a8d_7,1.4857410860713571e-05,-5.785636901855469
1089,22343_34184fd5_22,0.0001260389544768259,0.6099041700363159
1090,113020_de552f8d_0,0.00017405906692147255,0.8911550045013428
1091,20216_89b90993_0,0.0031312990467995405,0.7913925647735596
1092,23325_292b3294_16,0.002680570585653186,0.7449849843978882
1093,23522_5c2ec58e_9,0.0005864088307134807,0.9554756283760071
1094,146624_359752bb_20,1.6256275557680055e-05,-7.195113182067871
1095,104990_11b4aeee_1,0.000225425508688204,0.9948471784591675
1096,90917_4670b560_0,0.0018616048619151115,0.9638192653656006
1097,54818_59adf8c2_5,0.00036572624230757356,0.683712899684906
1098,34109_5a868eae_3,0.00034562451764941216,0.43611806631088257
1099,23161_e7f63a9f_2,0.0002799667709041387,0.9746675491333008
1100,37160_2a95674a_27,0.0006475846166722476,0.7737481594085693
1101,61280_8bdbc90f_0,0.0005729449330829084,0.9794228076934814
1102,55083_dac1f9cc_2,0.0002092597569571808,0.9825791716575623
1103,34341_d19b12fb_14,3.628090053098276e-05,0.6391475796699524
1104,54516_ac9e2ef4_61,0.001077417517080903,0.8210976123809814
1105,24559_3c306e71_2,0.0001755346602294594,0.6426728963851929
1106,105831_88a0fb85_1,0.0003109101962763816,0.9881873726844788
1107,32743_f4c47bbc_19,0.0007991458405740559,0.8515074849128723
1108,40500_6055e3d7_18,0.0003024175821337849,0.9854831695556641
1109,22862_f5406bb0_0,0.0002317539183422923,0.9962717890739441
1110,141081_ae61ec46_0,0.00027135713025927544,0.9960717558860779
1111,135112_cf8007b8_4,0.0007769677322357893,0.9882132411003113
1112,131442_1512d9ff_5,4.6991048293421045e-05,0.9005563259124756
1113,145132_7aea3b66_1,0.0037920293398201466,0.9856474995613098
1114,41871_f9a1ad02_45,0.0005839989171363413,0.8874368071556091
1115,51775_49ef614a_1,0.00045299145858734846,0.871647298336029
1116,143293_fc5b0ff7_23,8.617226558271796e-05,0.8425672054290771
1117,51547_a7e01c38_6,2.3693928596912883e-05,0.9660522937774658
1118,114021_44c3c39c_2,2.413169750070665e-05,0.9398385286331177
1119,123766_c5a4cf5e_0,0.00011360259668435901,0.2756969928741455
1120,23031_0d684603_8,0.0003038706781808287,0.8690239191055298
1121,132996_c742ef84_4,0.0006441185832954943,0.9106170535087585
1122,137096_5d77f285_1,0.00022403882758226246,0.9732593297958374
1123,27072_b4756e8c_2,0.0004840976616833359,0.890512228012085
1124,51915_e704f5dd_2,0.0007869902765378356,0.8769305944442749
1125,132811_57264a28_13,0.00019085855456069112,0.9967868328094482
1126,49396_98ab955d_13,0.001171066309325397,0.8694438934326172
1127,132081_761d26ad_0,0.00016974755271803588,0.9954561591148376
1128,82906_7b72e0e8_2,0.0006470168009400368,0.9819742441177368
1129,92649_26fe8262_0,0.00020116280938964337,0.9071903228759766
1130,21803_8a36dcda_11,0.0008495354559272528,0.9771501421928406
1131,30637_f6324fc6_5,9.17966099223122e-05,0.3924322724342346
1132,105560_a6f91315_12,2.672941809578333e-05,-2.7437496185302734
1133,41737_d80c34b9_0,0.0008188483770936728,0.9510777592658997
1134,34983_439766af_12,9.72113266470842e-05,0.9904372096061707
1135,122755_60c41889_10,9.408876940142363e-05,-0.5078184604644775
1136,76879_65a30a82_2,0.0020319425966590643,0.9818243980407715
1137,89816_cef36e57_4,0.00034825809416361153,0.9942569136619568
1138,49406_100c707b_3,0.00016845249047037214,0.9805766344070435
1139,105560_a6f91315_10,1.6930689525906928e-05,0.6344285011291504
1140,129421_483d2957_5,4.987505963072181e-05,0.7898589372634888
1141,122740_fc5c94eb_33,0.00023783621145412326,0.9927179217338562
1142,135595_656de97a_5,8.937368693295866e-05,0.9673581719398499
1143,35740_5322d674_5,1.0641053449944593e-05,-2.6931605339050293
1144,23681_932e722e_18,0.00015223435184452683,0.9971184730529785
1145,108244_329b1876_17,5.763704848504858e-06,-0.33919763565063477
1146,125745_cf468448_6,0.00018002155411522835,0.9576706886291504
1147,138838_c9a9e790_6,0.0004216829838696867,0.9180313944816589
1148,102416_b74464a2_4,8.808520760794636e-06,-2.493947982788086
1149,30426_2cde26de_21,1.5105733837117441e-05,0.9550997614860535
1150,137837_9c9f163d_5,7.665977318538353e-05,0.9192780256271362
1151,25487_dd2c17e8_15,0.0014916433719918132,0.8055684566497803
1152,21549_18160a0a_4,8.620698281447403e-06,-0.21688711643218994
1153,21385_601444ba_0,0.0006807882455177605,0.957648754119873
1154,35233_add576ba_9,0.002045859582722187,0.8663806319236755
1155,55345_c6423351_0,0.00020820036297664046,0.96629399061203
1156,110697_4b2725f1_0,0.00019259941473137587,0.9955134391784668
1157,109946_242843a6_1,5.454061465570703e-05,-0.28569185733795166
1158,34341_d19b12fb_22,6.5414960772613995e-06,0.25628483295440674
1159,23247_bcd1e84f_21,0.00019667233573272824,0.9587045311927795
1160,131765_29b29f08_6,1.5951296518323943e-05,0.6545715928077698
1161,21395_7d6fda6f_12,0.0002459127572365105,0.7847751379013062
1162,135460_6471e973_15,0.00023719307500869036,0.9220854640007019
1163,51741_49d61151_7,0.00024154050333891064,0.9912723302841187
1164,28382_90b7cc0c_12,0.000127008868730627,0.9539299011230469
1165,30850_05d88af9_2,0.0008322414942085743,0.9656684994697571
1166,86278_1e55d036_12,0.00010848823876585811,0.1925022006034851
1167,67240_525e92c1_1,0.00041215470992028713,0.6692813634872437
1168,82002_ef2b4feb_6,0.000269714102614671,0.9948176145553589
1169,53364_ec8aad42_1,0.0024045694153755903,0.8966805338859558
1170,135771_b030a25c_17,0.0005286065279506147,0.3885189890861511
1171,135906_29d7b495_1,1.7976166418520734e-05,0.9678613543510437
1172,21822_7d3db422_38,0.0001527567656012252,0.845022439956665
1173,81136_5b86c723_1,4.723155143437907e-05,0.653146505355835
1174,25473_0991d519_2,0.002040853491052985,0.9646918177604675
1175,73405_94381b7c_5,0.0004238866677042097,0.9287492632865906
1176,24009_c40b0d48_2,0.00010365527850808576,0.9968167543411255
1177,22162_439af02a_1,0.00020711036631837487,0.995927631855011
1178,146159_f3f80701_0,0.002451694570481777,0.346299409866333
1179,51895_5760b481_15,0.0022654873318970203,0.9758877754211426
1180,33500_e58e287e_1,0.0011269671376794577,0.947541356086731
1181,31838_2e4bd173_0,0.0010242244461551309,0.3153616189956665
1182,146137_92faaea5_18,3.8021626096451655e-05,0.6671836376190186
1183,124879_2257a334_2,8.947998139774427e-05,0.017923057079315186
1184,144145_510eedc2_7,0.0003700045053847134,0.9931429028511047
1185,21237_7887a24b_78,0.0006941218161955476,0.9396374821662903
1186,82297_93739ce0_6,0.0004773675464093685,0.8430770635604858
1187,51536_a18dc325_31,0.00020091194892302155,0.026163220405578613
1188,93103_fdb9fcb7_7,0.00038470348226837814,0.9503425359725952
1189,24590_415f7013_9,0.00011324884690111503,0.9790170788764954
1190,130659_16f2db4c_0,0.00010199609823757783,0.9662578105926514
1191,23083_fdb942ac_2,0.00019053449796047062,0.992050051689148
1192,23954_a8c09819_2,0.00022071356943342835,0.9957197904586792
1193,30417_0010bc7c_13,0.0002623984473757446,0.9766669273376465
1194,120535_e304dfca_1,0.00034234795020893216,0.974888801574707
1195,93199_2146e709_9,0.0005095973028801382,0.8829835057258606
1196,23686_cba4f679_15,0.000530242279637605,0.9881153106689453
1197,40807_58058731_20,0.0006254212348721921,0.993705153465271
1198,94410_d32e7520_35,0.0005435049533843994,0.9864675998687744
1199,79695_fd8bae0e_0,0.0007347592618316412,0.8131633400917053
1200,129422_621d0a90_35,0.000597476726397872,0.7193875312805176
1201,44932_16cb7f21_5,0.0036001671105623245,0.8980339765548706
1202,136550_8a8672e5_1,8.960954437498003e-05,0.9748440980911255
1203,20495_e8e7e80c_3,0.00015746672579552978,0.997183620929718
1204,31962_e5291336_50,0.0003103672934230417,0.7039293646812439
1205,24888_5be1de05_1,1.7825199392973445e-05,0.6609795093536377
1206,34114_7e58a97d_10,0.0007750198128633201,0.97020423412323
1207,108433_37a79370_0,0.0007916477043181658,0.9300475120544434
1208,22844_9b75b8e0_1,0.000289980205707252,0.9879711270332336
1209,115637_b4d41e8a_0,0.0002739422779995948,0.9734807014465332
1210,53474_f29e4438_15,0.0017630404327064753,0.9498466849327087
1211,26766_1aaa348c_0,0.00038208795012906194,0.9457622766494751
1212,51940_67bb0219_7,0.0003775929508265108,0.9382955431938171
1213,41714_1d49f4d1_13,5.55156402697321e-05,0.7810762524604797
1214,21815_7090778f_9,0.001916260807774961,0.8427413105964661
1215,32843_8e5bdf24_0,0.0020316392183303833,0.9099835753440857
1216,23686_cba4f679_10,0.0005323704099282622,0.9336597323417664
1217,114425_891ab08d_0,0.002489933278411627,0.6895351409912109
1218,41786_02d48cdd_5,0.0003599742194637656,0.9442965984344482
1219,22895_4533b542_1,0.0005126424948684871,0.970618724822998
1220,49016_cd1b47bf_6,0.0016929286066442728,0.9463716745376587
1221,51674_a70c1c6c_3,3.2911622838582844e-05,0.9473698735237122
1222,52972_6e5a5ada_11,0.0007390275131911039,0.9686313271522522
1223,120700_d818883a_8,7.798962906235829e-05,0.8944048881530762
1224,34530_9525ffcd_0,0.0005951646598987281,0.988807737827301
1225,24355_99bf3f8f_1,0.00025529737467877567,0.5056004524230957
1226,56250_3b6024e3_46,0.0010262264404445887,0.9818552732467651
1227,56355_727ca47c_3,0.0012320324312895536,0.7025056481361389
1228,35057_9af89947_1,0.000737135240342468,0.8842686414718628
1229,120881_a946667f_13,9.656390466261655e-05,0.8669676780700684
1230,143021_c6df0146_5,4.948058631271124e-05,0.7244702577590942
1231,69240_dc199112_3,0.0004668046021834016,0.5751421451568604
1232,41733_1ec9b00c_15,0.0007385013741441071,0.8462086319923401
1233,30298_24191733_2,3.1956056773196906e-05,0.7790035605430603
1234,30400_8824ce97_18,0.0002653303381521255,0.9445973038673401
1235,37040_ecbcd25e_36,0.0002686197985894978,0.9275518655776978
1236,23035_6087bb57_4,7.229753100546077e-05,0.8918057680130005
1237,38675_6e07d74b_26,0.0016615948406979442,0.9770092368125916
1238,31751_e37382e1_9,0.0001547804131405428,0.983496367931366
1239,54601_e1da5b93_4,0.00017661433957982808,0.9964863657951355
1240,142999_171240b6_29,0.0005564477760344744,0.9578197002410889
1241,137646_14bca880_0,0.000376235373551026,0.9652544260025024
1242,37519_442dc408_1,8.3029197412543e-05,0.8985366225242615
1243,47195_a8cd8bad_6,0.00027462298749014735,0.9825366139411926
1244,22474_b10fea1a_6,0.0009546014480292797,0.8899019956588745
1245,53200_d1e30b87_10,0.00030706095276400447,0.9465685486793518
1246,41472_f9d73638_9,0.00016979510837700218,0.825476348400116
1247,126397_cc08a23d_1,3.7392324884422123e-05,0.9393145442008972
1248,31838_2e4bd173_4,0.0002736503374762833,0.9951215386390686
1249,52006_d21e4570_7,0.000466121913632378,0.9076027870178223
1250,62109_08c31aa8_0,0.00039707307587377727,0.9292455315589905
1251,49403_458914df_0,0.00012782243720721453,0.9244967699050903
1252,122914_76ff1f5e_2,2.1680798454326577e-05,-0.929649829864502
1253,34913_d23e2a24_2,0.00011900875688297674,0.9467474222183228
1254,104641_2cd02839_15,4.441998680704273e-05,0.8716363906860352
1255,131632_6144b102_1,0.00033985136542469263,0.9959538578987122
1256,30850_05d88af9_0,0.0002869689778890461,0.977483332157135
1257,86296_8a6ed4d3_7,6.61193480482325e-05,0.7963504791259766
1258,34983_439766af_7,0.00042918696999549866,0.9938856363296509
1259,33374_7491cbf8_2,0.000558575673494488,0.9945955872535706
1260,50694_afd26bd5_10,0.00037053824053145945,0.9960209727287292
1261,50292_e84db1fb_8,9.823108121054247e-05,0.6647936105728149
1262,81367_622a9e51_2,0.00022180993983056396,0.9443024396896362
1263,78966_584c5305_0,0.0002397340867901221,0.8749980926513672
1264,79905_623eae86_1,0.001415108796209097,0.988411545753479
1265,63055_6b907478_15,0.00025115333846770227,0.9799655079841614
1266,135771_b030a25c_4,8.52128941914998e-05,0.8927146196365356
1267,41753_9b4f8d8a_0,0.0001295747933909297,0.9974559545516968
1268,80784_f7ec5f70_1,0.0006388513138517737,0.8917503952980042
1269,33607_c6f31fa6_10,0.0004258040862623602,0.9478533864021301
1270,22225_a3ce4d29_42,0.0005265663494355977,0.9434134364128113
1271,51938_8b9cba89_5,0.0013011127011850476,0.9727327823638916
1272,44741_f386a08f_4,0.0011984481243416667,0.9644299149513245
1273,70021_e673ae54_4,0.00020323351782280952,0.9967014789581299
1274,55135_f1186d58_7,0.00043863500468432903,0.960685133934021
1275,31856_2a5a4e32_12,0.0013415514258667827,0.9255807399749756
1276,75303_045fc848_4,0.00027644343208521605,0.9575242400169373
1277,129683_3ad38815_10,0.0011187451891601086,0.9869175553321838
1278,21894_93f0d052_24,0.0007135480991564691,0.942293107509613
1279,143823_1b04bf80_13,0.00042993450188077986,0.968975841999054
1280,143823_1b04bf80_18,7.772319804644212e-05,0.9248024821281433
1281,111863_c925f4f3_2,0.00023651662922929972,0.7743161916732788
1282,104633_d0a15bd3_6,0.0006411428330466151,0.9462379217147827
1283,48832_22363e53_33,0.0003709763113874942,0.9899795651435852
1284,127466_a18ae326_1,0.0007136555504985154,0.731131911277771
1285,22211_b1ee53f0_12,0.0006085875793360174,0.9745684266090393
1286,137837_9c9f163d_6,0.00012047869677189738,0.9671877026557922
1287,122755_b830e22d_17,2.4064605895546265e-05,0.7304856181144714
1288,21299_e9cd80a6_12,0.00013993335596751422,0.8123487830162048
1289,44920_70dd4b80_11,0.00034819968277588487,0.9842470288276672
1290,52987_387431ac_7,0.00028750079218298197,0.9912434220314026
1291,147926_b78316a8_10,0.00017632998060435057,0.8455143570899963
1292,144653_e3eccdf1_50,0.00013708372716791928,0.9086675047874451
1293,56458_c027ed41_0,0.0002261956105940044,0.971921980381012
1294,23495_6366269c_11,0.00020169172785244882,0.9959889650344849
1295,70883_e2d6a103_2,0.0002710390544962138,0.9959728121757507
1296,32743_f4c47bbc_34,0.0006448127096518874,0.624178946018219
1297,30910_38ea5a06_2,0.0001347459328826517,0.9771471619606018
1298,56476_466fc284_17,0.0008435339550487697,0.9825522899627686
1299,22604_0b4ffb43_62,0.00019083167717326432,0.9920377731323242
1300,21534_6367be99_0,0.0007829518872313201,0.7531855702400208
1301,133026_1085532d_1,0.00013796563143841922,0.964937150478363
1302,137828_0b0786fb_1,0.0003787507303059101,0.9927186965942383
1303,55627_971fde61_27,0.00023708264052402228,0.9700711965560913
1304,93869_8b1922a3_0,0.0003086741780862212,0.9751062393188477
1305,24393_9acd18c6_3,0.0002560617867857218,0.9952218532562256
1306,44996_b3e9c266_14,4.502619776758365e-05,0.8237903118133545
1307,55300_b9675d43_1,0.00020808431145269424,0.9959143400192261
1308,113352_879844fe_0,0.0003934846608899534,0.9839769601821899
1309,135317_3c58b0d0_9,0.00010704716260079294,0.901089072227478
1310,115624_fe3eb392_1,0.0018220932688564062,0.9146651029586792
1311,63055_6b907478_21,0.00014125728921499103,0.9948485493659973
1312,40421_032c052f_0,0.00036707791150547564,0.9442041516304016
1313,143029_70554264_3,7.533048483310267e-05,0.8709502220153809
1314,145117_78f63de3_0,0.0006779812392778695,0.825630247592926
1315,128996_35f2006e_0,0.00013815535930916667,0.3091312050819397
1316,54503_fc6c6963_1,0.00029615574749186635,0.962595522403717
1317,24657_0168dc6b_1,0.00042686701635830104,0.9895516633987427
1318,130524_13ad16a8_0,0.002706287894397974,0.9866178631782532
1319,142670_33c641dc_3,9.36763608478941e-05,0.9644110798835754
1320,65375_674ff0b9_11,0.001524588675238192,-0.38803160190582275
1321,23168_7fdf5427_3,1.191293358715484e-05,-4.441827297210693
1322,41717_ab2075ac_0,8.197876741178334e-05,0.9969900846481323
1323,21739_57582b8f_4,0.00020510665490292013,0.9879666566848755
1324,143293_fc5b0ff7_30,0.00016548146959394217,0.9954872131347656
1325,135906_587b5c3d_0,0.00012898267596028745,0.9221144914627075
1326,138685_fd9b79cd_0,0.00015387270832434297,0.8769607543945312
1327,119921_5621fcb4_0,0.00016070033598225564,0.9728694558143616
1328,49403_458914df_5,0.0003264683182351291,0.9627931118011475
1329,73525_7f6b2f67_2,2.2289828848442994e-05,0.9642995595932007
1330,136994_a3a2f50f_3,0.0004100471269339323,0.9538144469261169
1331,31838_2e4bd173_1,0.004093094263225794,0.9114091396331787
1332,35866_d0233b36_6,0.0001875956222647801,0.9968018531799316
1333,53053_d6b4d71c_9,0.0012201388599351048,0.9683218002319336
1334,90220_7baf1e18_1,9.897910786094144e-05,0.8663860559463501
1335,23364_73dd9d4d_10,5.673143459716812e-05,0.9184644818305969
1336,52987_387431ac_3,0.00022907521633896977,0.9811335206031799
1337,51859_6b2fd0f1_4,0.0001329244114458561,0.926102340221405
1338,51708_867d4509_12,9.056291310116649e-05,0.21552270650863647
1339,93199_2146e709_3,0.0001593894266989082,0.9966206550598145
