case_num,case_name,MSE,R-Square
0000,50417_199cffee_13,0.07031689584255219,0.45226919651031494
0001,48516_2b3135bf_11,0.010717704892158508,0.6376363039016724
0002,41733_1ec9b00c_31,0.007908323779702187,0.2328900694847107
0003,31664_1e85c690_0,0.005336355417966843,0.7130957841873169
0004,21893_0500d043_18,0.0025027927476912737,0.9491154551506042
0005,31607_9a2f8140_6,0.001333067542873323,0.9552551507949829
0006,41774_88a7a483_18,0.0034900596365332603,0.1480587124824524
0007,42143_51b31600_4,6.85788836563006e-05,0.8614301681518555
0008,23104_3b70eba4_13,0.0017865782137960196,-1.9390103816986084
0009,129075_8fbf62e5_2,0.00011608441127464175,0.693664014339447
0010,41624_a15f83c1_13,0.0004971301532350481,0.7558863759040833
0011,36088_1ea9c8a9_12,0.007057057227939367,0.8353660702705383
0012,126477_6596d136_14,5.9547430282691494e-05,0.9460249543190002
0013,130441_10c43121_0,0.071245476603508,0.6370551586151123
0014,133385_e6aa64d8_21,0.00010526546975597739,0.9309391379356384
0015,26398_b99946da_1,0.016590088605880737,0.7818114757537842
0016,61198_0c99f50a_4,5.8391022321302444e-05,-2.6784403324127197
0017,26661_ab88a525_0,0.0001466116518713534,0.8305512070655823
0018,129075_8fbf62e5_1,0.0003974249120801687,0.6246871948242188
0019,51891_9455ea02_1,0.008479773998260498,0.8654413819313049
0020,34770_6bba5bd4_13,0.0026597303804010153,0.9477786421775818
0021,21646_a2dd0d00_53,0.001681592082604766,0.8602224588394165
0022,68909_4ae1bc2e_1,0.0010668443283066154,-0.002589702606201172
0023,27866_ece3076e_109,0.0007562046521343291,0.8807566165924072
0024,92134_52f13f49_6,8.910569158615544e-05,0.9486475586891174
0025,23342_7193a931_1,0.0006056491984054446,0.15940022468566895
0026,126572_a2d6f794_14,5.269025859888643e-05,-4.296970367431641
0027,44344_3e0b0b0c_1,1.6185778804356232e-05,-1.2416856288909912
0028,49331_3bf3bb84_4,0.0035281020682305098,0.9354181885719299
0029,33971_46bb0373_0,0.0037378992419689894,0.5225321054458618
0030,21517_bfe35b4c_1,0.0007328474312089384,-0.06293034553527832
0031,23165_369d62aa_6,0.00388316554017365,0.9531627893447876
0032,81846_2907c980_0,0.005953497253358364,0.7357265949249268
0033,24168_a0ede173_111,0.007894220761954784,0.2202879786491394
0034,53461_a5942665_1,0.0006807371973991394,0.9747523069381714
0035,24907_c72322ea_13,0.0011617601849138737,0.5616273283958435
0036,133424_315bcaeb_7,0.00011145415192004293,0.8557738065719604
0037,40490_916e13fe_0,0.0031753829680383205,0.9010943174362183
0038,38000_b5822e44_3,0.004558171611279249,0.9309160113334656
0039,138520_f4e0bc0b_63,0.0003381941933184862,0.6773470640182495
0040,61294_9255796d_3,0.000549487245734781,-0.028167247772216797
0041,22176_272891b8_0,0.002982908161357045,-0.5130934715270996
0042,24815_4f2a57e4_1,0.011155267246067524,0.6724395751953125
0043,113343_e692c488_1,6.501925963675603e-05,0.9018808007240295
0044,33995_18423507_1,0.0006264459807425737,0.15612000226974487
0045,127897_029949fd_6,0.002163029508665204,0.9567481279373169
0046,123181_4e56fb4f_0,0.003773563075810671,0.945332407951355
0047,22670_9353c710_1,5.8910609368467703e-05,0.6409797072410583
0048,128642_4d72bf31_2,0.0008461605757474899,0.5416319370269775
0049,146667_fe438b5b_6,0.009783756919205189,0.40251970291137695
0050,38260_2a31c6df_2,0.004607782233506441,0.3506128191947937
0051,24443_996411f9_3,0.001642341259866953,0.9627302885055542
0052,142074_34e02b6d_1,0.00029086036374792457,0.9128914475440979
0053,41501_b627682a_15,0.0023312093690037727,0.7962828278541565
0054,24712_da77fe8f_0,0.002826943062245846,0.9471086263656616
0055,32960_0eaa1de8_26,0.0028793259989470243,0.946668803691864
0056,130757_b2c47f8d_2,0.00029512011678889394,-7.820163726806641
0057,104817_6d73dc41_0,0.007073496468365192,0.2075074315071106
0058,79243_49539d9f_0,0.003594411537051201,0.9225628972053528
0059,82012_c533307b_1,0.0007190165342763066,0.33021068572998047
0060,107649_e651c5ca_1,0.0002635113487485796,-0.837590217590332
0061,40997_e3c88650_12,0.004019145388156176,0.896907389163971
0062,143029_70554264_4,0.0027039290871471167,0.6303797960281372
0063,27054_342fcf5c_3,9.540918108541518e-05,0.9004212021827698
0064,41648_577daf16_17,0.0007031091954559088,0.7338382005691528
0065,89720_4e65191c_1,0.00898170005530119,0.7824167013168335
0066,75382_1b589ea9_12,0.00010069223208120093,0.7121601104736328
0067,120371_433ba1ca_2,0.00996476598083973,0.1309526562690735
0068,49024_b7f02205_13,0.004961899947375059,0.7808396220207214
0069,51022_47816098_7,0.04237355664372444,0.5648869872093201
0070,41634_4f5d0edb_0,6.785665755160153e-05,0.8643130660057068
0071,23170_6ea8ded5_3,0.005033340770751238,0.9157665967941284
0072,69589_cd2fa794_8,0.008632059209048748,0.4355815052986145
0073,41504_85e300ee_0,0.006606290582567453,0.09797972440719604
0074,128996_42176b10_0,0.005182037129998207,0.580575704574585
0075,38920_e81879c2_7,3.5694138205144554e-05,-41.93008804321289
0076,148051_c59af578_6,0.0010628113523125648,0.9710543751716614
0077,65494_16d62db5_0,0.00023731945839244872,0.6819909811019897
0078,25473_0991d519_0,0.0024235916789621115,0.9430610537528992
0079,75270_25a261ef_5,0.010168005712330341,-0.014559149742126465
0080,49613_1b97c07b_12,0.00030098407296463847,-2.1967079639434814
0081,115633_a2c63339_1,0.00015402783174067736,0.9544416069984436
0082,52366_63042db4_1,0.003979002125561237,0.909439206123352
0083,30282_88c6933c_5,0.0026291979011148214,0.6854615211486816
0084,53474_f29e4438_12,0.01790391467511654,0.4138514995574951
0085,24026_1dd4094b_21,0.002531870501115918,0.711189866065979
0086,21225_c081eae3_2,0.0036275682505220175,0.5205105543136597
0087,35057_9af89947_8,0.001173639204353094,0.057232022285461426
0088,43529_4804941b_20,0.0017144717276096344,0.9477511644363403
0089,22103_fd11c71b_3,0.008358526043593884,-0.04372537136077881
0090,51536_a18dc325_0,0.0015557737788185477,0.9174320697784424
0091,24230_636208ab_13,0.003144301474094391,-0.930854320526123
0092,41117_1b3271f2_56,0.009913682006299496,0.8469170331954956
0093,140499_419d5823_0,0.0012647410621866584,0.8906723260879517
0094,115524_a949e82c_2,8.809864084469154e-05,0.6568194627761841
0095,29833_0ed4880f_3,0.007164704147726297,0.8710897564888
0096,127556_4823a42a_6,0.0019002545159310102,0.6807995438575745
0097,23960_48cc0f21_19,3.1370847864309326e-05,0.5600922107696533
0098,132987_ba18d2eb_11,0.000909322639927268,-0.7412317991256714
0099,51337_f8636fd9_30,0.00013072887668386102,0.8522937297821045
0100,40999_cad6be09_18,0.01607455126941204,0.6199585795402527
0101,136886_99fbdef3_0,0.000292615732178092,0.49785488843917847
0102,30447_4ed3b778_7,0.0158897303044796,0.9414583444595337
0103,55811_bc667b2d_13,0.0033341494854539633,-0.2693037986755371
0104,41716_d55164d4_1,0.0012984075583517551,0.5455946922302246
0105,33610_aa697fc9_6,0.00039360838127322495,0.970946729183197
0106,55095_fa260d33_6,0.013832272961735725,0.6353901624679565
0107,115639_bc0cc622_0,0.010235905647277832,0.25056010484695435
0108,20841_1620ae7d_0,0.008547063916921616,-0.17670750617980957
0109,50823_d1830e58_2,0.007629811763763428,-0.5103679895401001
0110,109762_cb162371_48,0.001660267706029117,0.41657787561416626
0111,41387_5f752e39_23,0.008074816316366196,0.7013790607452393
0112,121540_629c716f_0,0.00423586368560791,0.820687472820282
0113,118539_1dff9cf9_12,1.8232552974950522e-05,-0.3334430456161499
0114,30714_dafa62f6_2,0.024979736655950546,0.6731889843940735
0115,79633_bbbde75f_0,0.015419026836752892,0.6239503622055054
0116,33059_531cfd5e_11,0.003348452504724264,0.45200246572494507
0117,20697_d3e106b4_4,7.362745964201167e-05,0.3816375136375427
0118,136062_0027ff97_6,0.002474913839250803,0.7716666460037231
0119,146291_6b0c8db3_1,0.031519681215286255,0.26645511388778687
0120,45466_5f662bcb_0,6.977673183428124e-05,0.8563304543495178
0121,144500_7f600ab6_0,0.0018407187890261412,0.82978355884552
0122,44996_b3e9c266_4,0.00031426167697645724,0.9336223006248474
0123,40713_4c9264ef_0,0.0016529983840882778,0.7794513702392578
0124,132384_0fcab1fa_13,0.0019132255110889673,-1.0582034587860107
0125,33738_77d49563_2,0.003528772620484233,-3.101731300354004
0126,129422_621d0a90_33,0.000727843726053834,0.6574447751045227
0127,115633_fd3c9b97_32,8.806976256892085e-05,0.6391180157661438
0128,69337_a122ffde_1,0.0018433119403198361,0.8116004467010498
0129,37241_29f91452_0,0.0012867377372458577,0.9702334403991699
0130,141199_9ae000ef_6,0.004190454259514809,-2.542128801345825
0131,147133_92c04b84_4,0.0012197339674457908,-0.07277119159698486
0132,77687_cbb18594_50,0.002976897871121764,-1.0547869205474854
0133,144290_2a679085_11,0.0001420388580299914,0.5816749334335327
0134,130825_c59bbbfb_0,0.010574376210570335,0.729393482208252
0135,82512_252da752_6,3.5732966352952644e-05,-54.282737731933594
0136,115624_d0acb46b_24,0.004477601032704115,0.9514173269271851
0137,92134_52f13f49_7,7.863294013077393e-05,0.9506656527519226
0138,100326_0602c712_7,5.9808076912304386e-05,0.9057233929634094
0139,134630_f9e85072_0,0.007908287458121777,-0.8205482959747314
0140,108943_b07b2543_1,0.0029495018534362316,0.513619601726532
0141,125416_ab456bc3_5,0.0071957893669605255,0.3890661597251892
0142,57222_33b428d7_69,0.000615049502812326,0.3848574161529541
0143,24650_dad8c8ee_13,0.00473916158080101,0.9160251617431641
0144,41749_14d0599c_1,0.002119750715792179,0.6846742033958435
0145,49396_98ab955d_27,0.001098201610147953,0.28301745653152466
0146,136892_e2a0b32c_4,5.853729453519918e-05,-0.5052101612091064
0147,31962_e5291336_28,0.0014550549676641822,0.9682444334030151
0148,34231_e27353cb_0,5.830584996147081e-05,0.9386967420578003
0149,112724_d334de09_0,0.04312986880540848,0.3296518921852112
0150,56486_82b3e23a_21,2.9871314836782403e-05,0.6526427268981934
0151,40500_6055e3d7_17,2.2349704522639513e-05,0.24813973903656006
0152,39468_15fb2e60_43,0.001590318395756185,-1.594933032989502
0153,141710_17531562_7,0.0023768923711031675,0.9328234791755676
0154,33529_756075a0_12,0.002760102739557624,0.4592944383621216
0155,54169_3a875f10_8,0.004613461904227734,0.8783153891563416
0156,41023_5445cb61_9,6.667438719887286e-05,0.941361665725708
0157,146380_5c569eeb_2,0.003278684802353382,-0.7622047662734985
0158,24195_9791f5d3_38,2.6798012186191045e-05,0.4715557098388672
0159,26573_7f7e176d_2,0.04279841110110283,0.6203919053077698
0160,22734_f6bad9f7_25,0.014819467440247536,0.7612248659133911
0161,48112_9538e204_0,0.0022806324996054173,0.9547292590141296
0162,127545_6fa39158_10,0.038620077073574066,0.6996802091598511
0163,23788_5c0b60c6_0,0.0020693656988441944,-0.08659911155700684
0164,23792_5b4c1ce0_21,0.0059119160287082195,0.8134552240371704
0165,146067_46e58ab3_1,0.06897237151861191,0.5624050498008728
0166,101072_dec6f415_3,0.0004985727719031274,0.7714583277702332
0167,22829_b6649a29_0,5.144830356584862e-05,0.14693105220794678
0168,55389_a736bd99_0,0.00862672459334135,-3.5824718475341797
0169,30259_d709601c_9,0.026273779571056366,0.25151926279067993
0170,35866_d0233b36_13,0.00043017519055865705,-3.56783390045166
0171,34563_52848c45_5,0.00040136341704055667,0.8375387191772461
0172,44519_90af0df6_7,0.008490937761962414,-1.4769093990325928
0173,114111_59282658_8,0.0013367135543376207,0.5426003932952881
0174,45922_26941172_15,0.021784014999866486,0.6353404521942139
0175,41303_bd1def52_3,0.0006209517596289515,0.8429905772209167
0176,22053_de30641b_1,3.3522912417538464e-05,0.48683345317840576
0177,22298_51433023_4,0.009503488428890705,0.7929403185844421
0178,23479_81a49137_0,0.0022366142366081476,0.18749147653579712
0179,22225_a3ce4d29_37,0.007970793172717094,0.8896440863609314
0180,135669_490cd2d7_14,0.01402248814702034,0.24787849187850952
0181,32173_8b075b1a_4,0.006230182014405727,0.8990859985351562
0182,145119_24107428_5,0.0035029302816838026,0.7342914938926697
0183,41774_88a7a483_36,0.00034959250479005277,0.8203279376029968
0184,133549_1b6c58d6_0,0.00567045621573925,0.8793132901191711
0185,40936_6de8f4f4_0,0.09129627794027328,0.4304758310317993
0186,23008_3d1bb7b2_0,0.020483708009123802,0.7060990929603577
0187,38360_ad61c9b2_1,0.0011510462500154972,0.25214123725891113
0188,136109_3d342d3c_2,0.0024672457948327065,0.9008105993270874
0189,135790_a27f9deb_11,6.921910244273022e-05,0.9141619205474854
0190,140249_7c1c5bba_0,0.0006313351914286613,0.2314835786819458
0191,128996_a3d026d6_0,0.002446056343615055,0.49873971939086914
0192,23235_f9ccb8b0_0,0.0008718912140466273,0.31241488456726074
0193,93671_f7290ded_0,0.0012190144043415785,0.27765148878097534
0194,51109_97b211c3_7,0.001991046592593193,0.7566592693328857
0195,51916_fa226b15_13,0.0004907881957478821,-0.06045949459075928
0196,86268_094d3fab_1,0.0025599119253456593,0.9488124251365662
0197,39637_ca6a9a60_1,0.010267228819429874,-0.26975786685943604
0198,47219_93cb3619_3,0.05784975364804268,-0.01893627643585205
0199,47878_0edb6829_0,0.0036984814796596766,0.9342244863510132
0200,26764_ab35159a_6,0.0071064685471355915,0.7163408398628235
0201,34341_d19b12fb_12,0.0002809481229633093,0.6906248331069946
0202,118342_c702e084_6,0.0034921555779874325,0.9202275276184082
0203,49886_dd68dccb_4,0.00410100445151329,0.6894893646240234
0204,23493_57512264_5,0.000846271519549191,-1.6679694652557373
0205,31751_e37382e1_5,0.004900887608528137,0.8744657039642334
0206,24338_848cab42_6,0.014232562854886055,-0.1244279146194458
0207,24916_42eacca3_10,0.0013678770046681166,0.26097649335861206
0208,137485_a953e1be_2,0.0021493658423423767,0.9570233225822449
0209,23706_ef15ef9c_18,0.009152377024292946,0.392896831035614
0210,143671_eaf4d13b_6,0.012916880659759045,0.8029219508171082
0211,53470_39f2e9dc_13,0.00151327985804528,-0.9177694320678711
0212,145772_59253c6d_3,0.0001522852835478261,0.7854157090187073
0213,51893_d531e2bd_2,0.0030285364482551813,0.9340584874153137
0214,39389_d641313f_8,0.01218730304390192,0.5349797010421753
0215,51595_41f3d1a3_5,0.00011580704449443147,0.8900572657585144
0216,51674_a70c1c6c_15,0.0009034463437274098,-2.441866874694824
0217,37617_3f415463_5,0.0004233747022226453,0.6788849830627441
0218,31862_a89f21f9_3,0.002352892654016614,0.9300764203071594
0219,40519_55a097c6_11,0.015196138992905617,0.11398178339004517
0220,111306_9108c940_0,0.0035676835104823112,0.3172512650489807
0221,136640_16741d62_4,0.0027776630595326424,-0.8902101516723633
0222,23155_d7305c5f_2,0.025318963453173637,0.4871487021446228
0223,43934_912ff891_41,0.0004883632063865662,-1.3280129432678223
0224,57017_6033d1e5_0,0.0023261161986738443,0.8828926086425781
0225,126913_d253adb7_1,0.0010783695615828037,0.568743884563446
0226,130752_52d74f2f_48,0.003335817251354456,0.7751308679580688
0227,124177_71283cad_0,0.0024506598711013794,0.811028003692627
0228,24650_dad8c8ee_18,0.002104009035974741,0.9462167620658875
0229,55199_4d57661f_2,0.008190209046006203,0.5096813440322876
0230,115010_eb737aaf_20,0.003807107452303171,0.9270975589752197
0231,27855_19c5895a_12,0.0018740386003628373,0.017073214054107666
0232,52772_a6e6e320_0,0.0007705867174081504,-0.03412199020385742
0233,90917_3d2d21a9_0,0.01879352331161499,0.5701721906661987
0234,40703_5f4e45d4_7,0.0024562934413552284,0.9512725472450256
0235,132622_911efd2f_1,0.03635507449507713,0.45582032203674316
0236,43441_e1ab0873_6,0.03010854311287403,0.5246877670288086
0237,34917_61633e20_6,0.0015434999950230122,0.9665369987487793
0238,67221_275ba7e6_4,0.003596569411456585,0.927855908870697
0239,130719_e4764a36_10,9.436782420380041e-05,0.794219970703125
0240,136318_130d6a06_20,0.002449613995850086,0.7765669822692871
0241,99636_73c43ebd_10,0.0017522835405543447,0.9527186751365662
0242,29377_3a04cb8d_6,0.0018772705225273967,0.7261269092559814
0243,23018_63087a41_47,0.0014770189300179482,0.9595704674720764
0244,26165_100fec74_4,0.002449298044666648,-6.706697940826416
0245,135934_d2f6bb2e_46,0.00013150239828974009,0.9361639022827148
0246,24039_448afafa_5,0.001873097033239901,0.9097267985343933
0247,32775_a79b406b_14,0.014972283504903316,-0.9077348709106445
0248,23686_cba4f679_0,0.0062576052732765675,0.4065435528755188
0249,35147_bc9f2c5d_0,0.005016298033297062,0.19021368026733398
0250,136337_1351909b_2,0.020243432372808456,0.5191676616668701
0251,139222_2c10ca9a_1,0.009196346625685692,0.20886647701263428
0252,139379_fe5c3f64_0,0.001037994516082108,0.961732029914856
0253,33084_344fec27_2,0.002763073891401291,0.9479890465736389
0254,24775_d5c98d77_0,1.9765662727877498e-05,0.3906911611557007
0255,56344_3a89f085_23,0.009978711605072021,0.07517009973526001
0256,135112_cf8007b8_5,0.015947196632623672,0.6073346138000488
0257,50706_20d07d57_2,0.030976729467511177,0.703158974647522
0258,51744_cd355565_5,0.017130345106124878,0.486913800239563
0259,51464_da501c24_0,0.0071766008622944355,-0.4145137071609497
0260,126572_a2d6f794_23,4.636896846932359e-05,-0.6048142910003662
0261,70021_e673ae54_2,0.0005798724596388638,0.16449904441833496
0262,25144_31b089b6_5,0.0006357405218295753,0.7120407223701477
0263,24715_55aac5f2_2,4.856632222072221e-05,-3.0431413650512695
0264,24532_f82f8000_2,0.0032680612057447433,-1.6456208229064941
0265,30664_a3084f71_1,0.0036005752626806498,-0.5053564310073853
0266,81145_5c13a8e9_1,0.000887372181750834,0.09363788366317749
0267,132037_2abb8c63_10,9.754329948918894e-05,0.5516117811203003
0268,50414_ac159b58_2,0.0011128723854199052,0.9595547914505005
0269,21601_360ce1c7_7,0.0027919698040932417,0.9492600560188293
0270,22119_27e3ecbe_9,0.0013682824792340398,0.9575703144073486
0271,145120_74f7316f_0,0.010246566496789455,0.5367375612258911
0272,74574_c302ff1f_0,0.000972761947195977,-0.2776525020599365
0273,52443_085efc00_4,0.004046119749546051,-0.3220674991607666
0274,147546_ede0f31c_3,0.015104389749467373,0.6733716130256653
0275,22492_047b125b_21,0.013042619451880455,0.6972888708114624
0276,72313_5a86e234_0,0.03525868058204651,0.3264702558517456
0277,45589_49e3c7ea_2,0.0007491715950891376,0.9774094223976135
0278,83432_a7f85698_0,0.007196852006018162,0.8383504152297974
0279,32775_a79b406b_0,0.0006192968576215208,-4.963886737823486
0280,121703_69c4a5ac_3,9.652313019614667e-05,0.6502668857574463
0281,80901_e9080573_6,0.0019929581321775913,0.9222244620323181
0282,21809_8bd6b10e_3,0.03433658182621002,0.24425119161605835
0283,49396_98ab955d_15,0.010122575797140598,0.034820556640625
0284,33766_14917a4a_19,0.002086070366203785,0.9535853266716003
0285,26661_ab88a525_8,0.0011761016212403774,0.9670296311378479
0286,44030_17bd5ec9_0,0.00206683948636055,-1.5407795906066895
0287,53221_74fa81cd_7,0.000463154079625383,0.5996417999267578
0288,21887_3306168f_7,0.007353023160248995,0.2673463225364685
0289,86185_85fde9e6_0,0.002430852735415101,0.6284920573234558
0290,87951_500b1dcd_2,6.607522664126009e-05,0.9292662143707275
0291,22276_69c5036b_11,0.02532043308019638,0.3375231623649597
0292,41721_44151488_5,0.0037049269303679466,0.6569453477859497
0293,102293_5d04e48d_0,0.02136230282485485,-0.013553738594055176
0294,77687_cbb18594_20,8.843740215525031e-05,0.8773251175880432
0295,133248_1bab99ae_0,0.0027229594998061657,-0.20033800601959229
0296,24051_4852a192_2,0.0027538524009287357,0.9054784774780273
0297,86806_2993395a_1,0.0007724490133114159,0.3442431688308716
0298,38558_b0d6b3f8_1,0.007960818707942963,0.8366064429283142
0299,140549_7d01813c_0,0.018888281658291817,0.4008265733718872
0300,24559_3c306e71_1,0.0018718818901106715,0.7120873332023621
0301,70350_751de4b0_13,0.00920390710234642,-2.7491614818573
0302,39101_23fec10f_8,0.008662714622914791,0.07838410139083862
0303,24942_9d1b2ff2_8,0.00492378044873476,0.942609965801239
0304,30850_05d88af9_3,0.01612090691924095,0.7319284081459045
0305,113358_08641c94_4,0.010451117530465126,0.6752396821975708
0306,21234_8b71bd47_27,0.0012693447060883045,0.5407798290252686
0307,26245_4aac38e1_21,0.003289429470896721,-6.631921291351318
0308,66072_d301cc88_0,0.0026212697848677635,-0.13357877731323242
0309,21894_93f0d052_23,0.0022633399348706007,0.7764435410499573
0310,147816_7fb70c2b_2,0.0025556765031069517,0.7319384813308716
0311,49120_4131d1e7_1,0.0033535193651914597,0.3286023736000061
0312,52224_ca16c854_4,0.006358925253152847,0.0919455885887146
0313,105762_19e04e0b_1,0.0011692726984620094,-8.230381965637207
0314,30400_8824ce97_36,0.004071052186191082,0.413616418838501
0315,95199_ffcff41e_0,0.0003147041134070605,0.6775615215301514
0316,50417_199cffee_3,0.0002508490579202771,0.8047646284103394
0317,24544_d06c82dd_5,0.0028314131777733564,0.9531424641609192
0318,22604_565b91f5_2,0.0013629939639940858,0.9431315064430237
0319,22788_b6a9e30a_4,0.0008160732104443014,0.7960684299468994
0320,45789_d5126eab_14,0.0033828248269855976,0.3089759945869446
0321,37267_b2be4b50_3,5.268076711217873e-05,-4.300891399383545
0322,34330_5eff1ee1_3,0.003819490550085902,0.5542486906051636
0323,137999_d934160e_1,8.044951391639188e-05,0.37768012285232544
0324,134921_f5efde94_27,0.00017331697745248675,0.8406519293785095
0325,53470_39f2e9dc_8,0.0007674807566218078,-7.610118865966797
0326,23497_f292546d_25,0.006274058949202299,0.7392394542694092
0327,22289_4b848f64_2,0.0033548881765455008,0.5456287264823914
0328,31392_84b62622_2,0.002873241901397705,0.7605410814285278
0329,51347_1fc6f329_0,0.0031084720976650715,0.3016960620880127
0330,50777_2934de55_6,0.0013931416906416416,0.9502974152565002
0331,32841_954e8c1a_0,0.00027023316943086684,0.7212008237838745
0332,31530_6744ae73_3,0.0037250639870762825,0.9453240036964417
0333,65827_d1469ad6_1,0.0010682177962735295,-6.994133472442627
0334,145461_30637b22_8,0.00012126292131142691,-3.846985340118408
0335,31973_093ea963_13,0.00024691084399819374,0.9038799405097961
0336,70355_e5f58cd5_14,0.0021519395522773266,0.7901324033737183
0337,77687_cbb18594_40,0.0001699378772173077,0.24919617176055908
0338,24392_fce351ea_0,0.00014885389828123152,0.9201995730400085
0339,36853_7efccb8c_3,0.004526929464191198,0.38213735818862915
0340,41644_d15f8e2b_5,0.00046688277507200837,-1.4059581756591797
0341,131762_9b5e5ff5_2,0.005000078584998846,0.6980487108230591
0342,82193_96ef9433_2,0.0032462545204907656,0.9494113922119141
0343,31347_386f6298_15,0.014293051324784756,0.6639245748519897
0344,34568_fbe47bf9_0,0.0015938493888825178,-3.562469005584717
0345,115624_fe3eb392_3,0.002272886224091053,0.9479851126670837
0346,130446_e7b58dbe_0,0.022276930510997772,0.10121989250183105
0347,104641_2cd02839_33,7.318905409192666e-05,0.8401073813438416
0348,31460_39fdfc6a_7,0.005667298100888729,-0.27563345432281494
0349,95541_ced8f936_0,0.003092037281021476,0.9333592653274536
0350,23126_725969ea_17,0.004092722199857235,0.5675833225250244
0351,23676_52069f98_5,0.00011069452011724934,0.5831451416015625
0352,137637_ed9c537d_0,0.001496808952651918,0.6298923492431641
0353,22474_b10fea1a_2,0.0026236383710056543,0.9364504814147949
0354,143017_21d96cc2_10,0.008216913789510727,-0.18454253673553467
0355,105270_34f92afd_1,9.73284404608421e-05,0.8634893894195557
0356,95622_0a0787e4_4,0.0034649574663490057,0.9482483267784119
0357,55854_13f0399b_0,0.015114611014723778,0.6746867895126343
0358,22118_1e09e0eb_5,0.009752959944307804,0.58404541015625
0359,146717_3e6a84c1_7,0.01188235729932785,0.8218902349472046
0360,63132_330141d7_3,0.001094725332222879,0.7779837250709534
0361,115633_fd3c9b97_46,0.00010300487338099629,0.7878358364105225
0362,21644_aa203dc5_29,0.004306389018893242,-0.05702078342437744
0363,79791_00f639ca_15,0.002679270226508379,0.9548920392990112
0364,60711_42b5a13e_1,0.0029832858126610518,0.6696219444274902
0365,137483_cdb8989d_0,0.0012142726918682456,0.9746474623680115
0366,21644_aa203dc5_26,0.004090980160981417,0.2939353585243225
0367,131876_b2384623_0,0.0008989432826638222,0.4195824861526489
0368,23706_ef15ef9c_10,0.008354872465133667,-0.2781587839126587
0369,68948_0d2a01cd_9,0.01997673511505127,0.4397141933441162
0370,145137_4e9eef42_1,0.0014818579657003284,0.7019622325897217
0371,30426_2cde26de_20,0.05271623656153679,0.4001350998878479
0372,31378_34c52a73_0,0.006921577733010054,-0.9215468168258667
0373,92134_52f13f49_4,7.775943231536075e-05,0.9475207328796387
0374,119634_fc722479_1,0.0038917604833841324,0.9464554190635681
0375,24032_d6172503_24,0.004761941265314817,-0.993740439414978
0376,136401_69f29349_4,0.00018662017828319222,-1.895601511001587
0377,41871_f9a1ad02_26,0.005214239936321974,0.6040773391723633
0378,48220_87941c4e_116,0.003201916813850403,0.526172399520874
0379,115012_9ed88535_2,0.001888130558654666,0.2458605170249939
0380,69488_025cf0a2_1,0.04584250971674919,0.6892365217208862
0381,147427_69f68da4_3,0.00037215364864096045,-0.031472086906433105
0382,33766_14917a4a_32,0.0031072725541889668,0.8882246613502502
0383,51747_3d58eae0_0,0.006063379812985659,0.18585318326950073
0384,33785_a4c23f61_0,0.08890344947576523,0.664604663848877
0385,114935_797875fe_2,0.006330862641334534,0.7696815133094788
0386,51775_49ef614a_26,0.0004881689965259284,0.13204360008239746
0387,38196_ea48fa42_3,0.0002344451058888808,-1.7426073551177979
0388,140413_44177109_21,2.1984276827424765e-05,0.5976685285568237
0389,27676_79237cc5_1,0.002511349506676197,0.17842000722885132
0390,52883_e518d3f4_33,0.00247696740552783,0.9512060284614563
0391,34347_841c5375_2,0.0006637058104388416,-12.494603157043457
0392,55289_292737cb_0,0.0023266745265573263,0.9553319215774536
0393,50606_82cb18e2_0,0.0016502115176990628,0.935143768787384
0394,30407_efa567f2_4,0.003508739173412323,0.9153961539268494
0395,31647_ab9ad9dc_13,0.0021841612178832293,0.78840172290802
0396,24896_58b4730f_17,0.007421680260449648,-0.3842560052871704
0397,23602_5daaccf5_4,0.006205797661095858,0.5665521621704102
0398,27725_5cceaeb7_10,0.0021081133745610714,-3.3796510696411133
0399,127734_395dcf7d_5,0.009687229990959167,-0.5752098560333252
0400,31957_d864f861_3,0.008047767914831638,-0.6400035619735718
0401,49415_1671b60c_4,0.0032751797698438168,-2.062405824661255
0402,45110_fae73324_4,0.0030259331688284874,0.838518500328064
0403,22343_34184fd5_18,0.001740236533805728,-5.625178337097168
0404,22848_cc91b848_38,8.081048144958913e-05,-92.15270233154297
0405,73652_23b21ef2_1,0.027363399043679237,0.4497605562210083
0406,65569_bd890a32_1,0.0007767939823679626,-6.450873851776123
0407,48220_87941c4e_111,0.004860771354287863,0.1486988067626953
0408,30394_e30f932c_0,0.007444802671670914,0.5740272998809814
0409,21941_1a683ec2_26,0.0044885422103106976,0.8125663995742798
0410,25564_e646fcb3_1,0.00016896423767320812,0.4293860197067261
0411,134053_87a32e31_3,0.00034707054146565497,0.05296546220779419
0412,87950_af56e26e_2,0.00830627791583538,0.39206069707870483
0413,51458_54240b70_17,0.0005783619708381593,0.3611730933189392
0414,40688_effe215a_1,0.0038499494548887014,0.9046630263328552
0415,131494_c8a441d0_0,0.0013504233211278915,0.7370322942733765
0416,26768_c4df841f_21,0.000755447254050523,0.11507976055145264
0417,136892_2d5f55a9_0,0.002087418222799897,0.5422531366348267
0418,54652_d60ac3e0_10,0.010988468304276466,0.4038410186767578
0419,51747_3d58eae0_1,0.0014775142772123218,0.3959982395172119
0420,54650_df3655c1_0,3.392908911337145e-05,0.628389298915863
0421,41125_711db4bf_58,0.00855453871190548,0.04845350980758667
0422,45418_f603706b_2,0.005153844598680735,-0.3035755157470703
0423,21852_6cf9a734_18,0.07363103330135345,0.370669960975647
0424,122515_758d8b70_6,2.7235762900090776e-05,-21.490936279296875
0425,104081_05ba54fa_2,0.0015093826223164797,0.36608850955963135
0426,41672_cf87e0b6_0,0.004047836177051067,0.375262975692749
0427,22638_37f9fe91_1,9.050396329257637e-05,0.7326220273971558
0428,24559_3c306e71_3,0.005774710793048143,-0.04888105392456055
0429,31589_ac31215d_8,0.0011211337987333536,0.4067299962043762
0430,49603_143b8bd2_35,0.008966021239757538,0.2903781533241272
0431,127965_c64a91da_0,0.0020945488940924406,0.4579184055328369
0432,36062_f2fb6808_1,0.0006383329746313393,-4.899474620819092
0433,139280_8874b1ab_18,0.00010423630010336637,0.899837851524353
0434,30997_24dea167_4,0.003415146144106984,0.6919524073600769
0435,143471_eb185912_5,4.1534516640240327e-05,0.5747276544570923
0436,23176_1bf2a2d5_10,0.002486464334651828,0.897200345993042
0437,98299_b8146029_5,0.0017701751785352826,0.8466965556144714
0438,23466_1cf60d09_4,0.004085797816514969,0.8857528567314148
0439,41591_2d0bd0d5_3,0.003398011438548565,0.8805485963821411
0440,134929_9049dcec_1,0.00014907708100508898,0.9200618267059326
0441,41785_e8bf0528_0,0.0021011349745094776,0.9084434509277344
0442,31460_39fdfc6a_6,0.0014279488241299987,0.9694198966026306
0443,133710_00be7f31_1,0.0071150376461446285,0.18359720706939697
0444,24532_f82f8000_0,0.006926993373781443,-0.5236749649047852
0445,21234_8b71bd47_3,9.359243995277211e-05,0.8583226203918457
0446,35175_6edc4126_5,0.00867734756320715,0.7485537528991699
0447,20495_e8e7e80c_1,9.520417370367795e-05,0.8889915347099304
0448,76546_c17e95aa_2,0.0002763524535112083,-0.6255542039871216
0449,41654_e75f89df_0,0.005279038101434708,0.7134750485420227
0450,109772_f1a0845e_6,0.001969541423022747,-0.13803744316101074
0451,34913_d23e2a24_0,0.001279696123674512,0.9289022088050842
0452,25203_1cc0cb3c_12,0.00358340865932405,0.94019615650177
0453,37160_2a95674a_4,0.0022474888246506453,0.853287398815155
0454,69240_dc199112_4,0.0055851866491138935,-0.0608900785446167
0455,25176_d9130589_0,0.001954061444848776,0.7431870698928833
0456,69235_fe79a369_0,0.0004494332242757082,-0.00935816764831543
0457,39468_15fb2e60_9,0.005223046522587538,0.24226880073547363
0458,103284_e25015aa_6,4.734623507829383e-05,0.6226568818092346
0459,30377_e18ea3de_0,0.0018945885822176933,-0.5348590612411499
0460,66080_f578d52b_4,0.0008226806530728936,-3.2283496856689453
0461,37444_52b27e94_14,0.004859057255089283,0.25998979806900024
0462,38675_6e07d74b_31,0.0026014065369963646,0.9176860451698303
0463,21680_360ba5c7_28,0.008244981057941914,0.3992795944213867
0464,142032_5c32b7db_2,0.004354305099695921,0.9198192358016968
0465,44210_a155c2d1_0,0.026061957702040672,0.4198497533798218
0466,38287_88ec74de_92,0.009695556946098804,-0.43134593963623047
0467,29572_2f9283f2_4,0.0014519799733534455,0.8918416500091553
0468,28300_b3a6ab79_10,0.005498453043401241,0.8098748922348022
0469,136129_e6a20c7d_5,0.00011860543600050732,0.8180205821990967
0470,119381_e4d13609_0,0.0027824919670820236,0.8947256207466125
0471,30729_b4d83b07_4,2.2536345568369143e-05,0.5372202396392822
0472,140413_44177109_11,0.0027063987217843533,0.8727129101753235
0473,26384_83eddf22_0,0.004218040034174919,0.6779550313949585
0474,82285_e7a738e7_2,0.016348281875252724,-0.36171281337738037
0475,108599_347602af_0,0.013281953521072865,0.5869690179824829
0476,119889_41a6f268_1,0.0005459682433865964,0.19428038597106934
0477,55006_94230c00_1,0.0019995614420622587,0.9374864101409912
0478,21517_bfe35b4c_10,0.0005295715527608991,0.7566450834274292
0479,20818_098cad7c_6,7.572150934720412e-05,0.918910801410675
0480,41855_b82e6ae8_6,0.008680883795022964,-0.003488898277282715
0481,137166_90691294_8,0.0007794603006914258,0.48236799240112305
0482,69561_f274e705_26,0.0010392069816589355,0.9498984217643738
0483,51579_d0c3e154_0,0.0073171635158360004,0.6903738379478455
0484,23676_52069f98_4,0.00476611265912652,0.849924623966217
0485,31962_e5291336_1,0.006255113519728184,0.8149312138557434
0486,57222_33b428d7_1,0.0013172464678063989,0.022082030773162842
0487,51586_2ad96f8c_17,2.9426624678308144e-05,0.6460524797439575
0488,41473_c2137170_32,0.003678966546431184,0.42661917209625244
0489,31123_9a1bfc50_2,0.0022183703258633614,0.8324768543243408
0490,23211_3aac9c7e_0,0.0020408330019563437,0.6176134347915649
0491,45798_b573e9da_5,0.012254633940756321,0.36829185485839844
0492,27847_d2436f7c_37,9.878908895188943e-05,0.8858187198638916
0493,54736_6ee1b513_1,0.004804704338312149,-3.1510415077209473
0494,132901_7d205bb4_9,0.00033012512722052634,-1.1887893676757812
0495,73762_8c704690_0,0.0015629405388608575,0.789237380027771
0496,23209_1592b0a4_1,0.002318634418770671,0.8392022848129272
0497,49024_b7f02205_2,0.00020436862541828305,0.4818594455718994
0498,147630_7f858240_15,0.004259979818016291,0.24948477745056152
0499,69337_2c778611_11,0.0001575966743985191,0.9072343111038208
0500,82498_92a00cd6_1,0.0029622786678373814,0.08216267824172974
0501,78775_e2d8b091_1,0.009617381729185581,-0.3044494390487671
0502,40067_95ae6c76_9,0.009032011963427067,0.032414913177490234
0503,80756_6f2e842f_0,0.0014116137754172087,0.7127813100814819
0504,25284_1da7aa8a_0,0.005797781981527805,-0.14726924896240234
0505,55605_2f8bc12e_62,0.0020016906782984734,0.9315416216850281
0506,39792_60786b6c_15,0.006343241780996323,0.8726572394371033
0507,34063_0ca1585e_2,0.001438662875443697,0.06747472286224365
0508,31664_1e85c690_13,0.0024281293153762817,0.9305724501609802
0509,131193_98f3ac52_1,0.006136977579444647,-1.744870662689209
0510,120221_e2eaa34b_2,0.0013604451669380069,0.5331788063049316
0511,130286_1f71bfed_3,0.0015060297446325421,0.5513381958007812
0512,118342_e8142153_21,0.0004962443490512669,0.816611647605896
0513,128043_9f8cd69e_1,0.00014142283180262893,0.8051674962043762
0514,41504_85e300ee_1,8.740466000745073e-05,0.623637855052948
0515,78863_d59be42e_0,0.0074752261862158775,0.10136926174163818
0516,31733_5118b376_3,0.033540233969688416,0.7606532573699951
0517,22208_e177deb7_5,0.002439873991534114,0.41711652278900146
0518,24026_1dd4094b_43,0.001665947143919766,-0.4569908380508423
0519,73388_10a40b49_1,0.004717749077826738,0.7222745418548584
0520,138219_cdff4f61_0,0.0035796721931546926,-1.362441062927246
0521,49399_dc56d180_1,0.0028327996842563152,0.9470199346542358
0522,41306_8f26e703_3,0.0004079601785633713,0.8593910932540894
0523,51590_034b8b08_14,0.04337935522198677,0.2664000391960144
0524,48402_8c965495_4,0.0002686380466911942,0.6135659217834473
0525,26388_a3367cba_0,0.005072140600532293,0.3677617311477661
0526,28300_b3a6ab79_6,0.0030194371938705444,0.8989802002906799
0527,43938_418421a7_0,0.0020542494021356106,0.06880813837051392
0528,41520_60018d18_0,9.363748540636152e-05,0.32580065727233887
0529,137869_344b239b_0,0.00013171315367799252,0.6901745200157166
0530,41648_577daf16_0,0.00621234392747283,0.7340754270553589
0531,31347_386f6298_10,0.0027745915576815605,0.9474919438362122
0532,82190_24b1b0fe_12,0.0032257442362606525,0.4350774884223938
0533,33741_4a973932_1,0.0031625039409846067,0.4756857752799988
0534,42005_3da46d94_0,0.0010458544129505754,-22.418527603149414
0535,132982_ee1eed2f_0,0.0015520951710641384,0.9337213039398193
0536,23898_6e740393_29,0.0019271780038252473,-2.7974040508270264
0537,105831_88a0fb85_6,0.006574297323822975,0.856616735458374
0538,31278_749a6317_0,0.000535092200152576,0.6785844564437866
0539,51586_2ad96f8c_4,0.0022685143630951643,-0.03570961952209473
0540,57000_cd1ddece_14,0.004961025435477495,-1.0221257209777832
0541,50692_e7ff2668_8,0.006574875209480524,0.76615309715271
0542,65346_e89312e5_0,0.0009165344526991248,-0.38512372970581055
0543,38840_0e449caf_4,0.004417120013386011,-0.14075636863708496
0544,29573_ca59fbbf_5,0.006411103531718254,0.9353670477867126
0545,30164_c5680724_12,0.01999080181121826,-0.05496680736541748
0546,138620_e21e10ee_0,0.0004061395302414894,0.6538786888122559
0547,50305_caf9cef2_34,0.002039313782006502,-2.528655767440796
0548,83396_fdb2987a_0,0.008427652530372143,0.6961690783500671
0549,28379_7e292343_4,0.006396343931555748,0.8590666651725769
0550,33529_756075a0_32,0.002453260123729706,0.8177034854888916
0551,109857_1d24326e_42,2.1156516595510766e-05,-0.05430412292480469
0552,22772_2b5f6629_6,0.00286588491871953,0.9529687166213989
0553,34600_e2685d46_2,0.004976820200681686,0.818137526512146
0554,122344_ab1b06aa_2,0.010777412913739681,0.80516517162323
0555,123573_5f5c9584_1,0.0007890559500083327,0.36339545249938965
0556,35166_562b126c_20,0.0007397516747005284,0.9713659882545471
0557,51350_138f893a_1,4.110775626031682e-05,0.605715274810791
0558,137785_67c3085b_16,0.0026354873552918434,0.9351446032524109
0559,50417_199cffee_12,0.011112770065665245,0.4631391167640686
0560,22194_a5c323b9_3,0.007373898755759001,-0.2030324935913086
0561,42329_df7f540f_18,0.008575256913900375,0.10558134317398071
0562,41779_25e4203d_6,0.001096592633984983,-0.6706768274307251
0563,51094_40aa8332_20,0.0056103249080479145,0.7894366383552551
0564,109762_cb162371_38,0.011360477656126022,0.40196382999420166
0565,45922_26941172_9,0.006193156819790602,-0.0662541389465332
0566,34587_ed155e93_0,0.00094963563606143,0.9727158546447754
0567,69589_a468c1b4_0,0.01629212684929371,0.6560028791427612
0568,44921_00dfb467_0,0.0001358803128823638,0.9668558835983276
0569,82672_4705a693_0,0.0016706513706594706,0.25570857524871826
0570,26778_a71e88a6_0,0.0001744570763548836,0.5297411680221558
0571,69488_7bfb2b67_0,0.0009389320621266961,0.9739096164703369
0572,22686_afe3a61e_0,0.00048091381904669106,-1.9711947441101074
0573,109772_5faa88e8_5,0.0026141004636883736,-0.78813636302948
0574,43938_418421a7_147,0.0023213084787130356,0.6811041831970215
0575,141694_b5ac3112_3,0.003682376816868782,-0.41929197311401367
0576,31973_093ea963_16,0.0007209425675682724,0.5473557710647583
0577,26858_e90dc419_25,6.21903091087006e-05,0.6401090621948242
0578,131350_bbdad30d_0,0.0003398038970772177,0.8062553405761719
0579,35741_c43475b8_1,0.0021705275867134333,0.24357593059539795
0580,30690_3df2c9e2_1,0.004040881991386414,0.6554762125015259
0581,122758_5f4efbf0_2,0.0012936471030116081,0.9148840308189392
0582,37822_3be11c62_0,0.0004193616914562881,0.8216918706893921
0583,91174_ee6ee92b_1,0.0011177557753399014,0.7381223440170288
0584,23676_52069f98_31,0.0311944130808115,0.6857713460922241
0585,27958_fee329eb_1,0.005707357544451952,-0.5481733083724976
0586,144534_3b4fdb09_18,0.004840961657464504,-0.3526785373687744
0587,30292_0b5e0265_1,0.017185814678668976,0.7660490870475769
0588,111062_e59e2d31_0,0.046321406960487366,0.4735843539237976
0589,135790_a27f9deb_77,0.0013232516357675195,0.742263913154602
0590,65842_de75838b_10,0.0024214356672018766,0.4934481978416443
0591,22475_9d9601a8_3,0.0004056130419485271,-1.2612669467926025
0592,119884_192e3265_0,0.006635534577071667,0.009653627872467041
0593,51463_3330e3aa_2,0.01057466957718134,-0.09731793403625488
0594,23231_efe613bb_4,0.004893070552498102,0.7493864297866821
0595,22895_4533b542_2,0.002092450624331832,0.6786047220230103
0596,146219_5661130f_4,0.005777216050773859,0.8746246099472046
0597,38953_19054857_19,0.001342067145742476,-0.19267523288726807
0598,21847_b2de7eb8_24,0.0025323741137981415,0.8283853530883789
0599,51603_034939eb_12,0.001633253414183855,-0.006727933883666992
0600,24843_5231632c_4,8.431202149949968e-05,0.9475460648536682
0601,41982_f75ceb8f_4,0.0004399122262839228,-2.346482515335083
0602,42937_c573c439_2,0.0007126675336621702,-1.9957141876220703
0603,61288_2d594195_0,0.006532387342303991,-9.738633155822754
0604,55006_94230c00_0,0.0021084360778331757,-1.0997052192687988
0605,49898_f42a885e_5,0.0045394450426101685,0.901059627532959
0606,55709_af3825c8_4,0.004457020666450262,0.8549349308013916
0607,144117_83c980ca_2,7.100462971720845e-05,0.7528256773948669
0608,40417_b8d98f73_7,0.00041584353311918676,0.7232851982116699
0609,53200_d1e30b87_11,0.0039586881175637245,-3.3406543731689453
0610,147009_977ee378_4,3.858904165099375e-05,0.6592174768447876
0611,63056_a5dfd66b_4,0.00012126904766773805,0.780889093875885
0612,22205_f48b96b3_10,0.00620688870549202,-0.41347599029541016
0613,51585_b695905b_4,0.0035465057007968426,0.9214730262756348
0614,24084_71f37c00_1,0.0026225531473755836,0.47367143630981445
0615,25815_0e853ad9_10,0.001925213960930705,0.879611611366272
0616,55030_11a6e3e8_3,0.034827377647161484,0.6852933168411255
0617,23042_1184de03_5,0.002320601139217615,0.932471752166748
0618,39719_e9629dbd_4,0.000280423293588683,-2.084451913833618
0619,51256_ed221095_2,0.000383818696718663,0.5712311267852783
0620,25810_93c8a71a_3,0.0022311375942081213,0.9146980047225952
0621,22208_e177deb7_1,0.005515856668353081,0.6140393018722534
0622,115624_d0acb46b_22,0.0036109050270169973,0.9431657791137695
0623,30708_4282508b_0,5.7254903367720544e-05,0.11381268501281738
0624,31117_cd5cdbdb_12,0.00012875218817498535,0.9444146156311035
0625,41733_1ec9b00c_32,8.352463919436559e-05,0.7534313201904297
0626,111387_c4243097_2,0.00046488302177749574,0.3685964345932007
0627,119869_e8f0dd81_19,0.0005769922281615436,0.5657685995101929
0628,34569_590239d6_0,0.003478748956695199,0.8403164148330688
0629,136318_130d6a06_23,9.488221985520795e-05,0.8818913698196411
0630,145132_7aea3b66_4,0.010395120829343796,0.8639425039291382
0631,41878_3aeaed3d_0,0.007362405303865671,-0.19725441932678223
0632,34583_a1cf326b_0,0.003110443940386176,0.9430733919143677
0633,116581_d405b783_0,0.005364219192415476,0.9271181225776672
0634,24044_9bbe7992_3,6.771394691895694e-05,0.9154853820800781
0635,22194_a5c323b9_2,0.006859746295958757,0.38177937269210815
0636,142076_08d80e12_21,5.671019243891351e-05,0.7490940093994141
0637,55817_6ac2912d_7,0.00010245472367387265,-0.10483551025390625
0638,21165_5cb2d287_2,0.00015632237773388624,0.6706053018569946
0639,39796_45dcdc7d_0,0.04234268516302109,0.45085448026657104
0640,33044_7fdd9213_1,0.019182855263352394,0.49166226387023926
0641,23731_3fe5b501_6,9.313584450865164e-05,0.8568345308303833
0642,32743_f4c47bbc_31,0.007182184141129255,0.33237332105636597
0643,108775_4908fba2_21,0.0010744573082774878,0.9045155048370361
0644,21941_1a683ec2_19,0.003058511996641755,0.7742648720741272
0645,27682_04277f62_18,0.004043599124997854,0.8143021464347839
0646,25815_0e853ad9_4,0.0029180129058659077,0.8117005228996277
0647,30261_723e95cf_2,0.001991061493754387,0.9160803556442261
0648,21385_601444ba_102,0.0030763365793973207,0.8552942872047424
0649,30368_d7fd30ce_7,0.0009602805366739631,0.6378519535064697
0650,55605_2f8bc12e_3,0.005867952015250921,0.04209625720977783
0651,24650_dad8c8ee_15,2.3282762413145974e-05,0.2735897898674011
0652,34227_48203345_7,0.00668331328779459,0.8136743307113647
0653,113348_ac85cba3_1,0.005289625842124224,0.431945264339447
0654,26552_25c5924a_1,0.0008744621300138533,0.6651453971862793
0655,55381_cbaffe9b_0,0.001564356847666204,0.5669437646865845
0656,55817_6ac2912d_25,0.014520143158733845,0.614113986492157
0657,138947_0778db40_4,0.0002404477563686669,0.9059698581695557
0658,52788_07f7da63_0,0.0017310203984379768,0.5702975988388062
0659,70355_e5f58cd5_6,0.0001868316176114604,0.6853698492050171
0660,51744_cd355565_8,0.0070475200191140175,-0.4448840618133545
0661,41227_90e1c07c_16,0.008821810595691204,0.7778429985046387
0662,45359_1768ab3f_42,0.006660211831331253,0.2971010208129883
0663,41783_d1c10326_3,0.0007365747587755322,-1.3695461750030518
0664,32960_0eaa1de8_13,5.01985487062484e-05,-2.6239373683929443
0665,34674_32ee1595_3,0.005785105749964714,0.8037840127944946
0666,136885_23632908_1,0.0028653645422309637,-0.022561192512512207
0667,136808_00592735_3,0.0010769194923341274,0.7657124996185303
0668,45589_49e3c7ea_5,0.0023744015488773584,0.9511191844940186
0669,141665_0564e852_3,0.002419279422610998,0.42229002714157104
0670,50897_3be92e2f_18,0.0016590679297223687,0.9612566232681274
0671,84256_4164b724_3,5.4036721849115565e-05,0.9481528401374817
0672,22994_e6ad8f2b_10,0.004952874034643173,0.816180944442749
0673,28295_0dc908b9_8,0.002838684245944023,0.11082243919372559
0674,23329_6939d5d9_5,0.0005553158698603511,0.38397538661956787
0675,123665_0a0da5c7_3,4.3083658965770155e-05,0.6636765599250793
0676,121172_0ac63503_7,0.00205873791128397,0.6101412177085876
0677,50941_2a8a8c76_0,0.0029767039231956005,0.9409690499305725
0678,37846_cde34fcd_66,0.007950831204652786,-0.33442115783691406
0679,56040_9b1307eb_21,0.004569266922771931,0.2883118987083435
0680,146535_229c95bc_1,0.000292426033411175,-0.33985161781311035
0681,50947_49287c16_2,0.003833386581391096,0.9373425841331482
0682,95622_0a0787e4_5,0.0001261322177015245,0.9317381978034973
0683,25432_f13e5110_0,0.004350122530013323,0.8630104064941406
0684,32454_e959e3cf_0,0.002278002444654703,0.9358905553817749
0685,65858_61e9b51a_18,0.002944518346339464,0.3282702565193176
0686,70350_751de4b0_3,0.011689444072544575,-0.616012454032898
0687,129239_0d49310c_15,0.0013219646643847227,0.4961467981338501
0688,31008_8fa25b35_8,0.003955717198550701,0.16471999883651733
0689,55306_795d845b_2,4.6158023906173185e-05,0.706635057926178
0690,29729_e8bb36f1_2,0.0013738550478592515,-0.6189628839492798
0691,67283_4097cbd6_5,0.0006719801458530128,-4.713541507720947
0692,23904_811e466f_4,0.00042627606308087707,0.6423698663711548
0693,116076_12d31fb7_1,0.001974469516426325,0.7028789520263672
0694,45302_02d7e3bc_0,0.002436030190438032,0.38729023933410645
0695,60977_4bb093ec_1,0.0017082181293517351,0.9238816499710083
0696,49017_76979790_8,0.0041776131838560104,0.20817804336547852
0697,146321_0dbae658_10,1.7467167708673514e-05,-0.7601927518844604
0698,102194_150e3faf_3,0.000724616926163435,0.9778066277503967
0699,34769_44655d03_5,0.0007168868323788047,0.19839602708816528
0700,38953_19054857_6,0.0013169286539778113,-0.08100724220275879
0701,55397_ad24603f_1,0.0002998403215315193,0.6887697577476501
0702,21908_385686ec_15,0.0019081748323515058,0.9078934192657471
0703,60721_57103153_4,0.0004166423750575632,0.332949161529541
0704,98701_7cd4ec8d_0,0.01115767564624548,0.7973326444625854
0705,91703_642cdf1a_1,0.005500826984643936,0.8965290784835815
0706,26661_ab88a525_5,0.0010370425879955292,0.7384040355682373
0707,51940_67bb0219_21,0.0004972520400770009,-0.05967247486114502
0708,22543_684108ff_22,0.00038834233419038355,0.6141027212142944
0709,145250_cde4d039_8,0.0012363221030682325,-0.39186739921569824
0710,20232_e5b060d9_6,0.00048173704999499023,0.1254987120628357
0711,128043_d4650350_0,0.03277602419257164,0.5598795413970947
0712,140530_30edf2c4_0,0.0015657488256692886,-0.3213951587677002
0713,131814_9af6d05a_0,0.0031546491663903,0.5256392955780029
0714,26245_4aac38e1_9,0.00041859751217998564,0.8251368403434753
0715,30282_88c6933c_14,0.007205503061413765,0.7235425710678101
0716,32322_71d0035e_1,0.0012993100099265575,0.9333343505859375
0717,131762_d10609a4_1,0.0034278584644198418,0.845163106918335
0718,54812_5f7b7aba_2,0.00048589566722512245,0.7866874933242798
0719,135830_8fb36dac_4,0.009264659136533737,0.5897713899612427
0720,139280_8874b1ab_4,0.00020035864145029336,0.56963050365448
0721,49904_639055dd_1,0.001628123689442873,0.8133889436721802
0722,53601_59d3ecd2_0,0.017098011448979378,0.2990318536758423
0723,50047_54241fe3_12,0.0029866532422602177,0.7688187956809998
0724,136925_70fb0381_3,0.0047466647811234,0.7095274925231934
0725,87488_95f678ce_0,0.025082817301154137,0.44624340534210205
0726,137166_90691294_2,0.0008614037069492042,0.427202045917511
0727,44030_17bd5ec9_11,0.0005332314758561552,0.1550534963607788
0728,137396_b5f6bec4_5,0.003124818904325366,0.9061465263366699
0729,21900_760d2078_10,0.008217278867959976,0.8809677362442017
0730,21185_ac5324ba_5,0.01203411165624857,0.6246827840805054
0731,31132_2320d049_4,0.0028269835747778416,0.9485781788825989
0732,82281_80cdf67c_4,8.591738878749311e-05,0.7832529544830322
0733,38287_88ec74de_15,0.002935025840997696,0.9431602954864502
0734,136128_831e37a6_0,0.003270042361691594,0.636215329170227
0735,21330_f0cee934_18,0.000175913650309667,0.8845350742340088
0736,34109_5a868eae_10,0.002416544361039996,0.7689588069915771
0737,21174_861bd902_2,0.004623590502887964,0.597023606300354
0738,49783_365bec9e_6,0.0035012587904930115,0.8949665427207947
0739,24429_ace910b3_8,2.095670424751006e-05,-0.22646665573120117
0740,22772_2b5f6629_4,0.004174993839114904,-0.06745278835296631
0741,53927_ef5208b9_14,0.012140627019107342,0.4942048192024231
0742,56250_3b6024e3_54,0.0017145362216979265,0.962531566619873
0743,23522_5c2ec58e_8,0.007870220579206944,0.752008318901062
0744,121177_93fb3127_10,0.0004820115864276886,0.12529200315475464
0745,138840_b7f948ea_2,0.0020835462491959333,0.7879351377487183
0746,41125_711db4bf_6,0.011278115212917328,0.7332487106323242
0747,102606_28922dfc_0,0.001451313029974699,-14.259805679321289
0748,31530_6744ae73_50,0.028053127229213715,0.4995076060295105
0749,50598_eae0df5a_1,6.45822801743634e-05,0.8819102048873901
0750,145726_19ccdbda_12,0.0008462828118354082,0.7286142110824585
0751,41469_b94cf3e4_0,0.0036855193320661783,0.24457716941833496
0752,147009_977ee378_1,0.006260089110583067,0.3982829451560974
0753,24267_8a216138_10,0.01063322089612484,0.13673537969589233
0754,63071_3d434a33_16,0.008515754714608192,0.5456509590148926
0755,34436_ffc43a58_4,7.699722482357174e-05,0.9335778951644897
0756,50692_e7ff2668_4,0.0019508046098053455,0.21832960844039917
0757,146642_883a71d2_9,0.029822692275047302,0.5290317535400391
0758,109772_f1a0845e_7,0.0026748753152787685,0.9375807642936707
0759,136640_16741d62_1,0.004846048541367054,-0.2303938865661621
0760,21680_360ba5c7_11,0.0019063400104641914,0.22548210620880127
0761,27729_09d75da1_2,0.0035179168917238712,0.8997931480407715
0762,82148_5df06ed9_19,0.02208757773041725,-0.5342963933944702
0763,55287_8a57a3db_1,0.012883376330137253,0.20742899179458618
0764,53221_74fa81cd_5,0.0009690675651654601,0.5352611541748047
0765,30417_0010bc7c_39,0.004037339240312576,0.6848502159118652
0766,23706_ef15ef9c_40,0.0006934759439900517,0.9010213613510132
0767,140763_e14274f8_3,9.403022704645991e-05,0.928816020488739
0768,23602_5daaccf5_3,0.0025027659721672535,0.5942795276641846
0769,30282_88c6933c_9,0.003105820156633854,0.8046259880065918
0770,56824_0fc773f6_0,0.013360582292079926,0.23834019899368286
0771,42410_d3b5588e_1,0.004308040719479322,0.3454522490501404
0772,55055_dd27a8a4_0,0.0031046064104884863,0.9431782960891724
0773,115633_a2c63339_6,0.0003169671108480543,0.6490996479988098
0774,73651_a41647f8_5,0.00024501243024133146,0.05022299289703369
0775,33413_060ce192_32,0.0033153241965919733,0.745316207408905
0776,97331_a482fa9b_0,0.0028702046256512403,0.39346742630004883
0777,23476_705b76d1_0,0.000761067436542362,0.9702315926551819
0778,32566_7bfc936b_6,0.025151358917355537,0.7622908353805542
0779,41717_eb1c1e6b_0,0.0055391499772667885,0.5561142563819885
0780,60720_ef9a0a95_8,0.0007219240069389343,-0.5429872274398804
0781,138700_ab763a46_202,3.058143556700088e-05,-15.876625061035156
0782,38287_88ec74de_17,0.01400196086615324,-1.302760362625122
0783,135535_0bd0048d_0,0.01844138093292713,0.7222504615783691
0784,21797_69df08d5_7,0.06849823147058487,0.4546380639076233
0785,65350_b3fa8f4f_47,0.015880322083830833,0.9269107580184937
0786,41714_1d49f4d1_3,0.0018448279006406665,0.7938591241836548
0787,66012_a13e1644_1,0.002940152073279023,-0.24682819843292236
0788,22652_564979ff_11,0.0007853651768527925,0.41620129346847534
0789,25127_ecba81df_23,0.002978256205096841,-0.9436501264572144
0790,47548_db93c988_4,0.0014836660120636225,-2.62956166267395
0791,55927_f8b31711_5,0.009844394400715828,0.47347843647003174
0792,31647_ab9ad9dc_2,0.002249424811452627,0.6959481239318848
0793,41128_ee74f244_8,0.002230578800663352,0.38952088356018066
0794,20959_d4905d19_4,0.0010216149967163801,0.7493569850921631
0795,52009_a2b75078_3,0.05413215234875679,0.4548150897026062
0796,22201_473a3a65_16,0.0021519826259464025,0.7084702253341675
0797,29442_365e23df_30,0.011472595855593681,0.6755112409591675
0798,51859_6b2fd0f1_8,0.0026732070837169886,0.9087086915969849
0799,140413_44177109_15,0.0005666903452947736,0.4973490834236145
0800,21822_7d3db422_11,0.006970507558435202,0.8063069581985474
0801,24168_a0ede173_100,0.00011782797082560137,0.9149643778800964
0802,145532_c2304f89_1,0.002297043800354004,0.6783391237258911
0803,104641_2cd02839_13,9.205646347254515e-05,0.6431955099105835
0804,23679_81ef9e37_2,0.003806576831266284,0.09302335977554321
0805,95271_de3df8d5_2,7.696289685554802e-05,0.6294281482696533
0806,41401_e4117da2_0,3.968235614593141e-05,0.1353403925895691
0807,48006_babdf4af_9,0.005993702914565802,0.9305911660194397
0808,142246_0851be5e_32,0.021644460037350655,0.6408205032348633
0809,33615_7bab1106_4,0.009510313160717487,0.3707035183906555
0810,31117_cd5cdbdb_18,0.0045972890220582485,0.9304125308990479
0811,34914_8911676d_0,0.0036327040288597345,0.7005196809768677
0812,55501_a09e4ced_2,3.899675721186213e-05,-0.4648435115814209
0813,41128_ee74f244_9,0.0019704878795892,0.3477180004119873
0814,142246_0851be5e_22,0.004925688728690147,0.10663604736328125
0815,22413_901f5867_0,0.0005412045866250992,-0.6379638910293579
0816,56490_0a0fba77_0,0.00403537368401885,-0.14458715915679932
0817,93676_4f934980_1,0.0012822486460208893,-1.8426012992858887
0818,146642_883a71d2_96,0.00293536065146327,0.6796096563339233
0819,24032_d6172503_3,0.0028930488042533398,0.5095539093017578
0820,44221_25c62f03_1,0.00295059266500175,0.9453502893447876
0821,50315_0f1419bf_33,0.006006764248013496,0.41698431968688965
0822,133389_0938a905_2,0.006874172016978264,-0.7446173429489136
0823,24824_cf51e5b6_4,0.0030959281139075756,0.4192233681678772
0824,33970_32f36442_3,0.00744748255237937,0.767755389213562
0825,29359_bbfab271_2,0.004478761926293373,0.21154534816741943
0826,23172_4ab01e83_0,0.002486367942765355,0.9395735263824463
0827,98511_1b46a85e_45,0.005132535006850958,0.8557505011558533
0828,98511_1b46a85e_46,0.0057595097459852695,0.8306694626808167
0829,34248_cc11976c_0,0.006431832909584045,0.7623569369316101
0830,104003_46555fb2_0,0.0004012252320535481,0.10778146982192993
0831,34520_035b5e9a_8,0.00343473837710917,-0.18046021461486816
0832,38397_93d5d7de_12,0.019687196239829063,0.7272436022758484
0833,130023_93b3ca95_1,0.002182702999562025,0.23173922300338745
0834,83213_47c49876_1,0.001627653487958014,0.8134458065032959
0835,43928_6ca53538_63,0.012548767030239105,0.7081804275512695
0836,82779_b7b722e3_9,0.003070032224059105,0.6333374977111816
0837,134967_0f27ef51_1,0.00017413859313819557,0.8697208166122437
0838,86024_714b24f4_1,0.0007651416817680001,0.9700249433517456
0839,40807_58058731_11,0.0024174933787435293,0.6354044675827026
0840,26750_cd3cb3ff_0,0.022429531440138817,0.6109254956245422
0841,126913_d253adb7_2,0.0022012204863131046,0.5656808614730835
0842,24268_2804c9ff_13,0.002963365288451314,0.9229208827018738
0843,45542_320c16fd_3,0.002173937391489744,0.9567803144454956
0844,22342_274ed8a6_1,0.0034962017089128494,0.24281400442123413
0845,133385_e6aa64d8_17,9.35036878217943e-05,0.6251733899116516
0846,143509_1dd5212d_3,0.0024944052565842867,0.9264307022094727
0847,47989_3ff0f41d_0,0.010877852328121662,0.690546989440918
0848,21822_7d3db422_14,0.023314541205763817,0.6633335947990417
0849,21517_bfe35b4c_12,0.0017713737906888127,-2.092153549194336
0850,52883_e518d3f4_10,0.0015078842407092452,0.7551890015602112
0851,41871_f9a1ad02_14,0.012383325025439262,-0.2388286590576172
0852,37016_455093c1_2,0.00014902054681442678,0.9201114773750305
0853,31117_cd5cdbdb_78,0.05890096724033356,0.5432422161102295
0854,129239_0d49310c_22,6.196512549649924e-05,0.8200885653495789
0855,30400_8824ce97_6,0.009939792566001415,0.7921751737594604
0856,53233_8dbca22c_8,0.004695689771324396,0.6706225872039795
0857,40514_bb61631d_25,0.0013858770253136754,0.6933982372283936
0858,24053_53349e4d_2,0.00021519472647923976,0.7230520248413086
0859,41917_f0c40fa1_16,0.000997432041913271,0.9764041304588318
0860,22543_684108ff_5,0.005806638393551111,0.7697969675064087
0861,138636_c1153075_0,0.00010713611118262634,0.904366135597229
0862,24448_75004b6c_6,0.001594456611201167,0.9492352604866028
0863,24831_bbd3e098_8,0.0003128361131530255,0.6934502124786377
0864,53221_74fa81cd_3,0.0011267798254266381,0.6954015493392944
0865,76879_65a30a82_4,0.0003270076122134924,0.4654315710067749
0866,108773_f9384cff_10,3.955483407480642e-05,0.5825517177581787
0867,33671_0e9c6ca3_5,0.0012634331360459328,0.8996526002883911
0868,93103_fdb9fcb7_15,0.009450450539588928,0.4900638461112976
0869,137675_d2bd633e_0,0.002079686848446727,-0.3024921417236328
0870,21893_0500d043_32,0.0026465151458978653,-0.730199933052063
0871,22110_0bc70e9f_1,0.0033517489209771156,-1.0598351955413818
0872,43152_b5472481_1,0.0014402802335098386,0.4591439366340637
0873,115717_40314bc2_1,0.01147021260112524,-0.0022057294845581055
0874,102943_ca9e7968_0,0.00034919916652143,0.5248415470123291
0875,136401_69f29349_0,0.006985821295529604,-3.633768081665039
0876,28542_3c922564_0,0.0016717638354748487,0.3903869390487671
0877,24267_8a216138_6,0.004696209914982319,0.7424508333206177
0878,84374_272a9731_7,0.003765112953260541,0.5035871267318726
0879,23531_1ecc8346_18,0.02975313924252987,0.7097793817520142
0880,41871_f9a1ad02_30,0.006954223848879337,0.7892240881919861
0881,132461_14abd2d0_0,5.623351171379909e-05,-0.5698815584182739
0882,37617_3f415463_2,0.0005468130111694336,0.10646551847457886
0883,41696_de0790a1_1,0.0020900843665003777,0.9535877704620361
0884,54657_2a66e0de_20,0.00986794475466013,0.09386730194091797
0885,24425_0dc4b306_0,0.0020501434337347746,0.7992215156555176
0886,146667_fe438b5b_0,0.0010541148949414492,0.9599100351333618
0887,23048_8a1a5553_8,0.00024184920766856521,-5.507286548614502
0888,51871_86ebf5b2_17,0.003332942957058549,0.38984978199005127
0889,30664_a3084f71_6,0.004576812498271465,0.7191615104675293
0890,139801_97e2ca6a_5,0.003281740937381983,0.32808899879455566
0891,22278_12f1fb79_13,0.008937055245041847,0.41858381032943726
0892,22776_facf9bcf_8,0.0037560719065368176,0.872158408164978
0893,40500_6055e3d7_15,0.03830346465110779,0.6179722547531128
0894,35740_5322d674_13,0.0003901866730302572,0.7626237869262695
0895,39792_60786b6c_12,0.0025909331161528826,0.9059394001960754
0896,115524_4a411f7e_0,0.0005495247314684093,0.875167965888977
0897,24131_3ea7d5a8_17,0.010212060064077377,0.5074160695075989
0898,100326_0602c712_2,0.0187661312520504,0.4039098024368286
0899,34571_25c64838_2,0.008400514721870422,0.5021145343780518
0900,143534_4f65fd1a_0,0.002177382819354534,0.2638450264930725
0901,101446_95204330_1,0.0025474708527326584,-0.6149327754974365
0902,41749_14d0599c_10,0.0004991698078811169,-0.4568173885345459
0903,55715_525d1d3e_12,0.0013468157267197967,-2.994903326034546
0904,45307_b9b4bca0_30,0.02418357878923416,0.8267980217933655
0905,22654_4c426b0f_0,0.0020230491645634174,0.7466644048690796
0906,22670_9353c710_4,0.0011268933303654194,0.6544255614280701
0907,99445_94c22a37_11,0.0036859936080873013,0.9452345371246338
0908,132811_57264a28_4,0.0033210411202162504,0.7286840677261353
0909,23258_87a2ba81_3,0.00017009243310894817,0.7311358451843262
0910,50777_2934de55_22,0.00644832756370306,0.7710992693901062
0911,98418_4185a7fb_0,0.006544641684740782,0.8414472937583923
0912,43441_e1ab0873_2,0.00027461964054964483,-2.3276877403259277
0913,24271_dbc0fd2d_12,0.0001428471878170967,0.9685572981834412
0914,38944_0d0c3fce_0,0.04361746832728386,0.7174264192581177
0915,40624_e1c5c424_11,2.3070098905009218e-05,0.4189561605453491
0916,100028_0c3a8f1c_13,0.0039529986679553986,0.94915372133255
0917,40491_ac67bf4c_13,0.002932598115876317,0.9449914693832397
0918,25416_1deb9c75_0,0.004146704450249672,0.28219711780548096
0919,21657_2651585a_6,0.0014210316585376859,0.9246798753738403
0920,21986_67c5509a_15,0.00843473058193922,-0.04652965068817139
0921,32288_34013274_2,0.005292733199894428,0.1041603684425354
0922,55373_ddd74d2f_0,0.009965303353965282,-0.2870454788208008
0923,26245_4aac38e1_0,0.0019104934763163328,0.8905321359634399
0924,33044_7fdd9213_0,0.0010618037777021527,0.8104165196418762
0925,31530_6744ae73_48,0.04956485331058502,0.5211992263793945
0926,25555_fd3d9a3c_1,0.0002123279991792515,0.7019035220146179
0927,54175_7d864ace_6,0.0031439573504030704,0.29396575689315796
0928,72950_5074f5a3_0,0.0016778738936409354,-0.10916674137115479
0929,129618_2962c248_0,0.01488247700035572,0.7514351606369019
0930,52012_77070fda_10,0.00012267626880202442,0.8076132535934448
0931,28295_0dc908b9_7,0.003214061725884676,0.1366143822669983
0932,144419_90e59d67_2,5.39789252798073e-05,0.4034727215766907
0933,22734_f6bad9f7_24,0.010764128528535366,0.6668728590011597
0934,22604_0b4ffb43_14,0.003104605944827199,0.9431782960891724
0935,81996_b3752ed2_3,0.00012426183093339205,0.8884851932525635
0936,24504_493cee15_8,0.005454328376799822,0.7828197479248047
0937,39124_28e99e62_1,0.000913477735593915,-0.027852177619934082
0938,29725_0ad4937e_1,9.569722169544548e-05,0.8270256519317627
0939,109232_04340d62_6,0.0005715448060072958,-9.396684646606445
0940,129075_8fbf62e5_0,0.001497372635640204,-0.1849961280822754
0941,102937_18c3cb6a_4,0.009201662614941597,0.6773776412010193
0942,52551_8098346a_5,0.000756246445234865,-0.31549787521362305
0943,128043_6947b64c_0,0.0073883794248104095,0.5734886527061462
0944,119030_292009a7_41,0.0030384741257876158,0.5542871952056885
0945,48526_5aecac8a_0,0.005203029606491327,0.12387293577194214
0946,32541_86f7df73_4,0.00038100630627013743,0.6375371217727661
0947,55114_7bf17f6a_0,0.015265995636582375,-0.10669600963592529
0948,55285_6816da52_1,0.026597222313284874,0.4243723154067993
0949,37683_e2cca100_17,0.00025299564003944397,0.6016862392425537
0950,78775_e2d8b091_15,0.0069463225081563,0.7728798985481262
0951,93199_2146e709_2,0.0016825338825583458,0.8013622760772705
0952,135595_656de97a_14,9.487695206189528e-05,0.9319770336151123
0953,24284_3710e946_16,0.0024161043111234903,0.9452624320983887
0954,135521_30553c91_2,0.0005784828681498766,-7.389992713928223
0955,29732_fb15318c_5,0.0008336252067238092,0.20810943841934204
0956,88060_389bdff4_0,0.004584296606481075,0.7210263013839722
0957,27839_4a077326_28,0.011069593951106071,0.7257211208343506
0958,100435_87bf423d_8,0.002762217540293932,0.9455715417861938
0959,25365_bb0e4ede_44,0.0009687640704214573,-0.37395989894866943
0960,146169_144d8264_0,0.04268670454621315,0.7694596648216248
0961,23342_7193a931_3,0.0001420266053173691,0.5815703868865967
0962,57000_cd1ddece_12,0.0025707778986543417,0.9486024975776672
0963,119790_1ed376f0_3,0.00062690454069525,0.3157976269721985
0964,72522_e9e87960_4,0.002932014875113964,0.9449672698974609
0965,65366_f618b577_2,0.0021955936681479216,-0.9111918210983276
0966,55707_c78416ed_35,0.009305406361818314,0.5137025117874146
0967,70321_eccffc7e_0,0.0009186692186631262,0.7620124220848083
0968,120143_b5756e6b_0,0.009481998160481453,-0.3167872428894043
0969,27726_aca43af4_35,0.0001310101943090558,-5.086872577667236
0970,31361_72aab333_20,0.00176965759601444,0.4375847578048706
0971,121949_e10b5e85_12,0.004539435263723135,0.8746193051338196
0972,146399_0e4b73c4_13,0.004742284305393696,0.9026452302932739
0973,41134_fc146947_6,0.001694646431133151,0.20774877071380615
0974,21237_7887a24b_35,0.0012196104507893324,-4.042088031768799
0975,24885_55e20ddf_3,9.27419459912926e-05,0.9083738923072815
0976,34914_8911676d_23,0.0011688818922266364,0.79226154088974
0977,21803_8a36dcda_12,0.0068383836187422276,0.7711775302886963
0978,41306_8f26e703_5,3.150871634716168e-05,0.6598580479621887
0979,25118_f50fdc69_10,6.558405584655702e-05,0.9042115211486816
0980,25473_0991d519_9,0.003715240629389882,0.9069661498069763
0981,126585_86fa26cb_0,7.337100396398455e-05,0.9093878865242004
0982,145691_69484976_9,0.007764728739857674,0.30185723304748535
0983,60729_c51868ec_0,0.0014068244490772486,0.2249782681465149
0984,123929_e7dbad2c_0,0.004957323893904686,-1.354785680770874
0985,69649_70b07cac_0,0.0019259726395830512,0.9574565887451172
0986,55135_f1186d58_9,0.00027188757667317986,0.6612685918807983
0987,20838_86c931be_2,0.0028049801476299763,0.6512567400932312
0988,45242_626509cb_11,0.0015976261347532272,0.29400259256362915
0989,34983_439766af_13,0.006581633351743221,0.9315401315689087
0990,53453_fb0f1640_1,0.014472521841526031,0.5606542825698853
0991,23255_972fbfe6_25,0.0012898065615445375,0.9593442678451538
0992,24168_a0ede173_203,0.12155408412218094,0.323969304561615
0993,55476_1473d91f_0,0.0016707810573279858,0.14822524785995483
0994,55111_ef389075_1,0.004469652660191059,0.829166054725647
0995,141710_17531562_1,0.0009729912271723151,0.9183050394058228
0996,96601_b89e6252_1,6.92573594278656e-05,0.6316935420036316
0997,135790_a27f9deb_43,0.03064567781984806,0.6073641180992126
0998,121363_746708db_0,0.0012522308388724923,0.5181898474693298
0999,136886_3aa46890_0,0.0004536376509349793,0.8308560848236084
1000,50315_0f1419bf_19,0.020223965868353844,0.7218195199966431
1001,37846_cde34fcd_14,0.00014717891463078558,-0.6640551090240479
1002,24816_ef81ad4c_1,0.0019296454265713692,0.3099961280822754
1003,75646_4baf69b2_7,0.008143921382725239,0.8859591484069824
1004,140155_81f9ac63_0,0.004332100041210651,-0.08080935478210449
1005,51603_034939eb_10,0.007177124731242657,0.6023904085159302
1006,30435_c97330d2_0,0.0002272934652864933,0.6156870126724243
1007,27839_4a077326_27,0.0017660531448200345,0.9039738178253174
1008,55627_971fde61_34,0.008777281269431114,0.32143068313598633
1009,134909_ef3d003c_0,0.00010872224811464548,0.893340528011322
1010,33413_060ce192_51,1.625525692361407e-05,-1.2522046566009521
1011,22245_ca848576_12,0.0006448838976211846,0.24687737226486206
1012,52039_ba12c3ac_1,0.0025186629500240088,0.9496462345123291
1013,39707_358f88df_2,0.0010481029748916626,-0.11612224578857422
1014,50014_33f250c8_3,0.08484099805355072,0.22611820697784424
1015,52987_387431ac_1,0.014283660799264908,0.019238710403442383
1016,33501_b1ee5058_15,0.002463652053847909,0.9510097503662109
1017,82168_4844bddd_1,0.007511491421610117,-0.014190435409545898
1018,30384_95e72fc2_4,0.00011910137254744768,-0.3117210865020752
1019,23554_a0845d54_2,0.0032322038896381855,-1.7018847465515137
1020,23800_65e0a5d1_0,0.000486710574477911,-0.5338649749755859
1021,41128_ee74f244_0,5.84378358325921e-05,0.9413317441940308
1022,143019_22dbd3e6_2,0.013970467261970043,0.5567537546157837
1023,79993_6087acd5_8,0.01176629588007927,0.6277685761451721
1024,21422_b2a6bf27_0,0.003337973728775978,0.9449661374092102
1025,25487_dd2c17e8_21,0.0007948293932713568,0.294253945350647
1026,22654_4c426b0f_10,6.485881749540567e-05,0.5644456148147583
1027,30368_d7fd30ce_6,5.1043542043771595e-05,-0.09169483184814453
1028,57249_6bd2af3c_2,0.0006753068300895393,0.9750880599021912
1029,57029_3ab80a22_0,0.0028703261632472277,0.43058472871780396
1030,79906_052c7eb4_3,0.007317524403333664,-0.5861791372299194
1031,82996_b8dc67c9_10,6.578194006578997e-05,0.9092187881469727
1032,119884_192e3265_1,0.0032801537308841944,-0.4959937334060669
1033,21225_c081eae3_10,0.005918429233133793,0.6606841087341309
1034,121949_e10b5e85_1,0.002784798853099346,0.29533159732818604
1035,81994_ba8916c9_5,0.00012634741142392159,0.889599084854126
1036,22447_4062c6cb_29,0.0026644153986126184,0.9550540447235107
1037,55044_ee57bac8_1,0.00011016974167432636,0.5814195871353149
1038,41871_f9a1ad02_13,0.05813683196902275,0.6734805107116699
1039,74688_a5168a45_2,2.9817207177984528e-05,-5.406639575958252
1040,23218_02d26ab4_4,0.00012850170605815947,0.7044405937194824
1041,41205_dc60aa5d_0,0.002250591991469264,0.44049346446990967
1042,41979_ca698776_0,0.00275264959782362,0.4354570508003235
1043,141453_50ec6f25_7,0.0018536513671278954,0.9474917054176331
1044,97143_5424c420_0,0.0015942580066621304,0.5908519625663757
1045,41986_26275a06_2,0.0025096768513321877,0.7634220719337463
1046,136800_c5e4d711_2,5.598738061962649e-05,0.9234734773635864
1047,101635_11b839a3_5,0.00015129994426388294,-0.23954272270202637
1048,55866_b041060d_0,0.000600662489887327,0.9632358551025391
1049,53846_89405f98_0,0.002401923993602395,0.5092604160308838
1050,27725_5cceaeb7_1,0.009540481492877007,0.13917487859725952
1051,146137_92faaea5_9,0.0037538425531238317,0.6992254257202148
1052,41211_11f6b8a0_4,0.0004182868869975209,0.8277329802513123
1053,21330_f0cee934_46,0.002589668845757842,0.9482244253158569
1054,127188_5fecd146_4,0.00011640987213468179,0.8400416374206543
1055,135949_06517574_8,3.162354914820753e-05,0.6721600294113159
1056,68928_0d4e4a2e_24,0.006966232322156429,0.5619632005691528
1057,50410_f8f03667_38,2.0706753275590017e-05,-0.4255549907684326
1058,142999_171240b6_21,0.0011969802435487509,0.11497223377227783
1059,144709_642fc665_0,0.007165020797401667,0.2958717346191406
1060,53232_f8760054_10,0.0010477473260834813,-9.027822494506836
1061,22372_e91792a1_0,5.3624924476025626e-05,0.31225883960723877
1062,21767_53eaa558_12,0.05945942550897598,0.2316400408744812
1063,32220_1fd19c5e_0,0.0010217134840786457,-0.049681782722473145
1064,22886_a6331748_1,0.0018719517393037677,0.8281346559524536
1065,130996_b842b511_12,0.0018523160833865404,0.8292691707611084
1066,55571_74a416b1_1,0.0003452845267020166,-1.9289298057556152
1067,70169_914780d4_1,0.0023131445050239563,0.11915647983551025
1068,23156_7788f78a_6,0.07176771014928818,0.4807016849517822
1069,124496_20e20439_10,0.00018322702089790255,0.5972912311553955
1070,76300_7cb02add_1,0.0038873031735420227,0.42439043521881104
1071,21647_6b6cca6f_10,0.0009273720206692815,0.49383336305618286
1072,22734_f6bad9f7_23,0.009181694127619267,0.6175047159194946
1073,94176_0a6c42ab_2,3.293861300335266e-05,-5.044938564300537
1074,24048_d731886d_9,0.0029513442423194647,0.674690842628479
1075,25487_dd2c17e8_30,0.0035693699028342962,-0.613481879234314
1076,115717_40314bc2_4,8.825901750242338e-05,0.7129131555557251
1077,125592_875faf40_0,0.00921984575688839,0.572045624256134
1078,41871_f9a1ad02_44,0.005887339357286692,0.5840713977813721
1079,146642_883a71d2_8,0.0008867935393936932,0.7836373448371887
1080,136883_076fbff9_31,0.001174161210656166,-2.8838717937469482
1081,60766_fb8715eb_3,0.0014360196655616164,0.8949843645095825
1082,30818_33617072_0,0.014563001692295074,0.2626751661300659
1083,130679_7a357a9c_18,0.008651629090309143,0.4910845160484314
1084,55306_795d845b_0,7.824246131349355e-05,0.8322696685791016
1085,135934_d2f6bb2e_33,0.00010826664220076054,0.8556578755378723
1086,111054_e45a0d40_7,0.058500032871961594,0.43411099910736084
1087,36826_d9269c2e_10,0.007389559876173735,0.49806809425354004
1088,37619_ae810a8d_7,2.6764702852233313e-05,-11.22390365600586
1089,22343_34184fd5_22,0.0006676855264231563,-1.066514492034912
1090,113020_de552f8d_0,9.007492189994082e-05,0.9436731338500977
1091,20216_89b90993_0,0.0067037735134363174,0.5533940196037292
1092,23325_292b3294_16,0.004551433492451906,0.5670011043548584
1093,23522_5c2ec58e_9,0.004195354413241148,0.6814585328102112
1094,146624_359752bb_20,1.4054216990189161e-05,-6.0850114822387695
1095,104990_11b4aeee_1,0.0024814342614263296,0.9432790875434875
1096,90917_4670b560_0,0.025064921006560326,0.5128574371337891
1097,54818_59adf8c2_5,0.003866462502628565,-2.3437914848327637
1098,34109_5a868eae_3,0.0011474156053736806,-0.8719935417175293
1099,23161_e7f63a9f_2,0.011986322700977325,-0.08456826210021973
1100,37160_2a95674a_27,0.004624892491847277,-0.6158360242843628
1101,61280_8bdbc90f_0,0.002541341818869114,0.9087283611297607
1102,55083_dac1f9cc_2,0.0025545437820255756,0.7873347997665405
1103,34341_d19b12fb_14,3.329258834128268e-05,0.6688695549964905
1104,54516_ac9e2ef4_61,0.0020031051244586706,0.6673895716667175
1105,24559_3c306e71_2,0.0007170367171056569,-0.45963549613952637
1106,105831_88a0fb85_1,0.003940482623875141,0.8502863049507141
1107,32743_f4c47bbc_19,0.0041643050499260426,0.2262137532234192
1108,40500_6055e3d7_18,0.0024959442671388388,0.8801884055137634
1109,22862_f5406bb0_0,0.004462029319256544,0.9282197952270508
1110,141081_ae61ec46_0,0.003777054138481617,0.9453219771385193
1111,135112_cf8007b8_4,0.018028821796178818,0.726499080657959
1112,131442_1512d9ff_5,7.045095844659954e-05,0.8509098887443542
1113,145132_7aea3b66_1,0.10639914870262146,0.5972887277603149
1114,41871_f9a1ad02_45,0.004452785477042198,0.1417454481124878
1115,51775_49ef614a_1,0.0014068156015127897,0.6013864278793335
1116,143293_fc5b0ff7_23,0.0008490662439726293,-0.5512051582336426
1117,51547_a7e01c38_6,8.640746818855405e-05,0.8761988282203674
1118,114021_44c3c39c_2,8.820292714517564e-05,0.7801059484481812
1119,123766_c5a4cf5e_0,0.0005666135111823678,-2.6125922203063965
1120,23031_0d684603_8,0.0014774436131119728,0.3631836771965027
1121,132996_c742ef84_4,0.008771287277340889,-0.21717298030853271
1122,137096_5d77f285_1,0.003001861274242401,0.641706109046936
1123,27072_b4756e8c_2,0.002307054353877902,0.47821635007858276
1124,51915_e704f5dd_2,0.009393421933054924,-0.46894145011901855
1125,132811_57264a28_13,0.00267914985306561,0.9548958539962769
1126,49396_98ab955d_13,0.008692728355526924,0.030892670154571533
1127,132081_761d26ad_0,0.0010485664242878556,0.9719315767288208
1128,82906_7b72e0e8_2,0.006537789478898048,0.8178585171699524
1129,92649_26fe8262_0,0.0007973898318596184,0.6321115493774414
1130,21803_8a36dcda_11,0.011400003917515278,0.6933751702308655
1131,30637_f6324fc6_5,0.0002673257258720696,-0.7693300247192383
1132,105560_a6f91315_12,1.9141525626764633e-05,-1.6809816360473633
1133,41737_d80c34b9_0,0.012594700790941715,0.24752700328826904
1134,34983_439766af_12,0.0028298047836869955,0.7216290235519409
1135,122755_60c41889_10,7.061092765070498e-05,-0.13157451152801514
1136,76879_65a30a82_2,0.03581707179546356,0.6796182990074158
1137,89816_cef36e57_4,0.0028573705349117517,0.9528791904449463
1138,49406_100c707b_3,0.0010757592972368002,0.8759598731994629
1139,105560_a6f91315_10,2.408300497336313e-05,0.479993999004364
1140,129421_483d2957_5,0.0001376777800032869,0.41991543769836426
1141,122740_fc5c94eb_33,0.001407582894898951,0.9569024443626404
1142,135595_656de97a_5,0.0004888223484158516,0.82146817445755
1143,35740_5322d674_5,1.6307527403114364e-05,-4.6598076820373535
1144,23681_932e722e_18,0.002495119348168373,0.952771782875061
1145,108244_329b1876_17,3.145592563669197e-05,-6.308788776397705
1146,125745_cf468448_6,0.0029910036828368902,0.29671144485473633
1147,138838_c9a9e790_6,0.007065936457365751,-0.37350785732269287
1148,102416_b74464a2_4,1.7994019799516536e-05,-6.137426376342773
1149,30426_2cde26de_21,0.00041053351014852524,-0.22026920318603516
1150,137837_9c9f163d_5,0.0009431188809685409,0.006905496120452881
1151,25487_dd2c17e8_15,0.005762322805821896,0.24889737367630005
1152,21549_18160a0a_4,1.617654925212264e-05,-1.283461570739746
1153,21385_601444ba_0,0.0074448361992836,0.5368632674217224
1154,35233_add576ba_9,0.00778370862826705,0.4916297197341919
1155,55345_c6423351_0,0.005269865971058607,0.1468498706817627
1156,110697_4b2725f1_0,0.002238634740933776,0.9478511810302734
1157,109946_242843a6_1,8.05047748144716e-05,-0.8977478742599487
1158,34341_d19b12fb_22,1.959594192157965e-05,-1.2279000282287598
1159,23247_bcd1e84f_21,0.008240371011197567,-0.7302374839782715
1160,131765_29b29f08_6,2.2519612684845924e-05,0.5123333930969238
1161,21395_7d6fda6f_12,0.0015372076304629445,-0.3453768491744995
1162,135460_6471e973_15,0.0006195767782628536,0.7964779138565063
1163,51741_49d61151_7,0.00358984200283885,0.8702871799468994
1164,28382_90b7cc0c_12,0.0006142228958196938,0.7772020101547241
1165,30850_05d88af9_2,0.003027962287887931,0.8750909566879272
1166,86278_1e55d036_12,0.0002557348634582013,-0.9034812450408936
1167,67240_525e92c1_1,0.0022527342662215233,-0.8076250553131104
1168,82002_ef2b4feb_6,0.002323149237781763,0.9553620219230652
1169,53364_ec8aad42_1,0.013619459234178066,0.41479945182800293
1170,135771_b030a25c_17,0.0017691354732960463,-1.0464990139007568
1171,135906_29d7b495_1,6.436260446207598e-05,0.8849294781684875
1172,21822_7d3db422_38,0.0013668467290699482,-0.3867182731628418
1173,81136_5b86c723_1,9.55269715632312e-05,0.29848039150238037
1174,25473_0991d519_2,0.03208353370428085,0.444932758808136
1175,73405_94381b7c_5,0.003684267168864608,0.3807147741317749
1176,24009_c40b0d48_2,0.0007205643341876566,0.9778716564178467
1177,22162_439af02a_1,0.0025300427805632353,0.9502521753311157
1178,146159_f3f80701_0,0.00416924525052309,-0.11165487766265869
1179,51895_5760b481_15,0.05911220237612724,0.3708515167236328
1180,33500_e58e287e_1,0.01262650080025196,0.41225486993789673
1181,31838_2e4bd173_0,0.0048556849360466,-2.2457613945007324
1182,146137_92faaea5_18,9.397912072017789e-05,0.1773684024810791
1183,124879_2257a334_2,0.00017158615810330957,-0.8832234144210815
1184,144145_510eedc2_7,0.0064514703117311,0.8804386854171753
1185,21237_7887a24b_78,0.0016454473370686173,0.856907844543457
1186,82297_93739ce0_6,0.0013406752841547132,0.5592857599258423
1187,51536_a18dc325_31,0.0006825499003753066,-2.308375597000122
1188,93103_fdb9fcb7_7,0.0028941575437784195,0.626422643661499
1189,24590_415f7013_9,0.0020081440452486277,0.6279283165931702
1190,130659_16f2db4c_0,0.0002775846514850855,0.9081699848175049
1191,23083_fdb942ac_2,0.0013627860462293029,0.9431386590003967
1192,23954_a8c09819_2,0.0029847323894500732,0.9421182870864868
1193,30417_0010bc7c_13,0.010110830888152122,0.10092055797576904
1194,120535_e304dfca_1,0.0026488115545362234,0.8057098984718323
1195,93199_2146e709_9,0.0027696467004716396,0.36401885747909546
1196,23686_cba4f679_15,0.01918523944914341,0.5699880123138428
1197,40807_58058731_20,0.016587935388088226,0.8330426216125488
1198,94410_d32e7520_35,0.008545470423996449,0.7872310876846313
1199,79695_fd8bae0e_0,0.005240465048700571,-0.33256030082702637
1200,129422_621d0a90_35,0.006070900242775679,-1.8512747287750244
1201,44932_16cb7f21_5,0.0075798602774739265,0.7853187322616577
1202,136550_8a8672e5_1,0.0008560637943446636,0.7596791982650757
1203,20495_e8e7e80c_3,0.0035683675669133663,0.9361782073974609
1204,31962_e5291336_50,0.0023866845294833183,-1.276745319366455
1205,24888_5be1de05_1,8.712863200344145e-05,-0.6571141481399536
1206,34114_7e58a97d_10,0.008543009869754314,0.6715628504753113
1207,108433_37a79370_0,0.007780229207128286,0.31251436471939087
1208,22844_9b75b8e0_1,0.0008245636709034443,0.9657956957817078
1209,115637_b4d41e8a_0,0.003136618062853813,0.6963558197021484
1210,53474_f29e4438_15,0.023279353976249695,0.3377711772918701
1211,26766_1aaa348c_0,0.0017192374216392636,0.7559526562690735
1212,51940_67bb0219_7,0.0036185793578624725,0.408668577671051
1213,41714_1d49f4d1_13,9.696912457002327e-05,0.6176060438156128
1214,21815_7090778f_9,0.006201285868883133,0.49108898639678955
1215,32843_8e5bdf24_0,0.002836571540683508,0.8743191957473755
1216,23686_cba4f679_10,0.007837587967514992,0.023334622383117676
1217,114425_891ab08d_0,0.006278045475482941,0.2172030210494995
1218,41786_02d48cdd_5,0.0021580965258181095,0.666050374507904
1219,22895_4533b542_1,0.0039907838217914104,0.7712744474411011
1220,49016_cd1b47bf_6,0.015191095881164074,0.5187787413597107
1221,51674_a70c1c6c_3,0.00015090811939444393,0.7586776614189148
1222,52972_6e5a5ada_11,0.007907298393547535,0.66436767578125
1223,120700_d818883a_8,8.017547952476889e-05,0.8914453387260437
1224,34530_9525ffcd_0,0.0040551768615841866,0.9237412214279175
1225,24355_99bf3f8f_1,0.0005713000427931547,-0.10635876655578613
1226,56250_3b6024e3_46,0.012255962006747723,0.783302366733551
1227,56355_727ca47c_3,0.0021730579901486635,0.47527968883514404
1228,35057_9af89947_1,0.003253831760957837,0.4891434907913208
1229,120881_a946667f_13,0.0001414223515894264,0.8051679730415344
1230,143021_c6df0146_5,7.952307350933552e-05,0.5571804046630859
1231,69240_dc199112_3,0.001321478746831417,-0.20273172855377197
1232,41733_1ec9b00c_15,0.0016598404617980123,0.6543416976928711
1233,30298_24191733_2,5.073722786619328e-05,0.6491198539733887
1234,30400_8824ce97_18,0.006052435841411352,-0.2637883424758911
1235,37040_ecbcd25e_36,0.004450086038559675,-0.20021140575408936
1236,23035_6087bb57_4,0.0002740333729889244,0.5899052619934082
1237,38675_6e07d74b_26,0.04338642954826355,0.39968162775039673
1238,31751_e37382e1_9,0.0011942092096433043,0.8726659417152405
1239,54601_e1da5b93_4,0.0028627016581594944,0.9430480599403381
1240,142999_171240b6_29,0.00846904143691063,0.35802334547042847
1241,137646_14bca880_0,0.0037724620196968317,0.6516104936599731
1242,37519_442dc408_1,0.0002444935671519488,0.7012238502502441
1243,47195_a8cd8bad_6,0.0013239505933597684,0.9158094525337219
1244,22474_b10fea1a_6,0.00295471353456378,0.6592209935188293
1245,53200_d1e30b87_10,0.003557784017175436,0.3809126615524292
1246,41472_f9d73638_9,0.0009140315232798457,0.06051403284072876
1247,126397_cc08a23d_1,0.00012271896412130445,0.800834596157074
1248,31838_2e4bd173_4,0.0029150554910302162,0.9480320811271667
1249,52006_d21e4570_7,0.0025500271003693342,0.4945196509361267
1250,62109_08c31aa8_0,0.00217784708365798,0.6119292974472046
1251,49403_458914df_0,0.0014048360753804445,0.17017978429794312
1252,122914_76ff1f5e_2,2.6176288884016685e-05,-1.3297605514526367
1253,34913_d23e2a24_2,0.0011107065947726369,0.5029944777488708
1254,104641_2cd02839_15,0.00010548786667641252,0.6951642036437988
1255,131632_6144b102_1,0.00394492968916893,0.9530333280563354
1256,30850_05d88af9_0,0.007359908893704414,0.42251330614089966
1257,86296_8a6ed4d3_7,7.315201219171286e-05,0.7746896743774414
1258,34983_439766af_7,0.006800010800361633,0.9031246900558472
1259,33374_7491cbf8_2,0.017813101410865784,0.8276527523994446
1260,50694_afd26bd5_10,0.004559651017189026,0.9510363340377808
1261,50292_e84db1fb_8,0.0006470991647802293,-1.208178997039795
1262,81367_622a9e51_2,0.005687106866389513,-0.4280606508255005
1263,78966_584c5305_0,0.0012004486052319407,0.37406325340270996
1264,79905_623eae86_1,0.05285800248384476,0.5671411752700806
1265,63055_6b907478_15,0.0013528249692171812,0.8920852541923523
1266,135771_b030a25c_4,0.00011891777830896899,0.8502792119979858
1267,41753_9b4f8d8a_0,0.0033893596846610308,0.9334538578987122
1268,80784_f7ec5f70_1,0.0027795375790446997,0.5290236473083496
1269,33607_c6f31fa6_10,0.0025269007310271263,0.6905400156974792
1270,22225_a3ce4d29_42,0.004273607861250639,0.5407438278198242
1271,51938_8b9cba89_5,0.012837463058531284,0.7309670448303223
1272,44741_f386a08f_4,0.003279554657638073,0.902662456035614
1273,70021_e673ae54_4,0.0029535521753132343,0.9520630836486816
1274,55135_f1186d58_7,0.008749693632125854,0.21576428413391113
1275,31856_2a5a4e32_12,0.015982801094651222,0.11339372396469116
1276,75303_045fc848_4,0.002930962247774005,0.5496554970741272
1277,129683_3ad38815_10,0.026498064398765564,0.6901348829269409
1278,21894_93f0d052_24,0.003435777500271797,0.7221378087997437
1279,143823_1b04bf80_13,0.0031143168453127146,0.775270402431488
1280,143823_1b04bf80_18,0.0003572060668375343,0.6544015407562256
1281,111863_c925f4f3_2,0.002078989753499627,-0.9837685823440552
1282,104633_d0a15bd3_6,0.009711976163089275,0.18561625480651855
1283,48832_22363e53_33,0.0011055960785597563,0.9701367020606995
1284,127466_a18ae326_1,0.0018917721463367343,0.28727924823760986
1285,22211_b1ee53f0_12,0.01255581434816122,0.4753188490867615
1286,137837_9c9f163d_6,0.00092027842765674,0.7493628859519958
1287,122755_b830e22d_17,3.841771831503138e-05,0.5697362422943115
1288,21299_e9cd80a6_12,0.000815759995020926,-0.09393751621246338
1289,44920_70dd4b80_11,0.004342060536146164,0.8035599589347839
1290,52987_387431ac_7,0.0032757220324128866,0.9002293348312378
1291,147926_b78316a8_10,0.0008397926576435566,0.2642437219619751
1292,144653_e3eccdf1_50,0.0006333455094136298,0.5780313014984131
1293,56458_c027ed41_0,0.0014927657321095467,0.8147004842758179
1294,23495_6366269c_11,0.002236805623397231,0.9555167555809021
1295,70883_e2d6a103_2,0.029218101873993874,0.565871000289917
1296,32743_f4c47bbc_34,0.003136508632451296,-0.8280749320983887
1297,30910_38ea5a06_2,0.002037924248725176,0.6543694734573364
1298,56476_466fc284_17,0.01320342905819416,0.7268990278244019
1299,22604_0b4ffb43_62,0.001363536692224443,0.9431079030036926
1300,21534_6367be99_0,0.003243109444156289,-0.022344112396240234
1301,133026_1085532d_1,0.001232192269526422,0.6868482828140259
1302,137828_0b0786fb_1,0.006359908264130354,0.8777335286140442
1303,55627_971fde61_27,0.012119386345148087,-0.5299266576766968
1304,93869_8b1922a3_0,0.008435439318418503,0.319704532623291
1305,24393_9acd18c6_3,0.002628669375553727,0.9509488940238953
1306,44996_b3e9c266_14,8.530376362614334e-05,0.6661643981933594
1307,55300_b9675d43_1,0.0025747015606611967,0.949446976184845
1308,113352_879844fe_0,0.0034950952976942062,0.85767662525177
1309,135317_3c58b0d0_9,0.0005000911769457161,0.537918746471405
1310,115624_fe3eb392_1,0.009357141330838203,0.5617727041244507
1311,63055_6b907478_21,0.0010934848105534911,0.9601223468780518
1312,40421_032c052f_0,0.002534860512241721,0.614700973033905
1313,143029_70554264_3,0.0013435683213174343,-1.301687479019165
1314,145117_78f63de3_0,0.0017459004884585738,0.5509724617004395
1315,128996_35f2006e_0,0.0003020119620487094,-0.5102609395980835
1316,54503_fc6c6963_1,0.0021409245673567057,0.729601263999939
1317,24657_0168dc6b_1,0.0011338794138282537,0.9722463488578796
1318,130524_13ad16a8_0,0.03542322292923927,0.824838399887085
1319,142670_33c641dc_3,0.0021674293093383312,0.17656457424163818
1320,65375_674ff0b9_11,0.0023165869060903788,-1.109090805053711
1321,23168_7fdf5427_3,2.3398293706122786e-05,-9.688339233398438
1322,41717_ab2075ac_0,0.0011044845450669527,0.9594478011131287
1323,21739_57582b8f_4,0.0022137146443128586,0.8701240420341492
1324,143293_fc5b0ff7_30,0.002908838912844658,0.920674204826355
1325,135906_587b5c3d_0,0.00010693797958083451,0.9354260563850403
1326,138685_fd9b79cd_0,6.422292062779889e-05,0.9486462473869324
1327,119921_5621fcb4_0,0.001204095664434135,0.7967164516448975
1328,49403_458914df_5,0.009064004756510258,-0.033005356788635254
1329,73525_7f6b2f67_2,6.494380795629695e-05,0.8959830403327942
1330,136994_a3a2f50f_3,0.0020318098831921816,0.771147608757019
1331,31838_2e4bd173_1,0.0038821669295430183,0.915974497795105
1332,35866_d0233b36_6,0.0026027949061244726,0.9556276798248291
1333,53053_d6b4d71c_9,0.005868196953088045,0.8476452231407166
1334,90220_7baf1e18_1,0.00025332794757559896,0.6580274105072021
1335,23364_73dd9d4d_10,5.0448514230083674e-05,0.9274944067001343
1336,52987_387431ac_3,0.010342588648200035,0.14819204807281494
1337,51859_6b2fd0f1_4,9.39509118325077e-05,0.9477691650390625
1338,51708_867d4509_12,0.00023631646763533354,-1.0470290184020996
1339,93199_2146e709_3,0.0024571013636887074,0.9479045867919922
