case_num,case_name,MSE,R-Square
0000,50417_199cffee_13,0.10266382247209549,0.2003040909767151
0001,48516_2b3135bf_11,0.011724045500159264,0.6036121249198914
0002,41733_1ec9b00c_31,0.007780968211591244,0.2452436089515686
0003,31664_1e85c690_0,0.007277076598256826,0.6087547540664673
0004,21893_0500d043_18,0.008178429678082466,0.8337234854698181
0005,31607_9a2f8140_6,0.004390242509543896,0.8526399731636047
0006,41774_88a7a483_18,0.007283786311745644,-0.7780094146728516
0007,42143_51b31600_4,0.00011302568600513041,0.7716214060783386
0008,23104_3b70eba4_13,0.001254626433365047,-1.0639231204986572
0009,129075_8fbf62e5_2,0.0004146689607296139,-0.09427285194396973
0010,41624_a15f83c1_13,0.00042912151548080146,0.7892817258834839
0011,36088_1ea9c8a9_12,0.010341229848563671,0.7587496638298035
0012,126477_6596d136_14,0.00041351813706569374,0.6251784563064575
0013,130441_10c43121_0,0.20975103974342346,-0.06853187084197998
0014,133385_e6aa64d8_21,0.0005242204060778022,0.6560779213905334
0015,26398_b99946da_1,0.038519468158483505,0.49340200424194336
0016,61198_0c99f50a_4,9.43923369050026e-05,-4.946403503417969
0017,26661_ab88a525_0,0.0002917179954238236,0.6628421545028687
0018,129075_8fbf62e5_1,0.0022275401279330254,-1.1036031246185303
0019,51891_9455ea02_1,0.01056704018265009,0.8323202133178711
0020,34770_6bba5bd4_13,0.007039199583232403,0.8617918491363525
0021,21646_a2dd0d00_53,0.009849854744970798,0.1812589168548584
0022,68909_4ae1bc2e_1,0.0020018129143863916,-0.8812465667724609
0023,27866_ece3076e_109,0.0008965089218690991,0.858632504940033
0024,92134_52f13f49_6,0.0009309687302447855,0.46347421407699585
0025,23342_7193a931_1,0.002130154287442565,-1.9565091133117676
0026,126572_a2d6f794_14,0.0005185895133763552,-51.13398742675781
0027,44344_3e0b0b0c_1,3.333349377498962e-05,-3.6165971755981445
0028,49331_3bf3bb84_4,0.012252183631062508,0.7757241129875183
0029,33971_46bb0373_0,0.004835051484405994,0.3823851943016052
0030,21517_bfe35b4c_1,0.0016134831821545959,-1.340214490890503
0031,23165_369d62aa_6,0.01629450172185898,0.8034620881080627
0032,81846_2907c980_0,0.0027909940108656883,0.8761088848114014
0033,24168_a0ede173_111,0.013838879764080048,-0.36686575412750244
0034,53461_a5942665_1,0.0020622489973902702,0.9235137701034546
0035,24907_c72322ea_13,0.0019037672318518162,0.2816421389579773
0036,133424_315bcaeb_7,0.0002397831267444417,0.6897108554840088
0037,40490_916e13fe_0,0.00577034754678607,0.8202673196792603
0038,38000_b5822e44_3,0.012475368566811085,0.8109223246574402
0039,138520_f4e0bc0b_63,0.0017486992292106152,-0.6683404445648193
0040,61294_9255796d_3,0.0001444978261133656,0.7296243906021118
0041,22176_272891b8_0,0.003185679903253913,-0.6159502267837524
0042,24815_4f2a57e4_1,0.02745412103831768,0.1938442587852478
0043,113343_e692c488_1,0.00011462389375083148,0.8270235061645508
0044,33995_18423507_1,0.0009424639283679426,-0.2695850133895874
0045,127897_029949fd_6,0.006692333612591028,0.866180419921875
0046,123181_4e56fb4f_0,0.012968088500201702,0.8121312856674194
0047,22670_9353c710_1,0.00038758869050070643,-1.3620905876159668
0048,128642_4d72bf31_2,0.005037536844611168,-1.728851079940796
0049,146667_fe438b5b_6,0.051260706037282944,-2.1304194927215576
0050,38260_2a31c6df_2,0.007372128311544657,-0.03897404670715332
0051,24443_996411f9_3,0.005334259010851383,0.8789495229721069
0052,142074_34e02b6d_1,0.00017723729251883924,0.9469199180603027
0053,41501_b627682a_15,0.005541394464671612,0.5157546401023865
0054,24712_da77fe8f_0,0.011162852868437767,0.7911458015441895
0055,32960_0eaa1de8_26,0.00790322944521904,0.8536155819892883
0056,130757_b2c47f8d_2,0.00013174442574381828,-2.9374046325683594
0057,104817_6d73dc41_0,0.011124277487397194,-0.24632954597473145
0058,79243_49539d9f_0,0.005949015729129314,0.8718358874320984
0059,82012_c533307b_1,0.0012645451352000237,-0.17796850204467773
0060,107649_e651c5ca_1,0.00025277817621827126,-0.7627425193786621
0061,40997_e3c88650_12,0.004742613062262535,0.8783501982688904
0062,143029_70554264_4,0.003309011459350586,0.5476665496826172
0063,27054_342fcf5c_3,0.00024494604440405965,0.7443492412567139
0064,41648_577daf16_17,0.003442475339397788,-0.3031482696533203
0065,89720_4e65191c_1,0.007377919275313616,0.8212685585021973
0066,75382_1b589ea9_12,0.00012148123641964048,0.6527324318885803
0067,120371_433ba1ca_2,0.006453613750636578,0.43716734647750854
0068,49024_b7f02205_13,0.006329366937279701,0.7204403877258301
0069,51022_47816098_7,0.06686639785766602,0.31338220834732056
0070,41634_4f5d0edb_0,0.00011277722660452127,0.7744894027709961
0071,23170_6ea8ded5_3,0.014127210713922977,0.7635799050331116
0072,69589_cd2fa794_8,0.014599806629121304,0.045372605323791504
0073,41504_85e300ee_0,0.008444788865745068,-0.15304815769195557
0074,128996_42176b10_0,0.01354965753853321,-0.09668374061584473
0075,38920_e81879c2_7,0.0003196320030838251,-383.4281005859375
0076,148051_c59af578_6,0.004338425118476152,0.8818432092666626
0077,65494_16d62db5_0,0.0007856906158849597,-0.052828431129455566
0078,25473_0991d519_0,0.006720858626067638,0.8421027660369873
0079,75270_25a261ef_5,0.007784286979585886,0.22328728437423706
0080,49613_1b97c07b_12,0.00024320572265423834,-1.583052635192871
0081,115633_a2c63339_1,0.0009451744263060391,0.7204362154006958
0082,52366_63042db4_1,0.008474064990878105,0.8071330189704895
0083,30282_88c6933c_5,0.0021933135576546192,0.7376075983047485
0084,53474_f29e4438_12,0.020146245136857033,0.34044086933135986
0085,24026_1dd4094b_21,0.0028485727962106466,0.6750636100769043
0086,21225_c081eae3_2,0.020251523703336716,-1.6768324375152588
0087,35057_9af89947_8,0.0019400682067498565,-0.5584295988082886
0088,43529_4804941b_20,0.006200217641890049,0.8110473155975342
0089,22103_fd11c71b_3,0.011567946523427963,-0.4444843530654907
0090,51536_a18dc325_0,0.0013538893545046449,0.928146481513977
0091,24230_636208ab_13,0.028028739616274834,-16.211902618408203
0092,41117_1b3271f2_56,0.02068318985402584,0.6806188225746155
0093,140499_419d5823_0,0.0008097223471850157,0.9300053715705872
0094,115524_a949e82c_2,0.0003096827713306993,-0.20634222030639648
0095,29833_0ed4880f_3,0.01001699734479189,0.8197702169418335
0096,127556_4823a42a_6,0.0022590046282857656,0.620537519454956
0097,23960_48cc0f21_19,0.00021688536799047142,-2.04134464263916
0098,132987_ba18d2eb_11,0.0007749952492304146,-0.4840127229690552
0099,51337_f8636fd9_30,0.000195834698388353,0.7787328362464905
0100,40999_cad6be09_18,0.04968441650271416,-0.17466020584106445
0101,136886_99fbdef3_0,0.0005931854830123484,-0.01793968677520752
0102,30447_4ed3b778_7,0.32121187448501587,-0.18342375755310059
0103,55811_bc667b2d_13,0.0027648434042930603,-0.05257010459899902
0104,41716_d55164d4_1,0.0016727411421015859,0.41458868980407715
0105,33610_aa697fc9_6,0.0008751968271099031,0.9353994727134705
0106,55095_fa260d33_6,0.04451989009976387,-0.1735156774520874
0107,115639_bc0cc622_0,0.026442700996994972,-0.9360488653182983
0108,20841_1620ae7d_0,0.0074316952377557755,-0.023150324821472168
0109,50823_d1830e58_2,0.017698772251605988,-2.5035805702209473
0110,109762_cb162371_48,0.0027838461101055145,0.021749675273895264
0111,41387_5f752e39_23,0.021769259124994278,0.19493448734283447
0112,121540_629c716f_0,0.0036178147420287132,0.8468506932258606
0113,118539_1dff9cf9_12,6.07690162723884e-05,-3.44435977935791
0114,30714_dafa62f6_2,0.058120567351579666,0.23960596323013306
0115,79633_bbbde75f_0,0.021349668502807617,0.47930991649627686
0116,33059_531cfd5e_11,0.0033731809817254543,0.44795548915863037
0117,20697_d3e106b4_4,0.00037051105755381286,-2.111748456954956
0118,136062_0027ff97_6,0.005605579353868961,0.48283421993255615
0119,146291_6b0c8db3_1,0.04456261917948723,-0.03708791732788086
0120,45466_5f662bcb_0,0.00011372852168278769,0.7658342123031616
0121,144500_7f600ab6_0,0.0012643469963222742,0.8830822706222534
0122,44996_b3e9c266_4,0.0022716885432600975,0.5201787948608398
0123,40713_4c9264ef_0,0.002735757501795888,0.6349859237670898
0124,132384_0fcab1fa_13,0.0015992195112630725,-0.7204030752182007
0125,33738_77d49563_2,0.006448646076023579,-6.49569845199585
0126,129422_621d0a90_33,0.0009461457375437021,0.5547022819519043
0127,115633_fd3c9b97_32,0.0004246597527526319,-0.7401212453842163
0128,69337_a122ffde_1,0.0030377439688891172,0.6895209550857544
0129,37241_29f91452_0,0.003972471691668034,0.9081034064292908
0130,141199_9ae000ef_6,0.006338691338896751,-4.358001232147217
0131,147133_92c04b84_4,0.0014521338744089007,-0.2771698236465454
0132,77687_cbb18594_50,0.03323584794998169,-21.94085693359375
0133,144290_2a679085_11,0.0009523261105641723,-1.8047387599945068
0134,130825_c59bbbfb_0,0.008300049230456352,0.787595272064209
0135,82512_252da752_6,0.00030688231345266104,-473.7798767089844
0136,115624_d0acb46b_24,0.019321555271744728,0.7903580665588379
0137,92134_52f13f49_7,0.0006113779381848872,0.6164209842681885
0138,100326_0602c712_7,0.00025636746431700885,0.5958831310272217
0139,134630_f9e85072_0,0.004626013338565826,-0.06494355201721191
0140,108943_b07b2543_1,0.0033394352067261934,0.4493185877799988
0141,125416_ab456bc3_5,0.019233306869864464,-0.6329381465911865
0142,57222_33b428d7_69,0.0006176242604851723,0.3822823166847229
0143,24650_dad8c8ee_13,0.011831597425043583,0.7903518676757812
0144,41749_14d0599c_1,0.001393081620335579,0.7927706241607666
0145,49396_98ab955d_27,0.0006467170314863324,0.5777781009674072
0146,136892_e2a0b32c_4,0.0002879534149542451,-6.404345512390137
0147,31962_e5291336_28,0.004640519618988037,0.898723840713501
0148,34231_e27353cb_0,0.0001262841688003391,0.8672237992286682
0149,112724_d334de09_0,0.06716305762529373,-0.043885111808776855
0150,56486_82b3e23a_21,0.0001496233162470162,-0.739888072013855
0151,40500_6055e3d7_17,5.6202858104370534e-05,-0.8907047510147095
0152,39468_15fb2e60_43,0.0010093185119330883,-0.6469117403030396
0153,141710_17531562_7,0.008728301152586937,0.7533179521560669
0154,33529_756075a0_12,0.006182630080729723,-0.2111804485321045
0155,54169_3a875f10_8,0.011396054178476334,0.6994178295135498
0156,41023_5445cb61_9,0.00042872061021625996,0.6229515075683594
0157,146380_5c569eeb_2,0.006569643039256334,-2.531006097793579
0158,24195_9791f5d3_38,8.850837912177667e-05,-0.745343804359436
0159,26573_7f7e176d_2,0.08312264829874039,0.2627289295196533
0160,22734_f6bad9f7_25,0.026893705129623413,0.5666815638542175
0161,48112_9538e204_0,0.00687542837113142,0.8635222911834717
0162,127545_6fa39158_10,0.15055586397647858,-0.17076170444488525
0163,23788_5c0b60c6_0,0.024605588987469673,-11.920099258422852
0164,23792_5b4c1ce0_21,0.004883084911853075,0.8459190130233765
0165,146067_46e58ab3_1,0.10208101570606232,0.35234737396240234
0166,101072_dec6f415_3,0.0018904977478086948,0.13341134786605835
0167,22829_b6649a29_0,0.0001423393696313724,-1.3601417541503906
0168,55389_a736bd99_0,0.01674058474600315,-7.892512321472168
0169,30259_d709601c_9,0.04501665383577347,-0.28242290019989014
0170,35866_d0233b36_13,0.00042977920384146273,-3.563629150390625
0171,34563_52848c45_5,0.001405362389050424,0.43114644289016724
0172,44519_90af0df6_7,0.014184662140905857,-3.1378378868103027
0173,114111_59282658_8,0.0025721173733472824,0.11986720561981201
0174,45922_26941172_15,0.06793157756328583,-0.13715946674346924
0175,41303_bd1def52_3,0.0005078872200101614,0.8715792298316956
0176,22053_de30641b_1,9.143994248006493e-05,-0.3997565507888794
0177,22298_51433023_4,0.014306343160569668,0.688296914100647
0178,23479_81a49137_0,0.007282839622348547,-1.645681619644165
0179,22225_a3ce4d29_37,0.017443811520934105,0.7584897875785828
0180,135669_490cd2d7_14,0.025298351421952248,-0.3569227457046509
0181,32173_8b075b1a_4,0.014019452035427094,0.7729185819625854
0182,145119_24107428_5,0.004443344660103321,0.662958025932312
0183,41774_88a7a483_36,0.0004786956124007702,0.7539757490158081
0184,133549_1b6c58d6_0,0.01684456691145897,0.6414898633956909
0185,40936_6de8f4f4_0,0.13703970611095428,0.14511924982070923
0186,23008_3d1bb7b2_0,0.047955773770809174,0.31192898750305176
0187,38360_ad61c9b2_1,0.0015237129991874099,0.010011851787567139
0188,136109_3d342d3c_2,0.0052378373220562935,0.7894258499145508
0189,135790_a27f9deb_11,0.00012360904656816274,0.8467134237289429
0190,140249_7c1c5bba_0,0.0006692465976811945,0.18533450365066528
0191,128996_a3d026d6_0,0.004091213457286358,0.1616044044494629
0192,23235_f9ccb8b0_0,0.0013316378463059664,-0.050147414207458496
0193,93671_f7290ded_0,0.0019085266394540668,-0.13093125820159912
0194,51109_97b211c3_7,0.0015991124091669917,0.8045604228973389
0195,51916_fa226b15_13,0.00120181730017066,-1.596799612045288
0196,86268_094d3fab_1,0.008703586645424366,0.8259645700454712
0197,39637_ca6a9a60_1,0.009154931642115116,-0.13219904899597168
0198,47219_93cb3619_3,0.07272003591060638,-0.28085386753082275
0199,47878_0edb6829_0,0.012986445799469948,0.7690429091453552
0200,26764_ab35159a_6,0.010680083185434341,0.5736977458000183
0201,34341_d19b12fb_12,0.0024428043980151415,-1.6899731159210205
0202,118342_c702e084_6,0.006929292809218168,0.8417118191719055
0203,49886_dd68dccb_4,0.013840673491358757,-0.04795682430267334
0204,23493_57512264_5,0.0010412234114482999,-2.2825779914855957
0205,31751_e37382e1_5,0.0048819733783602715,0.8749501705169678
0206,24338_848cab42_6,0.011923152022063732,0.05802452564239502
0207,24916_42eacca3_10,0.0030588568188250065,-0.6526099443435669
0208,137485_a953e1be_2,0.006706161890178919,0.8659100532531738
0209,23706_ef15ef9c_18,0.010905660688877106,0.2765965461730957
0210,143671_eaf4d13b_6,0.025981739163398743,0.6035861968994141
0211,53470_39f2e9dc_13,0.0011196635896340013,-0.4189422130584717
0212,145772_59253c6d_3,0.00014842925884295255,0.7908492088317871
0213,51893_d531e2bd_2,0.007817181758582592,0.8297935128211975
0214,39389_d641313f_8,0.03786996006965637,-0.44497084617614746
0215,51595_41f3d1a3_5,0.00029339795582927763,0.7214593887329102
0216,51674_a70c1c6c_15,0.000633272691629827,-1.4125840663909912
0217,37617_3f415463_5,0.0026528993621468544,-1.012132167816162
0218,31862_a89f21f9_3,0.006408976390957832,0.8095371723175049
0219,40519_55a097c6_11,0.024243401363492012,-0.41352319717407227
0220,111306_9108c940_0,0.009913851507008076,-0.8972169160842896
0221,136640_16741d62_4,0.0012015084503218532,0.18236899375915527
0222,23155_d7305c5f_2,0.05547437444329262,-0.12366783618927002
0223,43934_912ff891_41,0.0005458841915242374,-1.6022138595581055
0224,57017_6033d1e5_0,0.0063291024416685104,0.6813638806343079
0225,126913_d253adb7_1,0.001685851952061057,0.32580262422561646
0226,130752_52d74f2f_48,0.005633016116917133,0.620275616645813
0227,124177_71283cad_0,0.003605327568948269,0.7219907641410828
0228,24650_dad8c8ee_18,0.005377635359764099,0.8625354766845703
0229,55199_4d57661f_2,0.007465179078280926,0.5530863404273987
0230,115010_eb737aaf_20,0.012924352660775185,0.7525111436843872
0231,27855_19c5895a_12,0.0039783683605492115,-1.0866405963897705
0232,52772_a6e6e320_0,0.0014870408922433853,-0.995598554611206
0233,90917_3d2d21a9_0,0.028742371127009392,0.342631459236145
0234,40703_5f4e45d4_7,0.009073229506611824,0.8200070858001709
0235,132622_911efd2f_1,0.05158007889986038,0.2279253602027893
0236,43441_e1ab0873_6,0.048990484327077866,0.22660565376281738
0237,34917_61633e20_6,0.005435082130134106,0.8821675777435303
0238,67221_275ba7e6_4,0.011327686719596386,0.7727763652801514
0239,130719_e4764a36_10,0.00029154689400456846,0.3642481565475464
0240,136318_130d6a06_20,0.003114472609013319,0.7159241437911987
0241,99636_73c43ebd_10,0.006166825070977211,0.8336025476455688
0242,29377_3a04cb8d_6,0.0032116775400936604,0.5314516425132751
0243,23018_63087a41_47,0.0032677287235856056,0.9105544090270996
0244,26165_100fec74_4,0.0013024198124185205,-3.0980539321899414
0245,135934_d2f6bb2e_46,0.0005400032387115061,0.7378624677658081
0246,24039_448afafa_5,0.018192293122410774,0.1232295036315918
0247,32775_a79b406b_14,0.010401060804724693,-0.32527995109558105
0248,23686_cba4f679_0,0.006505458150058985,0.3830377459526062
0249,35147_bc9f2c5d_0,0.008726134896278381,-0.40866923332214355
0250,136337_1351909b_2,0.015622410923242569,0.628928542137146
0251,139222_2c10ca9a_1,0.015197423286736012,-0.3073878288269043
0252,139379_fe5c3f64_0,0.0022461903281509876,0.9171892404556274
0253,33084_344fec27_2,0.010949316434562206,0.7938945293426514
0254,24775_d5c98d77_0,7.51180195948109e-05,-1.3156356811523438
0255,56344_3a89f085_23,0.006836283951997757,0.3664112091064453
0256,135112_cf8007b8_5,0.02404702454805374,0.4078937768936157
0257,50706_20d07d57_2,0.05731166526675224,0.4507988691329956
0258,51744_cd355565_5,0.02117656171321869,0.3657219409942627
0259,51464_da501c24_0,0.017151780426502228,-2.380629301071167
0260,126572_a2d6f794_23,0.0005676650325767696,-18.64669418334961
0261,70021_e673ae54_2,0.0020520302932709455,-1.9566385746002197
0262,25144_31b089b6_5,0.0016804420156404376,0.2388421893119812
0263,24715_55aac5f2_2,0.00044637275277636945,-36.16048812866211
0264,24532_f82f8000_2,0.006686115171760321,-4.412666320800781
0265,30664_a3084f71_1,0.0032373678404837847,-0.3535038232803345
0266,81145_5c13a8e9_1,0.0019330023787915707,-0.9743690490722656
0267,132037_2abb8c63_10,0.00022723055735696107,-0.04453623294830322
0268,50414_ac159b58_2,0.004001370631158352,0.8545779585838318
0269,21601_360ce1c7_7,0.008107769303023815,0.8526532649993896
0270,22119_27e3ecbe_9,0.003172582946717739,0.9016199111938477
0271,145120_74f7316f_0,0.020263707265257835,0.08384788036346436
0272,74574_c302ff1f_0,0.0011926740407943726,-0.5664910078048706
0273,52443_085efc00_4,0.01631128415465355,-4.3297038078308105
0274,147546_ede0f31c_3,0.02323492430150509,0.4975510239601135
0275,22492_047b125b_21,0.019810045138001442,0.5402212142944336
0276,72313_5a86e234_0,0.050517741590738297,0.034983694553375244
0277,45589_49e3c7ea_2,0.0034438546281307936,0.8961538672447205
0278,83432_a7f85698_0,0.012507664039731026,0.7190635204315186
0279,32775_a79b406b_0,0.0016215392388403416,-14.615574836730957
0280,121703_69c4a5ac_3,0.0003399559354875237,-0.23176538944244385
0281,80901_e9080573_6,0.0025091422721743584,0.9020802974700928
0282,21809_8bd6b10e_3,0.039997003972530365,0.11966520547866821
0283,49396_98ab955d_15,0.015915807336568832,-0.5175594091415405
0284,33766_14917a4a_19,0.0067548430524766445,0.8497059941291809
0285,26661_ab88a525_8,0.004739760421216488,0.8671274185180664
0286,44030_17bd5ec9_0,0.026770904660224915,-31.909652709960938
0287,53221_74fa81cd_7,0.0010845718206837773,0.06247776746749878
0288,21887_3306168f_7,0.03912349045276642,-2.898256301879883
0289,86185_85fde9e6_0,0.003691412741318345,0.4358402490615845
0290,87951_500b1dcd_2,0.0001229975459864363,0.868330717086792
0291,22276_69c5036b_11,0.04091600328683853,-0.07051491737365723
0292,41721_44151488_5,0.006962676998227835,0.35529667139053345
0293,102293_5d04e48d_0,0.06600773334503174,-2.1317968368530273
0294,77687_cbb18594_20,0.0002776143082883209,0.6149106621742249
0295,133248_1bab99ae_0,0.006811002269387245,-2.0024335384368896
0296,24051_4852a192_2,0.0028897791635245085,0.9008130431175232
0297,86806_2993395a_1,0.0005256236181594431,0.5537812113761902
0298,38558_b0d6b3f8_1,0.012195250019431114,0.749695897102356
0299,140549_7d01813c_0,0.037422094494104385,-0.18710243701934814
0300,24559_3c306e71_1,0.0025489497929811478,0.6079480648040771
0301,70350_751de4b0_13,0.019571403041481972,-6.972303867340088
0302,39101_23fec10f_8,0.013128478080034256,-0.3967231512069702
0303,24942_9d1b2ff2_8,0.018436886370182037,0.7851054668426514
0304,30850_05d88af9_3,0.028212672099471092,0.5308566689491272
0305,113358_08641c94_4,0.027393877506256104,0.148756742477417
0306,21234_8b71bd47_27,0.004870895761996508,-0.7621798515319824
0307,26245_4aac38e1_21,0.002576664322987199,-4.978209495544434
0308,66072_d301cc88_0,0.0038932745810598135,-0.6836625337600708
0309,21894_93f0d052_23,0.0024115864653140306,0.7618007659912109
0310,147816_7fb70c2b_2,0.001947305048815906,0.7957497239112854
0311,49120_4131d1e7_1,0.002685925690457225,0.4622592329978943
0312,52224_ca16c854_4,0.017068954184651375,-1.4374463558197021
0313,105762_19e04e0b_1,0.0019943425431847572,-14.743584632873535
0314,30400_8824ce97_36,0.006388779729604721,0.07977712154388428
0315,95199_ffcff41e_0,0.001129126874729991,-0.15687692165374756
0316,50417_199cffee_3,0.0006018374115228653,0.5315909385681152
0317,24544_d06c82dd_5,0.008633778430521488,0.8571181297302246
0318,22604_565b91f5_2,0.0068013486452400684,0.7162258625030518
0319,22788_b6a9e30a_4,0.001823957427404821,0.5442044734954834
0320,45789_d5126eab_14,0.004964125342667103,-0.014042973518371582
0321,37267_b2be4b50_3,0.0005186760099604726,-51.19068145751953
0322,34330_5eff1ee1_3,0.004571742378175259,0.4664576053619385
0323,137999_d934160e_1,0.00042685240623541176,-2.301931142807007
0324,134921_f5efde94_27,0.0002208855439675972,0.7969172596931458
0325,53470_39f2e9dc_8,0.00021600411855615675,-1.4232802391052246
0326,23497_f292546d_25,0.009309048764407635,0.6131000518798828
0327,22289_4b848f64_2,0.0051672616973519325,0.30016881227493286
0328,31392_84b62622_2,0.0029513027984648943,0.7540353536605835
0329,51347_1fc6f329_0,0.003956928383558989,0.11109423637390137
0330,50777_2934de55_6,0.0028001307509839535,0.9001007676124573
0331,32841_954e8c1a_0,0.0002863769477698952,0.704545259475708
0332,31530_6744ae73_3,0.013870271854102612,0.7964140176773071
0333,65827_d1469ad6_1,0.00030299165518954396,-1.2674736976623535
0334,145461_30637b22_8,0.0002273883146699518,-8.088910102844238
0335,31973_093ea963_13,0.002171578351408243,0.15462493896484375
0336,70355_e5f58cd5_14,0.010485273785889149,-0.022574782371520996
0337,77687_cbb18594_40,0.00031773041700944304,-0.4037672281265259
0338,24392_fce351ea_0,0.0014050995232537389,0.2467273473739624
0339,36853_7efccb8c_3,0.00789603404700756,-0.07769834995269775
0340,41644_d15f8e2b_5,0.0002704694925341755,-0.39379382133483887
0341,131762_9b5e5ff5_2,0.006033222656697035,0.6356578469276428
0342,82193_96ef9433_2,0.010054441168904305,0.8433148264884949
0343,31347_386f6298_15,0.014421109110116959,0.6609135866165161
0344,34568_fbe47bf9_0,0.0008281070040538907,-1.370495319366455
0345,115624_fe3eb392_3,0.007179240696132183,0.8357033729553223
0346,130446_e7b58dbe_0,0.025716543197631836,-0.03755390644073486
0347,104641_2cd02839_33,0.000162912838277407,0.6440921425819397
0348,31460_39fdfc6a_7,0.02060072496533394,-3.6369495391845703
0349,95541_ced8f936_0,0.01016394142061472,0.7809430360794067
0350,23126_725969ea_17,0.008990799076855183,0.050076842308044434
0351,23676_52069f98_5,0.0004960183869116008,-0.8679125308990479
0352,137637_ed9c537d_0,0.0030032109934836626,0.2574126720428467
0353,22474_b10fea1a_2,0.005471490789204836,0.8674700260162354
0354,143017_21d96cc2_10,0.0068655614741146564,0.010267078876495361
0355,105270_34f92afd_1,0.0002484107099007815,0.6515849828720093
0356,95622_0a0787e4_4,0.011260371655225754,0.8318181037902832
0357,55854_13f0399b_0,0.020114941522479057,0.5670642852783203
0358,22118_1e09e0eb_5,0.009436000138521194,0.5975634455680847
0359,146717_3e6a84c1_7,0.03380731865763664,0.4932475686073303
0360,63132_330141d7_3,0.004249355755746365,0.13820743560791016
0361,115633_fd3c9b97_46,0.00013065506936982274,0.7308833599090576
0362,21644_aa203dc5_29,0.01836272142827511,-3.507205009460449
0363,79791_00f639ca_15,0.010018188506364822,0.8313347697257996
0364,60711_42b5a13e_1,0.006645374000072479,0.2640712261199951
0365,137483_cdb8989d_0,0.009175237268209457,0.8084321022033691
0366,21644_aa203dc5_26,0.02492665685713291,-3.3021063804626465
0367,131876_b2384623_0,0.00196106662042439,-0.26619482040405273
0368,23706_ef15ef9c_10,0.019664477556943893,-2.00834321975708
0369,68948_0d2a01cd_9,0.0299682579934597,0.15948277711868286
0370,145137_4e9eef42_1,0.00359307206235826,0.27734559774398804
0371,30426_2cde26de_20,0.07295961678028107,0.16978299617767334
0372,31378_34c52a73_0,0.014048201963305473,-2.9000179767608643
0373,92134_52f13f49_4,0.0006560082547366619,0.5572648048400879
0374,119634_fc722479_1,0.01490895263850689,0.794875979423523
0375,24032_d6172503_24,0.0036046775057911873,-0.5092146396636963
0376,136401_69f29349_4,0.00017502722039353102,-1.7157249450683594
0377,41871_f9a1ad02_26,0.01023311261087656,0.22298908233642578
0378,48220_87941c4e_116,0.0036014756187796593,0.4670447111129761
0379,115012_9ed88535_2,0.005956646054983139,-1.379148006439209
0380,69488_025cf0a2_1,0.17610830068588257,-0.19382703304290771
0381,147427_69f68da4_3,0.000977970426902175,-1.7105717658996582
0382,33766_14917a4a_32,0.00640606414526701,0.769559919834137
0383,51747_3d58eae0_0,0.013640613295137882,-0.8315629959106445
0384,33785_a4c23f61_0,0.17707732319831848,0.33196181058883667
0385,114935_797875fe_2,0.009459683671593666,0.6558541655540466
0386,51775_49ef614a_26,0.0016479571349918842,-1.9300405979156494
0387,38196_ea48fa42_3,0.00022360154252965003,-1.6157562732696533
0388,140413_44177109_21,9.014893294079229e-05,-0.6498043537139893
0389,27676_79237cc5_1,0.002649220870807767,0.1333158016204834
0390,52883_e518d3f4_33,0.007107330486178398,0.8599921464920044
0391,34347_841c5375_2,0.00042295141611248255,-7.59953498840332
0392,55289_292737cb_0,0.006567863747477531,0.873908519744873
0393,50606_82cb18e2_0,0.003331491257995367,0.8690665364265442
0394,30407_efa567f2_4,0.01022071298211813,0.7535548806190491
0395,31647_ab9ad9dc_13,0.003030050778761506,0.7064531445503235
0396,24896_58b4730f_17,0.01624451018869877,-2.0298476219177246
0397,23602_5daaccf5_4,0.00504642678424716,0.647529125213623
0398,27725_5cceaeb7_10,0.007798535283654928,-15.20162582397461
0399,127734_395dcf7d_5,0.009211927652359009,-0.497922420501709
0400,31957_d864f861_3,0.01872093603014946,-2.815020799636841
0401,49415_1671b60c_4,0.005242999643087387,-3.9023852348327637
0402,45110_fae73324_4,0.0011605704203248024,0.9380651712417603
0403,22343_34184fd5_18,0.0007099230424501002,-1.7027170658111572
0404,22848_cc91b848_38,0.0003687819407787174,-424.10614013671875
0405,73652_23b21ef2_1,0.0796704962849617,-0.6020616292953491
0406,65569_bd890a32_1,0.014180116355419159,-135.0132293701172
0407,48220_87941c4e_111,0.006024655885994434,-0.05514049530029297
0408,30394_e30f932c_0,0.022458208724856377,-0.28500163555145264
0409,21941_1a683ec2_26,0.0029859161004424095,0.875313401222229
0410,25564_e646fcb3_1,0.00045599686563946307,-0.5399600267410278
0411,134053_87a32e31_3,0.0009490373777225614,-1.5895922183990479
0412,87950_af56e26e_2,0.004677880089730024,0.657624363899231
0413,51458_54240b70_17,0.0005028800806030631,0.4445462226867676
0414,40688_effe215a_1,0.00533286714926362,0.8679412603378296
0415,131494_c8a441d0_0,0.0013329220237210393,0.7404403686523438
0416,26768_c4df841f_21,0.0011769402772188187,-0.3786512613296509
0417,136892_2d5f55a9_0,0.008359956555068493,-0.8332427740097046
0418,54652_d60ac3e0_10,0.01577671617269516,0.1440635323524475
0419,51747_3d58eae0_1,0.0018470225622877479,0.24494481086730957
0420,54650_df3655c1_0,0.0002565681643318385,-1.8100807666778564
0421,41125_711db4bf_58,0.015308422967791557,-0.7028008699417114
0422,45418_f603706b_2,0.018082045018672943,-3.5735392570495605
0423,21852_6cf9a734_18,0.09984727948904037,0.1465977430343628
0424,122515_758d8b70_6,3.382920476724394e-05,-26.93571662902832
0425,104081_05ba54fa_2,0.005482466425746679,-1.30253005027771
0426,41672_cf87e0b6_0,0.0015907800989225507,0.754481315612793
0427,22638_37f9fe91_1,0.0003695440827868879,-0.09175264835357666
0428,24559_3c306e71_3,0.006910593714565039,-0.2551954984664917
0429,31589_ac31215d_8,0.0010942231165245175,0.4209703207015991
0430,49603_143b8bd2_35,0.0037296353839337826,0.7048155069351196
0431,127965_c64a91da_0,0.0037609320133924484,0.026648640632629395
0432,36062_f2fb6808_1,0.0002757559122983366,-1.548536777496338
0433,139280_8874b1ab_18,0.00020068278536200523,0.8071609735488892
0434,30997_24dea167_4,0.008067880757153034,0.2722738981246948
0435,143471_eb185912_5,0.0004277263942640275,-3.3794946670532227
0436,23176_1bf2a2d5_10,0.007627170532941818,0.6846646070480347
0437,98299_b8146029_5,0.0028158698696643114,0.7561357021331787
0438,23466_1cf60d09_4,0.007772604003548622,0.7826623916625977
0439,41591_2d0bd0d5_3,0.007896277122199535,0.7224196195602417
0440,134929_9049dcec_1,0.0014060172252357006,0.2460646629333496
0441,41785_e8bf0528_0,0.0021491041406989098,0.906353235244751
0442,31460_39fdfc6a_6,0.005381742492318153,0.8847478628158569
0443,133710_00be7f31_1,0.01604563556611538,-0.8411290645599365
0444,24532_f82f8000_0,0.01613207533955574,-2.548442840576172
0445,21234_8b71bd47_3,0.0003217365883756429,0.5129649639129639
0446,35175_6edc4126_5,0.011509513482451439,0.6664851903915405
0447,20495_e8e7e80c_1,0.0002327131078345701,0.7286554574966431
0448,76546_c17e95aa_2,0.0003918260626960546,-1.3047902584075928
0449,41654_e75f89df_0,0.004038388840854168,0.7808125019073486
0450,109772_f1a0845e_6,0.019778160378336906,-10.428187370300293
0451,34913_d23e2a24_0,0.0019802607130259275,0.8899799585342407
0452,25203_1cc0cb3c_12,0.012713586911559105,0.7878216505050659
0453,37160_2a95674a_4,0.0030022691935300827,0.8040164709091187
0454,69240_dc199112_4,0.010616513900458813,-1.0165762901306152
0455,25176_d9130589_0,0.002394881099462509,0.68525230884552
0456,69235_fe79a369_0,0.0003789122274611145,0.1490212082862854
0457,39468_15fb2e60_9,0.005111829377710819,0.25840359926223755
0458,103284_e25015aa_6,9.938569564837962e-05,0.20790940523147583
0459,30377_e18ea3de_0,0.02515140175819397,-19.375850677490234
0460,66080_f578d52b_4,0.0020122427958995104,-9.342367172241211
0461,37444_52b27e94_14,0.007298727054148912,-0.11155974864959717
0462,38675_6e07d74b_31,0.006129000335931778,0.8060656189918518
0463,21680_360ba5c7_28,0.006616434082388878,0.51793372631073
0464,142032_5c32b7db_2,0.011636714451014996,0.7857199311256409
0465,44210_a155c2d1_0,0.04209776222705841,0.06288594007492065
0466,38287_88ec74de_92,0.0064957961440086365,0.041031718254089355
0467,29572_2f9283f2_4,0.0020014678593724966,0.8509101867675781
0468,28300_b3a6ab79_10,0.007104284595698118,0.7543485164642334
0469,136129_e6a20c7d_5,0.00031440964085049927,0.5175930261611938
0470,119381_e4d13609_0,0.0022491624113172293,0.9149039387702942
0471,30729_b4d83b07_4,7.861239282647148e-05,-0.6142913103103638
0472,140413_44177109_11,0.004987981636077166,0.7654057741165161
0473,26384_83eddf22_0,0.00712064653635025,0.4563426375389099
0474,82285_e7a738e7_2,0.012889099307358265,-0.07358372211456299
0475,108599_347602af_0,0.04171309247612953,-0.2971583604812622
0476,119889_41a6f268_1,0.00015130179235711694,0.7767144441604614
0477,55006_94230c00_1,0.006204564124345779,0.806022584438324
0478,21517_bfe35b4c_10,0.0008197677088901401,0.6232907176017761
0479,20818_098cad7c_6,0.0001335311244474724,0.8570032119750977
0480,41855_b82e6ae8_6,0.010970323346555233,-0.26814258098602295
0481,137166_90691294_8,0.0003384629962965846,0.7752300500869751
0482,69561_f274e705_26,0.0011619237484410405,0.9439820647239685
0483,51579_d0c3e154_0,0.01538432203233242,0.3490116596221924
0484,23676_52069f98_4,0.005175135098397732,0.8370453119277954
0485,31962_e5291336_1,0.005544109269976616,0.8359675407409668
0486,57222_33b428d7_1,0.00039369272417388856,0.7077242732048035
0487,51586_2ad96f8c_17,0.00014723111235070974,-0.770916223526001
0488,41473_c2137170_32,0.007534357253462076,-0.17425799369812012
0489,31123_9a1bfc50_2,0.004074263386428356,0.6923266649246216
0490,23211_3aac9c7e_0,0.004244861658662558,0.20464926958084106
0491,45798_b573e9da_5,0.02269037626683712,-0.1696552038192749
0492,27847_d2436f7c_37,0.0002735324378591031,0.6838487982749939
0493,54736_6ee1b513_1,0.0024443247821182013,-1.1117830276489258
0494,132901_7d205bb4_9,0.00017881418170873076,-0.1855703592300415
0495,73762_8c704690_0,0.008812558837234974,-0.18837416172027588
0496,23209_1592b0a4_1,0.002689894987270236,0.81345534324646
0497,49024_b7f02205_2,0.0006399821722880006,-0.6225618124008179
0498,147630_7f858240_15,0.004853940103203058,0.1448419690132141
0499,69337_2c778611_11,0.00026920903474092484,0.8415362238883972
0500,82498_92a00cd6_1,0.0022463591303676367,0.3039843440055847
0501,78775_e2d8b091_1,0.012523348443210125,-0.6985989809036255
0502,40067_95ae6c76_9,0.010498656891286373,-0.12470448017120361
0503,80756_6f2e842f_0,0.015249206684529781,-2.1027302742004395
0504,25284_1da7aa8a_0,0.01440709363669157,-1.8508861064910889
0505,55605_2f8bc12e_62,0.0025525540113449097,0.9127019643783569
0506,39792_60786b6c_15,0.019714372232556343,0.6042270660400391
0507,34063_0ca1585e_2,0.002463988959789276,-0.597130298614502
0508,31664_1e85c690_13,0.006614977028220892,0.8108578324317932
0509,131193_98f3ac52_1,0.005978982895612717,-1.6742048263549805
0510,120221_e2eaa34b_2,0.002450857311487198,0.15901631116867065
0511,130286_1f71bfed_3,0.0033124973997473717,0.013172924518585205
0512,118342_e8142153_21,0.00036508889752440155,0.8650804758071899
0513,128043_9f8cd69e_1,0.00030724063981324434,0.5767269730567932
0514,41504_85e300ee_1,0.0002766032121144235,-0.19104599952697754
0515,78863_d59be42e_0,0.009999047964811325,-0.20203077793121338
0516,31733_5118b376_3,0.05880994349718094,0.5803259611129761
0517,22208_e177deb7_5,0.003338986774906516,0.20231938362121582
0518,24026_1dd4094b_43,0.0015878546983003616,-0.38869333267211914
0519,73388_10a40b49_1,0.014217246323823929,0.1630561351776123
0520,138219_cdff4f61_0,0.01446920819580555,-8.549100875854492
0521,49399_dc56d180_1,0.01117508951574564,0.7909992337226868
0522,41306_8f26e703_3,0.0005940035916864872,0.795268714427948
0523,51590_034b8b08_14,0.06881707906723022,-0.16378402709960938
0524,48402_8c965495_4,0.001790352864190936,-1.5754108428955078
0525,26388_a3367cba_0,0.011823635548353195,-0.4738067388534546
0526,28300_b3a6ab79_6,0.005510553251951933,0.8156362175941467
0527,43938_418421a7_0,0.0025035012513399124,-0.13483786582946777
0528,41520_60018d18_0,0.0005069519393146038,-2.6501049995422363
0529,137869_344b239b_0,0.00016765546752139926,0.6056283712387085
0530,41648_577daf16_0,0.011548638343811035,0.5056509375572205
0531,31347_386f6298_10,0.010774310678243637,0.7961003184318542
0532,82190_24b1b0fe_12,0.003104396630078554,0.4563290476799011
0533,33741_4a973932_1,0.0032767069060355425,0.4567519426345825
0534,42005_3da46d94_0,0.0033879217226058245,-74.8615493774414
0535,132982_ee1eed2f_0,0.0022033285349607468,0.9059118628501892
0536,23898_6e740393_29,0.00792369619011879,-14.613231658935547
0537,105831_88a0fb85_6,0.012388968840241432,0.7298005819320679
0538,31278_749a6317_0,0.0010240630945190787,0.3848726749420166
0539,51586_2ad96f8c_4,0.018426692113280296,-7.412863731384277
0540,57000_cd1ddece_14,0.013656624592840672,-4.56647253036499
0541,50692_e7ff2668_8,0.007534324191510677,0.732028603553772
0542,65346_e89312e5_0,0.0012652147561311722,-0.9120711088180542
0543,38840_0e449caf_4,0.0026006780099123716,0.3283541798591614
0544,29573_ca59fbbf_5,0.026182696223258972,0.7360416650772095
0545,30164_c5680724_12,0.03155059739947319,-0.6650072336196899
0546,138620_e21e10ee_0,0.0030807822477072477,-1.6255121231079102
0547,50305_caf9cef2_34,0.018570559099316597,-31.132923126220703
0548,83396_fdb2987a_0,0.006011295598000288,0.7832827568054199
0549,28379_7e292343_4,0.017061475664377213,0.624077320098877
0550,33529_756075a0_32,0.0029293436091393232,0.7823266983032227
0551,109857_1d24326e_42,4.682102371589281e-05,-1.3332574367523193
0552,22772_2b5f6629_6,0.0104812141507864,0.8279955983161926
0553,34600_e2685d46_2,0.011017769575119019,0.5973896980285645
0554,122344_ab1b06aa_2,0.02766583114862442,0.49985527992248535
0555,123573_5f5c9584_1,0.0017146033933386207,-0.3833293914794922
0556,35166_562b126c_20,0.0019288519397377968,0.925338864326477
0557,51350_138f893a_1,0.0004417061572894454,-3.236621379852295
0558,137785_67c3085b_16,0.005300442222505808,0.8695639967918396
0559,50417_199cffee_12,0.017043836414813995,0.17660778760910034
0560,22194_a5c323b9_3,0.012362220324575901,-1.016864538192749
0561,42329_df7f540f_18,0.012652598321437836,-0.31969451904296875
0562,41779_25e4203d_6,0.000950763700529933,-0.4485039710998535
0563,51094_40aa8332_20,0.013138165697455406,0.506906270980835
0564,109762_cb162371_38,0.01862437278032303,0.01957923173904419
0565,45922_26941172_9,0.014516276307404041,-1.4992165565490723
0566,34587_ed155e93_0,0.00412815110757947,0.881393313407898
0567,69589_a468c1b4_0,0.02909601852297783,0.38565748929977417
0568,44921_00dfb467_0,0.0017642296152189374,0.5696662664413452
0569,82672_4705a693_0,0.002011844888329506,0.10370361804962158
0570,26778_a71e88a6_0,0.001059872331097722,-1.856945276260376
0571,69488_7bfb2b67_0,0.0043351911008358,0.8795366883277893
0572,22686_afe3a61e_0,0.000498409615829587,-2.0792877674102783
0573,109772_5faa88e8_5,0.008745254017412663,-4.982060432434082
0574,43938_418421a7_147,0.004218399059027433,0.42048633098602295
0575,141694_b5ac3112_3,0.005400698632001877,-1.0815818309783936
0576,31973_093ea963_16,0.0003505879722069949,0.7798831462860107
0577,26858_e90dc419_25,0.00040705103310756385,-1.3555757999420166
0578,131350_bbdad30d_0,0.0014749693218618631,0.15902262926101685
0579,35741_c43475b8_1,0.004742830526083708,-0.6528658866882324
0580,30690_3df2c9e2_1,0.0037683008704334497,0.6787164211273193
0581,122758_5f4efbf0_2,0.0019062003120779991,0.8745808601379395
0582,37822_3be11c62_0,0.00043512025149539113,0.8149915337562561
0583,91174_ee6ee92b_1,0.0024467124603688717,0.4267626404762268
0584,23676_52069f98_31,0.07727831602096558,0.2215573787689209
0585,27958_fee329eb_1,0.016361771151423454,-3.4382810592651367
0586,144534_3b4fdb09_18,0.007072819396853447,-0.9763121604919434
0587,30292_0b5e0265_1,0.04416695982217789,0.3987541198730469
0588,111062_e59e2d31_0,0.06149912253022194,0.30109846591949463
0589,135790_a27f9deb_77,0.007662423420697451,-0.4924471378326416
0590,65842_de75838b_10,0.005800687242299318,-0.21347379684448242
0591,22475_9d9601a8_3,0.0004815096908714622,-1.6843857765197754
0592,119884_192e3265_0,0.031079253181815147,-3.638545036315918
0593,51463_3330e3aa_2,0.018315870314836502,-0.9006109237670898
0594,23231_efe613bb_4,0.004318831488490105,0.7787978649139404
0595,22895_4533b542_2,0.00440494529902935,0.323411226272583
0596,146219_5661130f_4,0.012662624008953571,0.7251995801925659
0597,38953_19054857_19,0.002100301906466484,-0.8665074110031128
0598,21847_b2de7eb8_24,0.002379243029281497,0.8387627601623535
0599,51603_034939eb_12,0.0014876608038321137,0.08301454782485962
0600,24843_5231632c_4,0.0006764279096387327,0.5791666507720947
0601,41982_f75ceb8f_4,0.0005143647431395948,-2.9128549098968506
0602,42937_c573c439_2,0.0006484594196081161,-1.7258141040802002
0603,61288_2d594195_0,0.010022707283496857,-15.476390838623047
0604,55006_94230c00_0,0.001718767685815692,-0.7116503715515137
0605,49898_f42a885e_5,0.007097678724676371,0.8453011512756348
0606,55709_af3825c8_4,0.005102885887026787,0.8339136242866516
0607,144117_83c980ca_2,0.0005067565361969173,-0.764070987701416
0608,40417_b8d98f73_7,0.00199864711612463,-0.3299601078033447
0609,53200_d1e30b87_11,0.010671982541680336,-10.701703071594238
0610,147009_977ee378_4,0.0002273704594699666,-1.0079243183135986
0611,63056_a5dfd66b_4,0.0003703075344674289,0.3309222459793091
0612,22205_f48b96b3_10,0.0036798259243369102,0.16200441122055054
0613,51585_b695905b_4,0.0035090867895632982,0.9223015904426575
0614,24084_71f37c00_1,0.00664519751444459,-0.33364593982696533
0615,25815_0e853ad9_10,0.001779603073373437,0.8887170553207397
0616,55030_11a6e3e8_3,0.05956361070275307,0.461772084236145
0617,23042_1184de03_5,0.006764770019799471,0.8031487464904785
0618,39719_e9629dbd_4,0.00017866192501969635,-0.9651509523391724
0619,51256_ed221095_2,0.0020803394727408886,-1.323974609375
0620,25810_93c8a71a_3,0.004138445481657982,0.8417767882347107
0621,22208_e177deb7_1,0.003511216025799513,0.754309892654419
0622,115624_d0acb46b_22,0.00924881175160408,0.8544272780418396
0623,30708_4282508b_0,0.0002864454872906208,-3.4335827827453613
0624,31117_cd5cdbdb_12,0.0010740684811025858,0.5362988710403442
0625,41733_1ec9b00c_32,0.0003028089413419366,0.10609370470046997
0626,111387_c4243097_2,0.002246228978037834,-2.050825357437134
0627,119869_e8f0dd81_19,0.0004271145153325051,0.6785632371902466
0628,34569_590239d6_0,0.005343772936612368,0.7547069787979126
0629,136318_130d6a06_23,0.00035976493381895125,0.5521674156188965
0630,145132_7aea3b66_4,0.03450261056423187,0.5484093427658081
0631,41878_3aeaed3d_0,0.006018681917339563,0.021258175373077393
0632,34583_a1cf326b_0,0.011934730224311352,0.781573474407196
0633,116581_d405b783_0,0.06853989511728287,0.0687711238861084
0634,24044_9bbe7992_3,0.000270385091425851,0.6625289916992188
0635,22194_a5c323b9_2,0.005858452524989843,0.47201889753341675
0636,142076_08d80e12_21,0.00045832639443688095,-1.0277981758117676
0637,55817_6ac2912d_7,0.00035840258351527154,-2.864886999130249
0638,21165_5cb2d287_2,0.00021114342962391675,0.5550891160964966
0639,39796_45dcdc7d_0,0.05142899602651596,0.33301347494125366
0640,33044_7fdd9213_1,0.029290152713656425,0.22382313013076782
0641,23731_3fe5b501_6,0.0003378067631274462,0.4807342290878296
0642,32743_f4c47bbc_31,0.04459857940673828,-3.145702838897705
0643,108775_4908fba2_21,0.00553608313202858,0.5080212950706482
0644,21941_1a683ec2_19,0.0026168390177190304,0.8068627715110779
0645,27682_04277f62_18,0.003747816663235426,0.827885627746582
0646,25815_0e853ad9_4,0.003061042632907629,0.8024708032608032
0647,30261_723e95cf_2,0.004942137282341719,0.7916978597640991
0648,21385_601444ba_102,0.0050796507857739925,0.7610617876052856
0649,30368_d7fd30ce_7,0.001625221106223762,0.3870847225189209
0650,55605_2f8bc12e_3,0.012859835289418697,-1.0992817878723145
0651,24650_dad8c8ee_15,5.80391897528898e-05,-0.8107928037643433
0652,34227_48203345_7,0.009417321532964706,0.7374522686004639
0653,113348_ac85cba3_1,0.007641576696187258,0.17936843633651733
0654,26552_25c5924a_1,0.004816034808754921,-0.844186544418335
0655,55381_cbaffe9b_0,0.002967390464618802,0.17854607105255127
0656,55817_6ac2912d_25,0.00895079504698515,0.7621244788169861
0657,138947_0778db40_4,0.0016317605040967464,0.3618794083595276
0658,52788_07f7da63_0,0.0011527565075084567,0.713843822479248
0659,70355_e5f58cd5_6,0.0002542684378568083,0.5718042254447937
0660,51744_cd355565_8,0.02907043881714344,-4.96002721786499
0661,41227_90e1c07c_16,0.006413218565285206,0.8384978175163269
0662,45359_1768ab3f_42,0.008875034749507904,0.06335514783859253
0663,41783_d1c10326_3,0.0009337366209365427,-2.003812074661255
0664,32960_0eaa1de8_13,0.00012055538536515087,-7.703143119812012
0665,34674_32ee1595_3,0.006760338321328163,0.7707066535949707
0666,136885_23632908_1,0.014275511726737022,-4.094494342803955
0667,136808_00592735_3,0.004196867812424898,0.08695715665817261
0668,45589_49e3c7ea_5,0.00918576493859291,0.8108965158462524
0669,141665_0564e852_3,0.004906265065073967,-0.17158782482147217
0670,50897_3be92e2f_18,0.006968730594962835,0.8372626900672913
0671,84256_4164b724_3,0.0003983796341344714,0.6177626848220825
0672,22994_e6ad8f2b_10,0.008029891178011894,0.701981782913208
0673,28295_0dc908b9_8,0.01778123527765274,-4.5697197914123535
0674,23329_6939d5d9_5,0.0013505273964256048,-0.4981710910797119
0675,123665_0a0da5c7_3,0.0002617235295474529,-1.0430891513824463
0676,121172_0ac63503_7,0.0026287036016583443,0.5022080540657043
0677,50941_2a8a8c76_0,0.008910872042179108,0.82328861951828
0678,37846_cde34fcd_66,0.0036225602962076664,0.39201056957244873
0679,56040_9b1307eb_21,0.007831412367522717,-0.21978485584259033
0680,146535_229c95bc_1,0.0006431388319469988,-1.9467644691467285
0681,50947_49287c16_2,0.010210325010120869,0.8331103324890137
0682,95622_0a0787e4_5,0.0012454447569325566,0.3259749412536621
0683,25432_f13e5110_0,0.00839087925851345,0.7357630729675293
0684,32454_e959e3cf_0,0.003358908463269472,0.9054707884788513
0685,65858_61e9b51a_18,0.003976889885962009,0.09275645017623901
0686,70350_751de4b0_3,0.016623755916953087,-1.2981586456298828
0687,129239_0d49310c_15,0.0010568142170086503,0.5972061157226562
0688,31008_8fa25b35_8,0.005345020908862352,-0.12864220142364502
0689,55306_795d845b_2,0.00037251602043397725,-1.3675868511199951
0690,29729_e8bb36f1_2,0.0011926153674721718,-0.4053884744644165
0691,67283_4097cbd6_5,0.0003226806002203375,-1.7436063289642334
0692,23904_811e466f_4,0.003141161520034075,-1.6353204250335693
0693,116076_12d31fb7_1,0.001139889471232891,0.8284677267074585
0694,45302_02d7e3bc_0,0.012658639810979366,-2.1838982105255127
0695,60977_4bb093ec_1,0.0023816972970962524,0.8938713669776917
0696,49017_76979790_8,0.004139925818890333,0.21532124280929565
0697,146321_0dbae658_10,3.3517844713060185e-05,-2.377643585205078
0698,102194_150e3faf_3,0.003299757605418563,0.898935854434967
0699,34769_44655d03_5,0.0011943929130211473,-0.33553874492645264
0700,38953_19054857_6,0.000971273286268115,0.2027255892753601
0701,55397_ad24603f_1,0.002608413342386484,-1.7074980735778809
0702,21908_385686ec_15,0.004016328137367964,0.8061339855194092
0703,60721_57103153_4,0.0004399125464260578,0.2956932783126831
0704,98701_7cd4ec8d_0,0.026311509311199188,0.5220792889595032
0705,91703_642cdf1a_1,0.01406511478126049,0.7354342937469482
0706,26661_ab88a525_5,0.005684245377779007,-0.43386149406433105
0707,51940_67bb0219_21,0.0005418749642558396,-0.15476644039154053
0708,22543_684108ff_22,0.0026886542327702045,-1.6717257499694824
0709,145250_cde4d039_8,0.01136829238384962,-11.798569679260254
0710,20232_e5b060d9_6,0.0016253094654530287,-1.9504377841949463
0711,128043_d4650350_0,0.05094955861568451,0.3158431649208069
0712,140530_30edf2c4_0,0.0033950975630432367,-1.8652522563934326
0713,131814_9af6d05a_0,0.004007125739008188,0.3974534869194031
0714,26245_4aac38e1_9,0.0021249835845083,0.11231845617294312
0715,30282_88c6933c_14,0.006521355826407671,0.7497916221618652
0716,32322_71d0035e_1,0.001368612633086741,0.9297785758972168
0717,131762_d10609a4_1,0.014890910126268864,0.32737529277801514
0718,54812_5f7b7aba_2,0.0005621762247756124,0.7531996369361877
0719,135830_8fb36dac_4,0.006668832618743181,0.7047116756439209
0720,139280_8874b1ab_4,0.0002476413210388273,0.4680675268173218
0721,49904_639055dd_1,0.0026283846236765385,0.6987417936325073
0722,53601_59d3ecd2_0,0.017691703513264656,0.274692177772522
0723,50047_54241fe3_12,0.003924848977476358,0.6961979866027832
0724,136925_70fb0381_3,0.002812107792124152,0.8279128670692444
0725,87488_95f678ce_0,0.03148972988128662,0.3047972321510315
0726,137166_90691294_2,0.0003367708413861692,0.7760612964630127
0727,44030_17bd5ec9_11,0.0018596173031255603,-1.9467074871063232
0728,137396_b5f6bec4_5,0.008583108894526958,0.7422075271606445
0729,21900_760d2078_10,0.011960105039179325,0.826750636100769
0730,21185_ac5324ba_5,0.009354090318083763,0.7082667350769043
0731,31132_2320d049_4,0.009168393909931183,0.8332301378250122
0732,82281_80cdf67c_4,0.00012106271606171504,0.6945904493331909
0733,38287_88ec74de_15,0.01067531481385231,0.7932618856430054
0734,136128_831e37a6_0,0.005463355220854282,0.392214298248291
0735,21330_f0cee934_18,0.0005710624973289669,0.6251700520515442
0736,34109_5a868eae_10,0.003584835911169648,0.6572606563568115
0737,21174_861bd902_2,0.00603542011231184,0.4739733934402466
0738,49783_365bec9e_6,0.007868972606956959,0.7639404535293579
0739,24429_ace910b3_8,4.9306352593703195e-05,-1.885596752166748
0740,22772_2b5f6629_4,0.008118603378534317,-1.0757455825805664
0741,53927_ef5208b9_14,0.03281484171748161,-0.36711132526397705
0742,56250_3b6024e3_54,0.006074686534702778,0.8672475814819336
0743,23522_5c2ec58e_8,0.01458029355853796,0.5405730605125427
0744,121177_93fb3127_10,0.0016257825773209333,-1.9503130912780762
0745,138840_b7f948ea_2,0.0037336612585932016,0.6199852824211121
0746,41125_711db4bf_6,0.013738388195633888,0.6750580072402954
0747,102606_28922dfc_0,0.0018961193272843957,-18.93671226501465
0748,31530_6744ae73_50,0.0555785670876503,0.008429646492004395
0749,50598_eae0df5a_1,0.0001121313835028559,0.7949658632278442
0750,145726_19ccdbda_12,0.0014992471551522613,0.5192217826843262
0751,41469_b94cf3e4_0,0.008497623726725578,-0.7417623996734619
0752,147009_977ee378_1,0.00826966855674982,0.20512306690216064
0753,24267_8a216138_10,0.006882223300635815,0.44126248359680176
0754,63071_3d434a33_16,0.005650367587804794,0.6985306739807129
0755,34436_ffc43a58_4,0.0006253282190300524,0.4605568051338196
0756,50692_e7ff2668_4,0.0020996788516640663,0.15867704153060913
0757,146642_883a71d2_9,0.043500207364559174,0.3130326271057129
0758,109772_f1a0845e_7,0.008558414876461029,0.800286054611206
0759,136640_16741d62_1,0.00548480823636055,-0.39257264137268066
0760,21680_360ba5c7_11,0.004787529353052378,-0.9451026916503906
0761,27729_09d75da1_2,0.007503401953727007,0.7862677574157715
0762,82148_5df06ed9_19,0.03400289639830589,-1.3619847297668457
0763,55287_8a57a3db_1,0.011499383486807346,0.29257065057754517
0764,53221_74fa81cd_5,0.00176369515247643,0.15417909622192383
0765,30417_0010bc7c_39,0.005279760342091322,0.587868332862854
0766,23706_ef15ef9c_40,0.001523249433375895,0.7825891375541687
0767,140763_e14274f8_3,0.00043661880772560835,0.6694650650024414
0768,23602_5daaccf5_3,0.002899355022236705,0.5299890041351318
0769,30282_88c6933c_9,0.00409067003056407,0.7426732182502747
0770,56824_0fc773f6_0,0.012717435136437416,0.2750047445297241
0771,42410_d3b5588e_1,0.0043875789269804955,0.3333675265312195
0772,55055_dd27a8a4_0,0.011917907744646072,0.7818738222122192
0773,115633_a2c63339_6,0.0016031250124797225,-0.7747491598129272
0774,73651_a41647f8_5,0.0002364275133004412,0.08350193500518799
0775,33413_060ce192_32,0.003240300342440605,0.7510795593261719
0776,97331_a482fa9b_0,0.002002680441364646,0.5767929553985596
0777,23476_705b76d1_0,0.0019094437593594193,0.9253140091896057
0778,32566_7bfc936b_6,0.054292794317007065,0.4868709444999695
0779,41717_eb1c1e6b_0,0.00485445698723197,0.6109828948974609
0780,60720_ef9a0a95_8,0.0004664842563215643,0.0029709339141845703
0781,138700_ab763a46_202,0.00035743776243180037,-196.25506591796875
0782,38287_88ec74de_17,0.024089407175779343,-2.961740493774414
0783,135535_0bd0048d_0,0.032071176916360855,0.5169692039489746
0784,21797_69df08d5_7,0.10495949536561966,0.16434460878372192
0785,65350_b3fa8f4f_47,0.246985524892807,-0.13675189018249512
0786,41714_1d49f4d1_3,0.00504583865404129,0.4361785054206848
0787,66012_a13e1644_1,0.004633089527487755,-0.9647510051727295
0788,22652_564979ff_11,0.0009566120570525527,0.2889055013656616
0789,25127_ecba81df_23,0.001493115909397602,0.02557241916656494
0790,47548_db93c988_4,0.012197742238640785,-28.83991050720215
0791,55927_f8b31711_5,0.014633884653449059,0.2173154354095459
0792,31647_ab9ad9dc_2,0.0024051170330494642,0.674903392791748
0793,41128_ee74f244_8,0.002290226286277175,0.37319618463516235
0794,20959_d4905d19_4,0.004376188851892948,-0.0736541748046875
0795,52009_a2b75078_3,0.10296206176280975,-0.03696894645690918
0796,22201_473a3a65_16,0.0015342384576797485,0.7921562194824219
0797,29442_365e23df_30,0.018830496817827225,0.4674016833305359
0798,51859_6b2fd0f1_8,0.006067113950848579,0.7928050756454468
0799,140413_44177109_15,0.0003437983395997435,0.6950529217720032
0800,21822_7d3db422_11,0.010460423305630684,0.7093308568000793
0801,24168_a0ede173_100,0.00035834990558214486,0.7413814067840576
0802,145532_c2304f89_1,0.0036604555789381266,0.4874171018600464
0803,104641_2cd02839_13,0.0004156121867708862,-0.6108841896057129
0804,23679_81ef9e37_2,0.027557579800486565,-5.566025257110596
0805,95271_de3df8d5_2,0.0005338822957128286,-1.5706121921539307
0806,41401_e4117da2_0,9.719158697407693e-05,-1.11775803565979
0807,48006_babdf4af_9,0.017265411093831062,0.8000615239143372
0808,142246_0851be5e_32,0.04420887678861618,0.2663748264312744
0809,33615_7bab1106_4,0.006916545331478119,0.5423328876495361
0810,31117_cd5cdbdb_18,0.012505440041422844,0.8107097148895264
0811,34914_8911676d_0,0.005097489338368177,0.5797626972198486
0812,55501_a09e4ced_2,0.000514791754540056,-18.33723258972168
0813,41128_ee74f244_9,0.0040620979852974415,-0.34465861320495605
0814,142246_0851be5e_22,0.006897348444908857,-0.2509605884552002
0815,22413_901f5867_0,0.00014437791833188385,0.5630379915237427
0816,56490_0a0fba77_0,0.01641879603266716,-3.6570019721984863
0817,93676_4f934980_1,0.0013019887264817953,-1.8863627910614014
0818,146642_883a71d2_96,0.0028772398363798857,0.6859534382820129
0819,24032_d6172503_3,0.008282002992928028,-0.40401220321655273
0820,44221_25c62f03_1,0.011516173370182514,0.7867020964622498
0821,50315_0f1419bf_33,0.011299841105937958,-0.09676098823547363
0822,133389_0938a905_2,0.011707962490618229,-1.9713997840881348
0823,24824_cf51e5b6_4,0.005881187971681356,-0.10327386856079102
0824,33970_32f36442_3,0.030469700694084167,0.04982352256774902
0825,29359_bbfab271_2,0.006151753943413496,-0.08297324180603027
0826,23172_4ab01e83_0,0.00752610620111227,0.8170922994613647
0827,98511_1b46a85e_45,0.011463336646556854,0.6778237819671631
0828,98511_1b46a85e_46,0.010447290726006031,0.6928479671478271
0829,34248_cc11976c_0,0.006459435448050499,0.7613371014595032
0830,104003_46555fb2_0,0.0005364959361031651,-0.19302475452423096
0831,34520_035b5e9a_8,0.002833991078659892,0.026006221771240234
0832,38397_93d5d7de_12,0.04404304549098015,0.3898053765296936
0833,130023_93b3ca95_1,0.0031227923464030027,-0.09915041923522949
0834,83213_47c49876_1,0.0026277077849954367,0.6988241672515869
0835,43928_6ca53538_63,0.023659974336624146,0.4497911334037781
0836,82779_b7b722e3_9,0.005117928143590689,0.3887515664100647
0837,134967_0f27ef51_1,0.00025869504315778613,0.8064611554145813
0838,86024_714b24f4_1,0.0019067920511588454,0.9252998232841492
0839,40807_58058731_11,0.005693176761269569,0.1413806676864624
0840,26750_cd3cb3ff_0,0.038007304072380066,0.3407052159309387
0841,126913_d253adb7_2,0.013319172896444798,-1.627983570098877
0842,24268_2804c9ff_13,0.005357326008379459,0.8606523275375366
0843,45542_320c16fd_3,0.0068800305016338825,0.8632192611694336
0844,22342_274ed8a6_1,0.020880218595266342,-3.5221099853515625
0845,133385_e6aa64d8_17,0.00016916818276513368,0.3218584656715393
0846,143509_1dd5212d_3,0.003351901425048709,0.9011399149894714
0847,47989_3ff0f41d_0,0.022614818066358566,0.35665398836135864
0848,21822_7d3db422_14,0.03523974493145943,0.49113142490386963
0849,21517_bfe35b4c_12,0.0013226494193077087,-1.3088493347167969
0850,52883_e518d3f4_10,0.004762123804539442,0.22685033082962036
0851,41871_f9a1ad02_14,0.01251816563308239,-0.2523181438446045
0852,37016_455093c1_2,0.0014057335210964084,0.24639922380447388
0853,31117_cd5cdbdb_78,0.10614583641290665,0.17687374353408813
0854,129239_0d49310c_22,0.0001870080450316891,0.4570351243019104
0855,30400_8824ce97_6,0.026482457295060158,0.44629502296447754
0856,53233_8dbca22c_8,0.00373954139649868,0.7376912236213684
0857,40514_bb61631d_25,0.005471203941851854,-0.21041107177734375
0858,24053_53349e4d_2,0.001595301553606987,-1.0530962944030762
0859,41917_f0c40fa1_16,0.003956515341997147,0.9064021706581116
0860,22543_684108ff_5,0.011568541638553143,0.5413675308227539
0861,138636_c1153075_0,0.00032965667196549475,0.7057356238365173
0862,24448_75004b6c_6,0.0062649925239384174,0.8005334734916687
0863,24831_bbd3e098_8,0.0026795421727001667,-1.6256980895996094
0864,53221_74fa81cd_3,0.003882930614054203,-0.049659132957458496
0865,76879_65a30a82_4,0.0004387710359878838,0.28272879123687744
0866,108773_f9384cff_10,0.00043549304245971143,-3.5960450172424316
0867,33671_0e9c6ca3_5,0.0012482699239626527,0.9008569121360779
0868,93103_fdb9fcb7_15,0.023983241990208626,-0.2941100597381592
0869,137675_d2bd633e_0,0.00508473813533783,-2.184532880783081
0870,21893_0500d043_32,0.004567516501992941,-1.986083745956421
0871,22110_0bc70e9f_1,0.0035089817829430103,-1.156463384628296
0872,43152_b5472481_1,0.001698402571491897,0.36221349239349365
0873,115717_40314bc2_1,0.012033136561512947,-0.0513911247253418
0874,102943_ca9e7968_0,0.0006808923208154738,0.07350367307662964
0875,136401_69f29349_0,0.04892336204648018,-31.451374053955078
0876,28542_3c922564_0,0.001502714236266911,0.45203131437301636
0877,24267_8a216138_6,0.003744400106370449,0.7946498394012451
0878,84374_272a9731_7,0.0020475233905017376,0.7300434112548828
0879,23531_1ecc8346_18,0.062292519956827164,0.39238089323043823
0880,41871_f9a1ad02_30,0.031775325536727905,0.036920130252838135
0881,132461_14abd2d0_0,0.0005609510699287057,-14.660177230834961
0882,37617_3f415463_2,0.0016226875595748425,-1.6515963077545166
0883,41696_de0790a1_1,0.007313446141779423,0.8375982046127319
0884,54657_2a66e0de_20,0.007079964969307184,0.3498759865760803
0885,24425_0dc4b306_0,0.0034511142875999212,0.6620190143585205
0886,146667_fe438b5b_0,0.002105364575982094,0.9199290871620178
0887,23048_8a1a5553_8,0.0003912253596354276,-9.526458740234375
0888,51871_86ebf5b2_17,0.015182054601609707,-1.7793254852294922
0889,30664_a3084f71_6,0.002646345878019929,0.8376171588897705
0890,139801_97e2ca6a_5,0.006030136253684759,-0.23462355136871338
0891,22278_12f1fb79_13,0.015828609466552734,-0.029758691787719727
0892,22776_facf9bcf_8,0.0038803250063210726,0.8679293394088745
0893,40500_6055e3d7_15,0.12861637771129608,-0.28278279304504395
0894,35740_5322d674_13,0.001525194733403623,0.07212364673614502
0895,39792_60786b6c_12,0.007202889304608107,0.7385081052780151
0896,115524_4a411f7e_0,0.001784105901606381,0.5947158932685852
0897,24131_3ea7d5a8_17,0.008196570910513401,0.6046342253684998
0898,100326_0602c712_2,0.02711629308760166,0.13867396116256714
0899,34571_25c64838_2,0.008187275379896164,0.5147528648376465
0900,143534_4f65fd1a_0,0.0022356791887432337,0.2441355586051941
0901,101446_95204330_1,0.003171402495354414,-1.010465383529663
0902,41749_14d0599c_10,0.0009661514777690172,-1.8196942806243896
0903,55715_525d1d3e_12,0.0006993774441070855,-1.0744822025299072
0904,45307_b9b4bca0_30,0.12333063036203384,0.11671024560928345
0905,22654_4c426b0f_0,0.0011882217368111014,0.8512053489685059
0906,22670_9353c710_4,0.0037385825999081135,-0.14647817611694336
0907,99445_94c22a37_11,0.012377253733575344,0.8161023259162903
0908,132811_57264a28_4,0.004491251427680254,0.6330825090408325
0909,23258_87a2ba81_3,0.0002990495995618403,0.5272939205169678
0910,50777_2934de55_22,0.008448882028460503,0.7000842094421387
0911,98418_4185a7fb_0,0.010069412179291248,0.7560549974441528
0912,43441_e1ab0873_2,0.00022367046040017158,-1.7103140354156494
0913,24271_dbc0fd2d_12,0.0023165231104940176,0.49010032415390015
0914,38944_0d0c3fce_0,0.10267961025238037,0.33479535579681396
0915,40624_e1c5c424_11,7.64087526476942e-05,-0.9244320392608643
0916,100028_0c3a8f1c_13,0.014557087793946266,0.8127562999725342
0917,40491_ac67bf4c_13,0.009082166478037834,0.8296403288841248
0918,25416_1deb9c75_0,0.009411919862031937,-0.6292223930358887
0919,21657_2651585a_6,0.0019783072639256716,0.8951420783996582
0920,21986_67c5509a_15,0.011685353703796864,-0.44984710216522217
0921,32288_34013274_2,0.019880838692188263,-2.364999294281006
0922,55373_ddd74d2f_0,0.020655525848269463,-1.6677162647247314
0923,26245_4aac38e1_0,0.0032743860501796007,0.8123834729194641
0924,33044_7fdd9213_0,0.006073636934161186,-0.08443892002105713
0925,31530_6744ae73_48,0.09725556522607803,0.060502827167510986
0926,25555_fd3d9a3c_1,0.00016187410801649094,0.7727379202842712
0927,54175_7d864ace_6,0.002751189051195979,0.38216912746429443
0928,72950_5074f5a3_0,0.005166390910744667,-2.4152681827545166
0929,129618_2962c248_0,0.047054536640644073,0.2141023874282837
0930,52012_77070fda_10,0.00017758340982254595,0.7215052843093872
0931,28295_0dc908b9_7,0.018407341092824936,-3.9447193145751953
0932,144419_90e59d67_2,0.0002673812268767506,-1.9548604488372803
0933,22734_f6bad9f7_24,0.013797637075185776,0.572992205619812
0934,22604_0b4ffb43_14,0.011917907744646072,0.7818738222122192
0935,81996_b3752ed2_3,0.00017324452346656471,0.8445272445678711
0936,24504_493cee15_8,0.012975290417671204,0.4833502769470215
0937,39124_28e99e62_1,0.0008496727095916867,0.04394173622131348
0938,29725_0ad4937e_1,0.00022972126316744834,0.5847749710083008
0939,109232_04340d62_6,0.00018195543088950217,-2.3098599910736084
0940,129075_8fbf62e5_0,0.0017887464491650462,-0.4155845642089844
0941,102937_18c3cb6a_4,0.005794431548565626,0.7968396544456482
0942,52551_8098346a_5,0.0008008164586499333,-0.3930279016494751
0943,128043_6947b64c_0,0.0068581318482756615,0.6040984392166138
0944,119030_292009a7_41,0.006220304872840643,0.08754551410675049
0945,48526_5aecac8a_0,0.009263758547604084,-0.5599044561386108
0946,32541_86f7df73_4,0.0013085455866530538,-0.2448592185974121
0947,55114_7bf17f6a_0,0.02249033749103546,-0.6304188966751099
0948,55285_6816da52_1,0.042826324701309204,0.0731356143951416
0949,37683_e2cca100_17,0.00012411281932145357,0.8045980930328369
0950,78775_e2d8b091_15,0.007414749823510647,0.7575639486312866
0951,93199_2146e709_2,0.0029901748057454824,0.6469838619232178
0952,135595_656de97a_14,0.0005292115965858102,0.6205765604972839
0953,24284_3710e946_16,0.008971869014203548,0.7967396974563599
0954,135521_30553c91_2,0.00028855862910859287,-3.185093402862549
0955,29732_fb15318c_5,0.0014405249385163188,-0.36840641498565674
0956,88060_389bdff4_0,0.0034214514307677746,0.7917903661727905
0957,27839_4a077326_28,0.01532302238047123,0.6203310489654541
0958,100435_87bf423d_8,0.010234466753900051,0.7983336448669434
0959,25365_bb0e4ede_44,0.0013051542919129133,-0.8510488271713257
0960,146169_144d8264_0,0.1203383281826973,0.35008251667022705
0961,23342_7193a931_3,0.0009524967754259706,-1.8061840534210205
0962,57000_cd1ddece_12,0.008702545426785946,0.8260102272033691
0963,119790_1ed376f0_3,0.0010573198087513447,-0.15395665168762207
0964,72522_e9e87960_4,0.00904281996190548,0.830269992351532
0965,65366_f618b577_2,0.000715572212357074,0.37711799144744873
0966,55707_c78416ed_35,0.01418747752904892,0.25856703519821167
0967,70321_eccffc7e_0,0.0029895270708948374,0.22554248571395874
0968,120143_b5756e6b_0,0.016444049775600433,-1.2836236953735352
0969,27726_aca43af4_35,0.00011529712355695665,-4.356826305389404
0970,31361_72aab333_20,0.0033841021358966827,-0.07550215721130371
0971,121949_e10b5e85_12,0.006082327105104923,0.8320040702819824
0972,146399_0e4b73c4_13,0.04597611725330353,0.05615198612213135
0973,41134_fc146947_6,0.0019564994145184755,0.08533191680908203
0974,21237_7887a24b_35,0.0009115998982451856,-2.7687175273895264
0975,24885_55e20ddf_3,0.00018995962454937398,0.8123259544372559
0976,34914_8911676d_23,0.004046166315674782,0.2808987498283386
0977,21803_8a36dcda_12,0.005925765261054039,0.8017151355743408
0978,41306_8f26e703_5,0.0001762090832926333,-0.9022070169448853
0979,25118_f50fdc69_10,0.0001157280130428262,0.8309739828109741
0980,25473_0991d519_9,0.006832548417150974,0.8289052248001099
0981,126585_86fa26cb_0,0.00022315872774925083,0.7244022488594055
0982,145691_69484976_9,0.01295006088912487,-0.16436660289764404
0983,60729_c51868ec_0,0.0019138830248266459,-0.05436110496520996
0984,123929_e7dbad2c_0,0.01361621730029583,-5.467859745025635
0985,69649_70b07cac_0,0.007773520890623331,0.8282883167266846
0986,55135_f1186d58_9,0.002146610990166664,-1.6743571758270264
0987,20838_86c931be_2,0.0031576030887663364,0.6074150800704956
0988,45242_626509cb_11,0.0021512643434107304,0.049347639083862305
0989,34983_439766af_13,0.024385979399085045,0.7463455200195312
0990,53453_fb0f1640_1,0.023484041914343834,0.287089467048645
0991,23255_972fbfe6_25,0.003371123457327485,0.8937394618988037
0992,24168_a0ede173_203,0.17214858531951904,0.042584776878356934
0993,55476_1473d91f_0,0.0018244455568492413,0.06988614797592163
0994,55111_ef389075_1,0.006502167787402868,0.7514816522598267
0995,141710_17531562_1,0.0012511510867625475,0.8949499726295471
0996,96601_b89e6252_1,0.00013643302372656763,0.2744574546813965
0997,135790_a27f9deb_43,0.06513199955224991,0.16552144289016724
0998,121363_746708db_0,0.0015729201259091496,0.39480096101760864
0999,136886_3aa46890_0,0.0007770680240355432,0.7102614641189575
1000,50315_0f1419bf_19,0.03614894673228264,0.5027716159820557
1001,37846_cde34fcd_14,0.00020455053891055286,-1.312718391418457
1002,24816_ef81ad4c_1,0.004907306283712387,-0.7547577619552612
1003,75646_4baf69b2_7,0.03267543390393257,0.5424399375915527
1004,140155_81f9ac63_0,0.013156980276107788,-2.28251576423645
1005,51603_034939eb_10,0.008206549100577831,0.5453607439994812
1006,30435_c97330d2_0,0.00040491155232302845,0.3153662085533142
1007,27839_4a077326_27,0.002331420546397567,0.873232901096344
1008,55627_971fde61_34,0.033076003193855286,-1.5570971965789795
1009,134909_ef3d003c_0,0.00019006726506631821,0.8135388493537903
1010,33413_060ce192_51,3.3414333302062005e-05,-3.629635810852051
1011,22245_ca848576_12,0.0010984751861542463,-0.28284573554992676
1012,52039_ba12c3ac_1,0.00873336661607027,0.8254003524780273
1013,39707_358f88df_2,0.0020196239929646254,-1.1506922245025635
1014,50014_33f250c8_3,0.09371119737625122,0.1452082395553589
1015,52987_387431ac_1,0.02575991488993168,-0.7687572240829468
1016,33501_b1ee5058_15,0.00897732563316822,0.8214839696884155
1017,82168_4844bddd_1,0.01223747618496418,-0.6522858142852783
1018,30384_95e72fc2_4,0.000380783953005448,-3.193758010864258
1019,23554_a0845d54_2,0.00915972888469696,-6.656859397888184
1020,23800_65e0a5d1_0,0.0005179851432330906,-0.6324266195297241
1021,41128_ee74f244_0,0.0003992413985542953,0.5991843342781067
1022,143019_22dbd3e6_2,0.03765971213579178,-0.19484364986419678
1023,79993_6087acd5_8,0.0077245598658919334,0.7556304931640625
1024,21422_b2a6bf27_0,0.008487819693982601,0.8600596189498901
1025,25487_dd2c17e8_21,0.0014389435527846217,-0.277668833732605
1026,22654_4c426b0f_10,0.00015272418386302888,-0.025607585906982422
1027,30368_d7fd30ce_6,0.00045337187475524843,-8.696500778198242
1028,57249_6bd2af3c_2,0.0020833301823586226,0.9231463074684143
1029,57029_3ab80a22_0,0.004613377153873444,0.08479827642440796
1030,79906_052c7eb4_3,0.005387039855122566,-0.16771888732910156
1031,82996_b8dc67c9_10,0.00024314768961630762,0.6644482612609863
1032,119884_192e3265_1,0.008419232442975044,-2.8397953510284424
1033,21225_c081eae3_10,0.004026893526315689,0.7691298127174377
1034,121949_e10b5e85_1,0.007227995898574591,-0.8289797306060791
1035,81994_ba8916c9_5,0.00018492175149731338,0.8384175300598145
1036,22447_4062c6cb_29,0.009982309304177761,0.8316087126731873
1037,55044_ee57bac8_1,0.00015150570834521204,0.42436718940734863
1038,41871_f9a1ad02_13,0.11584310978651047,0.3493792414665222
1039,74688_a5168a45_2,4.105676634935662e-05,-7.8216142654418945
1040,23218_02d26ab4_4,0.0006787030142731965,-0.5610458850860596
1041,41205_dc60aa5d_0,0.007817709818482399,-0.9435150623321533
1042,41979_ca698776_0,0.0038650843780487776,0.20730698108673096
1043,141453_50ec6f25_7,0.006541591603308916,0.8146965503692627
1044,97143_5424c420_0,0.0042600627057254314,-0.09329617023468018
1045,41986_26275a06_2,0.0061255283653736115,0.422569215297699
1046,136800_c5e4d711_2,0.000237610875046812,0.6752207279205322
1047,101635_11b839a3_5,0.0003579987387638539,-1.9329471588134766
1048,55866_b041060d_0,0.002012711251154542,0.8768100738525391
1049,53846_89405f98_0,0.0030438462272286415,0.37810856103897095
1050,27725_5cceaeb7_1,0.0086771035566926,0.21707630157470703
1051,146137_92faaea5_9,0.015834055840969086,-0.2686948776245117
1052,41211_11f6b8a0_4,0.00041738850995898247,0.8281030058860779
1053,21330_f0cee934_46,0.008693712763488293,0.8261854648590088
1054,127188_5fecd146_4,0.00022209802409633994,0.6948159337043762
1055,135949_06517574_8,0.00018428292241878808,-0.910453200340271
1056,68928_0d4e4a2e_24,0.02069290541112423,-0.30117011070251465
1057,50410_f8f03667_38,4.68809885205701e-05,-2.2275185585021973
1058,142999_171240b6_21,0.00034412555396556854,0.7455590963363647
1059,144709_642fc665_0,0.010604197159409523,-0.0421065092086792
1060,53232_f8760054_10,0.00033736933255568147,-2.2289083003997803
1061,22372_e91792a1_0,0.00044373353011906147,-4.690895080566406
1062,21767_53eaa558_12,0.06827948987483978,0.11766350269317627
1063,32220_1fd19c5e_0,0.0008294581202790141,0.1478363275527954
1064,22886_a6331748_1,0.0037949378602206707,0.6515837907791138
1065,130996_b842b511_12,0.004431449808180332,0.5915464162826538
1066,55571_74a416b1_1,0.0005664411000907421,-3.804924964904785
1067,70169_914780d4_1,0.002158164279535413,0.17817282676696777
1068,23156_7788f78a_6,0.10721555352210999,0.22420740127563477
1069,124496_20e20439_10,0.0008358407649211586,-0.8370673656463623
1070,76300_7cb02add_1,0.004433095455169678,0.3435726761817932
1071,21647_6b6cca6f_10,0.002575162099674344,-0.40554285049438477
1072,22734_f6bad9f7_23,0.012373997829854488,0.48451828956604004
1073,94176_0a6c42ab_2,0.0004844691138714552,-87.9104232788086
1074,24048_d731886d_9,0.01244049146771431,-0.3712414503097534
1075,25487_dd2c17e8_30,0.01139014307409525,-4.148748874664307
1076,115717_40314bc2_4,0.00025676278164610267,0.16480803489685059
1077,125592_875faf40_0,0.026990879327058792,-0.2528263330459595
1078,41871_f9a1ad02_44,0.00932443980127573,0.34124720096588135
1079,146642_883a71d2_8,0.00377050694078207,0.08005988597869873
1080,136883_076fbff9_31,0.0007891523418948054,-1.6103456020355225
1081,60766_fb8715eb_3,0.0012999055907130241,0.9049383401870728
1082,30818_33617072_0,0.02474360726773739,-0.25276899337768555
1083,130679_7a357a9c_18,0.015659617260098457,0.07885313034057617
1084,55306_795d845b_0,0.00019586535927373916,0.5801184177398682
1085,135934_d2f6bb2e_33,0.000314471370074898,0.5807437896728516
1086,111054_e45a0d40_7,0.10650161653757095,-0.03022325038909912
1087,36826_d9269c2e_10,0.00601720018312335,0.5912848711013794
1088,37619_ae810a8d_7,3.680255031213164e-05,-15.80836296081543
1089,22343_34184fd5_22,0.000579572282731533,-0.7938002347946167
1090,113020_de552f8d_0,0.00036336792982183397,0.772773802280426
1091,20216_89b90993_0,0.014220586977899075,0.05262327194213867
1092,23325_292b3294_16,0.010272311978042126,0.022747516632080078
1093,23522_5c2ec58e_9,0.004275929182767868,0.6753406524658203
1094,146624_359752bb_20,2.4173457859433256e-05,-11.186323165893555
1095,104990_11b4aeee_1,0.005831282585859299,0.8667079210281372
1096,90917_4670b560_0,0.052693288773298264,-0.024106383323669434
1097,54818_59adf8c2_5,0.0022839736193418503,-0.9752246141433716
1098,34109_5a868eae_3,0.0022434229031205177,-2.6601154804229736
1099,23161_e7f63a9f_2,0.013895983807742596,-0.2573617696762085
1100,37160_2a95674a_27,0.004342362284660339,-0.517126202583313
1101,61280_8bdbc90f_0,0.00784822553396225,0.7181330323219299
1102,55083_dac1f9cc_2,0.006951846182346344,0.4212602972984314
1103,34341_d19b12fb_14,0.0001935792388394475,-0.9253528118133545
1104,54516_ac9e2ef4_61,0.004420163109898567,0.26604336500167847
1105,24559_3c306e71_2,0.0011394734028726816,-1.319568395614624
1106,105831_88a0fb85_1,0.006612395402044058,0.7487702369689941
1107,32743_f4c47bbc_19,0.008141814731061459,-0.5128633975982666
1108,40500_6055e3d7_18,0.010949059389531612,0.4744175672531128
1109,22862_f5406bb0_0,0.009829136542975903,0.841879665851593
1110,141081_ae61ec46_0,0.012985998764634132,0.8120099306106567
1111,135112_cf8007b8_4,0.038154810667037964,0.42118364572525024
1112,131442_1512d9ff_5,0.0002898245002143085,0.386665940284729
1113,145132_7aea3b66_1,0.1913539618253708,0.2757422924041748
1114,41871_f9a1ad02_45,0.004861148539930582,0.06303530931472778
1115,51775_49ef614a_1,0.00972367636859417,-1.7551510334014893
1116,143293_fc5b0ff7_23,0.0010916561586782336,-0.9944058656692505
1117,51547_a7e01c38_6,0.00015144183998927474,0.7830201387405396
1118,114021_44c3c39c_2,0.00012766648433171213,0.6817215085029602
1119,123766_c5a4cf5e_0,0.00044738600263372064,-1.852426290512085
1120,23031_0d684603_8,0.0036493800580501556,-0.5729769468307495
1121,132996_c742ef84_4,0.003590621519833803,0.501737117767334
1122,137096_5d77f285_1,0.004887886345386505,0.4165953993797302
1123,27072_b4756e8c_2,0.004052206873893738,0.08351731300354004
1124,51915_e704f5dd_2,0.005838506389409304,0.08697551488876343
1125,132811_57264a28_13,0.010019050911068916,0.8313268423080444
1126,49396_98ab955d_13,0.00592841999605298,0.3390710949897766
1127,132081_761d26ad_0,0.004806542303413153,0.8713366985321045
1128,82906_7b72e0e8_2,0.010811303742229939,0.6987993121147156
1129,92649_26fe8262_0,0.0012904307805001736,0.4046393036842346
1130,21803_8a36dcda_11,0.0058276355266571045,0.8432546257972717
1131,30637_f6324fc6_5,0.00047635575174354017,-2.152822256088257
1132,105560_a6f91315_12,3.629427737905644e-05,-4.083413600921631
1133,41737_d80c34b9_0,0.025889435783028603,-0.5467697381973267
1134,34983_439766af_12,0.003347147721797228,0.6707373857498169
1135,122755_60c41889_10,0.0002681492769625038,-3.2972230911254883
1136,76879_65a30a82_2,0.07055885344743729,0.36885499954223633
1137,89816_cef36e57_4,0.008708867244422436,0.8563823699951172
1138,49406_100c707b_3,0.0019507292890921235,0.7750716209411621
1139,105560_a6f91315_10,8.85129120433703e-05,-0.9111918210983276
1140,129421_483d2957_5,0.0006640105857513845,-1.797708511352539
1141,122740_fc5c94eb_33,0.0038724008481949568,0.8814343214035034
1142,135595_656de97a_5,0.000531328609213233,0.8059436678886414
1143,35740_5322d674_5,3.198235572199337e-05,-10.100027084350586
1144,23681_932e722e_18,0.008724926970899105,0.8348524570465088
1145,108244_329b1876_17,0.00042774001485668123,-98.38545227050781
1146,125745_cf468448_6,0.0030954675748944283,0.2721483111381531
1147,138838_c9a9e790_6,0.019139058887958527,-2.720334768295288
1148,102416_b74464a2_4,3.7841247831238434e-05,-14.00993824005127
1149,30426_2cde26de_21,0.0001658001565374434,0.507175862789154
1150,137837_9c9f163d_5,0.002274738857522607,-1.3952765464782715
1151,25487_dd2c17e8_15,0.012347561307251453,-0.609470009803772
1152,21549_18160a0a_4,3.328317325212993e-05,-3.698211193084717
1153,21385_601444ba_0,0.007369266357272863,0.541564404964447
1154,35233_add576ba_9,0.0053706541657447815,0.6492313742637634
1155,55345_c6423351_0,0.014278210699558258,-1.311530590057373
1156,110697_4b2725f1_0,0.009168393909931183,0.7864230871200562
1157,109946_242843a6_1,0.00034914881689473987,-7.230524063110352
1158,34341_d19b12fb_22,4.1910199797712266e-05,-3.764850616455078
1159,23247_bcd1e84f_21,0.01910214312374592,-3.010892868041992
1160,131765_29b29f08_6,7.477882172679529e-05,-0.6193499565124512
1161,21395_7d6fda6f_12,0.02549607865512371,-21.31437873840332
1162,135460_6471e973_15,0.002275077160447836,0.25266969203948975
1163,51741_49d61151_7,0.0042428188025951385,0.8466929793357849
1164,28382_90b7cc0c_12,0.004284221213310957,-0.5540220737457275
1165,30850_05d88af9_2,0.006657324265688658,0.7253730893135071
1166,86278_1e55d036_12,0.0001285615871893242,0.04309260845184326
1167,67240_525e92c1_1,0.0035411762073636055,-1.8414888381958008
1168,82002_ef2b4feb_6,0.006561262533068657,0.8739291429519653
1169,53364_ec8aad42_1,0.02501576580107212,-0.07487666606903076
1170,135771_b030a25c_17,0.0010561341186985373,-0.22171401977539062
1171,135906_29d7b495_1,0.00011231376265641302,0.7992000579833984
1172,21822_7d3db422_38,0.001767985988408327,-0.7936893701553345
1173,81136_5b86c723_1,0.0002272319106850773,-0.6687188148498535
1174,25473_0991d519_2,0.040626198053359985,0.2971388101577759
1175,73405_94381b7c_5,0.01711118593811989,-1.876204252243042
1176,24009_c40b0d48_2,0.003274753224104643,0.8994331955909729
1177,22162_439af02a_1,0.007161620073020458,0.8591822385787964
1178,146159_f3f80701_0,0.007861961610615253,-1.0962519645690918
1179,51895_5760b481_15,0.07157279551029205,0.23822975158691406
1180,33500_e58e287e_1,0.013205382972955704,0.38530874252319336
1181,31838_2e4bd173_0,0.011292061768472195,-6.548129558563232
1182,146137_92faaea5_18,0.0004225517623126507,-2.6987411975860596
1183,124879_2257a334_2,0.0003014167014043778,-2.3081631660461426
1184,144145_510eedc2_7,0.009881747886538506,0.8168673515319824
1185,21237_7887a24b_78,0.001761997235007584,0.8467723727226257
1186,82297_93739ce0_6,0.0018319020746275783,0.39780694246292114
1187,51536_a18dc325_31,0.0004078177735209465,-0.9767264127731323
1188,93103_fdb9fcb7_7,0.009815817698836327,-0.2670239210128784
1189,24590_415f7013_9,0.005110748112201691,0.05307352542877197
1190,130659_16f2db4c_0,0.0005557357799261808,0.8161525130271912
1191,23083_fdb942ac_2,0.006799397524446249,0.7162996530532837
1192,23954_a8c09819_2,0.0076048728078603745,0.8525217771530151
1193,30417_0010bc7c_13,0.009856568649411201,0.12353020906448364
1194,120535_e304dfca_1,0.005306042265146971,0.6108022928237915
1195,93199_2146e709_9,0.006691447924822569,-0.5365262031555176
1196,23686_cba4f679_15,0.017836574465036392,0.6002165079116821
1197,40807_58058731_20,0.056726932525634766,0.42904412746429443
1198,94410_d32e7520_35,0.009443927556276321,0.7648608684539795
1199,79695_fd8bae0e_0,0.018685566261410713,-3.7514185905456543
1200,129422_621d0a90_35,0.015578831546008587,-6.316794395446777
1201,44932_16cb7f21_5,0.010514829307794571,0.7021927833557129
1202,136550_8a8672e5_1,0.00440646056085825,-0.23701560497283936
1203,20495_e8e7e80c_3,0.012773026712238789,0.771548867225647
1204,31962_e5291336_50,0.0016758930869400501,-0.5986952781677246
1205,24888_5be1de05_1,0.00017947505693882704,-2.413466215133667
1206,34114_7e58a97d_10,0.008103103376924992,0.6884751319885254
1207,108433_37a79370_0,0.02513469196856022,-1.2209808826446533
1208,22844_9b75b8e0_1,0.001243078033439815,0.9484349489212036
1209,115637_b4d41e8a_0,0.0036275391466915607,0.6488316655158997
1210,53474_f29e4438_15,0.03092358447611332,0.12031537294387817
1211,26766_1aaa348c_0,0.0033907084725797176,0.5186858177185059
1212,51940_67bb0219_7,0.0020608287304639816,0.6632289290428162
1213,41714_1d49f4d1_13,0.0006956404540687799,-1.7432310581207275
1214,21815_7090778f_9,0.015864193439483643,-0.30190134048461914
1215,32843_8e5bdf24_0,0.004143107682466507,0.8164301514625549
1216,23686_cba4f679_10,0.017132829874753952,-1.1349735260009766
1217,114425_891ab08d_0,0.0073571582324802876,0.08265054225921631
1218,41786_02d48cdd_5,0.008856482803821564,-0.37047576904296875
1219,22895_4533b542_1,0.005136166699230671,0.7056286334991455
1220,49016_cd1b47bf_6,0.014603983610868454,0.5373772382736206
1221,51674_a70c1c6c_3,0.0001160542742582038,0.8144136071205139
1222,52972_6e5a5ada_11,0.007712054997682571,0.6726549863815308
1223,120700_d818883a_8,0.0005832720780745149,0.21027088165283203
1224,34530_9525ffcd_0,0.010377077385783195,0.8048560619354248
1225,24355_99bf3f8f_1,0.0005630223313346505,-0.09032845497131348
1226,56250_3b6024e3_46,0.022825220599770546,0.596427321434021
1227,56355_727ca47c_3,0.01699819788336754,-3.1044921875
1228,35057_9af89947_1,0.002149204956367612,0.6625715494155884
1229,120881_a946667f_13,0.00030722550582140684,0.576747477054596
1230,143021_c6df0146_5,0.0002907862071879208,-0.6192258596420288
1231,69240_dc199112_3,0.0012011402286589146,-0.09320664405822754
1232,41733_1ec9b00c_15,0.003922127187252045,0.18322527408599854
1233,30298_24191733_2,0.00045335685717873275,-2.1352505683898926
1234,30400_8824ce97_18,0.014080202206969261,-1.9400386810302734
1235,37040_ecbcd25e_36,0.00430281413719058,-0.1604914665222168
1236,23035_6087bb57_4,0.0017105047591030598,-1.5597941875457764
1237,38675_6e07d74b_26,0.0685003325343132,0.05219203233718872
1238,31751_e37382e1_9,0.001518902718089521,0.8380451202392578
1239,54601_e1da5b93_4,0.008839698508381844,0.824138879776001
1240,142999_171240b6_29,0.014950146898627281,-0.13326215744018555
1241,137646_14bca880_0,0.005815176758915186,0.4629642963409424
1242,37519_442dc408_1,0.0019068203400820494,-1.3301739692687988
1243,47195_a8cd8bad_6,0.0013743293238803744,0.912605881690979
1244,22474_b10fea1a_6,0.008894185535609722,-0.025802135467529297
1245,53200_d1e30b87_10,0.002556895837187767,0.5550764799118042
1246,41472_f9d73638_9,0.0015668728156015277,-0.6105079650878906
1247,126397_cc08a23d_1,0.0004199538961984217,0.31844037771224976
1248,31838_2e4bd173_4,0.007504682522267103,0.8662108182907104
1249,52006_d21e4570_7,0.00370319583453238,0.2659323215484619
1250,62109_08c31aa8_0,0.004261884372681379,0.2405746579170227
1251,49403_458914df_0,0.0023773377761244774,-0.4042656421661377
1252,122914_76ff1f5e_2,7.756608101772144e-05,-5.903590679168701
1253,34913_d23e2a24_2,0.00425818283110857,-0.9054000377655029
1254,104641_2cd02839_15,0.00046529993414878845,-0.34461021423339844
1255,131632_6144b102_1,0.016653787344694138,0.8017269372940063
1256,30850_05d88af9_0,0.004540751222521067,0.6437152624130249
1257,86296_8a6ed4d3_7,0.00013355218106880784,0.5886554718017578
1258,34983_439766af_7,0.014925708062946796,0.7873632907867432
1259,33374_7491cbf8_2,0.05473720282316208,0.47040069103240967
1260,50694_afd26bd5_10,0.019645070657134056,0.7890421152114868
1261,50292_e84db1fb_8,0.00095801503630355,-2.2691566944122314
1262,81367_622a9e51_2,0.017549589276313782,-3.4067888259887695
1263,78966_584c5305_0,0.002369395224377513,-0.23544788360595703
1264,79905_623eae86_1,0.07271004468202591,0.4045710563659668
1265,63055_6b907478_15,0.0018479024292901158,0.8525930047035217
1266,135771_b030a25c_4,0.00016812665853649378,0.7883238792419434
1267,41753_9b4f8d8a_0,0.009132107719779015,0.8207017183303833
1268,80784_f7ec5f70_1,0.004301256500184536,0.27117741107940674
1269,33607_c6f31fa6_10,0.016049731522798538,-0.9655499458312988
1270,22225_a3ce4d29_42,0.003093743696808815,0.6675360202789307
1271,51938_8b9cba89_5,0.026501456275582314,0.4446125626564026
1272,44741_f386a08f_4,0.004966340027749538,0.8525984883308411
1273,70021_e673ae54_4,0.010690047405660152,0.8264977335929871
1274,55135_f1186d58_7,0.026164917275309563,-1.3451635837554932
1275,31856_2a5a4e32_12,0.025544943287968636,-0.4170423746109009
1276,75303_045fc848_4,0.006569643504917622,-0.009430527687072754
1277,129683_3ad38815_10,0.04592804238200188,0.4629231095314026
1278,21894_93f0d052_24,0.002837988780811429,0.7704828977584839
1279,143823_1b04bf80_13,0.005294186528772116,0.6179706454277039
1280,143823_1b04bf80_18,0.0019196713110432029,-0.8572903871536255
1281,111863_c925f4f3_2,0.0016756107797846198,-0.5988650321960449
1282,104633_d0a15bd3_6,0.025569437071681023,-1.1440882682800293
1283,48832_22363e53_33,0.0031030913814902306,0.916182279586792
1284,127466_a18ae326_1,0.0012743627885356545,0.5198867917060852
1285,22211_b1ee53f0_12,0.011827701702713966,0.5057451725006104
1286,137837_9c9f163d_6,0.003236975986510515,0.11841219663619995
1287,122755_b830e22d_17,0.00043905252823606133,-3.9172205924987793
1288,21299_e9cd80a6_12,0.0008989135385490954,-0.20544683933258057
1289,44920_70dd4b80_11,0.0069670001976192,0.6848044991493225
1290,52987_387431ac_7,0.004798367619514465,0.853853166103363
1291,147926_b78316a8_10,0.0007135296473279595,0.3748648166656494
1292,144653_e3eccdf1_50,0.001771989045664668,-0.1805938482284546
1293,56458_c027ed41_0,0.001151334960013628,0.8570828437805176
1294,23495_6366269c_11,0.006830557715147734,0.8641610145568848
1295,70883_e2d6a103_2,0.05782333388924599,0.1408481001853943
1296,32743_f4c47bbc_34,0.004349770490080118,-1.5352094173431396
1297,30910_38ea5a06_2,0.0030018885154277086,0.49088186025619507
1298,56476_466fc284_17,0.04711504280567169,0.025468051433563232
1299,22604_0b4ffb43_62,0.0067988731898367405,0.7163243293762207
1300,21534_6367be99_0,0.002891597803682089,0.08846491575241089
1301,133026_1085532d_1,0.0057504018768668175,-0.4614182710647583
1302,137828_0b0786fb_1,0.0179272647947073,0.6553560495376587
1303,55627_971fde61_27,0.009493155404925346,-0.1983966827392578
1304,93869_8b1922a3_0,0.005091516766697168,0.5893828868865967
1305,24393_9acd18c6_3,0.007393995765596628,0.862027645111084
1306,44996_b3e9c266_14,0.00019945201347582042,0.21944618225097656
1307,55300_b9675d43_1,0.007210236508399248,0.8584305047988892
1308,113352_879844fe_0,0.002935700584203005,0.8804556727409363
1309,135317_3c58b0d0_9,0.0012712472816929221,-0.17462480068206787
1310,115624_fe3eb392_1,0.012228748761117458,0.42728543281555176
1311,63055_6b907478_21,0.004671135917305946,0.8296510577201843
1312,40421_032c052f_0,0.002444499172270298,0.6284358501434326
1313,143029_70554264_3,0.0006334848003461957,-0.08523249626159668
1314,145117_78f63de3_0,0.011158430017530918,-1.8698327541351318
1315,128996_35f2006e_0,0.0005722369533032179,-1.8615655899047852
1316,54503_fc6c6963_1,0.0021837290842086077,0.7241950035095215
1317,24657_0168dc6b_1,0.0048474776558578014,0.881349503993988
1318,130524_13ad16a8_0,0.2033184915781021,-0.0053740739822387695
1319,142670_33c641dc_3,0.018321407958865166,-5.960547924041748
1320,65375_674ff0b9_11,0.0015352502232417464,-0.3977382183074951
1321,23168_7fdf5427_3,4.151457324041985e-05,-17.96385383605957
1322,41717_ab2075ac_0,0.0026385532692074776,0.9031230211257935
1323,21739_57582b8f_4,0.0018004231387749314,0.8943713903427124
1324,143293_fc5b0ff7_30,0.005721445195376873,0.8439727425575256
1325,135906_587b5c3d_0,0.0007476292084902525,0.5485480427742004
1326,138685_fd9b79cd_0,0.0005186532507650554,0.5852760672569275
1327,119921_5621fcb4_0,0.004091726150363684,0.30920708179473877
1328,49403_458914df_5,0.015232261270284653,-0.7359882593154907
1329,73525_7f6b2f67_2,0.00011349584383424371,0.8182199001312256
1330,136994_a3a2f50f_3,0.003713232232257724,0.5817610025405884
1331,31838_2e4bd173_1,0.00838899239897728,0.8184288144111633
1332,35866_d0233b36_6,0.009806531481444836,0.8328188061714172
1333,53053_d6b4d71c_9,0.012450898066163063,0.6767399907112122
1334,90220_7baf1e18_1,0.000719575909897685,0.028629720211029053
1335,23364_73dd9d4d_10,0.00012537036673165858,0.8198152780532837
1336,52987_387431ac_3,0.008191961795091629,0.32531607151031494
1337,51859_6b2fd0f1_4,0.0011463708942756057,0.362689733505249
1338,51708_867d4509_12,0.0001276992989005521,-0.10616147518157959
1339,93199_2146e709_3,0.008925835601985455,0.810754656791687
