case_num,case_name,MSE,R-Square
0000,50417_199cffee_13,0.12164255231618881,0.05246996879577637
0001,48516_2b3135bf_11,0.01397019624710083,0.52767014503479
0002,41733_1ec9b00c_31,0.012790003791451454,-0.24063444137573242
0003,31664_1e85c690_0,0.006808632053434849,0.6339402198791504
0004,21893_0500d043_18,0.014575942419469357,0.7036550045013428
0005,31607_9a2f8140_6,0.015067705884575844,0.4942471981048584
0006,41774_88a7a483_18,0.008246979676187038,-1.013129711151123
0007,42143_51b31600_4,0.00014764830120839179,0.7016632556915283
0008,23104_3b70eba4_13,0.0011832539457827806,-0.9465118646621704
0009,129075_8fbf62e5_2,0.0004364173801150173,-0.1516648530960083
0010,41624_a15f83c1_13,0.00027503553428687155,0.8649449348449707
0011,36088_1ea9c8a9_12,0.024369001388549805,0.4314960837364197
0012,126477_6596d136_14,0.000732066691853106,0.336439311504364
0013,130441_10c43121_0,0.22278007864952087,-0.13490557670593262
0014,133385_e6aa64d8_21,0.0009531265241093934,0.37468814849853516
0015,26398_b99946da_1,0.052347827702760696,0.3115350604057312
0016,61198_0c99f50a_4,0.00034201156813651323,-20.54559326171875
0017,26661_ab88a525_0,0.0006745955906808376,0.22032523155212402
0018,129075_8fbf62e5_1,0.005225077271461487,-3.9343619346618652
0019,51891_9455ea02_1,0.02091316692531109,0.668146014213562
0020,34770_6bba5bd4_13,0.01974724791944027,0.612281084060669
0021,21646_a2dd0d00_53,0.004562651738524437,0.6207426190376282
0022,68909_4ae1bc2e_1,0.0029378472827374935,-1.7609047889709473
0023,27866_ece3076e_109,0.00047808862291276455,0.9246118068695068
0024,92134_52f13f49_6,0.0012494005495682359,0.27995914220809937
0025,23342_7193a931_1,0.002467935672029853,-2.4253265857696533
0026,126572_a2d6f794_14,0.00026578910183161497,-25.719873428344727
0027,44344_3e0b0b0c_1,0.0002865971764549613,-38.69292068481445
0028,49331_3bf3bb84_4,0.019606364890933037,0.6411060094833374
0029,33971_46bb0373_0,0.0069726863875985146,0.10933023691177368
0030,21517_bfe35b4c_1,0.0011072246124967933,-0.605931282043457
0031,23165_369d62aa_6,0.0303769800812006,0.6336047649383545
0032,81846_2907c980_0,0.0073065017350018024,0.6756672263145447
0033,24168_a0ede173_111,0.01669025421142578,-0.6484960317611694
0034,53461_a5942665_1,0.0035666017793118954,0.8677191734313965
0035,24907_c72322ea_13,0.003224470652639866,-0.216705322265625
0036,133424_315bcaeb_7,0.0003804965817835182,0.5076218843460083
0037,40490_916e13fe_0,0.0089108319953084,0.7224486470222473
0038,38000_b5822e44_3,0.02339656464755535,0.645399808883667
0039,138520_f4e0bc0b_63,0.0038165354635566473,-2.6411523818969727
0040,61294_9255796d_3,0.00010434449359308928,0.8047568798065186
0041,22176_272891b8_0,0.0036864695139229298,-0.8699779510498047
0042,24815_4f2a57e4_1,0.03879377245903015,-0.13913047313690186
0043,113343_e692c488_1,0.00017220845620613545,0.7401238679885864
0044,33995_18423507_1,0.0009675477049313486,-0.30337512493133545
0045,127897_029949fd_6,0.01966680958867073,0.606743335723877
0046,123181_4e56fb4f_0,0.024029633030295372,0.6518826484680176
0047,22670_9353c710_1,0.000868564413394779,-4.293312072753906
0048,128642_4d72bf31_2,0.0069416179321706295,-2.760298490524292
0049,146667_fe438b5b_6,0.03669126704335213,-1.2406842708587646
0050,38260_2a31c6df_2,0.008093588054180145,-0.14065122604370117
0051,24443_996411f9_3,0.010358302854001522,0.7649387717247009
0052,142074_34e02b6d_1,0.0002032736811088398,0.9391223788261414
0053,41501_b627682a_15,0.009710163809359074,0.151458740234375
0054,24712_da77fe8f_0,0.01892641931772232,0.6458913683891296
0055,32960_0eaa1de8_26,0.015182942152023315,0.718779981136322
0056,130757_b2c47f8d_2,0.00024484022287651896,-6.3174638748168945
0057,104817_6d73dc41_0,0.010644315741956234,-0.19255602359771729
0058,79243_49539d9f_0,0.010331644676625729,0.7774176597595215
0059,82012_c533307b_1,0.0018507485510781407,-0.7240376472473145
0060,107649_e651c5ca_1,0.000397495343349874,-1.7719244956970215
0061,40997_e3c88650_12,0.013082538731396198,0.6644279956817627
0062,143029_70554264_4,0.002465602243319154,0.6629584431648254
0063,27054_342fcf5c_3,0.0005893398192711174,0.38490456342697144
0064,41648_577daf16_17,0.004957416094839573,-0.8766287565231323
0065,89720_4e65191c_1,0.013901257887482643,0.6632394790649414
0066,75382_1b589ea9_12,0.00027687379042617977,0.2085256576538086
0067,120371_433ba1ca_2,0.005895567126572132,0.4858357310295105
0068,49024_b7f02205_13,0.008077888749539852,0.6432105898857117
0069,51022_47816098_7,0.09735503792762756,0.0003095269203186035
0070,41634_4f5d0edb_0,0.00014775132876820862,0.7045547366142273
0071,23170_6ea8ded5_3,0.02551090158522129,0.5730728507041931
0072,69589_cd2fa794_8,0.017669688910245895,-0.1553555727005005
0073,41504_85e300ee_0,0.010003496892750263,-0.3658735752105713
0074,128996_42176b10_0,0.023016609251499176,-0.862920880317688
0075,38920_e81879c2_7,0.00029402330983430147,-352.62799072265625
0076,148051_c59af578_6,0.007575620897114277,0.793678343296051
0077,65494_16d62db5_0,0.0012186081148684025,-0.6329395771026611
0078,25473_0991d519_0,0.010300642810761929,0.7580006718635559
0079,75270_25a261ef_5,0.006624884437769651,0.33897197246551514
0080,49613_1b97c07b_12,0.0003346306039020419,-2.554063081741333
0081,115633_a2c63339_1,0.0024803108535706997,0.26637333631515503
0082,52366_63042db4_1,0.013965507969260216,0.6821495294570923
0083,30282_88c6933c_5,0.004154259338974953,0.5030140280723572
0084,53474_f29e4438_12,0.023299889639019966,0.23719501495361328
0085,24026_1dd4094b_21,0.006135222967714071,0.3001558780670166
0086,21225_c081eae3_2,0.03257349878549576,-3.3055419921875
0087,35057_9af89947_8,0.0016648436430841684,-0.33734560012817383
0088,43529_4804941b_20,0.010080577805638313,0.6927927136421204
0089,22103_fd11c71b_3,0.009495015256106853,-0.18563830852508545
0090,51536_a18dc325_0,0.001444481429643929,0.9233385324478149
0091,24230_636208ab_13,0.015450924634933472,-8.48811149597168
0092,41117_1b3271f2_56,0.02869686298072338,0.5568749904632568
0093,140499_419d5823_0,0.001421271706931293,0.8771414160728455
0094,115524_a949e82c_2,0.00039550315705128014,-0.5406481027603149
0095,29833_0ed4880f_3,0.02549576945602894,0.5412698984146118
0096,127556_4823a42a_6,0.004052943550050259,0.3191956877708435
0097,23960_48cc0f21_19,0.00019040175538975745,-1.6699695587158203
0098,132987_ba18d2eb_11,0.0009530496899969876,-0.8249633312225342
0099,51337_f8636fd9_30,0.0003088345692958683,0.65105801820755
0100,40999_cad6be09_18,0.058346282690763474,-0.3794478178024292
0101,136886_99fbdef3_0,0.0007352270185947418,-0.26169097423553467
0102,30447_4ed3b778_7,0.35900625586509705,-0.3226674795150757
0103,55811_bc667b2d_13,0.0026106873992830515,0.006116807460784912
0104,41716_d55164d4_1,0.0025816403795033693,0.09650009870529175
0105,33610_aa697fc9_6,0.0024380171671509743,0.8200436234474182
0106,55095_fa260d33_6,0.05151164531707764,-0.35781383514404297
0107,115639_bc0cc622_0,0.02382870391011238,-0.744660496711731
0108,20841_1620ae7d_0,0.005041360855102539,0.3059362769126892
0109,50823_d1830e58_2,0.019184434786438942,-2.7976768016815186
0110,109762_cb162371_48,0.0019689856562763453,0.3080936670303345
0111,41387_5f752e39_23,0.02872842736542225,-0.06242775917053223
0112,121540_629c716f_0,0.0049129207618534565,0.7920262813568115
0113,118539_1dff9cf9_12,0.0003013881796505302,-21.042112350463867
0114,30714_dafa62f6_2,0.070737324655056,0.07454037666320801
0115,79633_bbbde75f_0,0.025284411385655403,0.3833467364311218
0116,33059_531cfd5e_11,0.0027138064615428448,0.5558667182922363
0117,20697_d3e106b4_4,0.00021268639829941094,-0.7862533330917358
0118,136062_0027ff97_6,0.006132449489086866,0.4342256188392639
0119,146291_6b0c8db3_1,0.04793570563197136,-0.11558842658996582
0120,45466_5f662bcb_0,0.00014752197603229433,0.696253776550293
0121,144500_7f600ab6_0,0.00205349363386631,0.8101076483726501
0122,44996_b3e9c266_4,0.0018540944438427687,0.6083821058273315
0123,40713_4c9264ef_0,0.004616889171302319,0.38399893045425415
0124,132384_0fcab1fa_13,0.0018465501489117742,-0.9864755868911743
0125,33738_77d49563_2,0.0041624195873737335,-3.8382625579833984
0126,129422_621d0a90_33,0.001631285180337727,0.2322455644607544
0127,115633_fd3c9b97_32,0.0003830745699815452,-0.5697182416915894
0128,69337_a122ffde_1,0.00543568842113018,0.4444340467453003
0129,37241_29f91452_0,0.011922257021069527,0.7241982221603394
0130,141199_9ae000ef_6,0.006857614498585463,-4.796639442443848
0131,147133_92c04b84_4,0.001460516476072371,-0.2845423221588135
0132,77687_cbb18594_50,0.026842735707759857,-17.528047561645508
0133,144290_2a679085_11,0.0013811042299494147,-3.0675525665283203
0134,130825_c59bbbfb_0,0.011997171677649021,0.6929830312728882
0135,82512_252da752_6,0.00029509898740798235,-455.5498046875
0136,115624_d0acb46b_24,0.03564319387078285,0.6132657527923584
0137,92134_52f13f49_7,0.0010045678354799747,0.3697333335876465
0138,100326_0602c712_7,0.0005468585295602679,0.13797670602798462
0139,134630_f9e85072_0,0.005305300932377577,-0.2213207483291626
0140,108943_b07b2543_1,0.005798875354230404,0.0437505841255188
0141,125416_ab456bc3_5,0.013218718580901623,-0.12229013442993164
0142,57222_33b428d7_69,0.0006663381354883313,0.3335610032081604
0143,24650_dad8c8ee_13,0.01990490034222603,0.647298276424408
0144,41749_14d0599c_1,0.002461393130943179,0.6338528394699097
0145,49396_98ab955d_27,0.0013141412055119872,0.142037034034729
0146,136892_e2a0b32c_4,0.00043659782386384904,-10.226543426513672
0147,31962_e5291336_28,0.012035869993269444,0.7373253107070923
0148,34231_e27353cb_0,0.00037159243947826326,0.609304666519165
0149,112724_d334de09_0,0.07334572076797485,-0.13997948169708252
0150,56486_82b3e23a_21,0.0005313674919307232,-5.178982734680176
0151,40500_6055e3d7_17,0.0003428619238547981,-10.534123420715332
0152,39468_15fb2e60_43,0.001549375825561583,-1.5281269550323486
0153,141710_17531562_7,0.016265764832496643,0.5402916669845581
0154,33529_756075a0_12,0.013031033799052238,-1.5527863502502441
0155,54169_3a875f10_8,0.01521978434175253,0.5985631346702576
0156,41023_5445cb61_9,0.0008567976765334606,0.24646908044815063
0157,146380_5c569eeb_2,0.005496279336512089,-1.9541020393371582
0158,24195_9791f5d3_38,0.0004165825084783137,-7.214812278747559
0159,26573_7f7e176d_2,0.09416341781616211,0.16480094194412231
0160,22734_f6bad9f7_25,0.03751152381300926,0.3956044912338257
0161,48112_9538e204_0,0.020521394908428192,0.5926488637924194
0162,127545_6fa39158_10,0.1706005334854126,-0.32663440704345703
0163,23788_5c0b60c6_0,0.020753491669893265,-9.897408485412598
0164,23792_5b4c1ce0_21,0.008699154481291771,0.7255066633224487
0165,146067_46e58ab3_1,0.12986443936824799,0.17607557773590088
0166,101072_dec6f415_3,0.002427901141345501,-0.11292994022369385
0167,22829_b6649a29_0,0.0004053174052387476,-5.720604419708252
0168,55389_a736bd99_0,0.021913591772317886,-10.640388488769531
0169,30259_d709601c_9,0.03615078330039978,-0.029854297637939453
0170,35866_d0233b36_13,0.0004728393105324358,-4.020864963531494
0171,34563_52848c45_5,0.000924715946894139,0.6256994009017944
0172,44519_90af0df6_7,0.006638495251536369,-0.9365295171737671
0173,114111_59282658_8,0.0011323853395879269,0.6125178933143616
0174,45922_26941172_15,0.07935106754302979,-0.3283191919326782
0175,41303_bd1def52_3,0.0005115087842568755,0.8706635236740112
0176,22053_de30641b_1,0.00040920963510870934,-5.264153957366943
0177,22298_51433023_4,0.029364528134465218,0.36021286249160767
0178,23479_81a49137_0,0.01307509932667017,-3.749871253967285
0179,22225_a3ce4d29_37,0.028013966977596283,0.6121456027030945
0180,135669_490cd2d7_14,0.02307823672890663,-0.23784291744232178
0181,32173_8b075b1a_4,0.020706001669168472,0.6646125316619873
0182,145119_24107428_5,0.00393611891195178,0.7014327049255371
0183,41774_88a7a483_36,0.0005081456038169563,0.7388399839401245
0184,133549_1b6c58d6_0,0.028346305713057518,0.39669346809387207
0185,40936_6de8f4f4_0,0.1391773819923401,0.1317840814590454
0186,23008_3d1bb7b2_0,0.05282902717590332,0.24200737476348877
0187,38360_ad61c9b2_1,0.002704350743442774,-0.757073163986206
0188,136109_3d342d3c_2,0.011771803721785545,0.5267441272735596
0189,135790_a27f9deb_11,0.00021777633810415864,0.7299372553825378
0190,140249_7c1c5bba_0,0.001171521027572453,-0.42607784271240234
0191,128996_a3d026d6_0,0.005376137793064117,-0.10170984268188477
0192,23235_f9ccb8b0_0,0.004066715948283672,-2.207066535949707
0193,93671_f7290ded_0,0.0012858317932114005,0.2380576729774475
0194,51109_97b211c3_7,0.0010542514501139522,0.8711519837379456
0195,51916_fa226b15_13,0.0015910763759166002,-2.4378821849823
0196,86268_094d3fab_1,0.016115469858050346,0.6777578592300415
0197,39637_ca6a9a60_1,0.01075673196464777,-0.3302950859069824
0198,47219_93cb3619_3,0.0669570118188858,-0.17934691905975342
0199,47878_0edb6829_0,0.020798491314053535,0.6301097869873047
0200,26764_ab35159a_6,0.009257903322577477,0.6304649710655212
0201,34341_d19b12fb_12,0.0031285176519304514,-2.445068359375
0202,118342_c702e084_6,0.012322016060352325,0.7185240387916565
0203,49886_dd68dccb_4,0.009946519508957863,0.24689191579818726
0204,23493_57512264_5,0.0014093846548348665,-3.443248748779297
0205,31751_e37382e1_5,0.011812244541943073,0.6974339485168457
0206,24338_848cab42_6,0.011372105218470097,0.1015593409538269
0207,24916_42eacca3_10,0.0031628466676920652,-0.7087926864624023
0208,137485_a953e1be_2,0.019767560064792633,0.6047468781471252
0209,23706_ef15ef9c_18,0.010929673910140991,0.27500367164611816
0210,143671_eaf4d13b_6,0.046948011964559555,0.2836952805519104
0211,53470_39f2e9dc_13,0.0012552340049296618,-0.5907496213912964
0212,145772_59253c6d_3,0.00030654441798105836,0.5680500268936157
0213,51893_d531e2bd_2,0.013688596896827221,0.7019529342651367
0214,39389_d641313f_8,0.046657588332891464,-0.7802728414535522
0215,51595_41f3d1a3_5,0.0006351762567646801,0.3969883322715759
0216,51674_a70c1c6c_15,0.0009170527337118983,-2.4937033653259277
0217,37617_3f415463_5,0.0034135510213673115,-1.5890603065490723
0218,31862_a89f21f9_3,0.008399608545005322,0.7503793239593506
0219,40519_55a097c6_11,0.015462089329957962,0.0984753966331482
0220,111306_9108c940_0,0.016700204461812973,-2.195923328399658
0221,136640_16741d62_4,0.0015850933268666267,-0.07866191864013672
0222,23155_d7305c5f_2,0.051592323929071426,-0.04503440856933594
0223,43934_912ff891_41,0.0008430731249973178,-3.0189051628112793
0224,57017_6033d1e5_0,0.007853580638766289,0.6046146154403687
0225,126913_d253adb7_1,0.0022506886161863804,0.09991598129272461
0226,130752_52d74f2f_48,0.009972385130822659,0.3277565836906433
0227,124177_71283cad_0,0.003470903029665351,0.7323563098907471
0228,24650_dad8c8ee_18,0.021110955625772476,0.46035629510879517
0229,55199_4d57661f_2,0.006507369223982096,0.6104270219802856
0230,115010_eb737aaf_20,0.020884782075881958,0.6000766158103943
0231,27855_19c5895a_12,0.005023876205086708,-1.6350057125091553
0232,52772_a6e6e320_0,0.0018309856532141566,-1.457170009613037
0233,90917_3d2d21a9_0,0.03082285262644291,0.29504865407943726
0234,40703_5f4e45d4_7,0.016673391684889793,0.6692365407943726
0235,132622_911efd2f_1,0.06008443608880043,0.10062819719314575
0236,43441_e1ab0873_6,0.05167774483561516,0.18418288230895996
0237,34917_61633e20_6,0.010612696409225464,0.7699171304702759
0238,67221_275ba7e6_4,0.02177824079990387,0.5631471872329712
0239,130719_e4764a36_10,0.00046769139589741826,-0.019855380058288574
0240,136318_130d6a06_20,0.004706544801592827,0.5707088708877563
0241,99636_73c43ebd_10,0.017974624410271645,0.5149965286254883
0242,29377_3a04cb8d_6,0.006740625947713852,0.01661694049835205
0243,23018_63087a41_47,0.008408372290432453,0.7698426842689514
0244,26165_100fec74_4,0.0008923831046558917,-1.8078768253326416
0245,135934_d2f6bb2e_46,0.001126965624280274,0.4529292583465576
0246,24039_448afafa_5,0.022288426756858826,-0.07418203353881836
0247,32775_a79b406b_14,0.006852852180600166,0.12682491540908813
0248,23686_cba4f679_0,0.0055757747031748295,0.4712067246437073
0249,35147_bc9f2c5d_0,0.009307347238063812,-0.5024950504302979
0250,136337_1351909b_2,0.015299213118851185,0.6366052627563477
0251,139222_2c10ca9a_1,0.015447358600795269,-0.3288888931274414
0252,139379_fe5c3f64_0,0.0032910904847085476,0.8786666989326477
0253,33084_344fec27_2,0.0187053419649601,0.647898256778717
0254,24775_d5c98d77_0,0.00037327242898754776,-10.506732940673828
0255,56344_3a89f085_23,0.006071350537240505,0.4373054504394531
0256,135112_cf8007b8_5,0.022783715277910233,0.4390000104904175
0257,50706_20d07d57_2,0.06333484500646591,0.39308053255081177
0258,51744_cd355565_5,0.0257318876683712,0.22928136587142944
0259,51464_da501c24_0,0.009229106828570366,-0.8190643787384033
0260,126572_a2d6f794_23,0.0002402703248662874,-7.315674781799316
0261,70021_e673ae54_2,0.0024062173906713724,-2.466963768005371
0262,25144_31b089b6_5,0.003467581933364272,-0.5706444978713989
0263,24715_55aac5f2_2,0.0002465808065608144,-19.5278263092041
0264,24532_f82f8000_2,0.01046393159776926,-7.470953941345215
0265,30664_a3084f71_1,0.004499195609241724,-0.8810586929321289
0266,81145_5c13a8e9_1,0.0026309313252568245,-1.6872339248657227
0267,132037_2abb8c63_10,0.000396650837501511,-0.8233295679092407
0268,50414_ac159b58_2,0.005877090152353048,0.786408543586731
0269,21601_360ce1c7_7,0.015361390076577663,0.7208293676376343
0270,22119_27e3ecbe_9,0.006187744904309511,0.808121383190155
0271,145120_74f7316f_0,0.022529959678649902,-0.01861274242401123
0272,74574_c302ff1f_0,0.0015921711456030607,-1.0912015438079834
0273,52443_085efc00_4,0.007304621860384941,-1.3867814540863037
0274,147546_ede0f31c_3,0.0313800685107708,0.3214144706726074
0275,22492_047b125b_21,0.026476068422198296,0.38550692796707153
0276,72313_5a86e234_0,0.05344405025243759,-0.020916223526000977
0277,45589_49e3c7ea_2,0.006389243062585592,0.8073384761810303
0278,83432_a7f85698_0,0.01975814811885357,0.5562093257904053
0279,32775_a79b406b_0,0.0006417226977646351,-5.179849624633789
0280,121703_69c4a5ac_3,0.00040412155794911087,-0.4642573595046997
0281,80901_e9080573_6,0.005374424159526825,0.7902622222900391
0282,21809_8bd6b10e_3,0.029143143445253372,0.3585588335990906
0283,49396_98ab955d_15,0.012745408341288567,-0.21526432037353516
0284,33766_14917a4a_19,0.01309054996818304,0.7087377309799194
0285,26661_ab88a525_8,0.00869797170162201,0.75616455078125
0286,44030_17bd5ec9_0,0.01498387847095728,-17.419782638549805
0287,53221_74fa81cd_7,0.0012347629526630044,-0.06735002994537354
0288,21887_3306168f_7,0.032363373786211014,-2.224679708480835
0289,86185_85fde9e6_0,0.004616645630449057,0.2944366931915283
0290,87951_500b1dcd_2,0.0003170371346641332,0.6606106162071228
0291,22276_69c5036b_11,0.04396989569067955,-0.15041613578796387
0292,41721_44151488_5,0.008542449213564396,0.20901894569396973
0293,102293_5d04e48d_0,0.0664769634604454,-2.154059886932373
0294,77687_cbb18594_20,0.0004899112973362207,0.32042551040649414
0295,133248_1bab99ae_0,0.010095154866576195,-3.4501571655273438
0296,24051_4852a192_2,0.0054017617367208,0.8145933151245117
0297,86806_2993395a_1,0.0007625914877280593,0.3526115417480469
0298,38558_b0d6b3f8_1,0.02639956772327423,0.4581562876701355
0299,140549_7d01813c_0,0.04348759725689888,-0.3795121908187866
0300,24559_3c306e71_1,0.0050119259394705296,0.22911971807479858
0301,70350_751de4b0_13,0.025215597823262215,-9.27143669128418
0302,39101_23fec10f_8,0.00743359187617898,0.20914900302886963
0303,24942_9d1b2ff2_8,0.03531346842646599,0.5883973836898804
0304,30850_05d88af9_3,0.03545140102505684,0.4104851484298706
0305,113358_08641c94_4,0.03568268567323685,-0.10881149768829346
0306,21234_8b71bd47_27,0.005704265087842941,-1.063673734664917
0307,26245_4aac38e1_21,0.001759106875397265,-3.0813660621643066
0308,66072_d301cc88_0,0.0027234810404479504,-0.1777803897857666
0309,21894_93f0d052_23,0.002977965632453561,0.7058579325675964
0310,147816_7fb70c2b_2,0.004561719484627247,0.5215272903442383
0311,49120_4131d1e7_1,0.003210935043171048,0.35714876651763916
0312,52224_ca16c854_4,0.017403103411197662,-1.4851629734039307
0313,105762_19e04e0b_1,0.002246574964374304,-16.734739303588867
0314,30400_8824ce97_36,0.008016834035515785,-0.15472352504730225
0315,95199_ffcff41e_0,0.001974042970687151,-1.0225582122802734
0316,50417_199cffee_3,0.00014499576354864985,0.8871500492095947
0317,24544_d06c82dd_5,0.02236294001340866,0.6299118399620056
0318,22604_565b91f5_2,0.005493251606822014,0.7708038091659546
0319,22788_b6a9e30a_4,0.001169072580523789,0.7078560590744019
0320,45789_d5126eab_14,0.007661684416234493,-0.5650848150253296
0321,37267_b2be4b50_3,0.00026583526050671935,-25.749113082885742
0322,34330_5eff1ee1_3,0.007387667428702116,0.1378268599510193
0323,137999_d934160e_1,0.000330107199260965,-1.5535552501678467
0324,134921_f5efde94_27,0.00023140167468227446,0.7872486710548401
0325,53470_39f2e9dc_8,0.00033243087818846107,-2.7294344902038574
0326,23497_f292546d_25,0.014953205361962318,0.37851929664611816
0327,22289_4b848f64_2,0.003135909326374531,0.5752862691879272
0328,31392_84b62622_2,0.0038912955205887556,0.6756954193115234
0329,51347_1fc6f329_0,0.0045179156586527824,-0.014928936958312988
0330,50777_2934de55_6,0.0056919134221971035,0.7969317436218262
0331,32841_954e8c1a_0,0.0002583887835498899,0.7334206104278564
0332,31530_6744ae73_3,0.024099597707390785,0.6462693214416504
0333,65827_d1469ad6_1,0.0006903223693370819,-4.16610860824585
0334,145461_30637b22_8,0.0004616588121280074,-17.45290756225586
0335,31973_093ea963_13,0.0033635315485298634,-0.3093913793563843
0336,70355_e5f58cd5_14,0.018325839191675186,-0.7872247695922852
0337,77687_cbb18594_40,0.0004217586247250438,-0.8633749485015869
0338,24392_fce351ea_0,0.0016729001654312015,0.10315966606140137
0339,36853_7efccb8c_3,0.005489594303071499,0.25074702501296997
0340,41644_d15f8e2b_5,0.0005598663119599223,-1.885124683380127
0341,131762_9b5e5ff5_2,0.006790473125874996,0.5899280309677124
0342,82193_96ef9433_2,0.0243182685226202,0.6210319399833679
0343,31347_386f6298_15,0.030936889350414276,0.27257466316223145
0344,34568_fbe47bf9_0,0.0007739022257737815,-1.2153315544128418
0345,115624_fe3eb392_3,0.01500706560909748,0.6565638780593872
0346,130446_e7b58dbe_0,0.026268042623996735,-0.059804558753967285
0347,104641_2cd02839_33,0.0003175147285219282,0.30634087324142456
0348,31460_39fdfc6a_7,0.03249858692288399,-6.315000057220459
0349,95541_ced8f936_0,0.018603436648845673,0.5990519523620605
0350,23126_725969ea_17,0.006826560478657484,0.2787395715713501
0351,23676_52069f98_5,0.00104331667535007,-2.928936004638672
0352,137637_ed9c537d_0,0.0035850091371685266,0.11355465650558472
0353,22474_b10fea1a_2,0.010943073779344559,0.734937846660614
0354,143017_21d96cc2_10,0.006730503868311644,0.02973693609237671
0355,105270_34f92afd_1,0.000521145120728761,0.269054114818573
0356,95622_0a0787e4_4,0.025882497429847717,0.6134259104728699
0357,55854_13f0399b_0,0.03200192749500275,0.31121957302093506
0358,22118_1e09e0eb_5,0.008539349772036076,0.6358047723770142
0359,146717_3e6a84c1_7,0.05773129314184189,0.13464075326919556
0360,63132_330141d7_3,0.007963506504893303,-0.6150425672531128
0361,115633_fd3c9b97_46,0.0007870031986385584,-0.6210291385650635
0362,21644_aa203dc5_29,0.009934398345649242,-1.4384386539459229
0363,79791_00f639ca_15,0.01896371878683567,0.6807286739349365
0364,60711_42b5a13e_1,0.013242116197943687,-0.46647191047668457
0365,137483_cdb8989d_0,0.018005557358264923,0.624065637588501
0366,21644_aa203dc5_26,0.013864629901945591,-1.39290452003479
0367,131876_b2384623_0,0.0017128151375800371,-0.10590720176696777
0368,23706_ef15ef9c_10,0.011026802472770214,-0.6869204044342041
0369,68948_0d2a01cd_9,0.027520472183823586,0.22813564538955688
0370,145137_4e9eef42_1,0.004482717253267765,0.098416268825531
0371,30426_2cde26de_20,0.08311907947063446,0.05417722463607788
0372,31378_34c52a73_0,0.011311902664601803,-2.1403751373291016
0373,92134_52f13f49_4,0.0010311348596587777,0.3040946125984192
0374,119634_fc722479_1,0.028163012117147446,0.612520694732666
0375,24032_d6172503_24,0.003879810916259885,-0.6244081258773804
0376,136401_69f29349_4,0.00029747854568995535,-3.6156816482543945
0377,41871_f9a1ad02_26,0.019996827468276024,-0.5183800458908081
0378,48220_87941c4e_116,0.0034097263123840094,0.49542027711868286
0379,115012_9ed88535_2,0.007224262226372957,-1.8854475021362305
0380,69488_025cf0a2_1,0.16997897624969482,-0.152276873588562
0381,147427_69f68da4_3,0.0013839140301570296,-2.8356974124908447
0382,33766_14917a4a_32,0.008624588139355183,0.6897547841072083
0383,51747_3d58eae0_0,0.011138591915369034,-0.4956096410751343
0384,33785_a4c23f61_0,0.21367400884628296,0.19389790296554565
0385,114935_797875fe_2,0.0145361153408885,0.4711722135543823
0386,51775_49ef614a_26,0.002060534432530403,-2.6635961532592773
0387,38196_ea48fa42_3,0.00037988711846992373,-3.444030284881592
0388,140413_44177109_21,0.00042494459194131196,-6.776857376098633
0389,27676_79237cc5_1,0.003286263905465603,-0.07509076595306396
0390,52883_e518d3f4_33,0.02103588730096817,0.5856125354766846
0391,34347_841c5375_2,0.0003860076249111444,-6.848386287689209
0392,55289_292737cb_0,0.018994374200701714,0.6353412866592407
0393,50606_82cb18e2_0,0.005604895297437906,0.7797178030014038
0394,30407_efa567f2_4,0.016926102340221405,0.5918724536895752
0395,31647_ab9ad9dc_13,0.005826262757182121,0.43556028604507446
0396,24896_58b4730f_17,0.013029918074607849,-1.4302773475646973
0397,23602_5daaccf5_4,0.005965930409729481,0.583305835723877
0398,27725_5cceaeb7_10,0.00837600976228714,-16.401342391967773
0399,127734_395dcf7d_5,0.004136117175221443,0.3274390697479248
0400,31957_d864f861_3,0.011431935243308544,-1.329641580581665
0401,49415_1671b60c_4,0.010819013230502605,-9.11614990234375
0402,45110_fae73324_4,0.002155540743842721,0.8849677443504333
0403,22343_34184fd5_18,0.000652738381177187,-1.4850118160247803
0404,22848_cc91b848_38,0.0002781239745672792,-319.6019592285156
0405,73652_23b21ef2_1,0.09428929537534714,-0.8960250616073608
0406,65569_bd890a32_1,0.016216225922107697,-154.54324340820312
0407,48220_87941c4e_111,0.005705385468900204,0.0007755756378173828
0408,30394_e30f932c_0,0.015429937280714512,0.11713820695877075
0409,21941_1a683ec2_26,0.004564909264445305,0.8093774318695068
0410,25564_e646fcb3_1,0.0006854035891592503,-1.3146960735321045
0411,134053_87a32e31_3,0.0013518882915377617,-2.6888320446014404
0412,87950_af56e26e_2,0.004717998206615448,0.6546881198883057
0413,51458_54240b70_17,0.000384516577469185,0.5752840638160706
0414,40688_effe215a_1,0.01562054269015789,0.613185703754425
0415,131494_c8a441d0_0,0.0011418490903452039,0.7776479125022888
0416,26768_c4df841f_21,0.001205369713716209,-0.4119530916213989
0417,136892_2d5f55a9_0,0.010023891925811768,-1.198124647140503
0418,54652_d60ac3e0_10,0.020243626087903976,-0.09828042984008789
0419,51747_3d58eae0_1,0.0024199639447033405,0.010728657245635986
0420,54650_df3655c1_0,0.0001980131637537852,-1.1687531471252441
0421,41125_711db4bf_58,0.012174088507890701,-0.35415971279144287
0422,45418_f603706b_2,0.00965235847979784,-1.4413962364196777
0423,21852_6cf9a734_18,0.108158178627491,0.07556384801864624
0424,122515_758d8b70_6,0.00030572028481401503,-251.45980834960938
0425,104081_05ba54fa_2,0.00786761473864317,-2.304245948791504
0426,41672_cf87e0b6_0,0.0028762021102011204,0.5560911893844604
0427,22638_37f9fe91_1,0.00044021400390192866,-0.3005344867706299
0428,24559_3c306e71_3,0.010843560099601746,-0.96955406665802
0429,31589_ac31215d_8,0.0027603930793702602,-0.4607163667678833
0430,49603_143b8bd2_35,0.00717996247112751,0.4317370057106018
0431,127965_c64a91da_0,0.0028795276302844286,0.254761278629303
0432,36062_f2fb6808_1,0.0004037081671413034,-2.731071710586548
0433,139280_8874b1ab_18,0.0005573913222178817,0.46439462900161743
0434,30997_24dea167_4,0.009157060645520687,0.1740294098854065
0435,143471_eb185912_5,0.00030320597579702735,-2.1045289039611816
0436,23176_1bf2a2d5_10,0.016719166189432144,0.3087678551673889
0437,98299_b8146029_5,0.004985153675079346,0.5682680010795593
0438,23466_1cf60d09_4,0.0119812972843647,0.6649788618087769
0439,41591_2d0bd0d5_3,0.007975961081683636,0.7196184396743774
0440,134929_9049dcec_1,0.0016738057602196932,0.10247093439102173
0441,41785_e8bf0528_0,0.003006383078172803,0.8689974546432495
0442,31460_39fdfc6a_6,0.010813092812895775,0.7684333324432373
0443,133710_00be7f31_1,0.01523258350789547,-0.747836709022522
0444,24532_f82f8000_0,0.012492475099861622,-1.7478692531585693
0445,21234_8b71bd47_3,0.0005975943058729172,0.09538000822067261
0446,35175_6edc4126_5,0.019470341503620148,0.43580180406570435
0447,20495_e8e7e80c_1,0.0005835769698023796,0.319546639919281
0448,76546_c17e95aa_2,0.0007135237101465464,-3.197072982788086
0449,41654_e75f89df_0,0.005063384305685759,0.72517991065979
0450,109772_f1a0845e_6,0.01733865961432457,-9.018597602844238
0451,34913_d23e2a24_0,0.00537083251401782,0.7016053795814514
0452,25203_1cc0cb3c_12,0.026319101452827454,0.5607578754425049
0453,37160_2a95674a_4,0.007069719489663839,0.5384995937347412
0454,69240_dc199112_4,0.007157292682677507,-0.35950708389282227
0455,25176_d9130589_0,0.004223162308335304,0.4449700117111206
0456,69235_fe79a369_0,0.0004740311997011304,-0.06460142135620117
0457,39468_15fb2e60_9,0.004931734409183264,0.2845308184623718
0458,103284_e25015aa_6,0.00018211612768936902,-0.4514409303665161
0459,30377_e18ea3de_0,0.021723711863160133,-16.598983764648438
0460,66080_f578d52b_4,0.003438122570514679,-16.67099380493164
0461,37444_52b27e94_14,0.008674313314259052,-0.3210548162460327
0462,38675_6e07d74b_31,0.009959947317838669,0.6848464012145996
0463,21680_360ba5c7_28,0.00402811961248517,0.7065155506134033
0464,142032_5c32b7db_2,0.021916398778557777,0.596428394317627
0465,44210_a155c2d1_0,0.041039466857910156,0.0864439606666565
0466,38287_88ec74de_92,0.004965394269675016,0.26696348190307617
0467,29572_2f9283f2_4,0.0011774026788771152,0.9122949838638306
0468,28300_b3a6ab79_10,0.008861868642270565,0.6935749053955078
0469,136129_e6a20c7d_5,0.0005083867581561208,0.2199687957763672
0470,119381_e4d13609_0,0.004868515767157078,0.8158017992973328
0471,30729_b4d83b07_4,0.0004029560659546405,-7.274630546569824
0472,140413_44177109_11,0.007047242019325495,0.6685547828674316
0473,26384_83eddf22_0,0.004769620951265097,0.6358420848846436
0474,82285_e7a738e7_2,0.01814362220466137,-0.5112537145614624
0475,108599_347602af_0,0.04676226153969765,-0.45417332649230957
0476,119889_41a6f268_1,0.0008748422260396183,-0.29105961322784424
0477,55006_94230c00_1,0.00784953311085701,0.7545948624610901
0478,21517_bfe35b4c_10,0.00042859770474024117,0.8030457496643066
0479,20818_098cad7c_6,0.0002797135093715042,0.700458288192749
0480,41855_b82e6ae8_6,0.008879061788320541,-0.02639782428741455
0481,137166_90691294_8,0.0008045256836339831,0.46572232246398926
0482,69561_f274e705_26,0.001482305582612753,0.9285359978675842
0483,51579_d0c3e154_0,0.021391812711954117,0.09480440616607666
0484,23676_52069f98_4,0.006287575699388981,0.8020167946815491
0485,31962_e5291336_1,0.009698457084596157,0.7130536437034607
0486,57222_33b428d7_1,0.0005066281300969422,0.6238815188407898
0487,51586_2ad96f8c_17,0.0005340452771633863,-5.42357063293457
0488,41473_c2137170_32,0.01614132709801197,-1.5156867504119873
0489,31123_9a1bfc50_2,0.004842481575906277,0.634313702583313
0490,23211_3aac9c7e_0,0.0030038924887776375,0.43716704845428467
0491,45798_b573e9da_5,0.029689971357584,-0.5304739475250244
0492,27847_d2436f7c_37,0.0006023731548339128,0.3037717938423157
0493,54736_6ee1b513_1,0.002738264622166753,-1.3657333850860596
0494,132901_7d205bb4_9,0.0002485828008502722,-0.6481490135192871
0495,73762_8c704690_0,0.01358906738460064,-0.8324865102767944
0496,23209_1592b0a4_1,0.0037930088583379984,0.7369542121887207
0497,49024_b7f02205_2,0.0014925189316272736,-2.7840182781219482
0498,147630_7f858240_15,0.007191919256001711,-0.2670588493347168
0499,69337_2c778611_11,0.0007881803903728724,0.5360555648803711
0500,82498_92a00cd6_1,0.0028371030930429697,0.12094730138778687
0501,78775_e2d8b091_1,0.006836544256657362,0.07272827625274658
0502,40067_95ae6c76_9,0.005683051887899637,0.39118367433547974
0503,80756_6f2e842f_0,0.028489235788583755,-4.796656608581543
0504,25284_1da7aa8a_0,0.01156375277787447,-1.2882435321807861
0505,55605_2f8bc12e_62,0.005785995628684759,0.8021173477172852
0506,39792_60786b6c_15,0.034809380769729614,0.3011895418167114
0507,34063_0ca1585e_2,0.002351346891373396,-0.5241168737411499
0508,31664_1e85c690_13,0.011720390059053898,0.6648786664009094
0509,131193_98f3ac52_1,0.0044402084313333035,-0.9859610795974731
0510,120221_e2eaa34b_2,0.0034654061309993267,-0.18911457061767578
0511,130286_1f71bfed_3,0.004250860307365656,-0.2663750648498535
0512,118342_e8142153_21,0.0010019836481660604,0.6297143697738647
0513,128043_9f8cd69e_1,0.00046009590732865036,0.36614447832107544
0514,41504_85e300ee_1,0.0003927581128664315,-0.6912059783935547
0515,78863_d59be42e_0,0.010843317955732346,-0.3035242557525635
0516,31733_5118b376_3,0.0748743861913681,0.4656883478164673
0517,22208_e177deb7_5,0.0028737264219671488,0.3134695887565613
0518,24026_1dd4094b_43,0.0019453116692602634,-0.7013152837753296
0519,73388_10a40b49_1,0.01675291359424591,0.013785958290100098
0520,138219_cdff4f61_0,0.010669568553566933,-6.04149055480957
0521,49399_dc56d180_1,0.01894049346446991,0.6457677483558655
0522,41306_8f26e703_3,0.0012221906799823046,0.5787556171417236
0523,51590_034b8b08_14,0.07098018378019333,-0.20036494731903076
0524,48402_8c965495_4,0.00261505669914186,-2.761741876602173
0525,26388_a3367cba_0,0.008824949152767658,-0.10002303123474121
0526,28300_b3a6ab79_6,0.006392596755176783,0.7861261367797852
0527,43938_418421a7_0,0.0029963913839310408,-0.3582651615142822
0528,41520_60018d18_0,0.0003317620721645653,-1.3887202739715576
0529,137869_344b239b_0,0.00042405875865370035,0.0024974942207336426
0530,41648_577daf16_0,0.012686195783317089,0.45695680379867554
0531,31347_386f6298_10,0.01865995302796364,0.6468676328659058
0532,82190_24b1b0fe_12,0.00395522266626358,0.3073244094848633
0533,33741_4a973932_1,0.00479182880371809,0.20555859804153442
0534,42005_3da46d94_0,0.002886825008317828,-63.64111328125
0535,132982_ee1eed2f_0,0.0046889944933354855,0.7997671365737915
0536,23898_6e740393_29,0.011294684372842312,-21.25558853149414
0537,105831_88a0fb85_6,0.016701802611351013,0.6357390880584717
0538,31278_749a6317_0,0.0009975043358281255,0.4008257985115051
0539,51586_2ad96f8c_4,0.014692738652229309,-5.708095550537109
0540,57000_cd1ddece_14,0.011171421967446804,-3.553497791290283
0541,50692_e7ff2668_8,0.00645814836025238,0.7703046798706055
0542,65346_e89312e5_0,0.0013971483567729592,-1.111457347869873
0543,38840_0e449caf_4,0.00418049143627286,-0.07964515686035156
0544,29573_ca59fbbf_5,0.04487305507063866,0.5476165413856506
0545,30164_c5680724_12,0.025636043399572372,-0.3528808355331421
0546,138620_e21e10ee_0,0.003679497865960002,-2.135751247406006
0547,50305_caf9cef2_34,0.020830906927585602,-35.044036865234375
0548,83396_fdb2987a_0,0.006016250234097242,0.7831041812896729
0549,28379_7e292343_4,0.02889252081513405,0.36339884996414185
0550,33529_756075a0_32,0.0053856451995670795,0.599804162979126
0551,109857_1d24326e_42,0.0003169600386172533,-14.795241355895996
0552,22772_2b5f6629_6,0.019764482975006104,0.6756503582000732
0553,34600_e2685d46_2,0.015740860253572464,0.4247989058494568
0554,122344_ab1b06aa_2,0.03183020278811455,0.4245714545249939
0555,123573_5f5c9584_1,0.0023987903259694576,-0.935326337814331
0556,35166_562b126c_20,0.0031112907454371452,0.8795695304870605
0557,51350_138f893a_1,0.00030265768873505294,-1.9029388427734375
0558,137785_67c3085b_16,0.009719130583107471,0.7608266472816467
0559,50417_199cffee_12,0.015581062063574791,0.2472747564315796
0560,22194_a5c323b9_3,0.00986470840871334,-0.6094017028808594
0561,42329_df7f540f_18,0.010275288484990597,-0.07173585891723633
0562,41779_25e4203d_6,0.0014959198888391256,-1.2790584564208984
0563,51094_40aa8332_20,0.009825403802096844,0.6312388181686401
0564,109762_cb162371_38,0.014887901954352856,0.21627378463745117
0565,45922_26941172_9,0.011438294313848019,-0.9692912101745605
0566,34587_ed155e93_0,0.007640053052455187,0.7804921865463257
0567,69589_a468c1b4_0,0.0382656529545784,0.1920468807220459
0568,44921_00dfb467_0,0.003253072267398238,0.20650529861450195
0569,82672_4705a693_0,0.0028839067090302706,-0.28480851650238037
0570,26778_a71e88a6_0,0.0014915354549884796,-3.020517349243164
0571,69488_7bfb2b67_0,0.007869030348956585,0.7813407778739929
0572,22686_afe3a61e_0,0.0008231573738157749,-4.085653305053711
0573,109772_5faa88e8_5,0.006227213889360428,-3.2596325874328613
0574,43938_418421a7_147,0.010456643998622894,-0.43650901317596436
0575,141694_b5ac3112_3,0.003995037171989679,-0.5398001670837402
0576,31973_093ea963_16,0.0004193308996036649,0.7367228269577026
0577,26858_e90dc419_25,0.0008873310289345682,-4.134922027587891
0578,131350_bbdad30d_0,0.0029943131376057863,-0.7072556018829346
0579,35741_c43475b8_1,0.005606396123766899,-0.9538166522979736
0580,30690_3df2c9e2_1,0.0031536121387034655,0.7311244606971741
0581,122758_5f4efbf0_2,0.001933770952746272,0.8727668523788452
0582,37822_3be11c62_0,0.0009353313944302499,0.6023070812225342
0583,91174_ee6ee92b_1,0.007645189296454191,-0.791182279586792
0584,23676_52069f98_31,0.08769911527633667,0.11658620834350586
0585,27958_fee329eb_1,0.013639205135405064,-2.6997601985931396
0586,144534_3b4fdb09_18,0.007812345866113901,-1.1829533576965332
0587,30292_0b5e0265_1,0.047036778181791306,0.35968726873397827
0588,111062_e59e2d31_0,0.07105588167905807,0.1924915909767151
0589,135790_a27f9deb_77,0.006438974756747484,-0.25415003299713135
0590,65842_de75838b_10,0.007124937605112791,-0.49050021171569824
0591,22475_9d9601a8_3,0.0008066744194366038,-3.4971585273742676
0592,119884_192e3265_0,0.024411922320723534,-2.6434531211853027
0593,51463_3330e3aa_2,0.01983577199280262,-1.0583288669586182
0594,23231_efe613bb_4,0.007758242078125477,0.6026378870010376
0595,22895_4533b542_2,0.005702263209968805,0.12414640188217163
0596,146219_5661130f_4,0.0206221304833889,0.5524647235870361
0597,38953_19054857_19,0.001242585014551878,-0.10426700115203857
0598,21847_b2de7eb8_24,0.002671756548807025,0.8189396262168884
0599,51603_034939eb_12,0.001602846896275878,0.012014508247375488
0600,24843_5231632c_4,0.0010454201838001609,0.34960150718688965
0601,41982_f75ceb8f_4,0.0009949234081432223,-6.568540573120117
0602,42937_c573c439_2,0.0008633735706098378,-2.6292104721069336
0603,61288_2d594195_0,0.011653176508843899,-18.15673065185547
0604,55006_94230c00_0,0.0018103403272107244,-0.8028438091278076
0605,49898_f42a885e_5,0.01195373572409153,0.7394600510597229
0606,55709_af3825c8_4,0.007633232045918703,0.7515571117401123
0607,144117_83c980ca_2,0.0006003467133268714,-1.0898678302764893
0608,40417_b8d98f73_7,0.0033102519810199738,-1.2027416229248047
0609,53200_d1e30b87_11,0.010489670559763908,-10.501800537109375
0610,147009_977ee378_4,0.0006590664852410555,-4.820261478424072
0611,63056_a5dfd66b_4,0.0006074795383028686,-0.09760391712188721
0612,22205_f48b96b3_10,0.0026421095244586468,0.39832037687301636
0613,51585_b695905b_4,0.011496643535792828,0.7454406023025513
0614,24084_71f37c00_1,0.014076518826186657,-1.825061559677124
0615,25815_0e853ad9_10,0.003195790573954582,0.8001593351364136
0616,55030_11a6e3e8_3,0.07609717547893524,0.31237173080444336
0617,23042_1184de03_5,0.00768908578902483,0.7762516140937805
0618,39719_e9629dbd_4,0.00046368935727514327,-4.100244998931885
0619,51256_ed221095_2,0.002708394080400467,-2.0255825519561768
0620,25810_93c8a71a_3,0.004860335029661655,0.8141771554946899
0621,22208_e177deb7_1,0.0033746040426194668,0.763869047164917
0622,115624_d0acb46b_22,0.019138537347316742,0.698766827583313
0623,30708_4282508b_0,0.0005307284882292151,-7.214577674865723
0624,31117_cd5cdbdb_12,0.0012348871678113937,0.466869592666626
0625,41733_1ec9b00c_32,0.0004162282857578248,-0.22872567176818848
0626,111387_c4243097_2,0.0041960543021559715,-4.699076175689697
0627,119869_e8f0dd81_19,0.0002902002597693354,0.7816018462181091
0628,34569_590239d6_0,0.0075409249402582645,0.6538519859313965
0629,136318_130d6a06_23,0.0006494377739727497,0.19158488512039185
0630,145132_7aea3b66_4,0.046939823776483536,0.38562363386154175
0631,41878_3aeaed3d_0,0.005830705165863037,0.05182647705078125
0632,34583_a1cf326b_0,0.019723327830433846,0.6390284895896912
0633,116581_d405b783_0,0.0750851184129715,-0.0201566219329834
0634,24044_9bbe7992_3,0.0006139110773801804,0.23376983404159546
0635,22194_a5c323b9_2,0.0046696471981704235,0.5791575908660889
0636,142076_08d80e12_21,0.00033357329084537923,-0.4758462905883789
0637,55817_6ac2912d_7,0.0005494248471222818,-4.924803733825684
0638,21165_5cb2d287_2,0.00025260887923650444,0.46771520376205444
0639,39796_45dcdc7d_0,0.05281655490398407,0.3150181174278259
0640,33044_7fdd9213_1,0.029551858082413673,0.21688807010650635
0641,23731_3fe5b501_6,0.0005970153142698109,0.08228719234466553
0642,32743_f4c47bbc_31,0.05092785879969597,-3.7340469360351562
0643,108775_4908fba2_21,0.008048518560826778,0.28474706411361694
0644,21941_1a683ec2_19,0.002459949580952525,0.8184421062469482
0645,27682_04277f62_18,0.006404555402696133,0.7058778405189514
0646,25815_0e853ad9_4,0.003467997768893838,0.7762099504470825
0647,30261_723e95cf_2,0.006475313100963831,0.727077305316925
0648,21385_601444ba_102,0.006531632971018553,0.6927629709243774
0649,30368_d7fd30ce_7,0.001839670934714377,0.30620986223220825
0650,55605_2f8bc12e_3,0.016732966527342796,-1.7315442562103271
0651,24650_dad8c8ee_15,0.0003476406564004719,-9.846209526062012
0652,34227_48203345_7,0.013979759067296982,0.6102549433708191
0653,113348_ac85cba3_1,0.00970155093818903,-0.04185295104980469
0654,26552_25c5924a_1,0.006942791398614645,-1.6585776805877686
0655,55381_cbaffe9b_0,0.003906599245965481,-0.08145225048065186
0656,55817_6ac2912d_25,0.011157958768308163,0.703467071056366
0657,138947_0778db40_4,0.0031914052087813616,-0.2480393648147583
0658,52788_07f7da63_0,0.002200431888923049,0.4537726044654846
0659,70355_e5f58cd5_6,0.00013105473772156984,0.7792998552322388
0660,51744_cd355565_8,0.04096151515841484,-7.3979387283325195
0661,41227_90e1c07c_16,0.011954343877732754,0.6989573240280151
0662,45359_1768ab3f_42,0.013102252967655659,-0.3827728033065796
0663,41783_d1c10326_3,0.001100636669434607,-2.5407259464263916
0664,32960_0eaa1de8_13,0.0003079679445363581,-21.232845306396484
0665,34674_32ee1595_3,0.017592182382941246,0.40331822633743286
0666,136885_23632908_1,0.011041653342545033,-2.9404289722442627
0667,136808_00592735_3,0.007788870483636856,-0.6944950819015503
0668,45589_49e3c7ea_5,0.015499412082135677,0.6809200644493103
0669,141665_0564e852_3,0.008711732923984528,-1.0803115367889404
0670,50897_3be92e2f_18,0.011846228502690792,0.7233608961105347
0671,84256_4164b724_3,0.0007017978932708502,0.32663893699645996
0672,22994_e6ad8f2b_10,0.012300425209105015,0.5434868335723877
0673,28295_0dc908b9_8,0.015549986623227596,-3.87081241607666
0674,23329_6939d5d9_5,0.0021836645901203156,-1.422389268875122
0675,123665_0a0da5c7_3,0.0007072261651046574,-4.520810604095459
0676,121172_0ac63503_7,0.004444333724677563,0.15838611125946045
0677,50941_2a8a8c76_0,0.01639939285814762,0.6747838258743286
0678,37846_cde34fcd_66,0.0038578647654503584,0.3525184392929077
0679,56040_9b1307eb_21,0.012653617188334465,-0.9708694219589233
0680,146535_229c95bc_1,0.0011396725894883275,-4.22180700302124
0681,50947_49287c16_2,0.021611394360661507,0.6467577219009399
0682,95622_0a0787e4_5,0.0015646829269826412,0.1532057523727417
0683,25432_f13e5110_0,0.015627244487404823,0.5078829526901245
0684,32454_e959e3cf_0,0.010171609930694103,0.7137421369552612
0685,65858_61e9b51a_18,0.007511964999139309,-0.7136963605880737
0686,70350_751de4b0_3,0.020258327946066856,-1.800621747970581
0687,129239_0d49310c_15,0.0009504499030299485,0.6377457976341248
0688,31008_8fa25b35_8,0.007784757297486067,-0.6438113451004028
0689,55306_795d845b_2,0.0003119776083622128,-0.9828250408172607
0690,29729_e8bb36f1_2,0.0016132015734910965,-0.9010109901428223
0691,67283_4097cbd6_5,0.0005507775931619108,-3.683011531829834
0692,23904_811e466f_4,0.0037344011943787336,-2.1330270767211914
0693,116076_12d31fb7_1,0.0026374165900051594,0.6031176447868347
0694,45302_02d7e3bc_0,0.018130868673324585,-3.560271739959717
0695,60977_4bb093ec_1,0.004427444655448198,0.8027127385139465
0696,49017_76979790_8,0.005756204016506672,-0.09102702140808105
0697,146321_0dbae658_10,0.00027515843976289034,-26.728130340576172
0698,102194_150e3faf_3,0.006135870702564716,0.8120721578598022
0699,34769_44655d03_5,0.0014472769107669592,-0.6183069944381714
0700,38953_19054857_6,0.0010629721218720078,0.1274542212486267
0701,55397_ad24603f_1,0.0032658777199685574,-2.389937400817871
0702,21908_385686ec_15,0.0060226586647331715,0.7092894315719604
0703,60721_57103153_4,0.00061365234432742,0.017533183097839355
0704,98701_7cd4ec8d_0,0.03335101157426834,0.3942142128944397
0705,91703_642cdf1a_1,0.024320578202605247,0.5425284504890442
0706,26661_ab88a525_5,0.005770818330347538,-0.4556996822357178
0707,51940_67bb0219_21,0.0008540762355551124,-0.8200851678848267
0708,22543_684108ff_22,0.0032864692620933056,-2.265777111053467
0709,145250_cde4d039_8,0.009833558462560177,-10.070746421813965
0710,20232_e5b060d9_6,0.002036301651969552,-2.6965155601501465
0711,128043_d4650350_0,0.06592608243227005,0.11473661661148071
0712,140530_30edf2c4_0,0.0048157284036278725,-3.0641770362854004
0713,131814_9af6d05a_0,0.005720270331948996,0.13985002040863037
0714,26245_4aac38e1_9,0.002727566985413432,-0.13940227031707764
0715,30282_88c6933c_14,0.007522380445152521,0.7113847732543945
0716,32322_71d0035e_1,0.0026135528460144997,0.8659026026725769
0717,131762_d10609a4_1,0.019679812714457512,0.11105984449386597
0718,54812_5f7b7aba_2,0.0003529275127220899,0.8450616598129272
0719,135830_8fb36dac_4,0.003967414144426584,0.8243274092674255
0720,139280_8874b1ab_4,0.0001808522647479549,0.611530065536499
0721,49904_639055dd_1,0.005399505142122507,0.38112354278564453
0722,53601_59d3ecd2_0,0.02164462022483349,0.11263424158096313
0723,50047_54241fe3_12,0.003157992847263813,0.7555562853813171
0724,136925_70fb0381_3,0.003491675015538931,0.7863266468048096
0725,87488_95f678ce_0,0.03342832997441292,0.2619985342025757
0726,137166_90691294_2,0.0008457498042844236,0.4376112222671509
0727,44030_17bd5ec9_11,0.002247642260044813,-2.561563014984131
0728,137396_b5f6bec4_5,0.013866961933672428,0.583507776260376
0729,21900_760d2078_10,0.01936844177544117,0.7194364070892334
0730,21185_ac5324ba_5,0.012177245691418648,0.6202187538146973
0731,31132_2320d049_4,0.01704340986907482,0.6899863481521606
0732,82281_80cdf67c_4,0.0001572918554302305,0.6031938791275024
0733,38287_88ec74de_15,0.017581801861524582,0.6595109701156616
0734,136128_831e37a6_0,0.007070356979966164,0.21343904733657837
0735,21330_f0cee934_18,0.001392167410813272,0.08621907234191895
0736,34109_5a868eae_10,0.0029026190750300884,0.722486138343811
0737,21174_861bd902_2,0.005038062576204538,0.5608996748924255
0738,49783_365bec9e_6,0.010453189723193645,0.6864171028137207
0739,24429_ace910b3_8,0.00030167525983415544,-16.655193328857422
0740,22772_2b5f6629_4,0.006070991512387991,-0.5522171258926392
0741,53927_ef5208b9_14,0.027975518256425858,-0.1654984951019287
0742,56250_3b6024e3_54,0.01097811944782734,0.7600909471511841
0743,23522_5c2ec58e_8,0.019550040364265442,0.3839757442474365
0744,121177_93fb3127_10,0.002036874182522297,-2.696322441101074
0745,138840_b7f948ea_2,0.006078948732465506,0.38128018379211426
0746,41125_711db4bf_6,0.014555083587765694,0.6557414531707764
0747,102606_28922dfc_0,0.0008112001814879477,-7.529350280761719
0748,31530_6744ae73_50,0.047546546906232834,0.15172797441482544
0749,50598_eae0df5a_1,0.0001513810275355354,0.7231972217559814
0750,145726_19ccdbda_12,0.0038421510253101587,-0.23210012912750244
0751,41469_b94cf3e4_0,0.008889282122254372,-0.8220409154891968
0752,147009_977ee378_1,0.00993345957249403,0.045200228691101074
0753,24267_8a216138_10,0.006294724531471729,0.4889588952064514
0754,63071_3d434a33_16,0.004489971324801445,0.7604423761367798
0755,34436_ffc43a58_4,0.000921084254514426,0.20542103052139282
0756,50692_e7ff2668_4,0.00332943769171834,-0.3340766429901123
0757,146642_883a71d2_9,0.04449522867798805,0.2973189353942871
0758,109772_f1a0845e_7,0.022480444982647896,0.4754100441932678
0759,136640_16741d62_1,0.006947971880435944,-0.7640645503997803
0760,21680_360ba5c7_11,0.005613634362816811,-1.2807371616363525
0761,27729_09d75da1_2,0.022864582017064095,0.3487090468406677
0762,82148_5df06ed9_19,0.028805337846279144,-1.0009405612945557
0763,55287_8a57a3db_1,0.0070036835968494415,0.569141149520874
0764,53221_74fa81cd_5,0.004117921926081181,-0.9748449325561523
0765,30417_0010bc7c_39,0.003527907421812415,0.7246158123016357
0766,23706_ef15ef9c_40,0.00220786826685071,0.6848746538162231
0767,140763_e14274f8_3,0.0008451177272945642,0.3602178692817688
0768,23602_5daaccf5_3,0.004245289601385593,0.31180113554000854
0769,30282_88c6933c_9,0.006247829645872116,0.6069754362106323
0770,56824_0fc773f6_0,0.010545787401497364,0.39880597591400146
0771,42410_d3b5588e_1,0.0042889113537967205,0.34835875034332275
0772,55055_dd27a8a4_0,0.019699078053236008,0.6394598484039307
0773,115633_a2c63339_6,0.0034313530195504427,-2.7986998558044434
0774,73651_a41647f8_5,0.00032438652124255896,-0.25746631622314453
0775,33413_060ce192_32,0.006096939090639353,0.5316320657730103
0776,97331_a482fa9b_0,0.003374615451321006,0.2868751287460327
0777,23476_705b76d1_0,0.002999583724886179,0.8826742768287659
0778,32566_7bfc936b_6,0.07475915551185608,0.29344040155410767
0779,41717_eb1c1e6b_0,0.0031363838352262974,0.7486624717712402
0780,60720_ef9a0a95_8,0.0008984909509308636,-0.9203684329986572
0781,138700_ab763a46_202,0.00028440894675441086,-155.9534912109375
0782,38287_88ec74de_17,0.01878761500120163,-2.089808225631714
0783,135535_0bd0048d_0,0.047787949442863464,0.2802555561065674
0784,21797_69df08d5_7,0.1136137843132019,0.09544175863265991
0785,65350_b3fa8f4f_47,0.250244677066803,-0.15175211429595947
0786,41714_1d49f4d1_3,0.008931567892432213,0.0019875764846801758
0787,66012_a13e1644_1,0.004678646568208933,-0.9840703010559082
0788,22652_564979ff_11,0.0013794450787827373,-0.0254061222076416
0789,25127_ecba81df_23,0.0016141183441504836,-0.05339539051055908
0790,47548_db93c988_4,0.007656582165509462,-17.73065757751465
0791,55927_f8b31711_5,0.016345685347914696,0.1257607340812683
0792,31647_ab9ad9dc_2,0.005704875104129314,0.22887927293777466
0793,41128_ee74f244_8,0.00308202370069921,0.1564919352531433
0794,20959_d4905d19_4,0.007891006767749786,-0.9359796047210693
0795,52009_a2b75078_3,0.11355072259902954,-0.14361131191253662
0796,22201_473a3a65_16,0.0030265056993812323,0.5899983048439026
0797,29442_365e23df_30,0.028007254004478455,0.20784801244735718
0798,51859_6b2fd0f1_8,0.012367026880383492,0.5776599645614624
0799,140413_44177109_15,0.00038218736881390214,0.6610020995140076
0800,21822_7d3db422_11,0.016489624977111816,0.5417943000793457
0801,24168_a0ede173_100,0.0008417803328484297,0.3924931287765503
0802,145532_c2304f89_1,0.0075996434316039085,-0.06419742107391357
0803,104641_2cd02839_13,0.0003914807748515159,-0.5173525810241699
0804,23679_81ef9e37_2,0.022916465997695923,-4.460207462310791
0805,95271_de3df8d5_2,0.0010250277118757367,-3.93544864654541
0806,41401_e4117da2_0,0.00037485206848941743,-7.167847633361816
0807,48006_babdf4af_9,0.032044749706983566,0.6289124488830566
0808,142246_0851be5e_32,0.05083296075463295,0.1564512848854065
0809,33615_7bab1106_4,0.006109760608524084,0.5957177877426147
0810,31117_cd5cdbdb_18,0.023472845554351807,0.6447001695632935
0811,34914_8911676d_0,0.0038439964409917593,0.6831007599830627
0812,55501_a09e4ced_2,0.000242139445617795,-8.095535278320312
0813,41128_ee74f244_9,0.006267472170293331,-1.0746939182281494
0814,142246_0851be5e_22,0.010209523141384125,-0.8516842126846313
0815,22413_901f5867_0,7.077763439156115e-05,0.7857904434204102
0816,56490_0a0fba77_0,0.013820203021168709,-2.919940948486328
0817,93676_4f934980_1,0.0020176577381789684,-3.4729208946228027
0818,146642_883a71d2_96,0.003283716971054673,0.6415870785713196
0819,24032_d6172503_3,0.008815781213343143,-0.49450135231018066
0820,44221_25c62f03_1,0.019287079572677612,0.6427725553512573
0821,50315_0f1419bf_33,0.009925542399287224,0.03662824630737305
0822,133389_0938a905_2,0.00928935781121254,-1.357574701309204
0823,24824_cf51e5b6_4,0.0071765361353755,-0.3462730646133423
0824,33970_32f36442_3,0.03822677582502365,-0.19207549095153809
0825,29359_bbfab271_2,0.006992633454501629,-0.23100411891937256
0826,23172_4ab01e83_0,0.018965885043144226,0.5390702486038208
0827,98511_1b46a85e_45,0.02152659185230732,0.3949968218803406
0828,98511_1b46a85e_46,0.020404301583766937,0.4001101851463318
0829,34248_cc11976c_0,0.007523519918322563,0.7220213413238525
0830,104003_46555fb2_0,0.0005112368380650878,-0.1368551254272461
0831,34520_035b5e9a_8,0.004487402271479368,-0.5422425270080566
0832,38397_93d5d7de_12,0.05378853902220726,0.2547863721847534
0833,130023_93b3ca95_1,0.004827176686376333,-0.6990541219711304
0834,83213_47c49876_1,0.005398807115852833,0.3812134265899658
0835,43928_6ca53538_63,0.03267715871334076,0.24009793996810913
0836,82779_b7b722e3_9,0.009642290882766247,-0.1516057252883911
0837,134967_0f27ef51_1,0.000501580536365509,0.624750018119812
0838,86024_714b24f4_1,0.0029811288695782423,0.8832117319107056
0839,40807_58058731_11,0.0074789272621273994,-0.12793827056884766
0840,26750_cd3cb3ff_0,0.05278550833463669,0.08435463905334473
0841,126913_d253adb7_2,0.01856120303273201,-2.6622796058654785
0842,24268_2804c9ff_13,0.009778052568435669,0.7456662654876709
0843,45542_320c16fd_3,0.020436322316527367,0.593708872795105
0844,22342_274ed8a6_1,0.017416581511497498,-2.7719767093658447
0845,133385_e6aa64d8_17,0.0002979179553221911,-0.194258451461792
0846,143509_1dd5212d_3,0.006683499086648226,0.8028786778450012
0847,47989_3ff0f41d_0,0.030570287257432938,0.1303369402885437
0848,21822_7d3db422_14,0.0330645926296711,0.5225409865379333
0849,21517_bfe35b4c_12,0.0016124777030199766,-1.8147807121276855
0850,52883_e518d3f4_10,0.008847137913107872,-0.43636786937713623
0851,41871_f9a1ad02_14,0.01189447846263647,-0.18992435932159424
0852,37016_455093c1_2,0.0016738002886995673,0.10269105434417725
0853,31117_cd5cdbdb_78,0.11657053977251053,0.09603357315063477
0854,129239_0d49310c_22,0.0003976042498834431,-0.15441632270812988
0855,30400_8824ce97_6,0.034912627190351486,0.27003395557403564
0856,53233_8dbca22c_8,0.0032992602791637182,0.768574595451355
0857,40514_bb61631d_25,0.0063635786063969135,-0.4078338146209717
0858,24053_53349e4d_2,0.0023115109652280807,-1.97483229637146
0859,41917_f0c40fa1_16,0.012462173588573933,0.7051868438720703
0860,22543_684108ff_5,0.01205678004771471,0.522011399269104
0861,138636_c1153075_0,0.0007860613986849785,0.29833096265792847
0862,24448_75004b6c_6,0.006852463353425264,0.7818294167518616
0863,24831_bbd3e098_8,0.003309717634692788,-2.243210554122925
0864,53221_74fa81cd_3,0.006435461807996035,-0.7396759986877441
0865,76879_65a30a82_4,0.0007156073697842658,-0.16982340812683105
0866,108773_f9384cff_10,0.0003035144181922078,-2.2031877040863037
0867,33671_0e9c6ca3_5,0.0021287300623953342,0.8309268951416016
0868,93103_fdb9fcb7_15,0.017507413402199745,0.05531877279281616
0869,137675_d2bd633e_0,0.005849183537065983,-2.663299322128296
0870,21893_0500d043_32,0.004346039146184921,-1.841289758682251
0871,22110_0bc70e9f_1,0.0029570015612989664,-0.8172409534454346
0872,43152_b5472481_1,0.0014772000722587109,0.44527971744537354
0873,115717_40314bc2_1,0.014442604035139084,-0.26191747188568115
0874,102943_ca9e7968_0,0.0009435774991288781,-0.2839343547821045
0875,136401_69f29349_0,0.056703660637140274,-36.61212921142578
0876,28542_3c922564_0,0.002175194676965475,0.20680958032608032
0877,24267_8a216138_6,0.007772041950374842,0.5737662315368652
0878,84374_272a9731_7,0.004380428697913885,0.42246055603027344
0879,23531_1ecc8346_18,0.07412086427211761,0.27700382471084595
0880,41871_f9a1ad02_30,0.04481690749526024,-0.3583577871322632
0881,132461_14abd2d0_0,0.00023729038366582245,-5.624480247497559
0882,37617_3f415463_2,0.00209024571813643,-2.4156222343444824
0883,41696_de0790a1_1,0.011376520618796349,0.7473739385604858
0884,54657_2a66e0de_20,0.006027535069733858,0.4465162754058838
0885,24425_0dc4b306_0,0.0072209807112813,0.29282134771347046
0886,146667_fe438b5b_0,0.003209904069080949,0.8779214024543762
0887,23048_8a1a5553_8,0.00036780937807634473,-8.896418571472168
0888,51871_86ebf5b2_17,0.020186936482787132,-2.695551872253418
0889,30664_a3084f71_6,0.004960084334015846,0.6956434845924377
0890,139801_97e2ca6a_5,0.007082736119627953,-0.4501352310180664
0891,22278_12f1fb79_13,0.017675843089818954,-0.14993369579315186
0892,22776_facf9bcf_8,0.005576504860073328,0.8101982474327087
0893,40500_6055e3d7_15,0.11059140413999557,-0.10300683975219727
0894,35740_5322d674_13,0.003661045804619789,-1.22725510597229
0895,39792_60786b6c_12,0.012715715914964676,0.5383718609809875
0896,115524_4a411f7e_0,0.00439641997218132,0.0012930035591125488
0897,24131_3ea7d5a8_17,0.007649310864508152,0.6310315728187561
0898,100326_0602c712_2,0.026811718940734863,0.14834851026535034
0899,34571_25c64838_2,0.006256644614040852,0.6291783452033997
0900,143534_4f65fd1a_0,0.0026935599744319916,0.08932983875274658
0901,101446_95204330_1,0.001837375806644559,-0.16477811336517334
0902,41749_14d0599c_10,0.0007013280410319567,-1.0468120574951172
0903,55715_525d1d3e_12,0.0006673137540929019,-0.9793752431869507
0904,45307_b9b4bca0_30,0.13966180384159088,-0.0002530813217163086
0905,22654_4c426b0f_0,0.002924395492300391,0.6337935924530029
0906,22670_9353c710_4,0.008224115706980228,-1.522017002105713
0907,99445_94c22a37_11,0.023135367780923843,0.6562613844871521
0908,132811_57264a28_4,0.004163428675383329,0.6598643064498901
0909,23258_87a2ba81_3,9.527173824608326e-05,0.8494044542312622
0910,50777_2934de55_22,0.015043194405734539,0.46600133180618286
0911,98418_4185a7fb_0,0.018974073231220245,0.5403276681900024
0912,43441_e1ab0873_2,0.0006124245701357722,-6.421019554138184
0913,24271_dbc0fd2d_12,0.00400861632078886,0.11764657497406006
0914,38944_0d0c3fce_0,0.10743559896945953,0.3039839267730713
0915,40624_e1c5c424_11,0.0003954500425606966,-8.959811210632324
0916,100028_0c3a8f1c_13,0.02777998521924019,0.642673909664154
0917,40491_ac67bf4c_13,0.01702747866511345,0.6806053519248962
0918,25416_1deb9c75_0,0.010137822479009628,-0.7548775672912598
0919,21657_2651585a_6,0.0029559119138866663,0.8433253169059753
0920,21986_67c5509a_15,0.009636054746806622,-0.19558250904083252
0921,32288_34013274_2,0.012014648877084255,-1.0335803031921387
0922,55373_ddd74d2f_0,0.020453495904803276,-1.6416234970092773
0923,26245_4aac38e1_0,0.0046749114990234375,0.7321358323097229
0924,33044_7fdd9213_0,0.0071140131913125515,-0.2701965570449829
0925,31530_6744ae73_48,0.09373746067285538,0.09448796510696411
0926,25555_fd3d9a3c_1,0.00030138983856886625,0.5768657922744751
0927,54175_7d864ace_6,0.0021748761646449566,0.5115909576416016
0928,72950_5074f5a3_0,0.006820104084908962,-3.5084633827209473
0929,129618_2962c248_0,0.06361901760101318,-0.06255495548248291
0930,52012_77070fda_10,0.00011795820319093764,0.8150123357772827
0931,28295_0dc908b9_7,0.01608576625585556,-3.3210806846618652
0932,144419_90e59d67_2,0.0006956830620765686,-6.68807315826416
0933,22734_f6bad9f7_24,0.021081525832414627,0.34757113456726074
0934,22604_0b4ffb43_14,0.01969907619059086,0.6394598484039307
0935,81996_b3752ed2_3,0.0004212218045722693,0.6219879388809204
0936,24504_493cee15_8,0.01878318190574646,0.25209182500839233
0937,39124_28e99e62_1,0.0016801160527393222,-0.8904794454574585
0938,29725_0ad4937e_1,0.0005061102565377951,0.08519726991653442
0939,109232_04340d62_6,0.00045327350380830467,-7.245270729064941
0940,129075_8fbf62e5_0,0.002338519087061286,-0.8506656885147095
0941,102937_18c3cb6a_4,0.006883084774017334,0.7586700320243835
0942,52551_8098346a_5,0.00085397285874933,-0.4854940176010132
0943,128043_6947b64c_0,0.006579599808901548,0.6201773285865784
0944,119030_292009a7_41,0.002084040781483054,0.6942927837371826
0945,48526_5aecac8a_0,0.006973887328058481,-0.17431795597076416
0946,32541_86f7df73_4,0.00193496304564178,-0.8407890796661377
0947,55114_7bf17f6a_0,0.015980830416083336,-0.1585174798965454
0948,55285_6816da52_1,0.04706786572933197,-0.0186614990234375
0949,37683_e2cca100_17,0.000326243374729529,0.4863658547401428
0950,78775_e2d8b091_15,0.008689750917255878,0.7158759832382202
0951,93199_2146e709_2,0.002685010666027665,0.6830111742019653
0952,135595_656de97a_14,0.0009516294812783599,0.31771987676620483
0953,24284_3710e946_16,0.01768084056675434,0.5994354486465454
0954,135521_30553c91_2,0.00028870563255622983,-3.187225341796875
0955,29732_fb15318c_5,0.0017709132516756654,-0.6822541952133179
0956,88060_389bdff4_0,0.003771501127630472,0.7704883217811584
0957,27839_4a077326_28,0.02001621201634407,0.5040446519851685
0958,100435_87bf423d_8,0.01697164960205555,0.6655799150466919
0959,25365_bb0e4ede_44,0.004202682059258223,-4.960497856140137
0960,146169_144d8264_0,0.13999760150909424,0.243907630443573
0961,23342_7193a931_3,0.0013812928227707744,-3.0694751739501953
0962,57000_cd1ddece_12,0.01611112616956234,0.6778906583786011
0963,119790_1ed376f0_3,0.0013825187925249338,-0.508878231048584
0964,72522_e9e87960_4,0.0169978067278862,0.6809581518173218
0965,65366_f618b577_2,0.0018050122307613492,-0.5712037086486816
0966,55707_c78416ed_35,0.01152908243238926,0.3974938988685608
0967,70321_eccffc7e_0,0.006815849803388119,-0.7656927108764648
0968,120143_b5756e6b_0,0.009133609011769295,-0.2684056758880615
0969,27726_aca43af4_35,0.0002976508403662592,-12.829174041748047
0970,31361_72aab333_20,0.0034089633263647556,-0.08340334892272949
0971,121949_e10b5e85_12,0.020525028929114342,0.4330918788909912
0972,146399_0e4b73c4_13,0.04988091066479683,-0.0240098237991333
0973,41134_fc146947_6,0.0024524603504687548,-0.14653098583221436
0974,21237_7887a24b_35,0.0007477267645299435,-2.0912365913391113
0975,24885_55e20ddf_3,0.00028358009876683354,0.7198319435119629
0976,34914_8911676d_23,0.007824172265827656,-0.3905438184738159
0977,21803_8a36dcda_12,0.0078714769333601,0.7366087436676025
0978,41306_8f26e703_5,0.00057487707817927,-5.205895900726318
0979,25118_f50fdc69_10,0.000178160858922638,0.7397880554199219
0980,25473_0991d519_9,0.010123970918357372,0.7464842796325684
0981,126585_86fa26cb_0,0.00043623262899927795,0.46125906705856323
0982,145691_69484976_9,0.013275428675115108,-0.19362115859985352
0983,60729_c51868ec_0,0.0020840507932007313,-0.14810681343078613
0984,123929_e7dbad2c_0,0.020401131361722946,-8.69077205657959
0985,69649_70b07cac_0,0.01324990764260292,0.7073187232017517
0986,55135_f1186d58_9,0.002893972909078002,-2.605458974838257
0987,20838_86c931be_2,0.003931784071028233,0.511161208152771
0988,45242_626509cb_11,0.00431684497743845,-0.9076312780380249
0989,34983_439766af_13,0.04081215336918831,0.5754860639572144
0990,53453_fb0f1640_1,0.022849610075354576,0.30634909868240356
0991,23255_972fbfe6_25,0.007888094522058964,0.7513608932495117
0992,24168_a0ede173_203,0.18027129769325256,-0.0025900602340698242
0993,55476_1473d91f_0,0.0023756413720548153,-0.21111690998077393
0994,55111_ef389075_1,0.009480079635977745,0.6376633048057556
0995,141710_17531562_1,0.001986214891076088,0.833232045173645
0996,96601_b89e6252_1,0.00023069388407748193,-0.2268160581588745
0997,135790_a27f9deb_43,0.0810626745223999,-0.038584232330322266
0998,121363_746708db_0,0.0023000859655439854,0.11501556634902954
0999,136886_3aa46890_0,0.0006937643047422171,0.7413221597671509
1000,50315_0f1419bf_19,0.04156719520688057,0.42824363708496094
1001,37846_cde34fcd_14,0.00027709128335118294,-2.1328890323638916
1002,24816_ef81ad4c_1,0.006360562983900309,-1.274414300918579
1003,75646_4baf69b2_7,0.041016630828380585,0.4256366491317749
1004,140155_81f9ac63_0,0.010929519310593605,-1.7267897129058838
1005,51603_034939eb_10,0.010746396146714687,0.404654324054718
1006,30435_c97330d2_0,0.0006307344301603734,-0.0664602518081665
1007,27839_4a077326_27,0.0028274368960410357,0.8462628722190857
1008,55627_971fde61_34,0.020999489352107048,-0.6234650611877441
1009,134909_ef3d003c_0,0.0005129675846546888,0.4967648386955261
1010,33413_060ce192_51,0.0002865819842554629,-38.70661544799805
1011,22245_ca848576_12,0.0012935828417539597,-0.5107007026672363
1012,52039_ba12c3ac_1,0.016178928315639496,0.6765468120574951
1013,39707_358f88df_2,0.0024057135451585054,-1.5618383884429932
1014,50014_33f250c8_3,0.07615268975496292,0.3053690791130066
1015,52987_387431ac_1,0.020703917369246483,-0.4215965270996094
1016,33501_b1ee5058_15,0.016540540382266045,0.6710877418518066
1017,82168_4844bddd_1,0.010950753465294838,-0.47855448722839355
1018,30384_95e72fc2_4,0.0006450949585996568,-6.104743480682373
1019,23554_a0845d54_2,0.0066701616160571575,-4.575764179229736
1020,23800_65e0a5d1_0,0.0006030978402122855,-0.9006587266921997
1021,41128_ee74f244_0,0.0007878166506998241,0.2090768814086914
1022,143019_22dbd3e6_2,0.046231843531131744,-0.46681487560272217
1023,79993_6087acd5_8,0.007059645839035511,0.7766653299331665
1024,21422_b2a6bf27_0,0.017893558368086815,0.7049853205680847
1025,25487_dd2c17e8_21,0.0019703221041709185,-0.7494913339614868
1026,22654_4c426b0f_10,0.00021411468333099037,-0.4378708600997925
1027,30368_d7fd30ce_6,0.0002254997962154448,-3.8228816986083984
1028,57249_6bd2af3c_2,0.003625917714089155,0.8662405610084534
1029,57029_3ab80a22_0,0.007552602328360081,-0.498285174369812
1030,79906_052c7eb4_3,0.0027906012255698442,0.3950968384742737
1031,82996_b8dc67c9_10,0.0005218684673309326,0.279804527759552
1032,119884_192e3265_1,0.01814349740743637,-7.274782180786133
1033,21225_c081eae3_10,0.005536695476621389,0.6825697422027588
1034,121949_e10b5e85_1,0.002572016790509224,0.3491741418838501
1035,81994_ba8916c9_5,0.00015711618470959365,0.8627136945724487
1036,22447_4062c6cb_29,0.01890183426439762,0.681145429611206
1037,55044_ee57bac8_1,0.0002780709182843566,-0.05650639533996582
1038,41871_f9a1ad02_13,0.15335480868816376,0.13869869709014893
1039,74688_a5168a45_2,0.00028768269112333655,-60.81260299682617
1040,23218_02d26ab4_4,0.001394259394146502,-2.2068562507629395
1041,41205_dc60aa5d_0,0.008827787823975086,-1.194624423980713
1042,41979_ca698776_0,0.002401206875219941,0.5075347423553467
1043,141453_50ec6f25_7,0.017334872856736183,0.508955717086792
1044,97143_5424c420_0,0.0037542388308793306,0.0365176796913147
1045,41986_26275a06_2,0.003244450781494379,0.6941576600074768
1046,136800_c5e4d711_2,0.0005903803976252675,0.1930364966392517
1047,101635_11b839a3_5,0.0008455056813545525,-5.926905632019043
1048,55866_b041060d_0,0.0022696396335959435,0.8610845804214478
1049,53846_89405f98_0,0.005352577194571495,-0.0935906171798706
1050,27725_5cceaeb7_1,0.007990597747266293,0.2790188789367676
1051,146137_92faaea5_9,0.017832940444350243,-0.42885446548461914
1052,41211_11f6b8a0_4,0.001016810187138617,0.5812375545501709
1053,21330_f0cee934_46,0.01609162800014019,0.6782779693603516
1054,127188_5fecd146_4,0.00014407829439733177,0.8020225763320923
1055,135949_06517574_8,0.0005846736603416502,-5.061286926269531
1056,68928_0d4e4a2e_24,0.013424448668956757,0.15587055683135986
1057,50410_f8f03667_38,0.0002937795652542263,-19.225234985351562
1058,142999_171240b6_21,0.0006791519117541611,0.4978460669517517
1059,144709_642fc665_0,0.010003573261201382,0.016918480396270752
1060,53232_f8760054_10,0.0004674693336710334,-3.4740748405456543
1061,22372_e91792a1_0,0.0002207145153079182,-1.83066987991333
1062,21767_53eaa558_12,0.07033957540988922,0.09104210138320923
1063,32220_1fd19c5e_0,0.002292035846039653,-1.3547778129577637
1064,22886_a6331748_1,0.0037664659321308136,0.6541978120803833
1065,130996_b842b511_12,0.005609077867120504,0.4830026626586914
1066,55571_74a416b1_1,0.001022160635329783,-7.670636177062988
1067,70169_914780d4_1,0.002708236686885357,-0.03129434585571289
1068,23156_7788f78a_6,0.12140943109989166,0.12150305509567261
1069,124496_20e20439_10,0.00143664691131562,-2.157559633255005
1070,76300_7cb02add_1,0.008203849196434021,-0.21477890014648438
1071,21647_6b6cca6f_10,0.0045747412368655205,-1.4969282150268555
1072,22734_f6bad9f7_23,0.019265035167336464,0.19744819402694702
1073,94176_0a6c42ab_2,0.00027209712425246835,-48.935630798339844
1074,24048_d731886d_9,0.006735859904438257,0.25754618644714355
1075,25487_dd2c17e8_30,0.011454962193965912,-4.178049564361572
1076,115717_40314bc2_4,0.00039369426667690277,-0.2805994749069214
1077,125592_875faf40_0,0.016543803736567497,0.232092022895813
1078,41871_f9a1ad02_44,0.020052922889590263,-0.4166984558105469
1079,146642_883a71d2_8,0.006471817847341299,-0.5790144205093384
1080,136883_076fbff9_31,0.0005700624315068126,-0.8856433629989624
1081,60766_fb8715eb_3,0.0030702142976224422,0.775476336479187
1082,30818_33617072_0,0.02813287265598774,-0.4243675470352173
1083,130679_7a357a9c_18,0.012667634524405003,0.25485074520111084
1084,55306_795d845b_0,0.0003479817241895944,0.2540227174758911
1085,135934_d2f6bb2e_33,0.0006323070847429335,0.15700209140777588
1086,111054_e45a0d40_7,0.1160154715180397,-0.12225377559661865
1087,36826_d9269c2e_10,0.005509471520781517,0.6257721185684204
1088,37619_ae810a8d_7,0.00025858290609903634,-117.09928894042969
1089,22343_34184fd5_22,0.0007254936499521136,-1.2454330921173096
1090,113020_de552f8d_0,0.0009858867852017283,0.3834918737411499
1091,20216_89b90993_0,0.01769087091088295,-0.1785672903060913
1092,23325_292b3294_16,0.014580023474991322,-0.38706493377685547
1093,23522_5c2ec58e_9,0.00437293341383338,0.6679754257202148
1094,146624_359752bb_20,0.00028207575087435544,-141.20001220703125
1095,104990_11b4aeee_1,0.01056328509002924,0.7585432529449463
1096,90917_4670b560_0,0.05361456051468849,-0.04201149940490723
1097,54818_59adf8c2_5,0.0012527008075267076,-0.08335983753204346
1098,34109_5a868eae_3,0.0021104817278683186,-2.443223476409912
1099,23161_e7f63a9f_2,0.015003714710474014,-0.3575935363769531
1100,37160_2a95674a_27,0.0030300396028906107,-0.058629393577575684
1101,61280_8bdbc90f_0,0.007766841445118189,0.7210558652877808
1102,55083_dac1f9cc_2,0.010621038265526295,0.11580091714859009
1103,34341_d19b12fb_14,0.0006027258932590485,-4.994754791259766
1104,54516_ac9e2ef4_61,0.005607446655631065,0.0688980221748352
1105,24559_3c306e71_2,0.0012509326916188002,-1.5464606285095215
1106,105831_88a0fb85_1,0.00930340401828289,0.6465287804603577
1107,32743_f4c47bbc_19,0.007972230203449726,-0.4813520908355713
1108,40500_6055e3d7_18,0.007191467564553022,0.6547914147377014
1109,22862_f5406bb0_0,0.0186614952981472,0.6997944116592407
1110,141081_ae61ec46_0,0.02405695989727974,0.651742696762085
1111,135112_cf8007b8_4,0.04351763799786568,0.3398284912109375
1112,131442_1512d9ff_5,0.0004786181962117553,-0.012864112854003906
1113,145132_7aea3b66_1,0.21062815189361572,0.2027912139892578
1114,41871_f9a1ad02_45,0.004904057364910841,0.054764747619628906
1115,51775_49ef614a_1,0.01484990306198597,-3.207639694213867
1116,143293_fc5b0ff7_23,0.0008652092656120658,-0.580697774887085
1117,51547_a7e01c38_6,0.0001017046015476808,0.8542816638946533
1118,114021_44c3c39c_2,0.00015316317148972303,0.6181570291519165
1119,123766_c5a4cf5e_0,0.0005014109192416072,-2.196876049041748
1120,23031_0d684603_8,0.0022746750619262457,0.019556283950805664
1121,132996_c742ef84_4,0.0050723557360470295,0.2961199879646301
1122,137096_5d77f285_1,0.009155559353530407,-0.09278225898742676
1123,27072_b4756e8c_2,0.0027943355962634087,0.368008553981781
1124,51915_e704f5dd_2,0.004544705618172884,0.2892998456954956
1125,132811_57264a28_13,0.018964119255542755,0.680734395980835
1126,49396_98ab955d_13,0.009379132650792599,-0.04563093185424805
1127,132081_761d26ad_0,0.00862528569996357,0.7691152095794678
1128,82906_7b72e0e8_2,0.014508283697068691,0.5958021879196167
1129,92649_26fe8262_0,0.0017893379554152489,0.17446058988571167
1130,21803_8a36dcda_11,0.00946322362869978,0.7454685568809509
1131,30637_f6324fc6_5,0.0006984647479839623,-3.6228795051574707
1132,105560_a6f91315_12,0.000270097516477108,-36.830135345458984
1133,41737_d80c34b9_0,0.025107143446803093,-0.500031590461731
1134,34983_439766af_12,0.00579973915591836,0.42947328090667725
1135,122755_60c41889_10,0.0006518691661767662,-9.446521759033203
1136,76879_65a30a82_2,0.07651209086179733,0.31560367345809937
1137,89816_cef36e57_4,0.022472888231277466,0.629400372505188
1138,49406_100c707b_3,0.0014695997815579176,0.8305481672286987
1139,105560_a6f91315_10,0.0003972383856307715,-7.577265739440918
1140,129421_483d2957_5,0.001035139081068337,-3.3614025115966797
1141,122740_fc5c94eb_33,0.01384805142879486,0.5759986042976379
1142,135595_656de97a_5,0.0010590169113129377,0.6132168769836426
1143,35740_5322d674_5,0.0002754956076387316,-94.61549377441406
1144,23681_932e722e_18,0.016404468566179276,0.6894922256469727
1145,108244_329b1876_17,0.00027419597608968616,-62.70947265625
1146,125745_cf468448_6,0.003594977781176567,0.15469622611999512
1147,138838_c9a9e790_6,0.010089490562677383,-0.9612396955490112
1148,102416_b74464a2_4,0.00026987804449163377,-106.04859924316406
1149,30426_2cde26de_21,7.239499245770276e-05,0.7848132252693176
1150,137837_9c9f163d_5,0.003425955306738615,-2.6074957847595215
1151,25487_dd2c17e8_15,0.016292421147227287,-1.123671531677246
1152,21549_18160a0a_4,0.00028616684721782804,-39.39495849609375
1153,21385_601444ba_0,0.007699694950133562,0.5210087299346924
1154,35233_add576ba_9,0.005367448553442955,0.6494407653808594
1155,55345_c6423351_0,0.007513788528740406,-0.2164236307144165
1156,110697_4b2725f1_0,0.016871364787220955,0.6069830656051636
1157,109946_242843a6_1,0.0006092449184507132,-13.361797332763672
1158,34341_d19b12fb_22,0.0002873179328162223,-31.665725708007812
1159,23247_bcd1e84f_21,0.01020120456814766,-1.1419553756713867
1160,131765_29b29f08_6,0.00039511334034614265,-7.556256294250488
1161,21395_7d6fda6f_12,0.02226295880973339,-18.484725952148438
1162,135460_6471e973_15,0.0027257625479251146,0.10462599992752075
1163,51741_49d61151_7,0.006394426338374615,0.7689483165740967
1164,28382_90b7cc0c_12,0.006967609748244286,-1.5273714065551758
1165,30850_05d88af9_2,0.007775927893817425,0.679228663444519
1166,86278_1e55d036_12,0.00026237001293338835,-0.9528679847717285
1167,67240_525e92c1_1,0.00318999239243567,-1.5596940517425537
1168,82002_ef2b4feb_6,0.01898437738418579,0.6352261304855347
1169,53364_ec8aad42_1,0.02273208275437355,0.02324855327606201
1170,135771_b030a25c_17,0.0013914932496845722,-0.6096503734588623
1171,135906_29d7b495_1,0.0001528541324660182,0.7267200946807861
1172,21822_7d3db422_38,0.0017702470067888498,-0.7959831953048706
1173,81136_5b86c723_1,0.0006528413505293429,-3.7942590713500977
1174,25473_0991d519_2,0.04620065540075302,0.20069682598114014
1175,73405_94381b7c_5,0.012611936777830124,-1.119929313659668
1176,24009_c40b0d48_2,0.006091754883527756,0.8129238486289978
1177,22162_439af02a_1,0.021138574928045273,0.5843557119369507
1178,146159_f3f80701_0,0.011752516031265259,-2.133598804473877
1179,51895_5760b481_15,0.0846271961927414,0.09928786754608154
1180,33500_e58e287e_1,0.009040268138051033,0.5791887640953064
1181,31838_2e4bd173_0,0.01122310385107994,-6.502034664154053
1182,146137_92faaea5_18,0.00023443753889296204,-1.0521125793457031
1183,124879_2257a334_2,0.00029706963687203825,-2.2604525089263916
1184,144145_510eedc2_7,0.02511052042245865,0.5346415042877197
1185,21237_7887a24b_78,0.0031186379492282867,0.7287955284118652
1186,82297_93739ce0_6,0.003404882736504078,-0.11927211284637451
1187,51536_a18dc325_31,0.000370707391994074,-0.796849250793457
1188,93103_fdb9fcb7_7,0.004998319316655397,0.35481786727905273
1189,24590_415f7013_9,0.007715154904872179,-0.4294745922088623
1190,130659_16f2db4c_0,0.001671818201430142,0.4469321370124817
1191,23083_fdb942ac_2,0.0054920208640396595,0.7708490490913391
1192,23954_a8c09819_2,0.021906191483139992,0.5751820802688599
1193,30417_0010bc7c_13,0.005560997873544693,0.5055027008056641
1194,120535_e304dfca_1,0.007365765515714884,0.45972174406051636
1195,93199_2146e709_9,0.005369680467993021,-0.23301494121551514
1196,23686_cba4f679_15,0.023857716470956802,0.46526050567626953
1197,40807_58058731_20,0.06808993220329285,0.3146756887435913
1198,94410_d32e7520_35,0.010943464934825897,0.7275247573852539
1199,79695_fd8bae0e_0,0.018689822405576706,-3.752500534057617
1200,129422_621d0a90_35,0.012471995316445827,-4.857629776000977
1201,44932_16cb7f21_5,0.01668839529156685,0.5273414850234985
1202,136550_8a8672e5_1,0.007730012759566307,-1.1700286865234375
1203,20495_e8e7e80c_3,0.020579487085342407,0.6319268941879272
1204,31962_e5291336_50,0.0011586413020268083,-0.1052701473236084
1205,24888_5be1de05_1,0.0004868769901804626,-8.259995460510254
1206,34114_7e58a97d_10,0.008326643146574497,0.6798810958862305
1207,108433_37a79370_0,0.035156190395355225,-2.1065120697021484
1208,22844_9b75b8e0_1,0.0024091610684990883,0.9000638127326965
1209,115637_b4d41e8a_0,0.00602369150146842,0.41686922311782837
1210,53474_f29e4438_15,0.025234727188944817,0.28214651346206665
1211,26766_1aaa348c_0,0.0051483572460711,0.26918596029281616
1212,51940_67bb0219_7,0.0012348699383437634,0.7982032895088196
1213,41714_1d49f4d1_13,0.0011223854962736368,-3.426083564758301
1214,21815_7090778f_9,0.0152576370164752,-0.2521240711212158
1215,32843_8e5bdf24_0,0.00772876339033246,0.6575595140457153
1216,23686_cba4f679_10,0.013549616560339928,-0.6884585618972778
1217,114425_891ab08d_0,0.006493458990007639,0.19034343957901
1218,41786_02d48cdd_5,0.011150931008160114,-0.7255247831344604
1219,22895_4533b542_1,0.006701131351292133,0.6159350872039795
1220,49016_cd1b47bf_6,0.01745826192200184,0.44695979356765747
1221,51674_a70c1c6c_3,0.00028438903973437846,0.5452237129211426
1222,52972_6e5a5ada_11,0.004779161419719458,0.7971442937850952
1223,120700_d818883a_8,0.000168376907822676,0.7720237970352173
1224,34530_9525ffcd_0,0.01773400790989399,0.6665068864822388
1225,24355_99bf3f8f_1,0.0008913795463740826,-0.7262130975723267
1226,56250_3b6024e3_46,0.029598845168948174,0.47666293382644653
1227,56355_727ca47c_3,0.02996533177793026,-6.235618591308594
1228,35057_9af89947_1,0.002635388169437647,0.5862400531768799
1229,120881_a946667f_13,0.0004600866523105651,0.3661566376686096
1230,143021_c6df0146_5,0.0006284589180722833,-2.4995365142822266
1231,69240_dc199112_3,0.00123943283688277,-0.12805843353271484
1232,41733_1ec9b00c_15,0.008503677323460579,-0.7708728313446045
1233,30298_24191733_2,0.0003062682517338544,-1.1180393695831299
1234,30400_8824ce97_18,0.011228634044528008,-1.3446123600006104
1235,37040_ecbcd25e_36,0.006546232383698225,-0.7655529975891113
1236,23035_6087bb57_4,0.0025543374940752983,-2.822601318359375
1237,38675_6e07d74b_26,0.06869830191135406,0.049452781677246094
1238,31751_e37382e1_9,0.0025777677074074745,0.725142240524292
1239,54601_e1da5b93_4,0.016290802508592606,0.6759032011032104
1240,142999_171240b6_29,0.017807235941290855,-0.34983742237091064
1241,137646_14bca880_0,0.009862036444246769,0.0892338752746582
1242,37519_442dc408_1,0.002720616525039077,-2.3246495723724365
1243,47195_a8cd8bad_6,0.0012267566053196788,0.9219900369644165
1244,22474_b10fea1a_6,0.009194985032081604,-0.06049454212188721
1245,53200_d1e30b87_10,0.005979692097753286,-0.04052174091339111
1246,41472_f9d73638_9,0.001772802323102951,-0.8221722841262817
1247,126397_cc08a23d_1,0.0005361480871215463,0.12986433506011963
1248,31838_2e4bd173_4,0.02015930600464344,0.6406115293502808
1249,52006_d21e4570_7,0.003834835486486554,0.23983794450759888
1250,62109_08c31aa8_0,0.0087148267775774,-0.5528954267501831
1251,49403_458914df_0,0.0021645468659698963,-0.2785724401473999
1252,122914_76ff1f5e_2,0.00029908050782978535,-25.618974685668945
1253,34913_d23e2a24_2,0.005473050754517317,-1.44901442527771
1254,104641_2cd02839_15,0.0004331893287599087,-0.2518179416656494
1255,131632_6144b102_1,0.03104422613978386,0.6304004192352295
1256,30850_05d88af9_0,0.004489416256546974,0.6477432250976562
1257,86296_8a6ed4d3_7,0.0003576338931452483,-0.10152268409729004
1258,34983_439766af_7,0.026319047436118126,0.6250498294830322
1259,33374_7491cbf8_2,0.062954843044281,0.3908924460411072
1260,50694_afd26bd5_10,0.036175280809402466,0.6115331053733826
1261,50292_e84db1fb_8,0.001729097100906074,-4.900418281555176
1262,81367_622a9e51_2,0.014228676445782185,-2.5728909969329834
1263,78966_584c5305_0,0.0032344225328415632,-0.6864895820617676
1264,79905_623eae86_1,0.08377626538276672,0.3139488101005554
1265,63055_6b907478_15,0.0019019360188394785,0.8482826948165894
1266,135771_b030a25c_4,0.001055785221979022,-0.3292628526687622
1267,41753_9b4f8d8a_0,0.016678711399435997,0.6725329160690308
1268,80784_f7ec5f70_1,0.005143882241100073,0.12839937210083008
1269,33607_c6f31fa6_10,0.02336171083152294,-1.861020565032959
1270,22225_a3ce4d29_42,0.004008873365819454,0.5691931247711182
1271,51938_8b9cba89_5,0.03406621515750885,0.28607892990112305
1272,44741_f386a08f_4,0.007766487076878548,0.7694897651672363
1273,70021_e673ae54_4,0.02012821100652218,0.6733139157295227
1274,55135_f1186d58_7,0.039076145738363266,-2.5023980140686035
1275,31856_2a5a4e32_12,0.01653374917805195,0.08283126354217529
1276,75303_045fc848_4,0.005112145561724901,0.21451503038406372
1277,129683_3ad38815_10,0.05383868142962456,0.370417058467865
1278,21894_93f0d052_24,0.002310729119926691,0.8131240606307983
1279,143823_1b04bf80_13,0.007562485057860613,0.45428985357284546
1280,143823_1b04bf80_18,0.0023410608991980553,-1.2649867534637451
1281,111863_c925f4f3_2,0.0024450880009680986,-1.333099126815796
1282,104633_d0a15bd3_6,0.021043984219431877,-0.7646130323410034
1283,48832_22363e53_33,0.010304157622158527,0.7216740846633911
1284,127466_a18ae326_1,0.0024053945671766996,0.0937732458114624
1285,22211_b1ee53f0_12,0.006951459217816591,0.7095130681991577
1286,137837_9c9f163d_6,0.004662307444959879,-0.2697756290435791
1287,122755_b830e22d_17,0.00030472539947368205,-2.4128079414367676
1288,21299_e9cd80a6_12,0.00246728234924376,-2.308635950088501
1289,44920_70dd4b80_11,0.010995481163263321,0.5025511980056763
1290,52987_387431ac_7,0.0068543353118002415,0.7912333011627197
1291,147926_b78316a8_10,0.0009447689517401159,0.17227226495742798
1292,144653_e3eccdf1_50,0.0031347551848739386,-1.0885417461395264
1293,56458_c027ed41_0,0.0030418129172176123,0.6224147081375122
1294,23495_6366269c_11,0.020371057093143463,0.5948817729949951
1295,70883_e2d6a103_2,0.05159721523523331,0.23335707187652588
1296,32743_f4c47bbc_34,0.002098143333569169,-0.2228766679763794
1297,30910_38ea5a06_2,0.0041120536625385284,0.30259859561920166
1298,56476_466fc284_17,0.05142940208315849,-0.06377053260803223
1299,22604_0b4ffb43_62,0.005491658113896847,0.7708665132522583
1300,21534_6367be99_0,0.0030154776759445667,0.04941356182098389
1301,133026_1085532d_1,0.002185458317399025,0.4445834159851074
1302,137828_0b0786fb_1,0.026064807549118996,0.49891531467437744
1303,55627_971fde61_27,0.007940243929624557,-0.002360224723815918
1304,93869_8b1922a3_0,0.008180079981684685,0.34029853343963623
1305,24393_9acd18c6_3,0.014729117043316364,0.725153923034668
1306,44996_b3e9c266_14,0.00039730334538035095,-0.5548434257507324
1307,55300_b9675d43_1,0.02122773788869381,0.5832036733627319
1308,113352_879844fe_0,0.004221795592457056,0.8280847072601318
1309,135317_3c58b0d0_9,0.001685309107415378,-0.5572153329849243
1310,115624_fe3eb392_1,0.011727944016456604,0.4507398009300232
1311,63055_6b907478_21,0.006346334237605333,0.7685592174530029
1312,40421_032c052f_0,0.007539545185863972,-0.1460115909576416
1313,143029_70554264_3,0.000481251219753176,0.17556118965148926
1314,145117_78f63de3_0,0.02419316954910755,-5.222233295440674
1315,128996_35f2006e_0,0.0008809641585685313,-3.405407428741455
1316,54503_fc6c6963_1,0.0038184458389878273,0.5177302956581116
1317,24657_0168dc6b_1,0.00942363403737545,0.7693400979042053
1318,130524_13ad16a8_0,0.22595401108264923,-0.1173027753829956
1319,142670_33c641dc_3,0.015878453850746155,-5.032437324523926
1320,65375_674ff0b9_11,0.001398098305799067,-0.27287089824676514
1321,23168_7fdf5427_3,0.0002625029592309147,-118.91133880615234
1322,41717_ab2075ac_0,0.0050258515402674675,0.8154710531234741
1323,21739_57582b8f_4,0.002840061206370592,0.8333770632743835
1324,143293_fc5b0ff7_30,0.00829880591481924,0.7736865282058716
1325,135906_587b5c3d_0,0.0011756342137232423,0.29009944200515747
1326,138685_fd9b79cd_0,0.0009306614520028234,0.25582730770111084
1327,119921_5621fcb4_0,0.00789511390030384,-0.3329066038131714
1328,49403_458914df_5,0.008344244211912155,0.04902428388595581
1329,73525_7f6b2f67_2,0.00016355415573343635,0.7380441427230835
1330,136994_a3a2f50f_3,0.0033880064729601145,0.6183927059173584
1331,31838_2e4bd173_1,0.01840164139866829,0.6017152667045593
1332,35866_d0233b36_6,0.0186105165630579,0.6827289462089539
1333,53053_d6b4d71c_9,0.021373199298977852,0.4450921416282654
1334,90220_7baf1e18_1,0.0016314176609739661,-1.202284336090088
1335,23364_73dd9d4d_10,0.00023612918448634446,0.6606305837631226
1336,52987_387431ac_3,0.0068330406211316586,0.43723583221435547
1337,51859_6b2fd0f1_4,0.0013580414233729243,0.24501413106918335
1338,51708_867d4509_12,0.0003191453870385885,-1.7645127773284912
1339,93199_2146e709_3,0.01758679375052452,0.6271252632141113
