case_num,case_name,MSE,R-Square
0,50417_199cffee_13,0.008378008380532265,0.9347398281097412
1,48516_2b3135bf_11,0.0033893981017172337,0.8854050636291504
2,41733_1ec9b00c_31,0.004533024039119482,0.5602952241897583
3,31664_1e85c690_0,0.0013048271648585796,0.9298471808433533
4,21893_0500d043_18,0.0009600597550161183,0.9804809093475342
5,31607_9a2f8140_6,0.0014920131070539355,0.9499200582504272
6,41774_88a7a483_18,0.001262081554159522,0.6919194459915161
7,42143_51b31600_4,0.00016032194253057241,0.6760550141334534
8,23104_3b70eba4_13,0.0011612323578447104,-0.910285234451294
9,129075_8fbf62e5_2,0.00017459175433032215,0.5392686128616333
10,41624_a15f83c1_13,0.00015239743515849113,0.9251658916473389
11,36088_1ea9c8a9_12,0.0004888995317742229,0.9885944724082947
12,126477_6596d136_14,0.000658166129142046,0.40342432260513306
13,130441_10c43121_0,0.029045792296528816,0.8520324230194092
14,133385_e6aa64d8_21,0.0003366761957295239,0.7791188955307007
15,26398_b99946da_1,0.008725645951926708,0.8852425813674927
16,61198_0c99f50a_4,4.373537012725137e-05,-1.7551829814910889
17,26661_ab88a525_0,0.00045141216833144426,0.47827309370040894
18,129075_8fbf62e5_1,0.001865039230324328,-0.7612712383270264
19,51891_9455ea02_1,0.0029322945047169924,0.9534698128700256
20,34770_6bba5bd4_13,0.00038276638952083886,0.9924847483634949
21,21646_a2dd0d00_53,0.0018397128442302346,0.8470791578292847
22,68909_4ae1bc2e_1,0.00026187056209892035,0.7539015412330627
23,27866_ece3076e_109,0.0003153112484142184,0.9502796530723572
24,92134_52f13f49_6,0.00040767196333035827,0.7650549411773682
25,23342_7193a931_1,0.00010374125122325495,0.8560141921043396
26,126572_a2d6f794_14,7.235017255879939e-05,-6.273388862609863
27,44344_3e0b0b0c_1,3.659892900031991e-05,-4.068850517272949
28,49331_3bf3bb84_4,0.00464607635512948,0.9149537086486816
29,33971_46bb0373_0,0.0028648627921938896,0.6340511441230774
30,21517_bfe35b4c_1,0.0001769252703525126,0.7433855533599854
31,23165_369d62aa_6,0.0010179170640185475,0.9877222776412964
32,81846_2907c980_0,0.001826621824875474,0.9189169406890869
33,24168_a0ede173_111,0.0031812528613954782,0.6857877373695374
34,53461_a5942665_1,0.0002055706427199766,0.9923756122589111
35,24907_c72322ea_13,0.00037037525908090174,0.8602445125579834
36,133424_315bcaeb_7,0.00022281843121163547,0.7116638422012329
37,40490_916e13fe_0,0.0006161205237731338,0.9808093309402466
38,38000_b5822e44_3,0.00193953572306782,0.9706042408943176
39,138520_f4e0bc0b_63,0.0008766711689531803,0.1636149287223816
40,61294_9255796d_3,0.00012619384506251663,0.7638736963272095
41,22176_272891b8_0,0.0006429090281017125,0.6738815307617188
42,24815_4f2a57e4_1,0.002989616012200713,0.9122136831283569
43,113343_e692c488_1,0.00015768218145240098,0.76204514503479
44,33995_18423507_1,0.0005293138092383742,0.2869659662246704
45,127897_029949fd_6,0.0003623076481744647,0.9927552938461304
46,123181_4e56fb4f_0,0.0008819455979391932,0.9872232675552368
47,22670_9353c710_1,4.7553552576573566e-05,0.7101932764053345
48,128642_4d72bf31_2,0.0010326275369152427,0.44062209129333496
49,146667_fe438b5b_6,0.006569509860128164,0.5988092422485352
50,38260_2a31c6df_2,0.0021563235204666853,0.6961034536361694
51,24443_996411f9_3,0.0016987903509289026,0.9614493250846863
52,142074_34e02b6d_1,0.00021384369756560773,0.9359568357467651
53,41501_b627682a_15,0.0019672620110213757,0.8280870318412781
54,24712_da77fe8f_0,0.0032425294630229473,0.9393330812454224
55,32960_0eaa1de8_26,0.0013536355691030622,0.9749278426170349
56,130757_b2c47f8d_2,6.901289452798665e-05,-1.0625669956207275
57,104817_6d73dc41_0,0.004616308957338333,0.4828031063079834
58,79243_49539d9f_0,0.001990429824218154,0.9571186900138855
59,82012_c533307b_1,0.0003175274468958378,0.704211950302124
60,107649_e651c5ca_1,9.736391075421125e-05,0.3210350275039673
61,40997_e3c88650_12,0.0009984474163502455,0.9743894338607788
62,143029_70554264_4,0.0009209490963257849,0.874108612537384
63,27054_342fcf5c_3,0.0002894026692956686,0.6979497075080872
64,41648_577daf16_17,0.0002575396210886538,0.9025084376335144
65,89720_4e65191c_1,0.001221566228196025,0.9704073667526245
66,75382_1b589ea9_12,9.107777441386133e-05,0.7396440505981445
67,120371_433ba1ca_2,0.0005654729902744293,0.9506839513778687
68,49024_b7f02205_13,0.0019330414943397045,0.9146201610565186
69,51022_47816098_7,0.003165424568578601,0.9674957990646362
70,41634_4f5d0edb_0,0.00015971141692716628,0.6806392073631287
71,23170_6ea8ded5_3,0.0016038171015679836,0.9731599688529968
72,69589_cd2fa794_8,0.003299532923847437,0.7842557430267334
73,41504_85e300ee_0,0.002740446012467146,0.6258206367492676
74,128996_42176b10_0,0.0020789767149835825,0.8317315578460693
75,38920_e81879c2_7,8.945150329964235e-05,-106.58519744873047
76,148051_c59af578_6,0.0007507444242946804,0.9795535206794739
77,65494_16d62db5_0,0.00022794207325205207,0.694556713104248
78,25473_0991d519_0,0.002681424142792821,0.9370036721229553
79,75270_25a261ef_5,0.0004645714652724564,0.9536452889442444
80,49613_1b97c07b_12,7.803236076142639e-05,0.17122966051101685
81,115633_a2c63339_1,0.000312697229674086,0.9075103998184204
82,52366_63042db4_1,0.0037923529744148254,0.9136872291564941
83,30282_88c6933c_5,0.0009607033571228385,0.8850682973861694
84,53474_f29e4438_12,0.0024025426246225834,0.9213442206382751
85,24026_1dd4094b_21,0.0015697508351877332,0.8209387063980103
86,21225_c081eae3_2,0.0018037604168057442,0.761580228805542
87,35057_9af89947_8,0.0005948074976913631,0.5221994519233704
88,43529_4804941b_20,0.004281679168343544,0.8695151209831238
89,22103_fd11c71b_3,0.00040325053851120174,0.9496462941169739
90,51536_a18dc325_0,0.0012139574391767383,0.9355729222297668
91,24230_636208ab_13,0.002498738234862685,-0.5344263315200806
92,41117_1b3271f2_56,0.012008881196379662,0.8145638704299927
93,140499_419d5823_0,0.0006228606798686087,0.946158230304718
94,115524_a949e82c_2,8.079902909230441e-05,0.6852544546127319
95,29833_0ed4880f_3,0.0006689444999210536,0.9879640936851501
96,127556_4823a42a_6,0.0009969188831746578,0.8325397968292236
97,23960_48cc0f21_19,0.00010161531827179715,-0.4249333143234253
98,132987_ba18d2eb_11,0.0002585240872576833,0.5049607753753662
99,51337_f8636fd9_30,0.0002562155423220247,0.7105104923248291
100,40999_cad6be09_18,0.003950994927436113,0.9065889120101929
101,136886_99fbdef3_0,0.00015980828902684152,0.7257599830627441
102,30447_4ed3b778_7,0.0040727765299379826,0.9849948883056641
103,55811_bc667b2d_13,0.002379148965701461,0.09426295757293701
104,41716_d55164d4_1,0.00042529177153483033,0.8511601090431213
105,33610_aa697fc9_6,0.0006481478922069073,0.952158510684967
106,55095_fa260d33_6,0.0017742488998919725,0.953231930732727
107,115639_bc0cc622_0,0.003639502450823784,0.733527421951294
108,20841_1620ae7d_0,0.0013899211771786213,0.80864417552948
109,50823_d1830e58_2,0.010786144994199276,-1.135183572769165
110,109762_cb162371_48,0.0014025584096089005,0.5071375370025635
111,41387_5f752e39_23,0.0033631199039518833,0.8756259083747864
112,121540_629c716f_0,0.001332416431978345,0.9435961842536926
113,118539_1dff9cf9_12,4.230818376527168e-05,-2.094221353530884
114,30714_dafa62f6_2,0.009237944148480892,0.8791395425796509
115,79633_bbbde75f_0,0.002934661926701665,0.9284274578094482
116,33059_531cfd5e_11,0.0018619465408846736,0.6952794790267944
117,20697_d3e106b4_4,5.250683534541167e-05,0.5590196847915649
118,136062_0027ff97_6,0.000680420664139092,0.9372249841690063
119,146291_6b0c8db3_1,0.005660973954945803,0.8682544231414795
120,45466_5f662bcb_0,0.00016136297199409455,0.6677553653717041
121,144500_7f600ab6_0,0.0007315060356631875,0.9323555827140808
122,44996_b3e9c266_4,0.0005246882210485637,0.8891764879226685
123,40713_4c9264ef_0,0.0009001647704280913,0.8798969388008118
124,132384_0fcab1fa_13,0.0004048330301884562,0.5644900798797607
125,33738_77d49563_2,0.0006164288497529924,0.28348296880722046
126,129422_621d0a90_33,0.0003296835639048368,0.844836413860321
127,115633_fd3c9b97_32,9.153410792350769e-05,0.6249221563339233
128,69337_a122ffde_1,0.0007923213415779173,0.9190191030502319
129,37241_29f91452_0,0.0006752809276804328,0.9843785166740417
130,141199_9ae000ef_6,0.002267855452373624,-0.9169843196868896
131,147133_92c04b84_4,0.001346203382126987,-0.18400251865386963
132,77687_cbb18594_50,0.00258032139390707,-0.7810523509979248
133,144290_2a679085_11,7.784104673191905e-05,0.7707468271255493
134,130825_c59bbbfb_0,0.0023375109303742647,0.9401812553405762
135,82512_252da752_6,8.78542268765159e-05,-134.91990661621094
136,115624_d0acb46b_24,0.0011930149048566818,0.9870555996894836
137,92134_52f13f49_7,0.00043947630911134183,0.7242721915245056
138,100326_0602c712_7,0.00036689816624857485,0.42165160179138184
139,134630_f9e85072_0,0.0010100823128595948,0.7674713730812073
140,108943_b07b2543_1,0.001006591017358005,0.8340106010437012
141,125416_ab456bc3_5,0.0018994540441781282,0.8387333154678345
142,57222_33b428d7_69,0.000362029968528077,0.6379152536392212
143,24650_dad8c8ee_13,0.0022157933562994003,0.9607375860214233
144,41749_14d0599c_1,0.00044123161933384836,0.9343641400337219
145,49396_98ab955d_27,0.00025220648967660964,0.8353420495986938
146,136892_e2a0b32c_4,4.0492657717550173e-05,-0.04121577739715576
147,31962_e5291336_28,0.001203887746669352,0.9737259745597839
148,34231_e27353cb_0,0.0002495443040970713,0.7376270294189453
149,112724_d334de09_0,0.003527866443619132,0.9451679587364197
150,56486_82b3e23a_21,3.223924068151973e-05,0.6251074075698853
151,40500_6055e3d7_17,3.151533019263297e-05,-0.06019854545593262
152,39468_15fb2e60_43,0.0003120271721854806,0.49086320400238037
153,141710_17531562_7,0.0011526625603437424,0.9674230813980103
154,33529_756075a0_12,0.0009267685818485916,0.8184455633163452
155,54169_3a875f10_8,0.0034362610895186663,0.9093652367591858
156,41023_5445cb61_9,0.0007713877130299807,0.32158488035202026
157,146380_5c569eeb_2,0.002762899734079838,-0.4849841594696045
158,24195_9791f5d3_38,3.616920002968982e-05,0.28676021099090576
159,26573_7f7e176d_2,0.008137071505188942,0.9278268218040466
160,22734_f6bad9f7_25,0.0044295936822891235,0.9286292195320129
161,48112_9538e204_0,0.00035046134144067764,0.9930433034896851
162,127545_6fa39158_10,0.0016724204178899527,0.9869948029518127
163,23788_5c0b60c6_0,0.0005396213382482529,0.7166513204574585
164,23792_5b4c1ce0_21,0.0028801460284739733,0.9091197848320007
165,146067_46e58ab3_1,0.01035971101373434,0.934272825717926
166,101072_dec6f415_3,0.00038838066393509507,0.8219695091247559
167,22829_b6649a29_0,7.405763608403504e-05,-0.22795629501342773
168,55389_a736bd99_0,0.001986912451684475,-0.05543780326843262
169,30259_d709601c_9,0.010500369593501091,0.7008681297302246
170,35866_d0233b36_13,9.340565884485841e-05,0.008167922496795654
171,34563_52848c45_5,0.0002822178357746452,0.8857656717300415
172,44519_90af0df6_7,0.0036506550386548042,-0.06494033336639404
173,114111_59282658_8,0.0004808190860785544,0.8354722857475281
174,45922_26941172_15,0.005829186644405127,0.902420699596405
175,41303_bd1def52_3,0.0008307466050609946,0.7899433374404907
176,22053_de30641b_1,8.682243787916377e-05,-0.32907211780548096
177,22298_51433023_4,0.0021181260235607624,0.9538508057594299
178,23479_81a49137_0,0.0020407007541507483,0.2586621642112732
179,22225_a3ce4d29_37,0.00381909916177392,0.9471244215965271
180,135669_490cd2d7_14,0.004533167462795973,0.7568553686141968
181,32173_8b075b1a_4,0.003410960780456662,0.9447506070137024
182,145119_24107428_5,0.002517268294468522,0.8090571165084839
183,41774_88a7a483_36,0.00015963813348207623,0.9179544448852539
184,133549_1b6c58d6_0,0.002917893696576357,0.9378972053527832
185,40936_6de8f4f4_0,0.015462617389857769,0.9035411477088928
186,23008_3d1bb7b2_0,0.002963968785479665,0.9574728608131409
187,38360_ad61c9b2_1,0.0006344168214127421,0.5878061652183533
188,136109_3d342d3c_2,0.002250097692012787,0.9095404744148254
189,135790_a27f9deb_11,0.00017646272317506373,0.7811699509620667
190,140249_7c1c5bba_0,0.00041524646803736687,0.494525671005249
191,128996_a3d026d6_0,0.002042771317064762,0.5813832879066467
192,23235_f9ccb8b0_0,0.0007254712982103229,0.4278836250305176
193,93671_f7290ded_0,0.0010131244780495763,0.39965516328811646
194,51109_97b211c3_7,0.0006814835360273719,0.9167107939720154
195,51916_fa226b15_13,9.038241114467382e-05,0.8047082424163818
196,86268_094d3fab_1,0.0009347405866719782,0.9813091158866882
197,39637_ca6a9a60_1,0.0030411805491894484,0.6238943338394165
198,47219_93cb3619_3,0.013148544356226921,0.7684081792831421
199,47878_0edb6829_0,0.0048541598953306675,0.9136713147163391
200,26764_ab35159a_6,0.0032260636799037457,0.8712296485900879
201,34341_d19b12fb_12,0.00012711160525213927,0.8600269556045532
202,118342_c702e084_6,0.0014180074213072658,0.9676079750061035
203,49886_dd68dccb_4,0.0019636452198028564,0.8513211607933044
204,23493_57512264_5,0.00012284192780498415,0.6127265691757202
205,31751_e37382e1_5,0.002149781212210655,0.9449341893196106
206,24338_848cab42_6,0.008007466793060303,0.3673788905143738
207,24916_42eacca3_10,0.0005288492538966238,0.7142783403396606
208,137485_a953e1be_2,0.0003595468297135085,0.992810845375061
209,23706_ef15ef9c_18,0.0027696897741407156,0.8162785768508911
210,143671_eaf4d13b_6,0.004958663135766983,0.9243437051773071
211,53470_39f2e9dc_13,0.0005560912541113794,0.295269250869751
212,145772_59253c6d_3,0.00014753207506146282,0.7921134233474731
213,51893_d531e2bd_2,0.0026558106765151024,0.9421740174293518
214,39389_d641313f_8,0.003260580124333501,0.8755888938903809
215,51595_41f3d1a3_5,0.0003590035194065422,0.6591759920120239
216,51674_a70c1c6c_15,0.00021307366841938347,0.18825149536132812
217,37617_3f415463_5,0.00014163395098876208,0.8925755620002747
218,31862_a89f21f9_3,0.001424108282662928,0.9576781392097473
219,40519_55a097c6_11,0.0034733538050204515,0.7974844574928284
220,111306_9108c940_0,0.002397743286564946,0.5411431789398193
221,136640_16741d62_4,0.0003969620738644153,0.7298657894134521
222,23155_d7305c5f_2,0.012734929099678993,0.7420461177825928
223,43934_912ff891_41,0.00020896023488603532,0.003892660140991211
224,57017_6033d1e5_0,0.0008021278772503138,0.9596171975135803
225,126913_d253adb7_1,0.0006513045518659055,0.739533543586731
226,130752_52d74f2f_48,0.0018448272021487355,0.8756392598152161
227,124177_71283cad_0,0.0005896989605389535,0.9545279145240784
228,24650_dad8c8ee_18,0.0008418766665272415,0.9784797430038452
229,55199_4d57661f_2,0.0036970919463783503,0.7786682844161987
230,115010_eb737aaf_20,0.004184846766293049,0.9198642373085022
231,27855_19c5895a_12,0.0010983867105096579,0.42389994859695435
232,52772_a6e6e320_0,0.00015353449271060526,0.7939577698707581
233,90917_3d2d21a9_0,0.004413229413330555,0.8990647792816162
234,40703_5f4e45d4_7,0.001413625432178378,0.9719567894935608
235,132622_911efd2f_1,0.006670912262052298,0.9001466631889343
236,43441_e1ab0873_6,0.028469689190387726,0.5505597591400146
237,34917_61633e20_6,0.001323102624155581,0.9713152050971985
238,67221_275ba7e6_4,0.0019240044057369232,0.9614061117172241
239,130719_e4764a36_10,0.00033637380693107843,0.2664979100227356
240,136318_130d6a06_20,0.001378463115543127,0.8742682933807373
241,99636_73c43ebd_10,0.000996075919829309,0.9731231927871704
242,29377_3a04cb8d_6,0.0014716743025928736,0.7852989435195923
243,23018_63087a41_47,0.0008860996458679438,0.9757453203201294
244,26165_100fec74_4,0.00022255747171584517,0.2997245788574219
245,135934_d2f6bb2e_46,0.0004083892563357949,0.8017528057098389
246,24039_448afafa_5,0.0016407890943810344,0.9209228157997131
247,32775_a79b406b_14,0.0036545100156217813,0.5343505144119263
248,23686_cba4f679_0,0.0035790761467069387,0.66056889295578
249,35147_bc9f2c5d_0,0.002991003217175603,0.5171591639518738
250,136337_1351909b_2,0.0134016964584589,0.6816760897636414
251,139222_2c10ca9a_1,0.001465175999328494,0.8739553689956665
252,139379_fe5c3f64_0,0.0003614279848989099,0.9866751432418823
253,33084_344fec27_2,0.0030597883742302656,0.9424037933349609
254,24775_d5c98d77_0,2.8788992494810373e-05,0.11253225803375244
255,56344_3a89f085_23,0.00048248100210912526,0.955283522605896
256,135112_cf8007b8_5,0.0039026818703860044,0.9039048552513123
257,50706_20d07d57_2,0.007962467148900032,0.9236979484558105
258,51744_cd355565_5,0.002124912105500698,0.9363548755645752
259,51464_da501c24_0,0.004461666103452444,0.12060201168060303
260,126572_a2d6f794_23,6.522594048874453e-05,-1.2574474811553955
261,70021_e673ae54_2,0.00010346232738811523,0.8509277701377869
262,25144_31b089b6_5,0.0008484051795676351,0.6157140731811523
263,24715_55aac5f2_2,1.1852535862999503e-05,0.013277590274810791
264,24532_f82f8000_2,0.002396617317572236,-0.9401537179946899
265,30664_a3084f71_1,0.001648744335398078,0.3106801509857178
266,81145_5c13a8e9_1,0.000289319665171206,0.7044888138771057
267,132037_2abb8c63_10,5.3576804930344224e-05,0.7537174820899963
268,50414_ac159b58_2,0.0027948946226388216,0.8984249830245972
269,21601_360ce1c7_7,0.001169435097835958,0.9787472486495972
270,22119_27e3ecbe_9,0.002020465675741434,0.9373464584350586
271,145120_74f7316f_0,0.005899906158447266,0.7332565784454346
272,74574_c302ff1f_0,0.00016089086420834064,0.7886815071105957
273,52443_085efc00_4,0.0010554889449849725,0.6551195383071899
274,147546_ede0f31c_3,0.008297575637698174,0.8205671310424805
275,22492_047b125b_21,0.0036067392211407423,0.9162898063659668
276,72313_5a86e234_0,0.013940339908003807,0.7337043285369873
277,45589_49e3c7ea_2,0.0003394169034436345,0.9897652268409729
278,83432_a7f85698_0,0.0022129262797534466,0.9502951502799988
279,32775_a79b406b_0,0.00015591434203088284,-0.501469612121582
280,121703_69c4a5ac_3,9.271560702472925e-05,0.6640626788139343
281,80901_e9080573_6,0.001846653874963522,0.9279340505599976
282,21809_8bd6b10e_3,0.01269923709332943,0.720489501953125
283,49396_98ab955d_15,0.0009251157753169537,0.9117909669876099
284,33766_14917a4a_19,0.002262453781440854,0.9496608376502991
285,26661_ab88a525_8,0.0006121890619397163,0.9828381538391113
286,44030_17bd5ec9_0,0.0028142037335783243,-2.459519624710083
287,53221_74fa81cd_7,0.0005179994623176754,0.5522325038909912
288,21887_3306168f_7,0.004226538352668285,0.5788686275482178
289,86185_85fde9e6_0,0.0006655051838606596,0.8982906341552734
290,87951_500b1dcd_2,0.00021455490787047893,0.7703182101249695
291,22276_69c5036b_11,0.00398888299241662,0.8956359624862671
292,41721_44151488_5,0.0019840651657432318,0.816287100315094
293,102293_5d04e48d_0,0.013397380709648132,0.3643491268157959
294,77687_cbb18594_20,0.00018481789447832853,0.7436320781707764
295,133248_1bab99ae_0,0.0022263741120696068,0.018567323684692383
296,24051_4852a192_2,0.0009049971122294664,0.9689374566078186
297,86806_2993395a_1,0.00025710350018925965,0.7817365527153015
298,38558_b0d6b3f8_1,0.0007816962897777557,0.9839559197425842
299,140549_7d01813c_0,0.008724556304514408,0.7232398986816406
300,24559_3c306e71_1,0.0012329313904047012,0.8103638291358948
301,70350_751de4b0_13,0.007244551088660955,-1.9510283470153809
302,39101_23fec10f_8,0.001958381151780486,0.7916501760482788
303,24942_9d1b2ff2_8,0.0031867939978837967,0.9628557562828064
304,30850_05d88af9_3,0.006098155397921801,0.8985949158668518
305,113358_08641c94_4,0.005015152972191572,0.8441580533981323
306,21234_8b71bd47_27,0.0009223409579135478,0.6663179397583008
307,26245_4aac38e1_21,0.0004863127542193979,-0.1283113956451416
308,66072_d301cc88_0,0.0007492720615118742,0.6759742498397827
309,21894_93f0d052_23,0.001676505315117538,0.834406852722168
310,147816_7fb70c2b_2,0.0006787849706597626,0.9288031458854675
311,49120_4131d1e7_1,0.00041190916090272367,0.9175329804420471
312,52224_ca16c854_4,0.0038368375971913338,0.45209968090057373
313,105762_19e04e0b_1,0.00022727945179212838,-0.794171929359436
314,30400_8824ce97_36,0.0015497112181037664,0.7767837047576904
315,95199_ffcff41e_0,0.0002797088527586311,0.7134168148040771
316,50417_199cffee_3,0.0005834588082507253,0.545894980430603
317,24544_d06c82dd_5,0.00133023620583117,0.977985680103302
318,22604_565b91f5_2,0.001056114910170436,0.9559354782104492
319,22788_b6a9e30a_4,0.000837869883980602,0.7906215786933899
320,45789_d5126eab_14,0.0012193236034363508,0.7509235739707947
321,37267_b2be4b50_3,7.237611134769395e-05,-6.282693386077881
322,34330_5eff1ee1_3,0.0018009423511102796,0.7898221015930176
323,137999_d934160e_1,4.9636128096608445e-05,0.6160380840301514
324,134921_f5efde94_27,0.00016832184337545186,0.8452444672584534
325,53470_39f2e9dc_8,9.077270806301385e-05,-0.018349647521972656
326,23497_f292546d_25,0.005395966582000256,0.7757344245910645
327,22289_4b848f64_2,0.0012702750973403454,0.8279595375061035
328,31392_84b62622_2,0.0014440483646467328,0.8796515464782715
329,51347_1fc6f329_0,0.0011450278107076883,0.7427747845649719
330,50777_2934de55_6,0.0006186121026985347,0.9779300093650818
331,32841_954e8c1a_0,6.648975249845535e-05,0.9314026236534119
332,31530_6744ae73_3,0.0008261817274615169,0.9878734350204468
333,65827_d1469ad6_1,0.00013240710541140288,0.009115934371948242
334,145461_30637b22_8,0.00011104505392722785,-3.438568115234375
335,31973_093ea963_13,0.0005148647469468415,0.7995679974555969
336,70355_e5f58cd5_14,0.0011227121576666832,0.890507698059082
337,77687_cbb18594_40,0.0001630237529752776,0.2797435522079468
338,24392_fce351ea_0,0.00038931090966798365,0.7912907600402832
339,36853_7efccb8c_3,0.0011797476327046752,0.8389809131622314
340,41644_d15f8e2b_5,0.0002277281746501103,-0.17353761196136475
341,131762_9b5e5ff5_2,0.0027626201044768095,0.833167314529419
342,82193_96ef9433_2,0.0018577778246253729,0.9710490107536316
343,31347_386f6298_15,0.0021442314609885216,0.9495822191238403
344,34568_fbe47bf9_0,0.00020313986169639975,0.4185025691986084
345,115624_fe3eb392_3,0.0017971834167838097,0.9588715434074402
346,130446_e7b58dbe_0,0.004625372588634491,0.8133857250213623
347,104641_2cd02839_33,9.02008032426238e-05,0.8029426336288452
348,31460_39fdfc6a_7,0.0017868105787783861,0.5978126525878906
349,95541_ced8f936_0,0.0014170289505273104,0.9694596529006958
350,23126_725969ea_17,0.002048528753221035,0.7835626602172852
351,23676_52069f98_5,7.279188866959885e-05,0.7258793115615845
352,137637_ed9c537d_0,0.0007690084748901427,0.8098515272140503
353,22474_b10fea1a_2,0.0011456067441031337,0.9722512364387512
354,143017_21d96cc2_10,0.0014503004495054483,0.7909260392189026
355,105270_34f92afd_1,0.0003461212618276477,0.5145384669303894
356,95622_0a0787e4_4,0.002247554948553443,0.9664311408996582
357,55854_13f0399b_0,0.0029592912178486586,0.936306893825531
358,22118_1e09e0eb_5,0.002169076120480895,0.9074909687042236
359,146717_3e6a84c1_7,0.0030065677128732204,0.9549332857131958
360,63132_330141d7_3,0.0004222675343044102,0.914361834526062
361,115633_fd3c9b97_46,0.000466726633021608,0.03866022825241089
362,21644_aa203dc5_29,0.00042039831168949604,0.8968114852905273
363,79791_00f639ca_15,0.0006975567084737122,0.9882559776306152
364,60711_42b5a13e_1,0.000996903283521533,0.8895999193191528
365,137483_cdb8989d_0,0.003359554335474968,0.929856538772583
366,21644_aa203dc5_26,0.0006849223282188177,0.8817888498306274
367,131876_b2384623_0,0.001476737903431058,0.04651999473571777
368,23706_ef15ef9c_10,0.00083174929022789,0.8727560043334961
369,68948_0d2a01cd_9,0.004241218790411949,0.8810468912124634
370,145137_4e9eef42_1,0.0009062375174835324,0.8177335262298584
371,30426_2cde26de_20,0.0046072485856711864,0.9475735425949097
372,31378_34c52a73_0,0.0004395552386995405,0.8779720664024353
373,92134_52f13f49_4,0.000706862541846931,0.5229436159133911
374,119634_fc722479_1,0.0025519556365907192,0.9648890495300293
375,24032_d6172503_24,0.0018581204349175096,0.2220379114151001
376,136401_69f29349_4,6.435663817683235e-05,0.0014414787292480469
377,41871_f9a1ad02_26,0.0012185891391709447,0.907471239566803
378,48220_87941c4e_116,0.0021976041607558727,0.6747931241989136
379,115012_9ed88535_2,0.002349879825487733,0.06143289804458618
380,69488_025cf0a2_1,0.008587662130594254,0.9417847990989685
381,147427_69f68da4_3,8.276036533061415e-05,0.7706189155578613
382,33766_14917a4a_32,0.002436279784888029,0.912361741065979
383,51747_3d58eae0_0,0.0004439655167516321,0.940387487411499
384,33785_a4c23f61_0,0.012408526614308357,0.9531878232955933
385,114935_797875fe_2,0.002737213158980012,0.9004194736480713
386,51775_49ef614a_26,9.926311031449586e-05,0.8235118389129639
387,38196_ea48fa42_3,5.887261067982763e-05,0.311290979385376
388,140413_44177109_21,3.4799253626260906e-05,0.3631432056427002
389,27676_79237cc5_1,0.00031477559241466224,0.8970221281051636
390,52883_e518d3f4_33,0.0003473523538559675,0.9931575059890747
391,34347_841c5375_2,0.00017372886941302568,-2.5322911739349365
392,55289_292737cb_0,0.0005157071282155812,0.990099310874939
393,50606_82cb18e2_0,0.0009492882527410984,0.9626913070678711
394,30407_efa567f2_4,0.0005358160706236959,0.9870802164077759
395,31647_ab9ad9dc_13,0.0008150961366482079,0.9210346937179565
396,24896_58b4730f_17,0.0006667695706710219,0.8756373524665833
397,23602_5daaccf5_4,0.002267372328788042,0.8416339755058289
398,27725_5cceaeb7_10,0.0003371021884959191,0.29966288805007935
399,127734_395dcf7d_5,0.0033365488052368164,0.4574543237686157
400,31957_d864f861_3,0.00815141573548317,-0.6611253023147583
401,49415_1671b60c_4,0.0011363592930138111,-0.06253504753112793
402,45110_fae73324_4,0.000737232796382159,0.9606569409370422
403,22343_34184fd5_18,0.00017174278036691248,0.34616559743881226
404,22848_cc91b848_38,2.874777237593662e-06,-2.313843011856079
405,73652_23b21ef2_1,0.0025093622971326113,0.9495402574539185
406,65569_bd890a32_1,0.000599646707996726,-4.751708030700684
407,48220_87941c4e_111,0.002856666222214699,0.49969184398651123
408,30394_e30f932c_0,0.003129425225779414,0.820942223072052
409,21941_1a683ec2_26,0.0008709440589882433,0.9636309146881104
410,25564_e646fcb3_1,0.00013420874893199652,0.5467597246170044
411,134053_87a32e31_3,0.00010268144978908822,0.719818115234375
412,87950_af56e26e_2,0.0007089111604727805,0.9481145739555359
413,51458_54240b70_17,0.00024329796724487096,0.7312663793563843
414,40688_effe215a_1,0.0020762200001627207,0.9485862255096436
415,131494_c8a441d0_0,0.001122895861044526,0.7813386917114258
416,26768_c4df841f_21,0.0005997006082907319,0.29751914739608765
417,136892_2d5f55a9_0,0.002873098710551858,0.36996233463287354
418,54652_d60ac3e0_10,0.0024167182855308056,0.8688853979110718
419,51747_3d58eae0_1,0.0009223143570125103,0.622961699962616
420,54650_df3655c1_0,5.326250902726315e-05,0.41663867235183716
421,41125_711db4bf_58,0.0008315145969390869,0.9075081944465637
422,45418_f603706b_2,0.0006648456328548491,0.831838846206665
423,21852_6cf9a734_18,0.012989940121769905,0.8889740109443665
424,122515_758d8b70_6,4.944230749970302e-05,-39.82881164550781
425,104081_05ba54fa_2,0.0010878952452912927,0.5431050658226013
426,41672_cf87e0b6_0,0.000652934075333178,0.8992271423339844
427,22638_37f9fe91_1,6.748794839950278e-05,0.8006187677383423
428,24559_3c306e71_3,0.0020370292477309704,0.630007266998291
429,31589_ac31215d_8,0.00033815650385804474,0.8210577964782715
430,49603_143b8bd2_35,0.003606522921472788,0.7145593166351318
431,127965_c64a91da_0,0.0011383050587028265,0.7053999900817871
432,36062_f2fb6808_1,9.282129030907527e-05,0.14214545488357544
433,139280_8874b1ab_18,0.00023889329168014228,0.7704439759254456
434,30997_24dea167_4,0.0021873796358704567,0.802697479724884
435,143471_eb185912_5,3.542721606208943e-05,0.6372604370117188
436,23176_1bf2a2d5_10,0.007018600590527058,0.7098250985145569
437,98299_b8146029_5,0.0007844213396310806,0.9320663213729858
438,23466_1cf60d09_4,0.0028990234714001417,0.9189375042915344
439,41591_2d0bd0d5_3,0.0017937450902536511,0.9369438886642456
440,134929_9049dcec_1,0.00038935441989451647,0.7912201881408691
441,41785_e8bf0528_0,0.0011534882942214608,0.949737012386322
442,31460_39fdfc6a_6,0.0008906880393624306,0.9809255599975586
443,133710_00be7f31_1,0.006344062276184559,0.27206146717071533
444,24532_f82f8000_0,0.00047092809109017253,0.8964137434959412
445,21234_8b71bd47_3,0.0002731074928306043,0.5865782499313354
446,35175_6edc4126_5,0.0008349557756446302,0.9758052229881287
447,20495_e8e7e80c_1,0.0006145917577669024,0.28338325023651123
448,76546_c17e95aa_2,0.0001298071729252115,0.23645126819610596
449,41654_e75f89df_0,0.000678844575304538,0.9631550312042236
450,109772_f1a0845e_6,0.0005547282635234296,0.6794677972793579
451,34913_d23e2a24_0,0.0018189308466389775,0.8989431858062744
452,25203_1cc0cb3c_12,0.001917729969136417,0.9679948091506958
453,37160_2a95674a_4,0.0015274106990545988,0.9002929925918579
454,69240_dc199112_4,0.0010726784821599722,0.7962478399276733
455,25176_d9130589_0,0.0005893202614970505,0.9225484728813171
456,69235_fe79a369_0,0.00030496317776851356,0.31509941816329956
457,39468_15fb2e60_9,0.0021284848917275667,0.6912109851837158
458,103284_e25015aa_6,0.0002581181761343032,-1.0571672916412354
459,30377_e18ea3de_0,0.0006273085018619895,0.4917999505996704
460,66080_f578d52b_4,0.0009369026520289481,-3.8154187202453613
461,37444_52b27e94_14,0.0008564940071664751,0.8695602416992188
462,38675_6e07d74b_31,0.0014705470530316234,0.9534687995910645
463,21680_360ba5c7_28,0.0009413613588549197,0.9314134120941162
464,142032_5c32b7db_2,0.0010101551888510585,0.98139888048172
465,44210_a155c2d1_0,0.003907539416104555,0.9130164980888367
466,38287_88ec74de_92,0.00047840099432505667,0.929374098777771
467,29572_2f9283f2_4,0.0016837845323607326,0.8745744824409485
468,28300_b3a6ab79_10,0.0007614126661792397,0.9736719131469727
469,136129_e6a20c7d_5,0.00025069789262488484,0.6153475642204285
470,119381_e4d13609_0,0.00222834013402462,0.9156917333602905
471,30729_b4d83b07_4,3.353644933667965e-05,0.311335027217865
472,140413_44177109_11,0.0011080533731728792,0.9478861689567566
473,26384_83eddf22_0,0.0015362814301624894,0.8827057480812073
474,82285_e7a738e7_2,0.005296992603689432,0.5587925910949707
475,108599_347602af_0,0.002154324669390917,0.9330066442489624
476,119889_41a6f268_1,0.00041005120147019625,0.39486169815063477
477,55006_94230c00_1,0.0013600345700979233,0.9574803113937378
478,21517_bfe35b4c_10,0.00024110250524245203,0.8892057538032532
479,20818_098cad7c_6,0.00020248313376214355,0.7831633687019348
480,41855_b82e6ae8_6,0.0004189869505353272,0.9515661001205444
481,137166_90691294_8,0.00011277748853899539,0.9251055717468262
482,69561_f274e705_26,0.0003151679702568799,0.9848053455352783
483,51579_d0c3e154_0,0.002180533716455102,0.9077305793762207
484,23676_52069f98_4,0.00155644619371742,0.950990617275238
485,31962_e5291336_1,0.0011916967341676354,0.9647415280342102
486,57222_33b428d7_1,0.0002136286348104477,0.841403067111969
487,51586_2ad96f8c_17,3.0480290661216713e-05,0.6333788633346558
488,41473_c2137170_32,0.0008141034631989896,0.8731188774108887
489,31123_9a1bfc50_2,0.0012782705016434193,0.9034697413444519
490,23211_3aac9c7e_0,0.000635216711089015,0.8809807896614075
491,45798_b573e9da_5,0.008541585877537727,0.5596939325332642
492,27847_d2436f7c_37,0.0002186051569879055,0.7473342418670654
493,54736_6ee1b513_1,0.00105592655017972,0.08772850036621094
494,132901_7d205bb4_9,0.0004521298687905073,-1.9977030754089355
495,73762_8c704690_0,0.0030158262234181166,0.593315601348877
496,23209_1592b0a4_1,0.0015782262198626995,0.8905497789382935
497,49024_b7f02205_2,0.0001412308047292754,0.6419342160224915
498,147630_7f858240_15,0.0007615759968757629,0.8658269643783569
499,69337_2c778611_11,0.00030576877179555595,0.8200161457061768
500,82498_92a00cd6_1,0.0012234243331477046,0.6209322214126587
501,78775_e2d8b091_1,0.0009980183094739914,0.8646342158317566
502,40067_95ae6c76_9,0.0006630688440054655,0.9289664626121521
503,80756_6f2e842f_0,0.0009821737185120583,0.8001587986946106
504,25284_1da7aa8a_0,0.000509976816829294,0.8990854024887085
505,55605_2f8bc12e_62,0.0015660306671634316,0.9464412927627563
506,39792_60786b6c_15,0.0018815071089193225,0.9622281193733215
507,34063_0ca1585e_2,0.0012966524809598923,0.15952426195144653
508,31664_1e85c690_13,0.0028903703205287457,0.9173555970191956
509,131193_98f3ac52_1,0.0006519935559481382,0.7083844542503357
510,120221_e2eaa34b_2,0.0016885744407773018,0.42058491706848145
511,130286_1f71bfed_3,0.00142000918276608,0.5769646167755127
512,118342_e8142153_21,0.00030133803375065327,0.8886397480964661
513,128043_9f8cd69e_1,0.00021164420468267053,0.7084263563156128
514,41504_85e300ee_1,6.554102583322674e-05,0.7177820801734924
515,78863_d59be42e_0,0.0028008008375763893,0.663303017616272
516,31733_5118b376_3,0.004068650305271149,0.9709656834602356
517,22208_e177deb7_5,0.0012100727763026953,0.7109148502349854
518,24026_1dd4094b_43,0.0003702345711644739,0.6762031316757202
519,73388_10a40b49_1,0.0032740957103669643,0.8072598576545715
520,138219_cdff4f61_0,0.0013633716152980924,0.10022902488708496
521,49399_dc56d180_1,0.003250991925597191,0.9391987323760986
522,41306_8f26e703_3,0.00042977352859452367,0.8518728017807007
523,51590_034b8b08_14,0.004163166042417288,0.9295955896377563
524,48402_8c965495_4,0.0001364041236229241,0.8037835955619812
525,26388_a3367cba_0,0.002648923546075821,0.6698137521743774
526,28300_b3a6ab79_6,0.0017622035229578614,0.9410428404808044
527,43938_418421a7_0,0.0007836523000150919,0.6447701454162598
528,41520_60018d18_0,5.866830542800017e-05,0.5775822997093201
529,137869_344b239b_0,0.0004410640394780785,-0.037503719329833984
530,41648_577daf16_0,0.004035978112369776,0.8272365927696228
531,31347_386f6298_10,0.002985004335641861,0.9435099363327026
532,82190_24b1b0fe_12,0.001129726879298687,0.8021516799926758
533,33741_4a973932_1,0.0013523725792765617,0.7757890224456787
534,42005_3da46d94_0,0.0008926995797082782,-18.989120483398438
535,132982_ee1eed2f_0,0.0008370034629479051,0.9642576575279236
536,23898_6e740393_29,0.0008701977785676718,-0.714679479598999
537,105831_88a0fb85_6,0.0032248334027826786,0.9296674132347107
538,31278_749a6317_0,0.0003169607662130147,0.80961012840271
539,51586_2ad96f8c_4,0.0005808181595057249,0.7348225116729736
540,57000_cd1ddece_14,0.00046244612894952297,0.8115058541297913
541,50692_e7ff2668_8,0.0015239361673593521,0.9457985758781433
542,65346_e89312e5_0,0.00018401861598249525,0.7218996286392212
543,38840_0e449caf_4,0.0021743332035839558,0.43846118450164795
544,29573_ca59fbbf_5,0.004580280277878046,0.9538243412971497
545,30164_c5680724_12,0.0035694853868335485,0.8116289377212524
546,138620_e21e10ee_0,0.00015411929052788764,0.8686560392379761
547,50305_caf9cef2_34,0.0023769966792315245,-3.1129541397094727
548,83396_fdb2987a_0,0.002473253756761551,0.9108350872993469
549,28379_7e292343_4,0.0016320976428687572,0.9640393257141113
550,33529_756075a0_32,0.004190117120742798,0.6886413097381592
551,109857_1d24326e_42,3.203035157639533e-05,-0.5961858034133911
552,22772_2b5f6629_6,0.0007162472466006875,0.9882458448410034
553,34600_e2685d46_2,0.001536440453492105,0.9438555240631104
554,122344_ab1b06aa_2,0.009863085113465786,0.8216944932937622
555,123573_5f5c9584_1,0.00042083419975824654,0.6604740619659424
556,35166_562b126c_20,0.00024702755035832524,0.9904381632804871
557,51350_138f893a_1,3.78319455194287e-05,0.6371352076530457
558,137785_67c3085b_16,0.0013635167852044106,0.9664458632469177
559,50417_199cffee_12,0.0023126148153096437,0.8882769346237183
560,22194_a5c323b9_3,0.0003240781952627003,0.9471274614334106
561,42329_df7f540f_18,0.0006660028593614697,0.9305343627929688
562,41779_25e4203d_6,0.0005517867975868285,0.15934383869171143
563,51094_40aa8332_20,0.003803012426942587,0.8572676181793213
564,109762_cb162371_38,0.0025232473853975534,0.8671716451644897
565,45922_26941172_9,0.0008388323476538062,0.8555811643600464
566,34587_ed155e93_0,0.0005358414491638541,0.9846046566963196
567,69589_a468c1b4_0,0.0041414243169128895,0.9125566482543945
568,44921_00dfb467_0,0.00034015512210316956,0.9170287847518921
569,82672_4705a693_0,0.0006780722760595381,0.6979122161865234
570,26778_a71e88a6_0,8.08494514785707e-05,0.782065749168396
571,69488_7bfb2b67_0,0.0005791887524537742,0.9839059114456177
572,22686_afe3a61e_0,0.00013116252375766635,0.18964815139770508
573,109772_5faa88e8_5,0.0010549474973231554,0.27837884426116943
574,43938_418421a7_147,0.0010410911636427045,0.8569773435592651
575,141694_b5ac3112_3,0.002682749880477786,-0.03400754928588867
576,31973_093ea963_16,0.00010864500654861331,0.9317871928215027
577,26858_e90dc419_25,5.1109200285281986e-05,0.7042346596717834
578,131350_bbdad30d_0,0.0011744992807507515,0.3303404450416565
579,35741_c43475b8_1,0.0005105408490635455,0.8220776319503784
580,30690_3df2c9e2_1,0.0007245633751153946,0.9382240772247314
581,122758_5f4efbf0_2,0.0007235474768094718,0.9523939490318298
582,37822_3be11c62_0,0.00020562202553264797,0.9125717282295227
583,91174_ee6ee92b_1,0.0007597568910568953,0.8219974637031555
584,23676_52069f98_31,0.004543023649603128,0.9542370438575745
585,27958_fee329eb_1,0.00037958016037009656,0.8970353603363037
586,144534_3b4fdb09_18,0.0025483528152108192,0.28793030977249146
587,30292_0b5e0265_1,0.023983566090464592,0.6735111474990845
588,111062_e59e2d31_0,0.0062827602960169315,0.9286001324653625
589,135790_a27f9deb_77,0.002555576851591468,0.5022380352020264
590,65842_de75838b_10,0.0005319685442373157,0.8887149095535278
591,22475_9d9601a8_3,8.287890523206443e-05,0.5379554033279419
592,119884_192e3265_0,0.006300619337707758,0.05963939428329468
593,51463_3330e3aa_2,0.0021483099553734064,0.7770730257034302
594,23231_efe613bb_4,0.0029774627182632685,0.8475001454353333
595,22895_4533b542_2,0.0006656323675997555,0.8977605104446411
596,146219_5661130f_4,0.0013558141654357314,0.9705765247344971
597,38953_19054857_19,0.0006166419479995966,0.45199936628341675
598,21847_b2de7eb8_24,0.0010693488875404,0.9275320768356323
599,51603_034939eb_12,0.0004957846831530333,0.6944012641906738
600,24843_5231632c_4,0.00045348895946517587,0.717866063117981
601,41982_f75ceb8f_4,0.00033537711715325713,-1.551267385482788
602,42937_c573c439_2,0.00021604992798529565,0.09182924032211304
603,61288_2d594195_0,0.0029373248107731342,-3.8286867141723633
604,55006_94230c00_0,0.00030686063109897077,0.6944100856781006
605,49898_f42a885e_5,0.0014593962114304304,0.9681914448738098
606,55709_af3825c8_4,0.0012433584779500961,0.9595317244529724
607,144117_83c980ca_2,0.00018477228877600282,0.35678887367248535
608,40417_b8d98f73_7,0.00019128939311485738,0.8727102875709534
609,53200_d1e30b87_11,0.0013368098298087716,-0.46579623222351074
610,147009_977ee378_4,3.738775194506161e-05,0.6698261499404907
611,63056_a5dfd66b_4,0.0008688279194757342,-0.5698124170303345
612,22205_f48b96b3_10,0.0009065729100257158,0.7935488820075989
613,51585_b695905b_4,0.0007996312924660742,0.982294499874115
614,24084_71f37c00_1,0.0009587063686922193,0.8075941801071167
615,25815_0e853ad9_10,0.0010941855143755674,0.9315778613090515
616,55030_11a6e3e8_3,0.006508863531053066,0.9411846995353699
617,23042_1184de03_5,0.0014905908610671759,0.9566245675086975
618,39719_e9629dbd_4,5.849530134582892e-05,0.3565943241119385
619,51256_ed221095_2,0.00015139741299208254,0.8308719396591187
620,25810_93c8a71a_3,0.0011738925240933895,0.9551191329956055
621,22208_e177deb7_1,0.001318467198871076,0.907742977142334
622,115624_d0acb46b_22,0.0012531304964795709,0.9802762269973755
623,30708_4282508b_0,4.8816851631272584e-05,0.2444162368774414
624,31117_cd5cdbdb_12,0.00042282301001250744,0.8174571394920349
625,41733_1ec9b00c_32,9.178315667668357e-05,0.7290517687797546
626,111387_c4243097_2,0.0002007288276217878,0.7273703813552856
627,119869_e8f0dd81_19,8.444394916296005e-05,0.936449408531189
628,34569_590239d6_0,0.00214785267598927,0.9014079570770264
629,136318_130d6a06_23,0.00021493267558980733,0.732453465461731
630,145132_7aea3b66_4,0.001539801713079214,0.979846179485321
631,41878_3aeaed3d_0,0.001961808418855071,0.6809760332107544
632,34583_a1cf326b_0,0.003926028963178396,0.9281467795372009
633,116581_d405b783_0,0.003093777224421501,0.9579658508300781
634,24044_9bbe7992_3,0.0007760802400298417,0.03136444091796875
635,22194_a5c323b9_2,0.0008250593091361225,0.9256432056427002
636,142076_08d80e12_21,8.422597602475435e-05,0.6273545026779175
637,55817_6ac2912d_7,5.8380064729135484e-05,0.3704500198364258
638,21165_5cb2d287_2,0.0005407464341260493,-0.1394338607788086
639,39796_45dcdc7d_0,0.014609381556510925,0.8105298280715942
640,33044_7fdd9213_1,0.00498464610427618,0.8679089546203613
641,23731_3fe5b501_6,0.0002661559556145221,0.5908735990524292
642,32743_f4c47bbc_31,0.0017828351119533181,0.8342748880386353
643,108775_4908fba2_21,0.0007466391543857753,0.9336479306221008
644,21941_1a683ec2_19,0.0012685914989560843,0.9063709378242493
645,27682_04277f62_18,0.001312997774221003,0.939702033996582
646,25815_0e853ad9_4,0.0011502956040203571,0.9257713556289673
647,30261_723e95cf_2,0.001697979518212378,0.9284332394599915
648,21385_601444ba_102,0.0013120633084326982,0.9382827281951904
649,30368_d7fd30ce_7,0.000473472464364022,0.821440577507019
650,55605_2f8bc12e_3,0.006518145091831684,-0.06404340267181396
651,24650_dad8c8ee_15,3.327014565002173e-05,-0.03801143169403076
652,34227_48203345_7,0.001740252715535462,0.9514830708503723
653,113348_ac85cba3_1,0.0012935808626934886,0.8610818982124329
654,26552_25c5924a_1,0.00033266752143390477,0.8726128339767456
655,55381_cbaffe9b_0,0.00040090366383083165,0.8890190124511719
656,55817_6ac2912d_25,0.0015866769244894385,0.9578326344490051
657,138947_0778db40_4,0.00018617548630572855,0.9271937012672424
658,52788_07f7da63_0,0.001350576407276094,0.6647377014160156
659,70355_e5f58cd5_6,0.00039368635043501854,0.33702021837234497
660,51744_cd355565_8,0.002298243809491396,0.5288136005401611
661,41227_90e1c07c_16,0.0022537370678037405,0.9432448148727417
662,45359_1768ab3f_42,0.00483313761651516,0.4899250268936157
663,41783_d1c10326_3,0.00014349860430229455,0.5383678674697876
664,32960_0eaa1de8_13,7.115070184227079e-05,-4.136516571044922
665,34674_32ee1595_3,0.0018550906097516418,0.9370800852775574
666,136885_23632908_1,0.0033410813193768263,-0.19232988357543945
667,136808_00592735_3,0.0004028633702546358,0.9123557209968567
668,45589_49e3c7ea_5,0.0031272219493985176,0.9356212019920349
669,141665_0564e852_3,0.0022851002868264914,0.45433127880096436
670,50897_3be92e2f_18,0.001547515857964754,0.9638616442680359
671,84256_4164b724_3,0.000838988518808037,0.19500726461410522
672,22994_e6ad8f2b_10,0.0028285030275583267,0.8950240612030029
673,28295_0dc908b9_8,0.0004106366541236639,0.8713738918304443
674,23329_6939d5d9_5,0.0004094408650416881,0.5457978248596191
675,123665_0a0da5c7_3,4.192590495222248e-05,0.672714352607727
676,121172_0ac63503_7,0.0011510722106322646,0.7820239067077637
677,50941_2a8a8c76_0,0.0007304013124667108,0.9855154156684875
678,37846_cde34fcd_66,0.0013458336470648646,0.7741231322288513
679,56040_9b1307eb_21,0.0026153449434787035,0.5926458835601807
680,146535_229c95bc_1,0.0004073806630913168,-0.8665562868118286
681,50947_49287c16_2,0.002050317358225584,0.9664871692657471
682,95622_0a0787e4_5,0.0004808445810340345,0.7397706508636475
683,25432_f13e5110_0,0.002113539492711425,0.9334425926208496
684,32454_e959e3cf_0,0.0007901860517449677,0.9777619242668152
685,65858_61e9b51a_18,0.0017754106083884835,0.5949774980545044
686,70350_751de4b0_3,0.004158416297286749,0.4251178503036499
687,129239_0d49310c_15,0.0006549748941324651,0.7503630518913269
688,31008_8fa25b35_8,0.0006572057027369738,0.861225962638855
689,55306_795d845b_2,5.040274845669046e-05,0.6796570420265198
690,29729_e8bb36f1_2,0.0005194823606871068,0.38783740997314453
691,67283_4097cbd6_5,0.00046545511577278376,-2.9575531482696533
692,23904_811e466f_4,0.0001681213907431811,0.8589522838592529
693,116076_12d31fb7_1,0.0008274128776974976,0.8754897117614746
694,45302_02d7e3bc_0,0.0034401097800582647,0.13474440574645996
695,60977_4bb093ec_1,0.0017110349144786596,0.9237561225891113
696,49017_76979790_8,0.0006719256052747369,0.8726436495780945
697,146321_0dbae658_10,3.1749896152177826e-05,-2.1994845867156982
698,102194_150e3faf_3,0.0003081845643464476,0.9905610084533691
699,34769_44655d03_5,0.00036111599183641374,0.5962096452713013
700,38953_19054857_6,0.0010988651774823666,0.09799116849899292
701,55397_ad24603f_1,0.00013226157170720398,0.8627142906188965
702,21908_385686ec_15,0.0011748472461476922,0.9432907700538635
703,60721_57103153_4,0.0011912427144125104,-0.9071979522705078
704,98701_7cd4ec8d_0,0.003440998727455735,0.9374979138374329
705,91703_642cdf1a_1,0.0029950181487947702,0.9436635375022888
706,26661_ab88a525_5,0.0014704565983265638,0.6290745735168457
707,51940_67bb0219_21,0.00021335133351385593,0.545336127281189
708,22543_684108ff_22,0.00013816612772643566,0.862703800201416
709,145250_cde4d039_8,0.0005365824908949435,0.39590853452682495
710,20232_e5b060d9_6,9.815971134230494e-05,0.8218098878860474
711,128043_d4650350_0,0.007879996672272682,0.8941864371299744
712,140530_30edf2c4_0,0.0016372313257306814,-0.38172197341918945
713,131814_9af6d05a_0,0.0010067103430628777,0.84862220287323
714,26245_4aac38e1_9,0.0006342486594803631,0.7350516319274902
715,30282_88c6933c_14,0.001477212063036859,0.943323016166687
716,32322_71d0035e_1,0.0008198035648092628,0.9579371213912964
717,131762_d10609a4_1,0.0018293889006599784,0.9173662066459656
718,54812_5f7b7aba_2,0.00019449296814855188,0.9146158695220947
719,135830_8fb36dac_4,0.0031519848853349686,0.8604336977005005
720,139280_8874b1ab_4,0.0005086884484626353,-0.09266054630279541
721,49904_639055dd_1,0.0008658872684463859,0.9007543921470642
722,53601_59d3ecd2_0,0.004373840056359768,0.8206854462623596
723,50047_54241fe3_12,0.0014810824068263173,0.885357141494751
724,136925_70fb0381_3,0.0008469406166113913,0.9481713771820068
725,87488_95f678ce_0,0.005640298593789339,0.8754783868789673
726,137166_90691294_2,0.00012159783364040777,0.9191424250602722
727,44030_17bd5ec9_11,0.00010090637078974396,0.8401060104370117
728,137396_b5f6bec4_5,0.0006129979155957699,0.9815887212753296
729,21900_760d2078_10,0.003767502261325717,0.9454254508018494
730,21185_ac5324ba_5,0.002624551299959421,0.9181460738182068
731,31132_2320d049_4,0.0005841065431013703,0.9893752932548523
732,82281_80cdf67c_4,0.00017345891683362424,0.5624086260795593
733,38287_88ec74de_15,0.003913323860615492,0.9242146015167236
734,136128_831e37a6_0,0.0012213459704071283,0.864128053188324
735,21330_f0cee934_18,0.0005851966561749578,0.615892767906189
736,34109_5a868eae_10,0.0017135776579380035,0.836168110370636
737,21174_861bd902_2,0.0022028516978025436,0.808007001876831
738,49783_365bec9e_6,0.0023437580093741417,0.9296901226043701
739,24429_ace910b3_8,4.1585568396840245e-05,-1.4337470531463623
740,22772_2b5f6629_4,0.000635181088000536,0.8375983834266663
741,53927_ef5208b9_14,0.008619562722742558,0.6408971548080444
742,56250_3b6024e3_54,0.0015032225055620074,0.9671494960784912
743,23522_5c2ec58e_8,0.0026582933496683836,0.9162368178367615
744,121177_93fb3127_10,9.823436994338408e-05,0.8217337727546692
745,138840_b7f948ea_2,0.0013425761135295033,0.8633516430854797
746,41125_711db4bf_6,0.002665966749191284,0.9369442462921143
747,102606_28922dfc_0,0.0031720255501568317,-32.35220718383789
748,31530_6744ae73_50,0.011291190050542355,0.7985552549362183
749,50598_eae0df5a_1,0.00015593247371725738,0.7148748636245728
750,145726_19ccdbda_12,0.0009732535108923912,0.6878973245620728
751,41469_b94cf3e4_0,0.0013964365934953094,0.7137717008590698
752,147009_977ee378_1,0.0014592919033020735,0.8597334623336792
753,24267_8a216138_10,0.000792222679592669,0.9356828927993774
754,63071_3d434a33_16,0.0018886077450588346,0.8992353677749634
755,34436_ffc43a58_4,0.0008805875550024211,0.24035578966140747
756,50692_e7ff2668_4,0.0007142892573028803,0.7137905359268188
757,146642_883a71d2_9,0.006486060097813606,0.8975703120231628
758,109772_f1a0845e_7,0.00111979222856462,0.9738692045211792
759,136640_16741d62_1,0.001781810773536563,0.5476047992706299
760,21680_360ba5c7_11,0.0010631256736814976,0.5680676698684692
761,27729_09d75da1_2,0.00048761547077447176,0.9861103892326355
762,82148_5df06ed9_19,0.008942829445004463,0.37879329919815063
763,55287_8a57a3db_1,0.0023295353166759014,0.8566895723342896
764,53221_74fa81cd_5,0.0008408656576648355,0.5967433452606201
765,30417_0010bc7c_39,0.0011939061805605888,0.906805157661438
766,23706_ef15ef9c_40,0.0004067172121722251,0.9419499039649963
767,140763_e14274f8_3,0.000544570095371455,0.5877424478530884
768,23602_5daaccf5_3,0.000812142388895154,0.8683445453643799
769,30282_88c6933c_9,0.0019189767772331834,0.8792852759361267
770,56824_0fc773f6_0,0.0017284485511481762,0.9014646410942078
771,42410_d3b5588e_1,0.0010276120156049728,0.8438684344291687
772,55055_dd27a8a4_0,0.003915575798600912,0.9283356070518494
773,115633_a2c63339_6,0.0009223664528690279,-0.021111249923706055
774,73651_a41647f8_5,7.611724868183956e-05,0.7049357295036316
775,33413_060ce192_32,0.0011992761865258217,0.9078713655471802
776,97331_a482fa9b_0,0.0016219732351601124,0.657244086265564
777,23476_705b76d1_0,0.00026250441442243755,0.9897323846817017
778,32566_7bfc936b_6,0.004741430748254061,0.9551880359649658
779,41717_eb1c1e6b_0,0.001780240680091083,0.8573384881019592
780,60720_ef9a0a95_8,0.0005492297932505608,-0.173883318901062
781,138700_ab763a46_202,3.5803955142910127e-06,-0.9758716821670532
782,38287_88ec74de_17,0.0066840555518865585,-0.09925878047943115
783,135535_0bd0048d_0,0.004466050770133734,0.9327358603477478
784,21797_69df08d5_7,0.0507914274930954,0.5956141948699951
785,65350_b3fa8f4f_47,0.008275783620774746,0.9619106650352478
786,41714_1d49f4d1_3,0.0012230403954163194,0.8633375763893127
787,66012_a13e1644_1,0.0004941511433571577,0.7904456853866577
788,22652_564979ff_11,0.0005124426097609103,0.6190773844718933
789,25127_ecba81df_23,0.0016114212339743972,-0.051635146141052246
790,47548_db93c988_4,0.0004606241127476096,-0.12684643268585205
791,55927_f8b31711_5,0.004980407655239105,0.7336258888244629
792,31647_ab9ad9dc_2,0.0009368755272589624,0.873363733291626
793,41128_ee74f244_8,0.0008070567855611444,0.7791194915771484
794,20959_d4905d19_4,0.0003845879400614649,0.9056451916694641
795,52009_a2b75078_3,0.012533901259303093,0.8737664222717285
796,22201_473a3a65_16,0.00105170882306993,0.8575246334075928
797,29442_365e23df_30,0.002437023911625147,0.9310716390609741
798,51859_6b2fd0f1_8,0.0005183227476663888,0.9822990298271179
799,140413_44177109_15,0.0001744764595059678,0.8452404141426086
800,21822_7d3db422_11,0.0023543250281363726,0.9345791339874268
801,24168_a0ede173_100,0.0002832846366800368,0.7955554723739624
802,145532_c2304f89_1,0.003962148446589708,0.44517022371292114
803,104641_2cd02839_13,9.658540511736646e-05,0.6256415843963623
804,23679_81ef9e37_2,0.0006524974014610052,0.8445322513580322
805,95271_de3df8d5_2,5.8361911214888096e-05,0.7189908027648926
806,41401_e4117da2_0,4.765514677274041e-05,-0.038382887840270996
807,48006_babdf4af_9,0.001143774250522256,0.9867547750473022
808,142246_0851be5e_32,0.008061084896326065,0.8662301301956177
809,33615_7bab1106_4,0.0008013110491447151,0.9469773173332214
810,31117_cd5cdbdb_18,0.0019981013610959053,0.9697554707527161
811,34914_8911676d_0,0.0015707543352618814,0.8705069422721863
812,55501_a09e4ced_2,6.956650031497702e-05,-1.6131412982940674
813,41128_ee74f244_9,0.0004502451920416206,0.8509572744369507
814,142246_0851be5e_22,0.0016246138839051127,0.7053464651107788
815,22413_901f5867_0,0.00019408190564718097,0.41260820627212524
816,56490_0a0fba77_0,0.00027681764913722873,0.9214838743209839
817,93676_4f934980_1,0.00047681096475571394,-0.057036399841308594
818,146642_883a71d2_96,0.0016885222867131233,0.8157002329826355
819,24032_d6172503_3,0.0006244307151064277,0.8941429853439331
820,44221_25c62f03_1,0.003545158077031374,0.9343380331993103
821,50315_0f1419bf_33,0.004910806659609079,0.5233578085899353
822,133389_0938a905_2,0.0003061552415601909,0.9222999215126038
823,24824_cf51e5b6_4,0.0013660589465871453,0.7437359094619751
824,33970_32f36442_3,0.0009108383092097938,0.9715961217880249
825,29359_bbfab271_2,0.000651831622235477,0.8852496147155762
826,23172_4ab01e83_0,0.0006456219707615674,0.9843093752861023
827,98511_1b46a85e_45,0.0015996358124539256,0.9550423622131348
828,98511_1b46a85e_46,0.0016229335451498628,0.9522854685783386
829,34248_cc11976c_0,0.0025480214972049,0.9058558344841003
830,104003_46555fb2_0,0.00024070330255199224,0.46473968029022217
831,34520_035b5e9a_8,0.000347743509337306,0.8804865479469299
832,38397_93d5d7de_12,0.0038648066110908985,0.9464550018310547
833,130023_93b3ca95_1,0.0009428237099200487,0.6681479215621948
834,83213_47c49876_1,0.0008655340643599629,0.9007964730262756
835,43928_6ca53538_63,0.006430371198803186,0.8504627346992493
836,82779_b7b722e3_9,0.0010950120631605387,0.8692196607589722
837,134967_0f27ef51_1,0.0002763986703939736,0.7932164669036865
838,86024_714b24f4_1,0.0002650617971085012,0.9896159768104553
839,40807_58058731_11,0.0004909253912046552,0.9259608387947083
840,26750_cd3cb3ff_0,0.001691600657068193,0.9706565737724304
841,126913_d253adb7_2,0.0006571218254975975,0.8703444004058838
842,24268_2804c9ff_13,0.0016983443638309836,0.9558249115943909
843,45542_320c16fd_3,0.0003847602929454297,0.9923506379127502
844,22342_274ed8a6_1,0.00046301927068270743,0.8997220993041992
845,133385_e6aa64d8_17,0.00012880045687779784,0.4836798310279846
846,143509_1dd5212d_3,0.0008587524644099176,0.9746721982955933
847,47989_3ff0f41d_0,0.002185138873755932,0.9378371834754944
848,21822_7d3db422_14,0.007844026200473309,0.8867307901382446
849,21517_bfe35b4c_12,0.0004818933957722038,0.1587950587272644
850,52883_e518d3f4_10,0.0005661161849275231,0.9080888032913208
851,41871_f9a1ad02_14,0.003953657113015652,0.6044759154319763
852,37016_455093c1_2,0.0003893554676324129,0.7912701368331909
853,31117_cd5cdbdb_78,0.0150349335744977,0.8834090232849121
854,129239_0d49310c_22,9.919297735905275e-05,0.7120001316070557
855,30400_8824ce97_6,0.005210648290812969,0.8910538554191589
856,53233_8dbca22c_8,0.001021968200802803,0.9283144474029541
857,40514_bb61631d_25,0.0007681994466111064,0.8300489187240601
858,24053_53349e4d_2,0.00017076298536267132,0.7802340984344482
859,41917_f0c40fa1_16,0.0006250955048017204,0.9852123260498047
860,22543_684108ff_5,0.0024566904176026583,0.9026049971580505
861,138636_c1153075_0,0.00041830012924037874,0.6266090273857117
862,24448_75004b6c_6,0.0008972841897048056,0.9714320302009583
863,24831_bbd3e098_8,0.00013293475785758346,0.8697364926338196
864,53221_74fa81cd_3,0.0005365790566429496,0.8549484610557556
865,76879_65a30a82_4,0.00025171966990455985,0.588506817817688
866,108773_f9384cff_10,3.51372073055245e-05,0.6291738748550415
867,33671_0e9c6ca3_5,0.0006588107789866626,0.9476743936538696
868,93103_fdb9fcb7_15,0.0032939822413027287,0.8222602605819702
869,137675_d2bd633e_0,0.0010519170900806785,0.3411923050880432
870,21893_0500d043_32,0.0012722589308395982,0.16824126243591309
871,22110_0bc70e9f_1,0.0014865086413919926,0.08645820617675781
872,43152_b5472481_1,0.0004347819776739925,0.8367300629615784
873,115717_40314bc2_1,0.0024610774125903845,0.7849642038345337
874,102943_ca9e7968_0,0.00020450993906706572,0.7217215299606323
875,136401_69f29349_0,0.002771778032183647,-0.8385493755340576
876,28542_3c922564_0,0.001363113522529602,0.5029370784759521
877,24267_8a216138_6,0.0013713522348552942,0.9247924089431763
878,84374_272a9731_7,0.0015811992343515158,0.7915261387825012
879,23531_1ecc8346_18,0.012494117021560669,0.8781287670135498
880,41871_f9a1ad02_30,0.003427960444241762,0.8961017727851868
881,132461_14abd2d0_0,5.822424282087013e-05,-0.6254571676254272
882,37617_3f415463_2,0.00010340067092329264,0.8310353755950928
883,41696_de0790a1_1,0.0029585259035229683,0.9343032240867615
884,54657_2a66e0de_20,0.00042484409641474485,0.9609883427619934
885,24425_0dc4b306_0,0.0005962304421700537,0.9416088461875916
886,146667_fe438b5b_0,0.0002838265791069716,0.989205539226532
887,23048_8a1a5553_8,7.733132224529982e-05,-1.0807058811187744
888,51871_86ebf5b2_17,0.0021989396773278713,0.5974478721618652
889,30664_a3084f71_6,0.0013372024986892939,0.9179477095603943
890,139801_97e2ca6a_5,0.0005839886725880206,0.8804328441619873
891,22278_12f1fb79_13,0.0026228853967040777,0.8293634653091431
892,22776_facf9bcf_8,0.0016652185004204512,0.9433226585388184
893,40500_6055e3d7_15,0.04469962418079376,0.554178774356842
894,35740_5322d674_13,0.00018507310596760362,0.8874078392982483
895,39792_60786b6c_12,0.0026021942030638456,0.905530571937561
896,115524_4a411f7e_0,0.0007905293605290353,0.8204204440116882
897,24131_3ea7d5a8_17,0.0013850926188752055,0.933189332485199
898,100326_0602c712_2,0.006234580650925636,0.8019638657569885
899,34571_25c64838_2,0.0022537915501743555,0.8664212822914124
900,143534_4f65fd1a_0,0.0006640793289989233,0.775480329990387
901,101446_95204330_1,0.0005657919682562351,0.6413242816925049
902,41749_14d0599c_10,0.00018047611229121685,0.4732840061187744
903,55715_525d1d3e_12,0.0001420115731889382,0.5787675380706787
904,45307_b9b4bca0_30,0.019490443170070648,0.8604100942611694
905,22654_4c426b0f_0,0.002757888287305832,0.6546443700790405
906,22670_9353c710_4,0.000680399127304554,0.7913479804992676
907,99445_94c22a37_11,0.0008500133408233523,0.9873707294464111
908,132811_57264a28_4,0.0005232302355580032,0.95725417137146
909,23258_87a2ba81_3,0.0004907291731797159,0.22430706024169922
910,50777_2934de55_22,0.0020433419849723577,0.927466094493866
911,98418_4185a7fb_0,0.00116944988258183,0.971668541431427
912,43441_e1ab0873_2,0.00010624760034261271,-0.2874492406845093
913,24271_dbc0fd2d_12,0.0003365888260304928,0.9259120225906372
914,38944_0d0c3fce_0,0.005900182761251926,0.9617759585380554
915,40624_e1c5c424_11,2.7005224183085375e-05,0.3198460340499878
916,100028_0c3a8f1c_13,0.00101744313724339,0.9869129061698914
917,40491_ac67bf4c_13,0.0019447770901024342,0.9635206460952759
918,25416_1deb9c75_0,0.002237816108390689,0.6126295328140259
919,21657_2651585a_6,0.000718834693543613,0.9618989825248718
920,21986_67c5509a_15,0.0004333950928412378,0.9462270140647888
921,32288_34013274_2,0.002299867570400238,0.6107280254364014
922,55373_ddd74d2f_0,0.0015205335803329945,0.8036190271377563
923,26245_4aac38e1_0,0.00114045524969697,0.9346539378166199
924,33044_7fdd9213_0,0.0005084704025648534,0.9092133641242981
925,31530_6744ae73_48,0.004985360894352198,0.9518409967422485
926,25555_fd3d9a3c_1,0.0001544984697829932,0.7830929160118103
927,54175_7d864ace_6,0.0006672494346275926,0.8501566648483276
928,72950_5074f5a3_0,0.0009195550228469074,0.39212363958358765
929,129618_2962c248_0,0.004732728935778141,0.920954704284668
930,52012_77070fda_10,0.00019087751570623368,0.7006567716598511
931,28295_0dc908b9_7,0.000505617936141789,0.8641771078109741
932,144419_90e59d67_2,0.0001018117691273801,-0.12513351440429688
933,22734_f6bad9f7_24,0.005651916842907667,0.8250850439071655
934,22604_0b4ffb43_14,0.003915575798600912,0.9283356070518494
935,81996_b3752ed2_3,0.00030709357815794647,0.7244086265563965
936,24504_493cee15_8,0.004400678910315037,0.824773907661438
937,39124_28e99e62_1,0.0003202174848411232,0.6396888494491577
938,29725_0ad4937e_1,0.0004815263382624835,0.1296331286430359
939,109232_04340d62_6,5.540680649573915e-05,-0.007877469062805176
940,129075_8fbf62e5_0,0.0005550896748900414,0.560711145401001
941,102937_18c3cb6a_4,0.0015251938020810485,0.9465246796607971
942,52551_8098346a_5,0.0009173110593110323,-0.5956714153289795
943,128043_6947b64c_0,0.004583554342389107,0.7354036569595337
944,119030_292009a7_41,0.0018781990511342883,0.7244876027107239
945,48526_5aecac8a_0,0.00047878356417641044,0.9193786382675171
946,32541_86f7df73_4,0.0004743501776829362,0.5487362742424011
947,55114_7bf17f6a_0,0.0043450635857880116,0.6850081086158752
948,55285_6816da52_1,0.008286220021545887,0.8206663131713867
949,37683_e2cca100_17,0.00036052180803380907,0.43239825963974
950,78775_e2d8b091_15,0.0022839410230517387,0.9253232479095459
951,93199_2146e709_2,0.001527818269096315,0.8196277618408203
952,135595_656de97a_14,0.0004593704070430249,0.6706498861312866
953,24284_3710e946_16,0.0007056856411509216,0.9840124845504761
954,135521_30553c91_2,7.620875840075314e-05,-0.10528934001922607
955,29732_fb15318c_5,0.00035556466900743544,0.6622363328933716
956,88060_389bdff4_0,0.0010743992170318961,0.9346182942390442
957,27839_4a077326_28,0.00540606863796711,0.866050124168396
958,100435_87bf423d_8,0.003683757269755006,0.9274129271507263
959,25365_bb0e4ede_44,0.0004119877121411264,0.41569411754608154
960,146169_144d8264_0,0.015566575340926647,0.9159287810325623
961,23342_7193a931_3,7.781900058034807e-05,0.7707347273826599
962,57000_cd1ddece_12,0.0009196103783324361,0.9816142320632935
963,119790_1ed376f0_3,0.0004953889874741435,0.45933347940444946
964,72522_e9e87960_4,0.0019583553075790405,0.9632424712181091
965,65366_f618b577_2,0.0005820176447741687,0.4933728575706482
966,55707_c78416ed_35,0.00335419992916286,0.8247106075286865
967,70321_eccffc7e_0,0.0010943892411887646,0.7164909839630127
968,120143_b5756e6b_0,0.0053342790342867374,0.25921618938446045
969,27726_aca43af4_35,9.273816249333322e-05,-3.308713436126709
970,31361_72aab333_20,0.0010480060009285808,0.666933000087738
971,121949_e10b5e85_12,0.0019430385436862707,0.9463326334953308
972,146399_0e4b73c4_13,0.004856357350945473,0.9003033638000488
973,41134_fc146947_6,0.001843501115217805,0.1381588578224182
974,21237_7887a24b_35,0.00013041141210123897,0.4608558416366577
975,24885_55e20ddf_3,0.0001944996474776417,0.8078405261039734
976,34914_8911676d_23,0.00046847370686009526,0.9167409539222717
977,21803_8a36dcda_12,0.00453047314658761,0.8484036922454834
978,41306_8f26e703_5,3.377076791366562e-05,0.6354387998580933
979,25118_f50fdc69_10,0.00015935148985590786,0.767259955406189
980,25473_0991d519_9,0.0020685198251158,0.9482018947601318
981,126585_86fa26cb_0,0.00020756732556037605,0.7436573505401611
982,145691_69484976_9,0.00148183130659163,0.8667654991149902
983,60729_c51868ec_0,0.0007571169408038259,0.5829031467437744
984,123929_e7dbad2c_0,0.0015543311601504683,0.26167482137680054
985,69649_70b07cac_0,0.0022335632238537073,0.9506621360778809
986,55135_f1186d58_9,0.0001431720011169091,0.8216290473937988
987,20838_86c931be_2,0.0015078301075845957,0.8125314116477966
988,45242_626509cb_11,0.0004028177063446492,0.8219932317733765
989,34983_439766af_13,0.0027274538297206163,0.9716299772262573
990,53453_fb0f1640_1,0.0034094341099262238,0.8964990377426147
991,23255_972fbfe6_25,0.0013245089212432504,0.9582504034042358
992,24168_a0ede173_203,0.022057266905903816,0.8773271441459656
993,55476_1473d91f_0,0.0009927386417984962,0.4938955307006836
994,55111_ef389075_1,0.0015069168293848634,0.9424043297767639
995,141710_17531562_1,0.0005835437914356589,0.9510040879249573
996,96601_b89e6252_1,0.00010276106331730261,0.45352286100387573
997,135790_a27f9deb_43,0.018044322729110718,0.7688140869140625
998,121363_746708db_0,0.0006782190757803619,0.7390474677085876
999,136886_3aa46890_0,0.0002735511225182563,0.8980033993721008
1000,50315_0f1419bf_19,0.008187874220311642,0.8873758912086487
1001,37846_cde34fcd_14,0.00012939854059368372,-0.4630241394042969
1002,24816_ef81ad4c_1,0.0004261205322109163,0.8476275205612183
1003,75646_4baf69b2_7,0.002928211586549878,0.9589956998825073
1004,140155_81f9ac63_0,0.0004874108126387,0.8783965706825256
1005,51603_034939eb_10,0.0030644743237644434,0.8302294611930847
1006,30435_c97330d2_0,0.0001511883456259966,0.744367241859436
1007,27839_4a077326_27,0.0006647838745266199,0.9638534784317017
1008,55627_971fde61_34,0.003046339377760887,0.7644883394241333
1009,134909_ef3d003c_0,0.00022586323029827327,0.7784219980239868
1010,33413_060ce192_51,3.674114486784674e-05,-4.090572834014893
1011,22245_ca848576_12,0.00031735224183648825,0.6293826699256897
1012,52039_ba12c3ac_1,0.0010079828789457679,0.9798481464385986
1013,39707_358f88df_2,0.0013132282765582204,-0.39845335483551025
1014,50014_33f250c8_3,0.01226319745182991,0.8881405591964722
1015,52987_387431ac_1,0.0028181695379316807,0.8064955472946167
1016,33501_b1ee5058_15,0.0013125676196068525,0.9738993048667908
1017,82168_4844bddd_1,0.0010278428671881557,0.8612222075462341
1018,30384_95e72fc2_4,0.00016242267156485468,-0.78883957862854
1019,23554_a0845d54_2,0.0013073752634227276,-0.09286952018737793
1020,23800_65e0a5d1_0,0.0001930672733578831,0.39154982566833496
1021,41128_ee74f244_0,0.0011215026024729013,-0.1259249448776245
1022,143019_22dbd3e6_2,0.001280325697734952,0.9593786001205444
1023,79993_6087acd5_8,0.006416517309844494,0.7970108985900879
1024,21422_b2a6bf27_0,0.0012781713157892227,0.9789265394210815
1025,25487_dd2c17e8_21,0.0005791485891677439,0.4857615828514099
1026,22654_4c426b0f_10,7.316050323424861e-05,0.5086962580680847
1027,30368_d7fd30ce_6,6.396289973054081e-05,-0.3680078983306885
1028,57249_6bd2af3c_2,0.0002015170903177932,0.9925660490989685
1029,57029_3ab80a22_0,0.002735811984166503,0.45726966857910156
1030,79906_052c7eb4_3,0.0009314613998867571,0.798092246055603
1031,82996_b8dc67c9_10,0.0002696539449971169,0.6278687715530396
1032,119884_192e3265_1,0.0012864843010902405,0.4132676124572754
1033,21225_c081eae3_10,0.002446017460897565,0.8597646951675415
1034,121949_e10b5e85_1,0.001005524885840714,0.7455609440803528
1035,81994_ba8916c9_5,0.00016420712927356362,0.8565177321434021
1036,22447_4062c6cb_29,0.0006943545304238796,0.9882869720458984
1037,55044_ee57bac8_1,0.00029758771415799856,-0.13065874576568604
1038,41871_f9a1ad02_13,0.008716640062630177,0.9510439038276672
1039,74688_a5168a45_2,6.122961349319667e-05,-12.15602970123291
1040,23218_02d26ab4_4,0.00012390479969326407,0.7150136232376099
1041,41205_dc60aa5d_0,0.00113642867654562,0.7174791097640991
1042,41979_ca698776_0,0.0007511296425946057,0.8459502458572388
1043,141453_50ec6f25_7,0.0010036934399977326,0.9715684056282043
1044,97143_5424c420_0,0.0007269566413015127,0.813434898853302
1045,41986_26275a06_2,0.0010857280576601624,0.8976524472236633
1046,136800_c5e4d711_2,0.0005693924031220376,0.2217240333557129
1047,101635_11b839a3_5,5.446874274639413e-05,0.5537583827972412
1048,55866_b041060d_0,0.0005417753709480166,0.9668401479721069
1049,53846_89405f98_0,0.0008560982532799244,0.825089693069458
1050,27725_5cceaeb7_1,0.0020074136555194855,0.8188737034797668
1051,146137_92faaea5_9,0.0018147043883800507,0.854597806930542
1052,41211_11f6b8a0_4,0.0002218307345174253,0.9086413979530334
1053,21330_f0cee934_46,0.0008878983207978308,0.9822481274604797
1054,127188_5fecd146_4,0.00020456152560655028,0.7189127802848816
1055,135949_06517574_8,3.645005926955491e-05,0.6221238374710083
1056,68928_0d4e4a2e_24,0.004194127395749092,0.7362732291221619
1057,50410_f8f03667_38,4.302668457967229e-05,-1.9621691703796387
1058,142999_171240b6_21,0.00012110667739761993,0.9104557037353516
1059,144709_642fc665_0,0.0032622069120407104,0.6794130802154541
1060,53232_f8760054_10,0.00047656777314841747,-3.561154365539551
1061,22372_e91792a1_0,5.7488257880322635e-05,0.26271146535873413
1062,21767_53eaa558_12,0.0088103162124753,0.8861493468284607
1063,32220_1fd19c5e_0,0.0006973699782975018,0.2835402488708496
1064,22886_a6331748_1,0.002102178055793047,0.8069974184036255
1065,130996_b842b511_12,0.00038496748311445117,0.9645169377326965
1066,55571_74a416b1_1,0.00028451671823859215,-1.4134573936462402
1067,70169_914780d4_1,0.0015149996615946293,0.4230893850326538
1068,23156_7788f78a_6,0.022977909073233604,0.8337359428405762
1069,124496_20e20439_10,0.0001626033626962453,0.6426193714141846
1070,76300_7cb02add_1,0.0008405781118199229,0.8755320310592651
1071,21647_6b6cca6f_10,0.0013729776255786419,0.25061845779418945
1072,22734_f6bad9f7_23,0.008050529286265373,0.6646273136138916
1073,94176_0a6c42ab_2,7.198317325673997e-05,-12.21044921875
1074,24048_d731886d_9,0.0006336283404380083,0.9301589131355286
1075,25487_dd2c17e8_30,0.003683800809085369,-0.6652088165283203
1076,115717_40314bc2_4,5.868248990736902e-05,0.8091189861297607
1077,125592_875faf40_0,0.0032814897131174803,0.8476842045783997
1078,41871_f9a1ad02_44,0.0029647203627973795,0.7905485033988953
1079,146642_883a71d2_8,0.00043638385250233114,0.8935297131538391
1080,136883_076fbff9_31,0.00013241919805295765,0.5619859099388123
1081,60766_fb8715eb_3,0.0016289895866066217,0.8808725476264954
1082,30818_33617072_0,0.007803080603480339,0.6049299836158752
1083,130679_7a357a9c_18,0.005669938866049051,0.6664767265319824
1084,55306_795d845b_0,8.830358274281025e-05,0.8107013702392578
1085,135934_d2f6bb2e_33,0.00035159449907951057,0.5312508344650269
1086,111054_e45a0d40_7,0.02366495691239834,0.7710815072059631
1087,36826_d9269c2e_10,0.000641771184746176,0.9564080238342285
1088,37619_ae810a8d_7,4.502724186750129e-05,-19.564720153808594
1089,22343_34184fd5_22,0.00015085541235748678,0.533096194267273
1090,113020_de552f8d_0,0.0004001776105724275,0.7497555017471313
1091,20216_89b90993_0,0.005815270822495222,0.6125861406326294
1092,23325_292b3294_16,0.0021840312983840704,0.7922230362892151
1093,23522_5c2ec58e_9,0.0013750570360571146,0.8955957889556885
1094,146624_359752bb_20,4.324394467403181e-05,-20.80013656616211
1095,104990_11b4aeee_1,0.0011982852593064308,0.9726094603538513
1096,90917_4670b560_0,0.012482437305152416,0.7574009299278259
1097,54818_59adf8c2_5,0.0009500307496637106,0.17839503288269043
1098,34109_5a868eae_3,0.00042534907697699964,0.30604851245880127
1099,23161_e7f63a9f_2,0.0012351198820397258,0.8882416486740112
1100,37160_2a95674a_27,0.0017018163343891501,0.4054226875305176
1101,61280_8bdbc90f_0,0.003951655700802803,0.8580772876739502
1102,55083_dac1f9cc_2,0.0009843404404819012,0.9180538654327393
1103,34341_d19b12fb_14,3.5239609132986516e-05,0.6495043635368347
1104,54516_ac9e2ef4_61,0.0014235337730497122,0.7636259198188782
1105,24559_3c306e71_2,0.0001886112440843135,0.616053581237793
1106,105831_88a0fb85_1,0.0014929993776604533,0.9432753324508667
1107,32743_f4c47bbc_19,0.0043936376459896564,0.18360048532485962
1108,40500_6055e3d7_18,0.002025388879701495,0.9027762413024902
1109,22862_f5406bb0_0,0.0016766935586929321,0.973027229309082
1110,141081_ae61ec46_0,0.000883190194144845,0.9872146248817444
1111,135112_cf8007b8_4,0.004211935214698315,0.9361040592193604
1112,131442_1512d9ff_5,0.00018389774777460843,0.6108309030532837
1113,145132_7aea3b66_1,0.018280459567904472,0.9308100938796997
1114,41871_f9a1ad02_45,0.0010813779663294554,0.7915692329406738
1115,51775_49ef614a_1,0.0011533387005329132,0.6732077598571777
1116,143293_fc5b0ff7_23,0.00036146226921118796,0.3396250009536743
1117,51547_a7e01c38_6,0.000160022551426664,0.7707260847091675
1118,114021_44c3c39c_2,0.00018157123122364283,0.5473344326019287
1119,123766_c5a4cf5e_0,0.00017851211305242032,-0.13815057277679443
1120,23031_0d684603_8,0.0008162141311913729,0.6481906175613403
1121,132996_c742ef84_4,0.0029767905361950397,0.5869171023368835
1122,137096_5d77f285_1,0.0009888067143037915,0.8819787502288818
1123,27072_b4756e8c_2,0.0014933114871382713,0.662259578704834
1124,51915_e704f5dd_2,0.0008249215316027403,0.8709989786148071
1125,132811_57264a28_13,0.0006963965715840459,0.9882760047912598
1126,49396_98ab955d_13,0.005006752442568541,0.4418230652809143
1127,132081_761d26ad_0,0.0007392285042442381,0.9802120327949524
1128,82906_7b72e0e8_2,0.0020355843007564545,0.943289041519165
1129,92649_26fe8262_0,0.0004276423715054989,0.802700400352478
1130,21803_8a36dcda_11,0.0037120217457413673,0.9001581072807312
1131,30637_f6324fc6_5,0.00042590993689373136,-1.8189399242401123
1132,105560_a6f91315_12,3.724931229953654e-05,-4.217176914215088
1133,41737_d80c34b9_0,0.006094592623412609,0.635877251625061
1134,34983_439766af_12,0.0005274568102322519,0.9481135010719299
1135,122755_60c41889_10,5.007111030863598e-05,0.19758599996566772
1136,76879_65a30a82_2,0.009746398776769638,0.9128190279006958
1137,89816_cef36e57_4,0.0013590421294793487,0.9775880575180054
1138,49406_100c707b_3,0.0007474574376828969,0.9138146042823792
1139,105560_a6f91315_10,3.4683907870203257e-05,0.25109684467315674
1140,129421_483d2957_5,6.23641608399339e-05,0.7372379899024963
1141,122740_fc5c94eb_33,0.0010636139195412397,0.9674341082572937
1142,135595_656de97a_5,0.0004023828369099647,0.8530383110046387
1143,35740_5322d674_5,4.157114017289132e-05,-13.427979469299316
1144,23681_932e722e_18,0.0005422218819148839,0.9897366762161255
1145,108244_329b1876_17,4.165193331573391e-06,0.032216787338256836
1146,125745_cf468448_6,0.0010144357802346349,0.7614710330963135
1147,138838_c9a9e790_6,0.0010260664857923985,0.8005486726760864
1148,102416_b74464a2_4,4.502827869146131e-05,-16.8607120513916
1149,30426_2cde26de_21,0.0001907703117467463,0.4329546093940735
1150,137837_9c9f163d_5,0.00029477462521754205,0.6896053552627563
1151,25487_dd2c17e8_15,0.0037518050521612167,0.510962724685669
1152,21549_18160a0a_4,3.669418947538361e-05,-4.17970609664917
1153,21385_601444ba_0,0.0020457739010453224,0.8727341890335083
1154,35233_add576ba_9,0.0035999452229589224,0.7648800611495972
1155,55345_c6423351_0,0.0005321591743268073,0.9138475656509399
1156,110697_4b2725f1_0,0.0012234458699822426,0.9714999198913574
1157,109946_242843a6_1,6.724709237460047e-05,-0.5852229595184326
1158,34341_d19b12fb_22,4.7335259296232834e-05,-4.381636142730713
1159,23247_bcd1e84f_21,0.001098731649108231,0.7692984342575073
1160,131765_29b29f08_6,3.33310708811041e-05,0.2782091498374939
1161,21395_7d6fda6f_12,0.0008560292772017419,0.2507960796356201
1162,135460_6471e973_15,0.0005595922702923417,0.8161819577217102
1163,51741_49d61151_7,0.0017219734145328403,0.937779426574707
1164,28382_90b7cc0c_12,0.0003545395447872579,0.8713973164558411
1165,30850_05d88af9_2,0.003197489771991968,0.8680976629257202
1166,86278_1e55d036_12,0.00017692985420580953,-0.3169212341308594
1167,67240_525e92c1_1,0.0014732690760865808,-0.18217146396636963
1168,82002_ef2b4feb_6,0.0005123286973685026,0.9901558756828308
1169,53364_ec8aad42_1,0.007050910498946905,0.6970366835594177
1170,135771_b030a25c_17,0.0008002007380127907,0.0743444561958313
1171,135906_29d7b495_1,0.00015560064639430493,0.7218097448348999
1172,21822_7d3db422_38,0.0004061149957124144,0.5879808068275452
1173,81136_5b86c723_1,5.858974327566102e-05,0.5697356462478638
1174,25473_0991d519_2,0.003511865623295307,0.9392423033714294
1175,73405_94381b7c_5,0.0024004189763218164,0.5965156555175781
1176,24009_c40b0d48_2,0.0003026439226232469,0.9907059073448181
1177,22162_439af02a_1,0.0003463663742877543,0.9931894540786743
1178,146159_f3f80701_0,0.0038196700625121593,-0.018446803092956543
1179,51895_5760b481_15,0.006627706810832024,0.9294593930244446
1180,33500_e58e287e_1,0.004474398214370012,0.7917233109474182
1181,31838_2e4bd173_0,0.003962724469602108,-1.6488659381866455
1182,146137_92faaea5_18,5.255895302980207e-05,0.5399333834648132
1183,124879_2257a334_2,0.00012423204316291958,-0.3634939193725586
1184,144145_510eedc2_7,0.0005251416005194187,0.9902678728103638
1185,21237_7887a24b_78,0.0007511678268201649,0.9346765875816345
1186,82297_93739ce0_6,0.0013614092022180557,0.5524699687957764
1187,51536_a18dc325_31,0.0002829840814229101,-0.3716471195220947
1188,93103_fdb9fcb7_7,0.002544821472838521,0.6715149283409119
1189,24590_415f7013_9,0.0005737238680012524,0.8936996459960938
1190,130659_16f2db4c_0,0.0003694815968628973,0.8777687549591064
1191,23083_fdb942ac_2,0.001055337255820632,0.9559667706489563
1192,23954_a8c09819_2,0.00035796576412394643,0.9930580854415894
1193,30417_0010bc7c_13,0.0008154120296239853,0.9274916052818298
1194,120535_e304dfca_1,0.0008789379498921335,0.9355299472808838
1195,93199_2146e709_9,0.001053815009072423,0.7580173015594482
1196,23686_cba4f679_15,0.0053141857497394085,0.8808894753456116
1197,40807_58058731_20,0.009013849310576916,0.9092757105827332
1198,94410_d32e7520_35,0.005326606798917055,0.8673757910728455
1199,79695_fd8bae0e_0,0.002745052333921194,0.3019803762435913
1200,129422_621d0a90_35,0.001405994757078588,0.3396568298339844
1201,44932_16cb7f21_5,0.004293156322091818,0.8784067034721375
1202,136550_8a8672e5_1,0.00037543513462878764,0.8946049809455872
1203,20495_e8e7e80c_3,0.004668250679969788,0.916506290435791
1204,31962_e5291336_50,0.001082837232388556,-0.03295779228210449
1205,24888_5be1de05_1,3.61091188096907e-05,0.3132346272468567
1206,34114_7e58a97d_10,0.0026751882396638393,0.8971520662307739
1207,108433_37a79370_0,0.0041816565208137035,0.6304956674575806
1208,22844_9b75b8e0_1,0.00034863463952206075,0.9855380058288574
1209,115637_b4d41e8a_0,0.0019202191615477204,0.8141108751296997
1210,53474_f29e4438_15,0.009888089261949062,0.7187130451202393
1211,26766_1aaa348c_0,0.0013449025573208928,0.8090898394584656
1212,51940_67bb0219_7,0.0026784774381667376,0.56229567527771
1213,41714_1d49f4d1_13,6.639491766691208e-05,0.7381742596626282
1214,21815_7090778f_9,0.002798595232889056,0.7703321576118469
1215,32843_8e5bdf24_0,0.0030040442943573,0.8668989539146423
1216,23686_cba4f679_10,0.0012760837562382221,0.8409833908081055
1217,114425_891ab08d_0,0.00570009695366025,0.2892662286758423
1218,41786_02d48cdd_5,0.001184108667075634,0.8167678713798523
1219,22895_4533b542_1,0.0008522638818249106,0.9511538147926331
1220,49016_cd1b47bf_6,0.0035928410943597555,0.8861865401268005
1221,51674_a70c1c6c_3,0.0001722702436381951,0.724516749382019
1222,52972_6e5a5ada_11,0.0010513350134715438,0.9553751349449158
1223,120700_d818883a_8,0.0005329999257810414,0.2783375382423401
1224,34530_9525ffcd_0,0.003294117283076048,0.9380531907081604
1225,24355_99bf3f8f_1,0.00028305838350206614,0.45183950662612915
1226,56250_3b6024e3_46,0.0047652749344706535,0.915745198726654
1227,56355_727ca47c_3,0.0018562255427241325,0.5517840385437012
1228,35057_9af89947_1,0.0008921443950384855,0.859932005405426
1229,120881_a946667f_13,0.0002116343384841457,0.7084397077560425
1230,143021_c6df0146_5,7.896658644312993e-05,0.5602792501449585
1231,69240_dc199112_3,0.0015886900946497917,-0.44593167304992676
1232,41733_1ec9b00c_15,0.0020271707326173782,0.5778459310531616
1233,30298_24191733_2,5.116380998515524e-05,0.6461697816848755
1234,30400_8824ce97_18,0.0004980585654266179,0.8960021138191223
1235,37040_ecbcd25e_36,0.0009125972865149379,0.7538677453994751
1236,23035_6087bb57_4,0.00012746443098876625,0.8092477321624756
1237,38675_6e07d74b_26,0.004506000317633152,0.9376525282859802
1238,31751_e37382e1_9,0.000736052927095443,0.9215174317359924
1239,54601_e1da5b93_4,0.0007531978189945221,0.9850155115127563
1240,142999_171240b6_29,0.001216374570503831,0.9077954888343811
1241,137646_14bca880_0,0.001379411551170051,0.872610330581665
1242,37519_442dc408_1,0.00011869848822243512,0.8549479842185974
1243,47195_a8cd8bad_6,0.0004518951172940433,0.9712638258934021
1244,22474_b10fea1a_6,0.0017443899996578693,0.7988125085830688
1245,53200_d1e30b87_10,0.0004640895058400929,0.919244110584259
1246,41472_f9d73638_9,0.00021990419190842658,0.7739717960357666
1247,126397_cc08a23d_1,0.00014449158334173262,0.7654989361763
1248,31838_2e4bd173_4,0.0008143165614455938,0.9854828119277954
1249,52006_d21e4570_7,0.0008187509374693036,0.837702751159668
1250,62109_08c31aa8_0,0.0008718052413314581,0.8446530103683472
1251,49403_458914df_0,0.0007655243971385062,0.5478136539459229
1252,122914_76ff1f5e_2,2.747550024650991e-05,-1.4453938007354736
1253,34913_d23e2a24_2,0.0004702319565694779,0.7895863056182861
1254,104641_2cd02839_15,0.0001419665350113064,0.5897492170333862
1255,131632_6144b102_1,0.0010428306413814425,0.9875844717025757
1256,30850_05d88af9_0,0.0007528670830652118,0.9409271478652954
1257,86296_8a6ed4d3_7,0.0002654977433849126,0.18225932121276855
1258,34983_439766af_7,0.005433778278529644,0.9225885272026062
1259,33374_7491cbf8_2,0.006974335294216871,0.9325211644172668
1260,50694_afd26bd5_10,0.0012197982287034392,0.9869012236595154
1261,50292_e84db1fb_8,0.00023935195349622518,0.18322885036468506
1262,81367_622a9e51_2,0.0003111278638243675,0.9218742847442627
1263,78966_584c5305_0,0.0008167234482243657,0.5741448402404785
1264,79905_623eae86_1,0.008332441560924053,0.9317649006843567
1265,63055_6b907478_15,0.0009003017912618816,0.9281830191612244
1266,135771_b030a25c_4,0.0005031725158914924,0.3664919137954712
1267,41753_9b4f8d8a_0,0.0006534780841320753,0.9871697425842285
1268,80784_f7ec5f70_1,0.001815970055758953,0.6922945380210876
1269,33607_c6f31fa6_10,0.001964943716302514,0.7593607902526855
1270,22225_a3ce4d29_42,0.0005704285576939583,0.9386998414993286
1271,51938_8b9cba89_5,0.005164635367691517,0.8917654156684875
1272,44741_f386a08f_4,0.002001276472583413,0.9406018853187561
1273,70021_e673ae54_4,0.0007224766304716468,0.9882740378379822
1274,55135_f1186d58_7,0.0011402452364563942,0.8977997303009033
1275,31856_2a5a4e32_12,0.003418868174776435,0.810346782207489
1276,75303_045fc848_4,0.001872449996881187,0.7122966647148132
1277,129683_3ad38815_10,0.052807293832302094,0.3824779987335205
1278,21894_93f0d052_24,0.0012183948419988155,0.901464581489563
1279,143823_1b04bf80_13,0.0012195229064673185,0.9119990468025208
1280,143823_1b04bf80_18,0.00047061924124136567,0.5446738004684448
1281,111863_c925f4f3_2,0.0002938306424766779,0.7196272611618042
1282,104633_d0a15bd3_6,0.0021040583960711956,0.8235672116279602
1283,48832_22363e53_33,0.0007570587331429124,0.9795510768890381
1284,127466_a18ae326_1,0.00114532676525414,0.5685008764266968
1285,22211_b1ee53f0_12,0.001549192238599062,0.9352625012397766
1286,137837_9c9f163d_6,0.0004970391746610403,0.8646317720413208
1287,122755_b830e22d_17,3.376548920641653e-05,0.6218394041061401
1288,21299_e9cd80a6_12,0.0004016798047814518,0.46134573221206665
1289,44920_70dd4b80_11,0.0013264196459203959,0.9399911761283875
1290,52987_387431ac_7,0.0012527971994131804,0.9618427753448486
1291,147926_b78316a8_10,0.00017107227176893502,0.8501207828521729
1292,144653_e3eccdf1_50,0.00019048219837713987,0.8730905652046204
1293,56458_c027ed41_0,0.0005123807932250202,0.9363973140716553
1294,23495_6366269c_11,0.00035021736402995884,0.9930352568626404
1295,70883_e2d6a103_2,0.004266921430826187,0.9366011619567871
1296,32743_f4c47bbc_34,0.0009294241899624467,0.4582967162132263
1297,30910_38ea5a06_2,0.0011647834908217192,0.8024535775184631
1298,56476_466fc284_17,0.0058631012216210365,0.8787270784378052
1299,22604_0b4ffb43_62,0.0010552234016358852,0.9559719562530518
1300,21534_6367be99_0,0.001687039970420301,0.4681846499443054
1301,133026_1085532d_1,0.00037158423219807446,0.9055648446083069
1302,137828_0b0786fb_1,0.0019042398780584335,0.9633917808532715
1303,55627_971fde61_27,0.00045932421926409006,0.9420158267021179
1304,93869_8b1922a3_0,0.0009624689118936658,0.9223794937133789
1305,24393_9acd18c6_3,0.0010616971412673593,0.9801886677742004
1306,44996_b3e9c266_14,6.390723865479231e-05,0.7498995065689087
1307,55300_b9675d43_1,0.0003466309863142669,0.993194043636322
1308,113352_879844fe_0,0.001415856764651835,0.9423450827598572
1309,135317_3c58b0d0_9,0.00023747768136672676,0.7805720567703247
1310,115624_fe3eb392_1,0.003205921035259962,0.8498556613922119
1311,63055_6b907478_21,0.00205446919426322,0.9250767230987549
1312,40421_032c052f_0,0.0010864357464015484,0.8348616361618042
1313,143029_70554264_3,0.00011746744712581858,0.798764705657959
1314,145117_78f63de3_0,0.001512338756583631,0.6110420823097229
1315,128996_35f2006e_0,0.0001576082140672952,0.2118539810180664
1316,54503_fc6c6963_1,0.0008460106910206378,0.8931488394737244
1317,24657_0168dc6b_1,0.001558886026032269,0.9618435502052307
1318,130524_13ad16a8_0,0.013544815592467785,0.9330232739448547
1319,142670_33c641dc_3,0.0005449313903227448,0.7929732799530029
1320,65375_674ff0b9_11,0.001108416705392301,-0.009136080741882324
1321,23168_7fdf5427_3,4.5516699174186215e-05,-19.79202651977539
1322,41717_ab2075ac_0,0.00018723326502367854,0.9931255578994751
1323,21739_57582b8f_4,0.0007589823217131197,0.9554714560508728
1324,143293_fc5b0ff7_30,0.001018503331579268,0.972224771976471
1325,135906_587b5c3d_0,0.00036842896952293813,0.7775261402130127
1326,138685_fd9b79cd_0,0.0008698995225131512,0.3044136166572571
1327,119921_5621fcb4_0,0.0004913955344818532,0.9170392751693726
1328,49403_458914df_5,0.0009530170354992151,0.8913866877555847
1329,73525_7f6b2f67_2,0.00015568222443107516,0.7506521940231323
1330,136994_a3a2f50f_3,0.0014748868998140097,0.8338764905929565
1331,31838_2e4bd173_1,0.003696313826367259,0.9199970960617065
1332,35866_d0233b36_6,0.0006871443474665284,0.9882856011390686
1333,53053_d6b4d71c_9,0.002294555539265275,0.9404269456863403
1334,90220_7baf1e18_1,0.0004265342722646892,0.42421257495880127
1335,23364_73dd9d4d_10,0.0001694462407613173,0.7564685940742493
1336,52987_387431ac_3,0.0004697151598520577,0.9613146185874939
1337,51859_6b2fd0f1_4,0.0005762911168858409,0.679618239402771
1338,51708_867d4509_12,9.87890743999742e-05,0.14426571130752563
