case_num,case_name,MSE,R-Square
0000,50417_199cffee_13,0.07567110657691956,0.41056275367736816
0001,48516_2b3135bf_11,0.009086628444492817,0.6927827000617981
0002,41733_1ec9b00c_31,0.0086997514590621,0.15612143278121948
0003,31664_1e85c690_0,0.004393650218844414,0.7637795209884644
0004,21893_0500d043_18,0.0049024419859051704,0.9003279209136963
0005,31607_9a2f8140_6,0.005504918750375509,0.8152254819869995
0006,41774_88a7a483_18,0.0030605774372816086,0.2528974413871765
0007,42143_51b31600_4,0.0017496268264949322,-2.5352790355682373
0008,23104_3b70eba4_13,0.0016813954571262002,-1.765979528427124
0009,129075_8fbf62e5_2,0.0007081052171997726,-0.8686238527297974
0010,41624_a15f83c1_13,0.0012999261962249875,0.36167675256729126
0011,36088_1ea9c8a9_12,0.00975195411592722,0.7724968791007996
0012,126477_6596d136_14,0.0005663430201821029,0.48665475845336914
0013,130441_10c43121_0,0.21608726680278778,-0.10081040859222412
0014,133385_e6aa64d8_21,0.001002881326712668,0.34204578399658203
0015,26398_b99946da_1,0.021964851766824722,0.711124062538147
0016,61198_0c99f50a_4,0.00052477145800367,-32.058860778808594
0017,26661_ab88a525_0,0.0006633334560319781,0.23334163427352905
0018,129075_8fbf62e5_1,0.0005087826866656542,0.5195252299308777
0019,51891_9455ea02_1,0.007076940033584833,0.8877018094062805
0020,34770_6bba5bd4_13,0.008340996690094471,0.8362322449684143
0021,21646_a2dd0d00_53,0.0040779756382107735,0.6610299348831177
0022,68909_4ae1bc2e_1,0.0020253704860806465,-0.9033852815628052
0023,27866_ece3076e_109,0.001101617468520999,0.8262896537780762
0024,92134_52f13f49_6,0.0008804622921161354,0.4925815463066101
0025,23342_7193a931_1,0.001890563522465527,-1.6239733695983887
0026,126572_a2d6f794_14,0.0015575162833556533,-155.57766723632812
0027,44344_3e0b0b0c_1,0.0007763113244436681,-106.51697540283203
0028,49331_3bf3bb84_4,0.008702371269464493,0.8407033681869507
0029,33971_46bb0373_0,0.0051354654133319855,0.34401124715805054
0030,21517_bfe35b4c_1,0.00016018781752791256,0.7676617503166199
0031,23165_369d62aa_6,0.011000081896781921,0.8673213124275208
0032,81846_2907c980_0,0.0033309967257082462,0.852138340473175
0033,24168_a0ede173_111,0.009685472585260868,0.043366074562072754
0034,53461_a5942665_1,0.0023015975020825863,0.9146366119384766
0035,24907_c72322ea_13,0.0029584327712655067,-0.11632001399993896
0036,133424_315bcaeb_7,0.0013394384877756238,-0.7332879304885864
0037,40490_916e13fe_0,0.014922607690095901,0.53519606590271
0038,38000_b5822e44_3,0.01971006765961647,0.7012726068496704
0039,138520_f4e0bc0b_63,0.0003433278761804104,0.6724492311477661
0040,61294_9255796d_3,0.0017082302365452051,-2.1963369846343994
0041,22176_272891b8_0,0.0023494658526033163,-0.19177699089050293
0042,24815_4f2a57e4_1,0.026132170110940933,0.2326616644859314
0043,113343_e692c488_1,0.001614560722373426,-1.436499834060669
0044,33995_18423507_1,0.0008743784856051207,-0.17786765098571777
0045,127897_029949fd_6,0.009056630544364452,0.8189040422439575
0046,123181_4e56fb4f_0,0.00713376235216856,0.8966531753540039
0047,22670_9353c710_1,0.001358396839350462,-7.278509140014648
0048,128642_4d72bf31_2,0.0036879833787679672,-0.9977933168411255
0049,146667_fe438b5b_6,0.018585490062832832,-0.13498973846435547
0050,38260_2a31c6df_2,0.0025341531727463007,0.6428549289703369
0051,24443_996411f9_3,0.004539117682725191,0.8969936966896057
0052,142074_34e02b6d_1,0.0008662856416776776,0.7405596971511841
0053,41501_b627682a_15,0.007106979377567768,0.3789430260658264
0054,24712_da77fe8f_0,0.008646128699183464,0.8382330536842346
0055,32960_0eaa1de8_26,0.004838414490222931,0.9103823900222778
0056,130757_b2c47f8d_2,0.000598424463532865,-16.884925842285156
0057,104817_6d73dc41_0,0.011152764782309532,-0.2495211362838745
0058,79243_49539d9f_0,0.004719428718090057,0.8983258008956909
0059,82012_c533307b_1,0.0015771115431562066,-0.4691351652145386
0060,107649_e651c5ca_1,0.0003703926922753453,-1.5829246044158936
0061,40997_e3c88650_12,0.004273430909961462,0.8903849124908447
0062,143029_70554264_4,0.0022286376915872097,0.6953508853912354
0063,27054_342fcf5c_3,0.0009598892065696418,-0.0018388032913208008
0064,41648_577daf16_17,0.004441944882273674,-0.6814970970153809
0065,89720_4e65191c_1,0.003949574660509825,0.9043208360671997
0066,75382_1b589ea9_12,0.0015776199288666248,-3.5098013877868652
0067,120371_433ba1ca_2,0.014958505518734455,-0.3045613765716553
0068,49024_b7f02205_13,0.0027989596128463745,0.8763737678527832
0069,51022_47816098_7,0.04006878286600113,0.5885535478591919
0070,41634_4f5d0edb_0,0.0017439585644751787,-2.4872395992279053
0071,23170_6ea8ded5_3,0.008046019822359085,0.8653491735458374
0072,69589_cd2fa794_8,0.012171334587037563,0.2041614055633545
0073,41504_85e300ee_0,0.0077582173980772495,-0.059303998947143555
0074,128996_42176b10_0,0.00909327156841755,0.2640078067779541
0075,38920_e81879c2_7,0.0017482639523223042,-2101.673828125
0076,148051_c59af578_6,0.0022974859457463026,0.9374281167984009
0077,65494_16d62db5_0,0.001187479472719133,-0.5912270545959473
0078,25473_0991d519_0,0.002751833526417613,0.9353494644165039
0079,75270_25a261ef_5,0.015683099627494812,-0.5648528337478638
0080,49613_1b97c07b_12,0.0003155271988362074,-2.351168394088745
0081,115633_a2c63339_1,0.0005780048086307943,0.8290376663208008
0082,52366_63042db4_1,0.006274400278925896,0.8571966886520386
0083,30282_88c6933c_5,0.004265665076673031,0.4896863102912903
0084,53474_f29e4438_12,0.009070046246051788,0.7030596733093262
0085,24026_1dd4094b_21,0.0032864881213754416,0.6251107454299927
0086,21225_c081eae3_2,0.007272917777299881,0.03867083787918091
0087,35057_9af89947_8,0.0012420814018696547,0.0022533535957336426
0088,43529_4804941b_20,0.011062705889344215,0.6628621816635132
0089,22103_fd11c71b_3,0.021432312205433846,-1.6762430667877197
0090,51536_a18dc325_0,0.003997372929006815,0.7878516316413879
0091,24230_636208ab_13,0.042613591998815536,-25.168176651000977
0092,41117_1b3271f2_56,0.03750103339552879,0.42092466354370117
0093,140499_419d5823_0,0.004453602712601423,0.6150184869766235
0094,115524_a949e82c_2,0.0009867765475064516,-2.843902111053467
0095,29833_0ed4880f_3,0.01251271367073059,0.7748662233352661
0096,127556_4823a42a_6,0.00241643819026649,0.5940921902656555
0097,23960_48cc0f21_19,0.0009439706336706877,-12.237130165100098
0098,132987_ba18d2eb_11,0.0007236054516397417,-0.38560807704925537
0099,51337_f8636fd9_30,0.0010311832884326577,-0.16509997844696045
0100,40999_cad6be09_18,0.017126649618148804,0.5950844287872314
0101,136886_99fbdef3_0,0.000614124583080411,-0.05387234687805176
0102,30447_4ed3b778_7,0.2547966539859772,0.061266422271728516
0103,55811_bc667b2d_13,0.0017721938202157617,0.3253295421600342
0104,41716_d55164d4_1,0.0007753546815365553,0.7286481857299805
0105,33610_aa697fc9_6,0.005703184753656387,0.5790331959724426
0106,55095_fa260d33_6,0.029247000813484192,0.229067862033844
0107,115639_bc0cc622_0,0.021436680108308792,-0.5695242881774902
0108,20841_1620ae7d_0,0.0176217183470726,-1.4260504245758057
0109,50823_d1830e58_2,0.009066392667591572,-0.794748067855835
0110,109762_cb162371_48,0.0005454621277749538,0.8083232641220093
0111,41387_5f752e39_23,0.002527728909626603,0.9065201282501221
0112,121540_629c716f_0,0.0036579587031155825,0.8451513051986694
0113,118539_1dff9cf9_12,0.0008344280067831278,-60.0261344909668
0114,30714_dafa62f6_2,0.04996981471776962,0.34624266624450684
0115,79633_bbbde75f_0,0.005032059736549854,0.877274751663208
0116,33059_531cfd5e_11,0.004006917122751474,0.3442401885986328
0117,20697_d3e106b4_4,0.0008885989664122462,-6.462925910949707
0118,136062_0027ff97_6,0.012373712845146656,-0.14158785343170166
0119,146291_6b0c8db3_1,0.04692471772432327,-0.09206008911132812
0120,45466_5f662bcb_0,0.0017584682209417224,-2.6206674575805664
0121,144500_7f600ab6_0,0.0022988079581409693,0.787422776222229
0122,44996_b3e9c266_4,0.009131447412073612,-0.9287247657775879
0123,40713_4c9264ef_0,0.005584724713116884,0.2548670768737793
0124,132384_0fcab1fa_13,0.002258306834846735,-1.429433822631836
0125,33738_77d49563_2,0.0246320441365242,-27.631494522094727
0126,129422_621d0a90_33,0.0004120524972677231,0.8060699701309204
0127,115633_fd3c9b97_32,0.000997452181763947,-3.08724308013916
0128,69337_a122ffde_1,0.0035361959598958492,0.6385756731033325
0129,37241_29f91452_0,0.004583113826811314,0.8939772248268127
0130,141199_9ae000ef_6,0.0052283587865531445,-3.4194536209106445
0131,147133_92c04b84_4,0.0008381126099266112,0.26286953687667847
0132,77687_cbb18594_50,0.01731400191783905,-10.950892448425293
0133,144290_2a679085_11,0.0016276921378448606,-3.793789863586426
0134,130825_c59bbbfb_0,0.0049140299670398235,0.8742461800575256
0135,82512_252da752_6,0.001756660407409072,-2716.7421875
0136,115624_d0acb46b_24,0.013627078384160995,0.8521440625190735
0137,92134_52f13f49_7,0.0008107139146886766,0.4913574457168579
0138,100326_0602c712_7,0.0005978561821393669,0.057588160037994385
0139,134630_f9e85072_0,0.0026189258787781,0.3971032500267029
0140,108943_b07b2543_1,0.007795562501996756,-0.2855081558227539
0141,125416_ab456bc3_5,0.005145572591573,0.5631327629089355
0142,57222_33b428d7_69,0.0024886976461857557,-1.4890742301940918
0143,24650_dad8c8ee_13,0.01352913212031126,0.7602726817131042
0144,41749_14d0599c_1,0.0024032164365053177,0.6425069570541382
0145,49396_98ab955d_27,0.0011720588663592935,0.23479831218719482
0146,136892_e2a0b32c_4,0.0002635170239955187,-5.775996685028076
0147,31962_e5291336_28,0.004619793966412544,0.8991761207580566
0148,34231_e27353cb_0,0.0010226129088550806,-0.07518362998962402
0149,112724_d334de09_0,0.02841315045952797,0.5583872199058533
0150,56486_82b3e23a_21,0.0010094825411215425,-10.73872184753418
0151,40500_6055e3d7_17,0.000833181373309344,-27.028823852539062
0152,39468_15fb2e60_43,0.0025121807120740414,-3.0991415977478027
0153,141710_17531562_7,0.005927113350480795,0.8324860334396362
0154,33529_756075a0_12,0.0030062084551900625,0.4110822081565857
0155,54169_3a875f10_8,0.0057105314917862415,0.8493790626525879
0156,41023_5445cb61_9,0.0006223018281161785,0.45270198583602905
0157,146380_5c569eeb_2,0.008937893435359001,-3.8038768768310547
0158,24195_9791f5d3_38,0.0008883371483534575,-16.517593383789062
0159,26573_7f7e176d_2,0.07225797325372696,0.35909515619277954
0160,22734_f6bad9f7_25,0.023432517424225807,0.6224491596221924
0161,48112_9538e204_0,0.009655995294451714,0.8083277940750122
0162,127545_6fa39158_10,0.033463310450315475,0.7397805452346802
0163,23788_5c0b60c6_0,0.04702453687787056,-23.692018508911133
0164,23792_5b4c1ce0_21,0.0023811531718820333,0.9248650074005127
0165,146067_46e58ab3_1,0.13425756990909576,0.1482033133506775
0166,101072_dec6f415_3,0.0014035666827112436,0.3566164970397949
0167,22829_b6649a29_0,0.0007704286836087704,-11.77454662322998
0168,55389_a736bd99_0,0.005815553944557905,-2.0891923904418945
0169,30259_d709601c_9,0.03240596130490303,0.07682716846466064
0170,35866_d0233b36_13,0.0007427762029692531,-6.88720178604126
0171,34563_52848c45_5,0.0009751662728376687,0.605278491973877
0172,44519_90af0df6_7,0.009478513151407242,-1.7649970054626465
0173,114111_59282658_8,0.00019326932670082897,0.9338666796684265
0174,45922_26941172_15,0.07149801403284073,-0.19686079025268555
0175,41303_bd1def52_3,0.002962235128507018,0.25099027156829834
0176,22053_de30641b_1,0.0008256713626906276,-11.639322280883789
0177,22298_51433023_4,0.0064313290640711784,0.8598757982254028
0178,23479_81a49137_0,0.0077791824005544186,-1.825991153717041
0179,22225_a3ce4d29_37,0.02457066811621189,0.6598182320594788
0180,135669_490cd2d7_14,0.03766315057873726,-1.0201311111450195
0181,32173_8b075b1a_4,0.005901746451854706,0.9044058918952942
0182,145119_24107428_5,0.005548659712076187,0.5791163444519043
0183,41774_88a7a483_36,0.0010740909492596984,0.4479740858078003
0184,133549_1b6c58d6_0,0.01944294385612011,0.5861875414848328
0185,40936_6de8f4f4_0,0.10553804039955139,0.3416329622268677
0186,23008_3d1bb7b2_0,0.030056366696953773,0.568750262260437
0187,38360_ad61c9b2_1,0.0025422812905162573,-0.65177321434021
0188,136109_3d342d3c_2,0.005696388427168131,0.7709909677505493
0189,135790_a27f9deb_11,0.0015176229644566774,-0.8819922208786011
0190,140249_7c1c5bba_0,0.000577205908484757,0.2973744869232178
0191,128996_a3d026d6_0,0.004808105528354645,0.014694690704345703
0192,23235_f9ccb8b0_0,0.0013399369781836867,-0.05669224262237549
0193,93671_f7290ded_0,0.00046437320997938514,0.7248274087905884
0194,51109_97b211c3_7,0.007912461645901203,0.03295862674713135
0195,51916_fa226b15_13,0.0015806923620402813,-2.41544508934021
0196,86268_094d3fab_1,0.007482775021344423,0.8503757119178772
0197,39637_ca6a9a60_1,0.009474273771047592,-0.1716923713684082
0198,47219_93cb3619_3,0.06077221408486366,-0.07041096687316895
0199,47878_0edb6829_0,0.009486143477261066,0.8312939405441284
0200,26764_ab35159a_6,0.0054151201620697975,0.7838521003723145
0201,34341_d19b12fb_12,0.002261646091938019,-1.4904849529266357
0202,118342_c702e084_6,0.012905748561024666,0.7051896452903748
0203,49886_dd68dccb_4,0.0053465645760297775,0.595180869102478
0204,23493_57512264_5,0.0014534344663843513,-3.5821213722229004
0205,31751_e37382e1_5,0.004491291008889675,0.8849573135375977
0206,24338_848cab42_6,0.00691251689568162,0.4538842439651489
0207,24916_42eacca3_10,0.005272909998893738,-1.84879732131958
0208,137485_a953e1be_2,0.009121467359364033,0.8176159262657166
0209,23706_ef15ef9c_18,0.009479830972850323,0.3711758852005005
0210,143671_eaf4d13b_6,0.029187209904193878,0.5546790361404419
0211,53470_39f2e9dc_13,0.0017934903735294938,-1.2728784084320068
0212,145772_59253c6d_3,0.0011138501577079296,-0.5695196390151978
0213,51893_d531e2bd_2,0.001091210637241602,0.9762406349182129
0214,39389_d641313f_8,0.0504278764128685,-0.9241324663162231
0215,51595_41f3d1a3_5,0.0008687059744261205,0.17528432607650757
0216,51674_a70c1c6c_15,0.0010653160279616714,-3.0585436820983887
0217,37617_3f415463_5,0.002276030834764242,-0.7262904644012451
0218,31862_a89f21f9_3,0.012157082557678223,0.6387141942977905
0219,40519_55a097c6_11,0.024501005187630653,-0.42854297161102295
0220,111306_9108c940_0,0.012513455003499985,-1.3947038650512695
0221,136640_16741d62_4,0.001683807815425098,-0.14583754539489746
0222,23155_d7305c5f_2,0.010193073190748692,0.7935329675674438
0223,43934_912ff891_41,0.001862477045506239,-7.878373146057129
0224,57017_6033d1e5_0,0.006131751462817192,0.6912994384765625
0225,126913_d253adb7_1,0.002431293483823538,0.02768939733505249
0226,130752_52d74f2f_48,0.015800919383764267,-0.06514787673950195
0227,124177_71283cad_0,0.00454027159139514,0.6498966217041016
0228,24650_dad8c8ee_18,0.0024263153318315744,0.9379779100418091
0229,55199_4d57661f_2,0.0031825562473386526,0.8094717264175415
0230,115010_eb737aaf_20,0.00811927579343319,0.8445237278938293
0231,27855_19c5895a_12,0.0037041776813566685,-0.9428284168243408
0232,52772_a6e6e320_0,0.000766534183640033,-0.02868354320526123
0233,90917_3d2d21a9_0,0.020039808005094528,0.5416682958602905
0234,40703_5f4e45d4_7,0.0077482894994318485,0.8462909460067749
0235,132622_911efd2f_1,0.03111972287297249,0.534185528755188
0236,43441_e1ab0873_6,0.05226551368832588,0.1749039888381958
0237,34917_61633e20_6,0.0059935953468084335,0.870059072971344
0238,67221_275ba7e6_4,0.006603399757295847,0.867541491985321
0239,130719_e4764a36_10,0.0005025283899158239,-0.09582149982452393
0240,136318_130d6a06_20,0.002737437142059207,0.7503141760826111
0241,99636_73c43ebd_10,0.006953061558306217,0.8123878240585327
0242,29377_3a04cb8d_6,0.0014170915819704533,0.7932619452476501
0243,23018_63087a41_47,0.004861796740442514,0.8669209480285645
0244,26165_100fec74_4,0.0007490532589145005,-1.3568904399871826
0245,135934_d2f6bb2e_46,0.0010065921815112233,0.5113629698753357
0246,24039_448afafa_5,0.017411286011338234,0.16086983680725098
0247,32775_a79b406b_14,0.006550866179168224,0.1653032898902893
0248,23686_cba4f679_0,0.005626946222037077,0.46635377407073975
0249,35147_bc9f2c5d_0,0.005018260795623064,0.189896821975708
0250,136337_1351909b_2,0.010727622546255589,0.7451920509338379
0251,139222_2c10ca9a_1,0.009474379941821098,0.1849481463432312
0252,139379_fe5c3f64_0,0.0015764579875394702,0.9418804049491882
0253,33084_344fec27_2,0.008543835021555424,0.8391743302345276
0254,24775_d5c98d77_0,0.000894758035428822,-26.582378387451172
0255,56344_3a89f085_23,0.015325468964874744,-0.420369029045105
0256,135112_cf8007b8_5,0.008962227031588554,0.7793244123458862
0257,50706_20d07d57_2,0.06189489737153053,0.4068790674209595
0258,51744_cd355565_5,0.020685985684394836,0.380415678024292
0259,51464_da501c24_0,0.0278581902384758,-4.490871429443359
0260,126572_a2d6f794_23,0.0013745195465162396,-46.5716552734375
0261,70021_e673ae54_2,0.001885537407360971,-1.716749668121338
0262,25144_31b089b6_5,0.0017589564668014646,0.20327895879745483
0263,24715_55aac5f2_2,0.0015404765726998448,-127.24452209472656
0264,24532_f82f8000_2,0.005098352674394846,-3.127312183380127
0265,30664_a3084f71_1,0.0025382970925420523,-0.06123089790344238
0266,81145_5c13a8e9_1,0.0010419710306450725,-0.06426942348480225
0267,132037_2abb8c63_10,0.0010782892350107431,-3.956693649291992
0268,50414_ac159b58_2,0.006488255225121975,0.7641969919204712
0269,21601_360ce1c7_7,0.004872692748904228,0.9114459753036499
0270,22119_27e3ecbe_9,0.0045990170910954475,0.8573869466781616
0271,145120_74f7316f_0,0.01280339527875185,0.42113959789276123
0272,74574_c302ff1f_0,0.0008692119736224413,-0.1416471004486084
0273,52443_085efc00_4,0.024003466591238976,-6.843120098114014
0274,147546_ede0f31c_3,0.02894977480173111,0.3739688992500305
0275,22492_047b125b_21,0.013329162262380123,0.6906384229660034
0276,72313_5a86e234_0,0.05317477136850357,-0.015772342681884766
0277,45589_49e3c7ea_2,0.0025142154190689325,0.9241862297058105
0278,83432_a7f85698_0,0.008470132015645504,0.8097510933876038
0279,32775_a79b406b_0,0.0006825780728831887,-5.5732903480529785
0280,121703_69c4a5ac_3,0.0009670231374911964,-2.503823757171631
0281,80901_e9080573_6,0.003346159588545561,0.8694155812263489
0282,21809_8bd6b10e_3,0.023622741922736168,0.4800630211830139
0283,49396_98ab955d_15,0.028134580701589584,-1.6826093196868896
0284,33766_14917a4a_19,0.0053704362362623215,0.8805087804794312
0285,26661_ab88a525_8,0.0029361890628933907,0.9176880717277527
0286,44030_17bd5ec9_0,0.04170222580432892,-50.264827728271484
0287,53221_74fa81cd_7,0.001075978740118444,0.06990581750869751
0288,21887_3306168f_7,0.05988873913884163,-4.967301368713379
0289,86185_85fde9e6_0,0.00997700821608305,-0.5247890949249268
0290,87951_500b1dcd_2,0.0011853815522044897,-0.2689551115036011
0291,22276_69c5036b_11,0.014890936203300953,0.6103976964950562
0292,41721_44151488_5,0.005739118438214064,0.4685910940170288
0293,102293_5d04e48d_0,0.03632606193423271,-0.7235229015350342
0294,77687_cbb18594_20,0.0009809073526412249,-0.36065375804901123
0295,133248_1bab99ae_0,0.002819810761138797,-0.24303221702575684
0296,24051_4852a192_2,0.006503679323941469,0.7767717838287354
0297,86806_2993395a_1,0.002320714760571718,-0.9701294898986816
0298,38558_b0d6b3f8_1,0.010045060887932777,0.7938279509544373
0299,140549_7d01813c_0,0.034259237349033356,-0.08677041530609131
0300,24559_3c306e71_1,0.0036352279130369425,0.4408684968948364
0301,70350_751de4b0_13,0.013712890446186066,-4.58587121963501
0302,39101_23fec10f_8,0.018446875736117363,-0.9625411033630371
0303,24942_9d1b2ff2_8,0.02858392335474491,0.666834831237793
0304,30850_05d88af9_3,0.026316959410905838,0.5623800754547119
0305,113358_08641c94_4,0.016142945736646652,0.49837058782577515
0306,21234_8b71bd47_27,0.004258118569850922,-0.5404907464981079
0307,26245_4aac38e1_21,0.003771674120798707,-7.750794410705566
0308,66072_d301cc88_0,0.001036930363625288,0.551575243473053
0309,21894_93f0d052_23,0.00530504435300827,0.47600579261779785
0310,147816_7fb70c2b_2,0.0031587264966219664,0.6686853170394897
0311,49120_4131d1e7_1,0.0022581310477107763,0.5479066371917725
0312,52224_ca16c854_4,0.013514440506696701,-0.9298619031906128
0313,105762_19e04e0b_1,0.001238222699612379,-8.77468204498291
0314,30400_8824ce97_36,0.002083375584334135,0.6999161243438721
0315,95199_ffcff41e_0,0.0017816503532230854,-0.8254373073577881
0316,50417_199cffee_3,0.002256168518215418,-0.755972146987915
0317,24544_d06c82dd_5,0.00925364438444376,0.8468598127365112
0318,22604_565b91f5_2,0.003363586962223053,0.8596603274345398
0319,22788_b6a9e30a_4,0.009432858787477016,-1.3572123050689697
0320,45789_d5126eab_14,0.002862330060452223,0.415299654006958
0321,37267_b2be4b50_3,0.001557636191137135,-155.73385620117188
0322,34330_5eff1ee1_3,0.0022842984180897474,0.7334123849868774
0323,137999_d934160e_1,0.0012134452117606997,-8.386645317077637
0324,134921_f5efde94_27,0.0017367436084896326,-0.5967665910720825
0325,53470_39f2e9dc_8,0.0005308527615852654,-4.955465316772461
0326,23497_f292546d_25,0.005569014698266983,0.7685422301292419
0327,22289_4b848f64_2,0.002550426172092557,0.6545814871788025
0328,31392_84b62622_2,0.007100466638803482,0.40823978185653687
0329,51347_1fc6f329_0,0.0015994461718946695,0.6406917572021484
0330,50777_2934de55_6,0.002229425823315978,0.9204615950584412
0331,32841_954e8c1a_0,0.0015365700237452984,-0.5852773189544678
0332,31530_6744ae73_3,0.006859560031443834,0.8993163108825684
0333,65827_d1469ad6_1,0.0002833924372680485,-1.120800495147705
0334,145461_30637b22_8,0.0009313647751696408,-36.22746658325195
0335,31973_093ea963_13,0.0006653342279605567,0.7409915924072266
0336,70355_e5f58cd5_14,0.012525800615549088,-0.22157680988311768
0337,77687_cbb18594_40,0.0006056486163288355,-1.6758205890655518
0338,24392_fce351ea_0,0.0008986962493509054,0.51820969581604
0339,36853_7efccb8c_3,0.017256690189242363,-1.3552970886230469
0340,41644_d15f8e2b_5,0.0006639929488301277,-2.4217140674591064
0341,131762_9b5e5ff5_2,0.009340566582977772,0.43592965602874756
0342,82193_96ef9433_2,0.010496014729142189,0.836433470249176
0343,31347_386f6298_15,0.005710173863917589,0.8657355308532715
0344,34568_fbe47bf9_0,0.0006391725037246943,-0.8296613693237305
0345,115624_fe3eb392_3,0.020002739503979683,0.5422381162643433
0346,130446_e7b58dbe_0,0.02260401099920273,0.08802354335784912
0347,104641_2cd02839_33,0.0014354524901136756,-2.1359639167785645
0348,31460_39fdfc6a_7,0.004520277492702007,-0.01745438575744629
0349,95541_ced8f936_0,0.014956695958971977,0.6776478290557861
0350,23126_725969ea_17,0.0012762529077008367,0.8651574850082397
0351,23676_52069f98_5,0.0013664066791534424,-4.145632266998291
0352,137637_ed9c537d_0,0.0019180128583684564,0.5257436037063599
0353,22474_b10fea1a_2,0.005382719915360212,0.8696202039718628
0354,143017_21d96cc2_10,0.017321178689599037,-1.4970049858093262
0355,105270_34f92afd_1,0.0007225588196888566,-0.013443946838378906
0356,95622_0a0787e4_4,0.01162722334265709,0.8263388872146606
0357,55854_13f0399b_0,0.014666372910141945,0.6843342781066895
0358,22118_1e09e0eb_5,0.0016964566893875599,0.9276477098464966
0359,146717_3e6a84c1_7,0.016360856592655182,0.7547600865364075
0360,63132_330141d7_3,0.008167228661477566,-0.6563585996627808
0361,115633_fd3c9b97_46,0.00044919096399098635,0.07477933168411255
0362,21644_aa203dc5_29,0.02818271704018116,-5.917563438415527
0363,79791_00f639ca_15,0.006873369682580233,0.8842806220054626
0364,60711_42b5a13e_1,0.0015237494371831417,0.8312553763389587
0365,137483_cdb8989d_0,0.016492119058966637,0.6556644439697266
0366,21644_aa203dc5_26,0.033567022532224655,-4.793352127075195
0367,131876_b2384623_0,0.0008079168619588017,0.4783552289009094
0368,23706_ef15ef9c_10,0.030143529176712036,-3.611466407775879
0369,68948_0d2a01cd_9,0.010896607302129269,0.6943837404251099
0370,145137_4e9eef42_1,0.0041715302504599094,0.16100358963012695
0371,30426_2cde26de_20,0.05724276974797249,0.34862709045410156
0372,31378_34c52a73_0,0.02774185501039028,-6.7016072273254395
0373,92134_52f13f49_4,0.000729984836652875,0.5073385834693909
0374,119634_fc722479_1,0.02461319789290428,0.6613606214523315
0375,24032_d6172503_24,0.0012838883558288217,0.46245867013931274
0376,136401_69f29349_4,0.0004313868994358927,-5.693405628204346
0377,41871_f9a1ad02_26,0.009224495850503445,0.29957443475723267
0378,48220_87941c4e_116,0.002336402889341116,0.6542533040046692
0379,115012_9ed88535_2,0.005864796228706837,-1.3424623012542725
0380,69488_025cf0a2_1,0.1390049159526825,0.05769437551498413
0381,147427_69f68da4_3,0.0014954435173422098,-3.1448159217834473
0382,33766_14917a4a_32,0.0025441928301006556,0.9084798097610474
0383,51747_3d58eae0_0,0.027697404846549034,-2.7190072536468506
0384,33785_a4c23f61_0,0.15239578485488892,0.42507487535476685
0385,114935_797875fe_2,0.010224906727671623,0.6280151605606079
0386,51775_49ef614a_26,0.0018362569389864802,-2.2648346424102783
0387,38196_ea48fa42_3,0.000644843967165798,-6.543573379516602
0388,140413_44177109_21,0.0009221482323482633,-15.876119613647461
0389,27676_79237cc5_1,0.002114900154992938,0.3081170916557312
0390,52883_e518d3f4_33,0.009966184385120869,0.8036754131317139
0391,34347_841c5375_2,0.0006462341989390552,-12.13936710357666
0392,55289_292737cb_0,0.007784329820424318,0.8505545258522034
0393,50606_82cb18e2_0,0.007153794635087252,0.7188433408737183
0394,30407_efa567f2_4,0.006946400739252567,0.8325061798095703
0395,31647_ab9ad9dc_13,0.008026099763810635,0.22244328260421753
0396,24896_58b4730f_17,0.032315753400325775,-5.027378559112549
0397,23602_5daaccf5_4,0.014871109277009964,-0.038681864738464355
0398,27725_5cceaeb7_10,0.0043824343010783195,-8.104602813720703
0399,127734_395dcf7d_5,0.017263241112232208,-1.8071210384368896
0400,31957_d864f861_3,0.004748480394482613,0.032337307929992676
0401,49415_1671b60c_4,0.003799170022830367,-2.5523548126220703
0402,45110_fae73324_4,0.006231834180653095,0.6674328446388245
0403,22343_34184fd5_18,0.0009490957600064576,-2.6132609844207764
0404,22848_cc91b848_38,0.002009097719565034,-2314.947998046875
0405,73652_23b21ef2_1,0.031776148825883865,0.3610263466835022
0406,65569_bd890a32_1,0.0016959512140601873,-15.267271041870117
0407,48220_87941c4e_111,0.0038202819414436817,0.3309270739555359
0408,30394_e30f932c_0,0.013476168736815453,0.22892779111862183
0409,21941_1a683ec2_26,0.009085002355277538,0.6206263303756714
0410,25564_e646fcb3_1,0.0007350084488280118,-1.4822180271148682
0411,134053_87a32e31_3,0.0013016265584155917,-2.551685094833374
0412,87950_af56e26e_2,0.012375899590551853,0.0942036509513855
0413,51458_54240b70_17,0.001758033875375986,-0.9418278932571411
0414,40688_effe215a_1,0.0051610274240374565,0.8721965551376343
0415,131494_c8a441d0_0,0.0027302277740091085,0.46834319829940796
0416,26768_c4df841f_21,0.0027975819539278746,-2.277048110961914
0417,136892_2d5f55a9_0,0.007506201975047588,-0.6460241079330444
0418,54652_d60ac3e0_10,0.04492810368537903,-1.4374909400939941
0419,51747_3d58eae0_1,0.002519424771890044,-0.029930472373962402
0420,54650_df3655c1_0,0.0008961083367466927,-8.814689636230469
0421,41125_711db4bf_58,0.027676619589328766,-2.078552007675171
0422,45418_f603706b_2,0.02811831422150135,-6.112039089202881
0423,21852_6cf9a734_18,0.059355322271585464,0.49268555641174316
0424,122515_758d8b70_6,0.0007987449644133449,-658.5931396484375
0425,104081_05ba54fa_2,0.0047074793837964535,-0.9770503044128418
0426,41672_cf87e0b6_0,0.01346229575574398,-1.0777509212493896
0427,22638_37f9fe91_1,0.0013313923263922334,-2.933363437652588
0428,24559_3c306e71_3,0.007453375495970249,-0.35378289222717285
0429,31589_ac31215d_8,0.0006523012416437268,0.6548219919204712
0430,49603_143b8bd2_35,0.0056995488703250885,0.5489053130149841
0431,127965_c64a91da_0,0.0011618901044130325,0.6992959976196289
0432,36062_f2fb6808_1,0.00048644881462678313,-3.495760917663574
0433,139280_8874b1ab_18,0.0010452771093696356,-0.00442194938659668
0434,30997_24dea167_4,0.004732686560600996,0.5731097459793091
0435,143471_eb185912_5,0.0014835132751613855,-14.189706802368164
0436,23176_1bf2a2d5_10,0.0039032958447933197,0.8386232852935791
0437,98299_b8146029_5,0.0028383892495185137,0.7541854381561279
0438,23466_1cf60d09_4,0.011232346296310425,0.6859210133552551
0439,41591_2d0bd0d5_3,0.010954498313367367,0.6149129867553711
0440,134929_9049dcec_1,0.000898007012438029,0.5184701681137085
0441,41785_e8bf0528_0,0.003267650492489338,0.8576128482818604
0442,31460_39fdfc6a_6,0.004328729584813118,0.9072985649108887
0443,133710_00be7f31_1,0.013083931058645248,-0.5012931823730469
0444,24532_f82f8000_0,0.029242968186736107,-5.432340145111084
0445,21234_8b71bd47_3,0.0007135371561162174,-0.0801306962966919
0446,35175_6edc4126_5,0.005480045918375254,0.841202974319458
0447,20495_e8e7e80c_1,0.0005644357297569513,0.3418654203414917
0448,76546_c17e95aa_2,0.0014183593448251486,-7.34304141998291
0449,41654_e75f89df_0,0.011379093863070011,0.3823885917663574
0450,109772_f1a0845e_6,0.04359883442521095,-24.192211151123047
0451,34913_d23e2a24_0,0.0034175184555351734,0.8101283311843872
0452,25203_1cc0cb3c_12,0.004927425179630518,0.917765736579895
0453,37160_2a95674a_4,0.007072149775922298,0.5383409261703491
0454,69240_dc199112_4,0.028967861086130142,-4.50236177444458
0455,25176_d9130589_0,0.005695115774869919,0.25151824951171875
0456,69235_fe79a369_0,0.00029367994284257293,0.3404398560523987
0457,39468_15fb2e60_9,0.0025630565360188484,0.6281657218933105
0458,103284_e25015aa_6,0.0005587556515820324,-3.453207492828369
0459,30377_e18ea3de_0,0.046152468770742416,-36.389400482177734
0460,66080_f578d52b_4,0.0026338829193264246,-12.53742504119873
0461,37444_52b27e94_14,0.005383855197578669,0.18006563186645508
0462,38675_6e07d74b_31,0.004232904873788357,0.8660620450973511
0463,21680_360ba5c7_28,0.011263380758464336,0.1793622374534607
0464,142032_5c32b7db_2,0.007528854068368673,0.861362636089325
0465,44210_a155c2d1_0,0.04489932954311371,0.0005218386650085449
0466,38287_88ec74de_92,0.014187333174049854,-1.0944628715515137
0467,29572_2f9283f2_4,0.005374259315431118,0.5996701121330261
0468,28300_b3a6ab79_10,0.0013402823824435472,0.9536557793617249
0469,136129_e6a20c7d_5,0.000819608336314559,-0.25754666328430176
0470,119381_e4d13609_0,0.007226716727018356,0.7265802621841431
0471,30729_b4d83b07_4,0.0008844658150337636,-17.16234588623047
0472,140413_44177109_11,0.010035828687250614,0.5279959440231323
0473,26384_83eddf22_0,0.012959780171513557,0.010527968406677246
0474,82285_e7a738e7_2,0.01634812541306019,-0.3616997003555298
0475,108599_347602af_0,0.019452722743153572,0.3950757384300232
0476,119889_41a6f268_1,0.0005721337511204183,0.1556662917137146
0477,55006_94230c00_1,0.011560533195734024,0.6385754346847534
0478,21517_bfe35b4c_10,0.001420726184733212,0.3471311926841736
0479,20818_098cad7c_6,0.001373346894979477,-0.47069990634918213
0480,41855_b82e6ae8_6,0.019861428067088127,-1.2959325313568115
0481,137166_90691294_8,0.0008838286157697439,0.4130580425262451
0482,69561_f274e705_26,0.003170844167470932,0.847129225730896
0483,51579_d0c3e154_0,0.012772249057888985,0.4595416188240051
0484,23676_52069f98_4,0.006647401489317417,0.7906866073608398
0485,31962_e5291336_1,0.003082815557718277,0.908789336681366
0486,57222_33b428d7_1,0.001511974143795669,-0.12248289585113525
0487,51586_2ad96f8c_17,0.0010085443500429392,-11.130911827087402
0488,41473_c2137170_32,0.0031333076767623425,0.5116621255874634
0489,31123_9a1bfc50_2,0.002444654004648328,0.8153887391090393
0490,23211_3aac9c7e_0,0.0028178771026432514,0.47202032804489136
0491,45798_b573e9da_5,0.031035790219902992,-0.5998488664627075
0492,27847_d2436f7c_37,0.0008908765739761293,-0.02968299388885498
0493,54736_6ee1b513_1,0.004755104426294565,-3.108189105987549
0494,132901_7d205bb4_9,0.00047112477477639914,-2.123642683029175
0495,73762_8c704690_0,0.005125114228576422,0.30887800455093384
0496,23209_1592b0a4_1,0.004334405064582825,0.6994082927703857
0497,49024_b7f02205_2,0.0015632659196853638,-2.9633846282958984
0498,147630_7f858240_15,0.0057285986840724945,-0.009253740310668945
0499,69337_2c778611_11,0.0010930107673630118,0.35662412643432617
0500,82498_92a00cd6_1,0.0019175054039806128,0.40587693452835083
0501,78775_e2d8b091_1,0.020945409312844276,-1.8409216403961182
0502,40067_95ae6c76_9,0.015513616614043713,-0.6619491577148438
0503,80756_6f2e842f_0,0.0019171576714143157,0.6099191904067993
0504,25284_1da7aa8a_0,0.0277992095798254,-4.500927448272705
0505,55605_2f8bc12e_62,0.0060104443691670895,0.7944411039352417
0506,39792_60786b6c_15,0.008484013378620148,0.8296805024147034
0507,34063_0ca1585e_2,0.002416749019175768,-0.5665098428726196
0508,31664_1e85c690_13,0.0036305314861238003,0.8961921334266663
0509,131193_98f3ac52_1,0.001494131749495864,0.3317233920097351
0510,120221_e2eaa34b_2,0.00308068934828043,-0.05710339546203613
0511,130286_1f71bfed_3,0.004242629278451204,-0.26392292976379395
0512,118342_e8142153_21,0.0006996841402724385,0.7414299249649048
0513,128043_9f8cd69e_1,0.0011083552381023765,-0.5269362926483154
0514,41504_85e300ee_1,0.0010260909330099821,-3.4183197021484375
0515,78863_d59be42e_0,0.00697978213429451,0.16092878580093384
0516,31733_5118b376_3,0.042387593537569046,0.6975176334381104
0517,22208_e177deb7_5,0.0025845151394605637,0.38256192207336426
0518,24026_1dd4094b_43,0.0016700236592441797,-0.4605560302734375
0519,73388_10a40b49_1,0.013744967058300972,0.1908583641052246
0520,138219_cdff4f61_0,0.003569697728380561,-1.355858325958252
0521,49399_dc56d180_1,0.008656925521790981,0.83809494972229
0522,41306_8f26e703_3,0.0008963827276602387,0.6910496950149536
0523,51590_034b8b08_14,0.060205426067113876,-0.01815009117126465
0524,48402_8c965495_4,0.0021754184272140265,-2.1293251514434814
0525,26388_a3367cba_0,0.007077077403664589,0.11784791946411133
0526,28300_b3a6ab79_6,0.0038575162179768085,0.8709410429000854
0527,43938_418421a7_0,0.002244483446702361,-0.017425060272216797
0528,41520_60018d18_0,0.0012386898742988706,-7.918691635131836
0529,137869_344b239b_0,0.0003224443644285202,0.24152237176895142
0530,41648_577daf16_0,0.014742210507392883,0.36894744634628296
0531,31347_386f6298_10,0.008780064061284065,0.8338406682014465
0532,82190_24b1b0fe_12,0.0032717508729547262,0.4270203709602356
0533,33741_4a973932_1,0.0031531366985291243,0.4772387146949768
0534,42005_3da46d94_0,0.0008668730151839554,-18.410818099975586
0535,132982_ee1eed2f_0,0.006120473146438599,0.7386390566825867
0536,23898_6e740393_29,0.0053326101042330265,-9.507631301879883
0537,105831_88a0fb85_6,0.005490362178534269,0.8802569508552551
0538,31278_749a6317_0,0.0012281561503186822,0.2622794508934021
0539,51586_2ad96f8c_4,0.04311692714691162,-18.685401916503906
0540,57000_cd1ddece_14,0.028055697679519653,-10.435568809509277
0541,50692_e7ff2668_8,0.00395957799628377,0.85917067527771
0542,65346_e89312e5_0,0.0009027874912135303,-0.36434853076934814
0543,38840_0e449caf_4,0.0032423734664916992,0.16263127326965332
0544,29573_ca59fbbf_5,0.03304698318243027,0.6668399572372437
0545,30164_c5680724_12,0.01085346657782793,0.4272342920303345
0546,138620_e21e10ee_0,0.002380088437348604,-1.028365135192871
0547,50305_caf9cef2_34,0.01496386993676424,-24.892213821411133
0548,83396_fdb2987a_0,0.0026308309752494097,0.9051541686058044
0549,28379_7e292343_4,0.008923969231545925,0.8033744096755981
0550,33529_756075a0_32,0.005553587805479765,0.5873247385025024
0551,109857_1d24326e_42,0.000747973273973912,-36.27415466308594
0552,22772_2b5f6629_6,0.006890883669257164,0.8869155645370483
0553,34600_e2685d46_2,0.00468381866812706,0.8288443088531494
0554,122344_ab1b06aa_2,0.02331256866455078,0.5785538554191589
0555,123573_5f5c9584_1,0.0025713995564728975,-1.0745861530303955
0556,35166_562b126c_20,0.0023373516742140055,0.9095268249511719
0557,51350_138f893a_1,0.0014604706084355712,-13.008091926574707
0558,137785_67c3085b_16,0.0068591004237532616,0.8312077522277832
0559,50417_199cffee_12,0.011034720577299595,0.4669097065925598
0560,22194_a5c323b9_3,0.02354503609240055,-2.8413119316101074
0561,42329_df7f540f_18,0.022866075858473778,-1.3849835395812988
0562,41779_25e4203d_6,0.0006082546315155923,0.0733141303062439
0563,51094_40aa8332_20,0.005940512288361788,0.7770442366600037
0564,109762_cb162371_38,0.007931292057037354,0.5824823975563049
0565,45922_26941172_9,0.02662084996700287,-3.583218574523926
0566,34587_ed155e93_0,0.0027468593325465918,0.9210794568061829
0567,69589_a468c1b4_0,0.01596108451485634,0.6629925966262817
0568,44921_00dfb467_0,0.0007960805087350309,0.8058187365531921
0569,82672_4705a693_0,0.0011044966522604227,0.5079360008239746
0570,26778_a71e88a6_0,0.00165661983191967,-3.4655117988586426
0571,69488_7bfb2b67_0,0.002869078889489174,0.9202759861946106
0572,22686_afe3a61e_0,0.001018356066197157,-5.291635513305664
0573,109772_5faa88e8_5,0.024463646113872528,-15.733991622924805
0574,43938_418421a7_147,0.0020190400537103415,0.7226290702819824
0575,141694_b5ac3112_3,0.004308616276830435,-0.6606622934341431
0576,31973_093ea963_16,0.0012123639462515712,0.23881661891937256
0577,26858_e90dc419_25,0.0013616369105875492,-6.879696846008301
0578,131350_bbdad30d_0,0.0005905608995817602,0.6632822751998901
0579,35741_c43475b8_1,0.0050092777237296104,-0.7457221746444702
0580,30690_3df2c9e2_1,0.010128509253263474,0.13644790649414062
0581,122758_5f4efbf0_2,0.0019344253232702613,0.8727238178253174
0582,37822_3be11c62_0,0.0008193917456083,0.6516034603118896
0583,91174_ee6ee92b_1,0.0008891847101040184,0.7916739583015442
0584,23676_52069f98_31,0.07500945031642914,0.2444121241569519
0585,27958_fee329eb_1,0.03342077136039734,-8.065691947937012
0586,144534_3b4fdb09_18,0.019945336505770683,-4.573195934295654
0587,30292_0b5e0265_1,0.03622834011912346,0.5068228244781494
0588,111062_e59e2d31_0,0.048439089208841324,0.449518084526062
0589,135790_a27f9deb_77,0.000713570334482938,0.8610144853591919
0590,65842_de75838b_10,0.004880308173596859,-0.02093517780303955
0591,22475_9d9601a8_3,0.001068982295691967,-4.959508419036865
0592,119884_192e3265_0,0.005337978713214397,0.20331251621246338
0593,51463_3330e3aa_2,0.016613751649856567,-0.7239847183227539
0594,23231_efe613bb_4,0.00874120183289051,0.5522925853729248
0595,22895_4533b542_2,0.00341952801682055,0.4747689366340637
0596,146219_5661130f_4,0.0129399374127388,0.7191813588142395
0597,38953_19054857_19,0.0006496543646790087,0.4226617217063904
0598,21847_b2de7eb8_24,0.004985941108316183,0.6621113419532776
0599,51603_034939eb_12,0.0004250695346854627,0.737989604473114
0600,24843_5231632c_4,0.0008125562453642488,0.49447566270828247
0601,41982_f75ceb8f_4,0.0012801751727238297,-8.738496780395508
0602,42937_c573c439_2,0.0015357253141701221,-5.455456256866455
0603,61288_2d594195_0,0.009018594399094582,-13.825723648071289
0604,55006_94230c00_0,0.0037276563234627247,-2.7122204303741455
0605,49898_f42a885e_5,0.004371902905404568,0.9047113656997681
0606,55709_af3825c8_4,0.0044923387467861176,0.8537854552268982
0607,144117_83c980ca_2,0.0003323847195133567,-0.1570650339126587
0608,40417_b8d98f73_7,0.002526408527046442,-0.6811484098434448
0609,53200_d1e30b87_11,0.008469415828585625,-8.286614418029785
0610,147009_977ee378_4,0.0011226630304008722,-8.914314270019531
0611,63056_a5dfd66b_4,0.0004513622843660414,0.1844712495803833
0612,22205_f48b96b3_10,0.01793058216571808,-3.0832772254943848
0613,51585_b695905b_4,0.008483067154884338,0.8121674060821533
0614,24084_71f37c00_1,0.001993408426642418,0.5999364852905273
0615,25815_0e853ad9_10,0.003052694955840707,0.8091074824333191
0616,55030_11a6e3e8_3,0.03796619176864624,0.6569304466247559
0617,23042_1184de03_5,0.003982204012572765,0.8841199278831482
0618,39719_e9629dbd_4,0.0007092092419043183,-6.800784587860107
0619,51256_ed221095_2,0.0019291986245661974,-1.1551332473754883
0620,25810_93c8a71a_3,0.0032965291757136583,0.8739653825759888
0621,22208_e177deb7_1,0.00842227227985859,0.41066884994506836
0622,115624_d0acb46b_22,0.006088902708142996,0.9041630029678345
0623,30708_4282508b_0,0.0003657796187326312,-4.661510944366455
0624,31117_cd5cdbdb_12,0.0012294164625927806,0.46923136711120605
0625,41733_1ec9b00c_32,0.0013812781544402242,-3.0775985717773438
0626,111387_c4243097_2,0.0013823058689013124,-0.877446174621582
0627,119869_e8f0dd81_19,0.0013336585834622383,-0.0036814212799072266
0628,34569_590239d6_0,0.0015899649588391185,0.9270164966583252
0629,136318_130d6a06_23,0.0008531447965651751,-0.061987996101379395
0630,145132_7aea3b66_4,0.05240357294678688,0.3141108751296997
0631,41878_3aeaed3d_0,0.0042126537300646305,0.314949631690979
0632,34583_a1cf326b_0,0.009016149677336216,0.8349886536598206
0633,116581_d405b783_0,0.07490224391222,-0.017671942710876465
0634,24044_9bbe7992_3,0.0005242000916041434,0.3457392454147339
0635,22194_a5c323b9_2,0.010555573739111423,0.04870045185089111
0636,142076_08d80e12_21,0.0011430218582972884,-4.057133197784424
0637,55817_6ac2912d_7,0.0006729612941853702,-6.256977081298828
0638,21165_5cb2d287_2,0.0016737068071961403,-2.5267510414123535
0639,39796_45dcdc7d_0,0.05564999580383301,0.278270959854126
0640,33044_7fdd9213_1,0.008015483617782593,0.7875930070877075
0641,23731_3fe5b501_6,0.000713778892531991,-0.09719812870025635
0642,32743_f4c47bbc_31,0.014250372536480427,-0.32465672492980957
0643,108775_4908fba2_21,0.0052862390875816345,0.5302243232727051
0644,21941_1a683ec2_19,0.0037779435515403748,0.7211668491363525
0645,27682_04277f62_18,0.008389227092266083,0.6147340536117554
0646,25815_0e853ad9_4,0.0035445464309304953,0.7712702751159668
0647,30261_723e95cf_2,0.015679921954870224,0.33911973237991333
0648,21385_601444ba_102,0.010176184587180614,0.5213293433189392
0649,30368_d7fd30ce_7,0.0007018432952463627,0.7353156805038452
0650,55605_2f8bc12e_3,0.014932394959032536,-1.4376132488250732
0651,24650_dad8c8ee_15,0.0008385846740566194,-25.163410186767578
0652,34227_48203345_7,0.0037913299165666103,0.8943005800247192
0653,113348_ac85cba3_1,0.009307553060352802,0.00045865774154663086
0654,26552_25c5924a_1,0.004356257151812315,-0.6681256294250488
0655,55381_cbaffe9b_0,0.001606944133527577,0.5551544427871704
0656,55817_6ac2912d_25,0.0034459223970770836,0.9084214568138123
0657,138947_0778db40_4,0.0007649198523722589,0.7008684277534485
0658,52788_07f7da63_0,0.00043349459883756936,0.8923908472061157
0659,70355_e5f58cd5_6,0.002013889141380787,-2.3914506435394287
0660,51744_cd355565_8,0.010351171717047691,-1.122199296951294
0661,41227_90e1c07c_16,0.003483549226075411,0.9122748374938965
0662,45359_1768ab3f_42,0.010560385882854462,-0.11451184749603271
0663,41783_d1c10326_3,0.0016373934922739863,-4.267461776733398
0664,32960_0eaa1de8_13,0.0009119497844949365,-64.8355484008789
0665,34674_32ee1595_3,0.008356782607734203,0.7165593504905701
0666,136885_23632908_1,0.014600140042603016,-4.210344314575195
0667,136808_00592735_3,0.0072834547609090805,-0.5845402479171753
0668,45589_49e3c7ea_5,0.006621529348194599,0.8636853694915771
0669,141665_0564e852_3,0.005012617912143469,-0.1969841718673706
0670,50897_3be92e2f_18,0.004276906605809927,0.9001235365867615
0671,84256_4164b724_3,0.0005033654160797596,0.5170309543609619
0672,22994_e6ad8f2b_10,0.011948627419769764,0.5565433502197266
0673,28295_0dc908b9_8,0.04011997953057289,-11.56701374053955
0674,23329_6939d5d9_5,0.0023475526832044125,-1.604194164276123
0675,123665_0a0da5c7_3,0.0011644555488601327,-8.09007453918457
0676,121172_0ac63503_7,0.0035922997631132603,0.3197339177131653
0677,50941_2a8a8c76_0,0.007339927367866039,0.8544420003890991
0678,37846_cde34fcd_66,0.016522033140063286,-1.7729618549346924
0679,56040_9b1307eb_21,0.015558942221105099,-1.4233896732330322
0680,146535_229c95bc_1,0.0019104077946394682,-7.753198623657227
0681,50947_49287c16_2,0.005754962097853422,0.9059340357780457
0682,95622_0a0787e4_5,0.0008166903862729669,0.5580134987831116
0683,25432_f13e5110_0,0.0030851077754050493,0.9028469920158386
0684,32454_e959e3cf_0,0.004874483682215214,0.8628182411193848
0685,65858_61e9b51a_18,0.003926374949514866,0.10428041219711304
0686,70350_751de4b0_3,0.023334579542279243,-2.2258994579315186
0687,129239_0d49310c_15,0.001100352150388062,0.5806121230125427
0688,31008_8fa25b35_8,0.005939843133091927,-0.25424349308013916
0689,55306_795d845b_2,0.0012554856948554516,-6.979445934295654
0690,29729_e8bb36f1_2,0.001233804621733725,-0.4539262056350708
0691,67283_4097cbd6_5,0.0006100540631450713,-4.187012195587158
0692,23904_811e466f_4,0.0023989120963960886,-1.0126001834869385
0693,116076_12d31fb7_1,0.0019082487560808659,0.7128438949584961
0694,45302_02d7e3bc_0,0.006928769405931234,-0.7427223920822144
0695,60977_4bb093ec_1,0.01808806322515011,0.19399452209472656
0696,49017_76979790_8,0.004827987402677536,0.08490645885467529
0697,146321_0dbae658_10,0.000745155441109091,-74.0904312133789
0698,102194_150e3faf_3,0.002467169426381588,0.9244361519813538
0699,34769_44655d03_5,0.0009045714978128672,-0.011468052864074707
0700,38953_19054857_6,0.0008621167507953942,0.29232728481292725
0701,55397_ad24603f_1,0.0022916600573807955,-1.3787124156951904
0702,21908_385686ec_15,0.005136216524988413,0.7520775198936462
0703,60721_57103153_4,0.001124669099226594,-0.8006125688552856
0704,98701_7cd4ec8d_0,0.021190429106354713,0.6150982975959778
0705,91703_642cdf1a_1,0.019947675988078117,0.6247830390930176
0706,26661_ab88a525_5,0.005734838545322418,-0.4466235637664795
0707,51940_67bb0219_21,0.0008580989087931812,-0.8286577463150024
0708,22543_684108ff_22,0.002266064053401351,-1.2517964839935303
0709,145250_cde4d039_8,0.0028612108435481787,-2.2211880683898926
0710,20232_e5b060d9_6,0.0018444020533934236,-2.348158359527588
0711,128043_d4650350_0,0.04357843101024628,0.4148235321044922
0712,140530_30edf2c4_0,0.0015624280786141753,-0.3185926675796509
0713,131814_9af6d05a_0,0.001838737865909934,0.7235112190246582
0714,26245_4aac38e1_9,0.0012776560615748167,0.46627742052078247
0715,30282_88c6933c_14,0.011538845486938953,0.5572828054428101
0716,32322_71d0035e_1,0.0046750386245548725,0.7601308822631836
0717,131762_d10609a4_1,0.022562703117728233,-0.019160747528076172
0718,54812_5f7b7aba_2,0.0011015015188604593,0.5164310932159424
0719,135830_8fb36dac_4,0.006790548097342253,0.6993222236633301
0720,139280_8874b1ab_4,0.0017768031684681773,-2.81656551361084
0721,49904_639055dd_1,0.012862364761531353,-0.474249005317688
0722,53601_59d3ecd2_0,0.01799471117556095,0.2622697949409485
0723,50047_54241fe3_12,0.0051934849470853806,0.5979994535446167
0724,136925_70fb0381_3,0.008532799780368805,0.47783464193344116
0725,87488_95f678ce_0,0.020194057375192642,0.5541732311248779
0726,137166_90691294_2,0.0008540942799299955,0.4320625066757202
0727,44030_17bd5ec9_11,0.0018655800959095359,-1.9561560153961182
0728,137396_b5f6bec4_5,0.003352996427565813,0.8992932438850403
0729,21900_760d2078_10,0.006045508664101362,0.9124271273612976
0730,21185_ac5324ba_5,0.008122704923152924,0.7466708421707153
0731,31132_2320d049_4,0.006662968546152115,0.8788029551506042
0732,82281_80cdf67c_4,0.0018299790099263191,-3.6165575981140137
0733,38287_88ec74de_15,0.0077579570934176445,0.8497594594955444
0734,136128_831e37a6_0,0.010062542743980885,-0.11943483352661133
0735,21330_f0cee934_18,0.000644021260086447,0.5772818922996521
0736,34109_5a868eae_10,0.002561774104833603,0.7550736665725708
0737,21174_861bd902_2,0.0026648691855371,0.7677391171455383
0738,49783_365bec9e_6,0.0046764155849814415,0.8597132563591003
0739,24429_ace910b3_8,0.0008083467255346477,-46.307552337646484
0740,22772_2b5f6629_4,0.02112799882888794,-4.4019575119018555
0741,53927_ef5208b9_14,0.04441402480006218,-0.8503490686416626
0742,56250_3b6024e3_54,0.004130929242819548,0.9097252488136292
0743,23522_5c2ec58e_8,0.0067689074203372,0.7867108583450317
0744,121177_93fb3127_10,0.0018449102062731981,-2.3479645252227783
0745,138840_b7f948ea_2,0.004130237270146608,0.5796214938163757
0746,41125_711db4bf_6,0.006990235298871994,0.8346661329269409
0747,102606_28922dfc_0,0.009322181344032288,-97.01790618896484
0748,31530_6744ae73_50,0.04588785767555237,0.1813204288482666
0749,50598_eae0df5a_1,0.0017051990143954754,-2.117985248565674
0750,145726_19ccdbda_12,0.0019167891005054116,0.38532453775405884
0751,41469_b94cf3e4_0,0.0100864814594388,-1.0674314498901367
0752,147009_977ee378_1,0.006688209716230631,0.3571321964263916
0753,24267_8a216138_10,0.015390203334391117,-0.24946308135986328
0754,63071_3d434a33_16,0.006260464899241924,0.6659795641899109
0755,34436_ffc43a58_4,0.0005233807605691254,0.5485023856163025
0756,50692_e7ff2668_4,0.0007614651694893837,0.6948875784873962
0757,146642_883a71d2_9,0.038945846259593964,0.38495635986328125
0758,109772_f1a0845e_7,0.0018664157250896096,0.9564464688301086
0759,136640_16741d62_1,0.001979251392185688,0.49747538566589355
0760,21680_360ba5c7_11,0.004210350569337606,-0.7106035947799683
0761,27729_09d75da1_2,0.004323306493461132,0.8768518567085266
0762,82148_5df06ed9_19,0.022466741502285004,-0.5606347322463989
0763,55287_8a57a3db_1,0.014808821491897106,0.08897769451141357
0764,53221_74fa81cd_5,0.00213040504604578,-0.021685123443603516
0765,30417_0010bc7c_39,0.010689197108149529,0.16561424732208252
0766,23706_ef15ef9c_40,0.0008673866395838559,0.8761993646621704
0767,140763_e14274f8_3,0.0007407015073113143,0.4392644166946411
0768,23602_5daaccf5_3,0.0028288797475397587,0.5414136648178101
0769,30282_88c6933c_9,0.015474787913262844,0.026546478271484375
0770,56824_0fc773f6_0,0.020235596224665642,-0.15359044075012207
0771,42410_d3b5588e_1,0.0007910880958661437,0.8798050284385681
0772,55055_dd27a8a4_0,0.00899631530046463,0.8353459239006042
0773,115633_a2c63339_6,0.0003238035715185106,0.6415313482284546
0774,73651_a41647f8_5,0.001010913634672761,-2.918750524520874
0775,33413_060ce192_32,0.009387115947902203,0.2788800597190857
0776,97331_a482fa9b_0,0.003207478439435363,0.3221946358680725
0777,23476_705b76d1_0,0.0023386450484395027,0.9085262417793274
0778,32566_7bfc936b_6,0.047694139182567596,0.5492358207702637
0779,41717_eb1c1e6b_0,0.0063760424964129925,0.48904895782470703
0780,60720_ef9a0a95_8,0.0009414130472578108,-1.0121068954467773
0781,138700_ab763a46_202,0.0017076974036172032,-941.4073486328125
0782,38287_88ec74de_17,0.04354199767112732,-6.160910606384277
0783,135535_0bd0048d_0,0.022698262706398964,0.6581366062164307
0784,21797_69df08d5_7,0.1032332107424736,0.17808878421783447
0785,65350_b3fa8f4f_47,0.24039341509342194,-0.10641169548034668
0786,41714_1d49f4d1_3,0.007317449431866407,0.18234890699386597
0787,66012_a13e1644_1,0.0028422849718481302,-0.20532572269439697
0788,22652_564979ff_11,0.0007871640264056623,0.41486412286758423
0789,25127_ecba81df_23,0.002448443090543151,-0.5978869199752808
0790,47548_db93c988_4,0.006890795659273863,-15.857276916503906
0791,55927_f8b31711_5,0.014135104604065418,0.2439923882484436
0792,31647_ab9ad9dc_2,0.003505985252559185,0.5261003971099854
0793,41128_ee74f244_8,0.0017678173026069999,0.5161724090576172
0794,20959_d4905d19_4,0.006637486629188061,-0.6284408569335938
0795,52009_a2b75078_3,0.1101057156920433,-0.10891532897949219
0796,22201_473a3a65_16,0.007527726702392101,-0.019783616065979004
0797,29442_365e23df_30,0.02051721140742302,0.4196949601173401
0798,51859_6b2fd0f1_8,0.02247084490954876,0.23260968923568726
0799,140413_44177109_15,0.0017409783322364092,-0.5442372560501099
0800,21822_7d3db422_11,0.007356441579759121,0.7955827713012695
0801,24168_a0ede173_100,0.0009774387581273913,0.2945893406867981
0802,145532_c2304f89_1,0.00452978303655982,0.3656828999519348
0803,104641_2cd02839_13,0.0009813392534852028,-2.803603410720825
0804,23679_81ef9e37_2,0.05366090312600136,-11.785551071166992
0805,95271_de3df8d5_2,0.0014632900711148977,-6.045656681060791
0806,41401_e4117da2_0,0.0007547361892648041,-15.44533920288086
0807,48006_babdf4af_9,0.012027655728161335,0.8607162237167358
0808,142246_0851be5e_32,0.0372881144285202,0.3812215328216553
0809,33615_7bab1106_4,0.014461280778050423,0.043098509311676025
0810,31117_cd5cdbdb_18,0.019810430705547333,0.7001367807388306
0811,34914_8911676d_0,0.004653140902519226,0.6163948774337769
0812,55501_a09e4ced_2,0.0013951972359791398,-51.4080924987793
0813,41128_ee74f244_9,0.003947259392589331,-0.3066439628601074
0814,142246_0851be5e_22,0.005135443992912769,0.06859314441680908
0815,22413_901f5867_0,0.001829588902182877,-4.537278652191162
0816,56490_0a0fba77_0,0.0342981331050396,-8.728269577026367
0817,93676_4f934980_1,0.0020599744748324156,-3.566732406616211
0818,146642_883a71d2_96,0.006415559910237789,0.2997509837150574
0819,24032_d6172503_3,0.0020422355737537146,0.6537886261940002
0820,44221_25c62f03_1,0.008806748315691948,0.8368849754333496
0821,50315_0f1419bf_33,0.008274332620203495,0.19689452648162842
0822,133389_0938a905_2,0.022154100239276886,-4.622557640075684
0823,24824_cf51e5b6_4,0.004768544342368841,0.10545104742050171
0824,33970_32f36442_3,0.017796538770198822,0.44502729177474976
0825,29359_bbfab271_2,0.004482073709368706,0.21096235513687134
0826,23172_4ab01e83_0,0.007870503701269627,0.8087223768234253
0827,98511_1b46a85e_45,0.017244957387447357,0.5153318047523499
0828,98511_1b46a85e_46,0.014733382500708103,0.5668361186981201
0829,34248_cc11976c_0,0.008054537698626518,0.702401340007782
0830,104003_46555fb2_0,0.0005461148102767766,-0.21441447734832764
0831,34520_035b5e9a_8,0.000806415977422148,0.7228487730026245
0832,38397_93d5d7de_12,0.03386593982577324,0.5308041572570801
0833,130023_93b3ca95_1,0.003443174296990037,-0.21191740036010742
0834,83213_47c49876_1,0.01286053005605936,-0.4740149974822998
0835,43928_6ca53538_63,0.0267330314964056,0.3783276677131653
0836,82779_b7b722e3_9,0.0017077712109312415,0.7960361242294312
0837,134967_0f27ef51_1,0.0012350731994956732,0.07599842548370361
0838,86024_714b24f4_1,0.0023379975464195013,0.9084069728851318
0839,40807_58058731_11,0.005266019143164158,0.20580261945724487
0840,26750_cd3cb3ff_0,0.008962975814938545,0.8445234894752502
0841,126913_d253adb7_2,0.0028545609675347805,0.4367713928222656
0842,24268_2804c9ff_13,0.006773319095373154,0.8238214254379272
0843,45542_320c16fd_3,0.009798170998692513,0.8052042126655579
0844,22342_274ed8a6_1,0.0419335700571537,-8.081716537475586
0845,133385_e6aa64d8_17,0.0004341872700024396,-0.7405189275741577
0846,143509_1dd5212d_3,0.007257061544805765,0.7859621644020081
0847,47989_3ff0f41d_0,0.03126112371683121,0.11068403720855713
0848,21822_7d3db422_14,0.013876812532544136,0.7996162176132202
0849,21517_bfe35b4c_12,0.002128055552020669,-2.7147860527038574
0850,52883_e518d3f4_10,0.008170804008841515,-0.32656240463256836
0851,41871_f9a1ad02_14,0.013959264382719994,-0.39648568630218506
0852,37016_455093c1_2,0.0008984074229374528,0.5183720588684082
0853,31117_cd5cdbdb_78,0.1097596287727356,0.1488499641418457
0854,129239_0d49310c_22,0.0010007560485973954,-1.905625581741333
0855,30400_8824ce97_6,0.0389220155775547,0.18620413541793823
0856,53233_8dbca22c_8,0.009429041296243668,0.33860331773757935
0857,40514_bb61631d_25,0.005278933793306351,-0.16787457466125488
0858,24053_53349e4d_2,0.0018697036430239677,-1.4062418937683105
0859,41917_f0c40fa1_16,0.005171436350792646,0.8776612281799316
0860,22543_684108ff_5,0.017167123034596443,0.31941288709640503
0861,138636_c1153075_0,0.0007493903976865113,0.33106499910354614
0862,24448_75004b6c_6,0.0034678971860557795,0.8895881772041321
0863,24831_bbd3e098_8,0.002291178796440363,-1.2451386451721191
0864,53221_74fa81cd_3,0.004461023490875959,-0.20593297481536865
0865,76879_65a30a82_4,0.0006204751553013921,-0.01430809497833252
0866,108773_f9384cff_10,0.001496312441304326,-14.791572570800781
0867,33671_0e9c6ca3_5,0.003717204323038459,0.7047633528709412
0868,93103_fdb9fcb7_15,0.006794128101319075,0.6333961486816406
0869,137675_d2bd633e_0,0.0034138725604861975,-1.138082504272461
0870,21893_0500d043_32,0.0012446576729416847,0.18628597259521484
0871,22110_0bc70e9f_1,0.0018336143111810088,-0.12685739994049072
0872,43152_b5472481_1,0.0006140548503026366,0.7694092392921448
0873,115717_40314bc2_1,0.006505401339381933,0.4315928816795349
0874,102943_ca9e7968_0,0.0019432405242696404,-1.6441848278045654
0875,136401_69f29349_0,0.004031376913189888,-1.6740543842315674
0876,28542_3c922564_0,0.000673416128847748,0.7544370293617249
0877,24267_8a216138_6,0.007427696138620377,0.5926507711410522
0878,84374_272a9731_7,0.003629002021625638,0.5215326547622681
0879,23531_1ecc8346_18,0.0591360479593277,0.4231700301170349
0880,41871_f9a1ad02_30,0.020891312509775162,0.36680424213409424
0881,132461_14abd2d0_0,0.0013438515597954392,-36.51655960083008
0882,37617_3f415463_2,0.0018680463545024395,-2.0525314807891846
0883,41696_de0790a1_1,0.004760523326694965,0.894288182258606
0884,54657_2a66e0de_20,0.015227065421640873,-0.3982386589050293
0885,24425_0dc4b306_0,0.001924881711602211,0.8114888668060303
0886,146667_fe438b5b_0,0.0018169147660955787,0.9308993816375732
0887,23048_8a1a5553_8,0.002575330436229706,-68.29281616210938
0888,51871_86ebf5b2_17,0.002028068760409951,0.6287285089492798
0889,30664_a3084f71_6,0.007849080488085747,0.5183713436126709
0890,139801_97e2ca6a_5,0.003134100465103984,0.3583172559738159
0891,22278_12f1fb79_13,0.008133645169436932,0.4708511233329773
0892,22776_facf9bcf_8,0.006427940912544727,0.7812187671661377
0893,40500_6055e3d7_15,0.09948711097240448,0.007744133472442627
0894,35740_5322d674_13,0.0012121254112571478,0.2625843286514282
0895,39792_60786b6c_12,0.007876758463680744,0.7140441536903381
0896,115524_4a411f7e_0,0.0014929226599633694,0.6608622074127197
0897,24131_3ea7d5a8_17,0.014819071628153324,0.285194456577301
0898,100326_0602c712_2,0.010693445801734924,0.6603317856788635
0899,34571_25c64838_2,0.013879709877073765,0.17737102508544922
0900,143534_4f65fd1a_0,0.0017411396838724613,0.41133517026901245
0901,101446_95204330_1,0.0006387218018062413,0.5950914621353149
0902,41749_14d0599c_10,0.0024295446928590536,-6.090579032897949
0903,55715_525d1d3e_12,0.0010501828510314226,-2.11503529548645
0904,45307_b9b4bca0_30,0.11033810675144196,0.20976227521896362
0905,22654_4c426b0f_0,0.003746465314179659,0.5308501720428467
0906,22670_9353c710_4,0.003041747957468033,0.06721395254135132
0907,99445_94c22a37_11,0.006803248077630997,0.8989192843437195
0908,132811_57264a28_4,0.0029586940072476864,0.7582864165306091
0909,23258_87a2ba81_3,0.0020184365566819906,-2.1905317306518555
0910,50777_2934de55_22,0.026412926614284515,0.06240212917327881
0911,98418_4185a7fb_0,0.006556355394423008,0.8411635160446167
0912,43441_e1ab0873_2,0.0020267826039344072,-23.559423446655273
0913,24271_dbc0fd2d_12,0.0007863495848141611,0.8269132971763611
0914,38944_0d0c3fce_0,0.12435387820005417,0.19437968730926514
0915,40624_e1c5c424_11,0.0008937817765399814,-21.510801315307617
0916,100028_0c3a8f1c_13,0.009082014672458172,0.8831806182861328
0917,40491_ac67bf4c_13,0.016698094084858894,0.6867837905883789
0918,25416_1deb9c75_0,0.0072228871285915375,-0.25029635429382324
0919,21657_2651585a_6,0.005977334454655647,0.6831783056259155
0920,21986_67c5509a_15,0.02192671038210392,-1.720531702041626
0921,32288_34013274_2,0.047422561794519424,-7.026667594909668
0922,55373_ddd74d2f_0,0.003916201647371054,0.4942120909690857
0923,26245_4aac38e1_0,0.00820944458246231,0.5296133756637573
0924,33044_7fdd9213_0,0.002200910821557045,0.6070306301116943
0925,31530_6744ae73_48,0.08676700294017792,0.16182321310043335
0926,25555_fd3d9a3c_1,0.0011350135318934917,-0.5934947729110718
0927,54175_7d864ace_6,0.0009223457309417427,0.792870044708252
0928,72950_5074f5a3_0,0.005673030391335487,-2.7501847743988037
0929,129618_2962c248_0,0.025565102696418762,0.573015570640564
0930,52012_77070fda_10,0.0017735064029693604,-1.781296968460083
0931,28295_0dc908b9_7,0.04026038199663162,-9.815048217773438
0932,144419_90e59d67_2,0.0007557720527984202,-7.352123260498047
0933,22734_f6bad9f7_24,0.024208804592490196,0.25078845024108887
0934,22604_0b4ffb43_14,0.00899631530046463,0.8353459239006042
0935,81996_b3752ed2_3,0.0007889213738963008,0.2920076251029968
0936,24504_493cee15_8,0.00998714566230774,0.6023321151733398
0937,39124_28e99e62_1,0.0016576714115217328,-0.8652245998382568
0938,29725_0ad4937e_1,0.00044064485700801015,0.20352703332901
0939,109232_04340d62_6,0.0007712622755207121,-13.029644966125488
0940,129075_8fbf62e5_0,0.002041139407083392,-0.6153242588043213
0941,102937_18c3cb6a_4,0.0019649178721010685,0.9311074018478394
0942,52551_8098346a_5,0.0007438892498612404,-0.2940024137496948
0943,128043_6947b64c_0,0.00390640227124095,0.7744938731193542
0944,119030_292009a7_41,0.01113069150596857,-0.6327575445175171
0945,48526_5aecac8a_0,0.019989734515547752,-2.3660287857055664
0946,32541_86f7df73_4,0.00204199505969882,-0.9426119327545166
0947,55114_7bf17f6a_0,0.03372732177376747,-1.4450349807739258
0948,55285_6816da52_1,0.035515084862709045,0.23136842250823975
0949,37683_e2cca100_17,0.0010108101414516568,-0.5914090871810913
0950,78775_e2d8b091_15,0.00913439691066742,0.7013375759124756
0951,93199_2146e709_2,0.0016485045198351145,0.8053797483444214
0952,135595_656de97a_14,0.0008173818350769579,0.41397005319595337
0953,24284_3710e946_16,0.007497978862375021,0.8301311135292053
0954,135521_30553c91_2,0.00026492978213354945,-2.8423938751220703
0955,29732_fb15318c_5,0.0015199186746031046,-0.44382524490356445
0956,88060_389bdff4_0,0.009371509775519371,0.42970430850982666
0957,27839_4a077326_28,0.013627700507640839,0.6623371839523315
0958,100435_87bf423d_8,0.007420890964567661,0.8537740707397461
0959,25365_bb0e4ede_44,0.0021493302192538977,-2.0483102798461914
0960,146169_144d8264_0,0.1386735439300537,0.2510584592819214
0961,23342_7193a931_3,0.0016278396360576153,-3.795835494995117
0962,57000_cd1ddece_12,0.0074763731099665165,0.8505250811576843
0963,119790_1ed376f0_3,0.0015638896729797125,-0.7068259716033936
0964,72522_e9e87960_4,0.016971096396446228,0.6814594864845276
0965,65366_f618b577_2,0.0013845210196450353,-0.20517992973327637
0966,55707_c78416ed_35,0.008767075836658478,0.5418354272842407
0967,70321_eccffc7e_0,0.005699668079614639,-0.47653818130493164
0968,120143_b5756e6b_0,0.02962322346866131,-3.1138463020324707
0969,27726_aca43af4_35,0.0007500124629586935,-33.84637451171875
0970,31361_72aab333_20,0.003015281166881323,0.04171288013458252
0971,121949_e10b5e85_12,0.016195053234696388,0.5526871681213379
0972,146399_0e4b73c4_13,0.051153767853975296,-0.05014050006866455
0973,41134_fc146947_6,0.0007932371809147298,0.629159688949585
0974,21237_7887a24b_35,0.0006157762254588306,-1.545729398727417
0975,24885_55e20ddf_3,0.001081775058992207,-0.06875932216644287
0976,34914_8911676d_23,0.009406949393451214,-0.6718413829803467
0977,21803_8a36dcda_12,0.003567175008356571,0.8806370496749878
0978,41306_8f26e703_5,0.0010420250473544002,-10.248838424682617
0979,25118_f50fdc69_10,0.0016000083414837718,-1.3368844985961914
0980,25473_0991d519_9,0.0032596217934042215,0.9183753728866577
0981,126585_86fa26cb_0,0.0011565007735043764,-0.42826151847839355
0982,145691_69484976_9,0.0051426272839307785,0.5376157760620117
0983,60729_c51868ec_0,0.0010464874794706702,0.42348843812942505
0984,123929_e7dbad2c_0,0.021556157618761063,-9.239422798156738
0985,69649_70b07cac_0,0.005316419061273336,0.8825639486312866
0986,55135_f1186d58_9,0.00221657776273787,-1.7615253925323486
0987,20838_86c931be_2,0.0024586340878158808,0.6943179368972778
0988,45242_626509cb_11,0.0020325477235019207,0.10180896520614624
0989,34983_439766af_13,0.014860357157886028,0.8454276919364929
0990,53453_fb0f1640_1,0.018283050507307053,0.44497716426849365
0991,23255_972fbfe6_25,0.004693928640335798,0.8520435690879822
0992,24168_a0ede173_203,0.1478729546070099,0.177595317363739
0993,55476_1473d91f_0,0.005324935540556908,-1.7146859169006348
0994,55111_ef389075_1,0.006086958106607199,0.7673512697219849
0995,141710_17531562_1,0.002418201882392168,0.79696124792099
0996,96601_b89e6252_1,0.0004954795585945249,-1.63493013381958
0997,135790_a27f9deb_43,0.07615294307470322,0.024319827556610107
0998,121363_746708db_0,0.001196142751723528,0.5397704243659973
0999,136886_3aa46890_0,0.0009559940081089735,0.6435469388961792
1000,50315_0f1419bf_19,0.024494348093867302,0.6630805134773254
1001,37846_cde34fcd_14,0.001306804595515132,-13.775179862976074
1002,24816_ef81ad4c_1,0.0040659517981112,-0.45390570163726807
1003,75646_4baf69b2_7,0.02718125283718109,0.6193759441375732
1004,140155_81f9ac63_0,0.026555204764008522,-5.625219345092773
1005,51603_034939eb_10,0.014559781178832054,0.19339442253112793
1006,30435_c97330d2_0,0.0015322829131036997,-1.5908191204071045
1007,27839_4a077326_27,0.006281096022576094,0.658475935459137
1008,55627_971fde61_34,0.041123416274785995,-2.1792404651641846
1009,134909_ef3d003c_0,0.0011042755795642734,-0.08332431316375732
1010,33413_060ce192_51,0.000776560977101326,-106.59437561035156
1011,22245_ca848576_12,0.0010091313160955906,-0.17850613594055176
1012,52039_ba12c3ac_1,0.007525635417550802,0.8495455980300903
1013,39707_358f88df_2,0.002576937433332205,-1.7441742420196533
1014,50014_33f250c8_3,0.07762998342514038,0.2918938994407654
1015,52987_387431ac_1,0.040111418813467026,-1.7541768550872803
1016,33501_b1ee5058_15,0.007696312852203846,0.8469571471214294
1017,82168_4844bddd_1,0.003081314964219928,0.5839654207229614
1018,30384_95e72fc2_4,0.0008937361417338252,-8.843149185180664
1019,23554_a0845d54_2,0.00734239537268877,-5.137701988220215
1020,23800_65e0a5d1_0,0.0008270125836133957,-1.6063244342803955
1021,41128_ee74f244_0,0.0004531859012786299,0.5450271368026733
1022,143019_22dbd3e6_2,0.020701954141259193,0.3431813716888428
1023,79993_6087acd5_8,0.003906669095158577,0.876410961151123
1024,21422_b2a6bf27_0,0.005601236596703529,0.9076513051986694
1025,25487_dd2c17e8_21,0.002667270367965102,-1.3683266639709473
1026,22654_4c426b0f_10,0.0006019294960424304,-3.0422115325927734
1027,30368_d7fd30ce_6,0.0012449066853150725,-25.625469207763672
1028,57249_6bd2af3c_2,0.002297390019521117,0.9152497053146362
1029,57029_3ab80a22_0,0.00649823434650898,-0.2891196012496948
1030,79906_052c7eb4_3,0.010498791933059692,-1.2757649421691895
1031,82996_b8dc67c9_10,0.0006905003683641553,0.04708695411682129
1032,119884_192e3265_1,0.002154808957129717,0.01724708080291748
1033,21225_c081eae3_10,0.002617627615109086,0.8499259352684021
1034,121949_e10b5e85_1,0.009048772975802422,-1.2897109985351562
1035,81994_ba8916c9_5,0.0014591776998713613,-0.27501237392425537
1036,22447_4062c6cb_29,0.006871039047837257,0.8840926289558411
1037,55044_ee57bac8_1,0.00040310609620064497,-0.5315667390823364
1038,41871_f9a1ad02_13,0.06738778203725815,0.6215235590934753
1039,74688_a5168a45_2,0.0006716879433952272,-143.32144165039062
1040,23218_02d26ab4_4,0.0016139643266797066,-2.712186813354492
1041,41205_dc60aa5d_0,0.0026657902635633945,0.3372734785079956
1042,41979_ca698776_0,0.0016870914259925485,0.6539931893348694
1043,141453_50ec6f25_7,0.006411819718778133,0.8183726072311401
1044,97143_5424c420_0,0.0017534384969621897,0.5500001311302185
1045,41986_26275a06_2,0.0022723458241671324,0.7857943773269653
1046,136800_c5e4d711_2,0.0004939190694130957,0.3248850107192993
1047,101635_11b839a3_5,0.000858113809954375,-6.0301995277404785
1048,55866_b041060d_0,0.012793675065040588,0.21695101261138916
1049,53846_89405f98_0,0.003345802193507552,0.31641560792922974
1050,27725_5cceaeb7_1,0.013942626304924488,-0.25802481174468994
1051,146137_92faaea5_9,0.0056127505376935005,0.5502815246582031
1052,41211_11f6b8a0_4,0.0007593264454044402,0.687279462814331
1053,21330_f0cee934_46,0.007449751254171133,0.8510560989379883
1054,127188_5fecd146_4,0.0015448547201231122,-1.122779130935669
1055,135949_06517574_8,0.00104701635427773,-9.85437297821045
1056,68928_0d4e4a2e_24,0.008173211477696896,0.48606836795806885
1057,50410_f8f03667_38,0.0007998581859283149,-54.066184997558594
1058,142999_171240b6_21,0.0009050528751686215,0.3308185338973999
1059,144709_642fc665_0,0.005875128321349621,0.4226333498954773
1060,53232_f8760054_10,0.0010323257884010673,-8.880226135253906
1061,22372_e91792a1_0,0.0010726545006036758,-12.756824493408203
1062,21767_53eaa558_12,0.05806024745106697,0.24972087144851685
1063,32220_1fd19c5e_0,0.0018865761812776327,-0.9382191896438599
1064,22886_a6331748_1,0.005771932657808065,0.4700743556022644
1065,130996_b842b511_12,0.003695703810080886,0.6593613028526306
1066,55571_74a416b1_1,0.0013930052518844604,-10.816383361816406
1067,70169_914780d4_1,0.0013035278534516692,0.5036176443099976
1068,23156_7788f78a_6,0.09638473391532898,0.30257725715637207
1069,124496_20e20439_10,0.0018505335319787264,-3.067227840423584
1070,76300_7cb02add_1,0.00346293649636209,0.48722827434539795
1071,21647_6b6cca6f_10,0.002521337242797017,-0.3761647939682007
1072,22734_f6bad9f7_23,0.0221867598593235,0.07573366165161133
1073,94176_0a6c42ab_2,0.0016170504968613386,-295.7632751464844
1074,24048_d731886d_9,0.00466218451038003,0.48611509799957275
1075,25487_dd2c17e8_30,0.010863869450986385,-3.9108548164367676
1076,115717_40314bc2_4,0.0014442993560805917,-3.6979827880859375
1077,125592_875faf40_0,0.01526106521487236,0.29163241386413574
1078,41871_f9a1ad02_44,0.01276420708745718,0.09823459386825562
1079,146642_883a71d2_8,0.004233076702803373,-0.032799363136291504
1080,136883_076fbff9_31,0.0022594814654439688,-6.473876953125
1081,60766_fb8715eb_3,0.008039485663175583,0.4120752215385437
1082,30818_33617072_0,0.01955428346991539,0.009966492652893066
1083,130679_7a357a9c_18,0.017092052847146988,-0.005407214164733887
1084,55306_795d845b_0,0.0014051119796931744,-2.012174129486084
1085,135934_d2f6bb2e_33,0.0006849776254966855,0.08678120374679565
1086,111054_e45a0d40_7,0.0661836788058281,0.35978466272354126
1087,36826_d9269c2e_10,0.013666270300745964,0.07172590494155884
1088,37619_ae810a8d_7,0.0007274665986187756,-331.24658203125
1089,22343_34184fd5_22,0.0010938092600554228,-2.385385274887085
1090,113020_de552f8d_0,0.0007562516257166862,0.5270904302597046
1091,20216_89b90993_0,0.015090793371200562,-0.005349993705749512
1092,23325_292b3294_16,0.007468444760888815,0.2894923686981201
1093,23522_5c2ec58e_9,0.00868710782378912,0.3404122591018677
1094,146624_359752bb_20,0.0007598266238346696,-382.0437927246094
1095,104990_11b4aeee_1,0.00393499294295907,0.9100534915924072
1096,90917_4670b560_0,0.040403854101896286,0.21474170684814453
1097,54818_59adf8c2_5,0.0065802778117358685,-4.690751552581787
1098,34109_5a868eae_3,0.0010779589647427201,-0.7586760520935059
1099,23161_e7f63a9f_2,0.008234807290136814,0.2548831105232239
1100,37160_2a95674a_27,0.00848759338259697,-1.965378999710083
1101,61280_8bdbc90f_0,0.005153927020728588,0.8148980140686035
1102,55083_dac1f9cc_2,0.0076814331114292145,0.36052238941192627
1103,34341_d19b12fb_14,0.0010639600222930312,-9.582222938537598
1104,54516_ac9e2ef4_61,0.002628888702020049,0.5634798407554626
1105,24559_3c306e71_2,0.0014946077717468143,-2.0424976348876953
1106,105831_88a0fb85_1,0.0028116947505623102,0.8931731581687927
1107,32743_f4c47bbc_19,0.005444033071398735,-0.011577725410461426
1108,40500_6055e3d7_18,0.0036363571416586637,0.8254456520080566
1109,22862_f5406bb0_0,0.005825879983603954,0.9062796831130981
1110,141081_ae61ec46_0,0.007144303992390633,0.896576464176178
1111,135112_cf8007b8_4,0.015959929674863815,0.7578845620155334
1112,131442_1512d9ff_5,0.0008734228322282434,-0.8483598232269287
1113,145132_7aea3b66_1,0.12134206295013428,0.5407310724258423
1114,41871_f9a1ad02_45,0.004404404666274786,0.15107065439224243
1115,51775_49ef614a_1,0.012695500627160072,-2.5972015857696533
1116,143293_fc5b0ff7_23,0.001415784819982946,-1.5865740776062012
1117,51547_a7e01c38_6,0.0016180707607418299,-1.3183071613311768
1118,114021_44c3c39c_2,0.0018380737164989114,-3.5824036598205566
1119,123766_c5a4cf5e_0,0.0007021307246759534,-3.4766178131103516
1120,23031_0d684603_8,0.0010437068995088339,0.5501353740692139
1121,132996_c742ef84_4,0.006148293614387512,0.14681440591812134
1122,137096_5d77f285_1,0.0027914009988307953,0.6668261289596558
1123,27072_b4756e8c_2,0.0022162538953125477,0.49875253438949585
1124,51915_e704f5dd_2,0.013916771858930588,-1.1763019561767578
1125,132811_57264a28_13,0.006873244885355234,0.8842872381210327
1126,49396_98ab955d_13,0.004498539958149195,0.49848103523254395
1127,132081_761d26ad_0,0.0031072963029146194,0.9168227314949036
1128,82906_7b72e0e8_2,0.006569781340658665,0.816967248916626
1129,92649_26fe8262_0,0.00207143509760499,0.04431062936782837
1130,21803_8a36dcda_11,0.0032018013298511505,0.9138814210891724
1131,30637_f6324fc6_5,0.0006257350323721766,-3.1415085792541504
1132,105560_a6f91315_12,0.0007267758483067155,-100.79297637939453
1133,41737_d80c34b9_0,0.01783720590174198,-0.06568765640258789
1134,34983_439766af_12,0.010828004218637943,-0.06516265869140625
1135,122755_60c41889_10,0.0010675721568986773,-16.108366012573242
1136,76879_65a30a82_2,0.08409316092729568,0.24779140949249268
1137,89816_cef36e57_4,0.00931551307439804,0.8463781476020813
1138,49406_100c707b_3,0.0008371748845092952,0.9034697413444519
1139,105560_a6f91315_10,0.0008840378723107278,-18.088356018066406
1140,129421_483d2957_5,0.0014710252871736884,-5.197943210601807
1141,122740_fc5c94eb_33,0.004847605712711811,0.8515753746032715
1142,135595_656de97a_5,0.000960924313403666,0.649043083190918
1143,35740_5322d674_5,0.0007649145554751158,-264.47674560546875
1144,23681_932e722e_18,0.006831930950284004,0.8706835508346558
1145,108244_329b1876_17,0.0016452268464490771,-381.2686767578125
1146,125745_cf468448_6,0.0024817821104079485,0.4164470434188843
1147,138838_c9a9e790_6,0.028485670685768127,-4.53717041015625
1148,102416_b74464a2_4,0.0007293430389836431,-288.2978820800781
1149,30426_2cde26de_21,0.001847045961767435,-4.490156650543213
1150,137837_9c9f163d_5,0.0024797446094453335,-1.6111454963684082
1151,25487_dd2c17e8_15,0.013614238239824772,-0.7745778560638428
1152,21549_18160a0a_4,0.0007759162690490484,-108.52737426757812
1153,21385_601444ba_0,0.004908928647637367,0.69461989402771
1154,35233_add576ba_9,0.006298160646110773,0.5886540412902832
1155,55345_c6423351_0,0.021347546949982643,-2.456001043319702
1156,110697_4b2725f1_0,0.006490861997008324,0.8487959504127502
1157,109946_242843a6_1,0.0009925636695697904,-22.397811889648438
1158,34341_d19b12fb_22,0.0007360951276496053,-82.68806457519531
1159,23247_bcd1e84f_21,0.030241888016462326,-5.349914073944092
1160,131765_29b29f08_6,0.000875783443916589,-17.965261459350586
1161,21395_7d6fda6f_12,0.04818051680922508,-41.16798782348633
1162,135460_6471e973_15,0.001369549660012126,0.5501225590705872
1163,51741_49d61151_7,0.015249552205204964,0.44898343086242676
1164,28382_90b7cc0c_12,0.004428592976182699,-0.606390118598938
1165,30850_05d88af9_2,0.005020270124077797,0.7929046154022217
1166,86278_1e55d036_12,0.000588649301789701,-3.3814244270324707
1167,67240_525e92c1_1,0.003818148048594594,-2.063734769821167
1168,82002_ef2b4feb_6,0.007786044385284185,0.850395679473877
1169,53364_ec8aad42_1,0.03812100365757942,-0.6379822492599487
1170,135771_b030a25c_17,0.0011385356774553657,-0.31703436374664307
1171,135906_29d7b495_1,0.0016950910212472081,-2.030564785003662
1172,21822_7d3db422_38,0.0001995932834688574,0.7975050210952759
1173,81136_5b86c723_1,0.0006663360400125384,-3.893359661102295
1174,25473_0991d519_2,0.040996089577674866,0.29073941707611084
1175,73405_94381b7c_5,0.0018540623132139444,0.6883522868156433
1176,24009_c40b0d48_2,0.0024593311827629805,0.9244745969772339
1177,22162_439af02a_1,0.010034780018031597,0.8026877641677856
1178,146159_f3f80701_0,0.00909388717263937,-1.424722671508789
1179,51895_5760b481_15,0.03957776725292206,0.5787622332572937
1180,33500_e58e287e_1,0.008886760100722313,0.5863342881202698
1181,31838_2e4bd173_0,0.015199067071080208,-9.159749984741211
1182,146137_92faaea5_18,0.0009149035904556513,-7.008465766906738
1183,124879_2257a334_2,0.0018609940307214856,-19.425119400024414
1184,144145_510eedc2_7,0.011969157494604588,0.7781826257705688
1185,21237_7887a24b_78,0.0033619452733546495,0.7076369524002075
1186,82297_93739ce0_6,0.0016643713461235166,0.45287853479385376
1187,51536_a18dc325_31,0.0021555903367698193,-9.448324203491211
1188,93103_fdb9fcb7_7,0.0018727167043834925,0.7582700848579407
1189,24590_415f7013_9,0.00627340329810977,-0.1623448133468628
1190,130659_16f2db4c_0,0.0005543886800296605,0.8165981769561768
1191,23083_fdb942ac_2,0.003362959483638406,0.8596827387809753
1192,23954_a8c09819_2,0.010481699369847775,0.7967326641082764
1193,30417_0010bc7c_13,0.01501671876758337,-0.3353227376937866
1194,120535_e304dfca_1,0.0035676618572324514,0.738312304019928
1195,93199_2146e709_9,0.019378196448087692,-3.44972562789917
1196,23686_cba4f679_15,0.0048990072682499886,0.8901951313018799
1197,40807_58058731_20,0.05733292177319527,0.4229448437690735
1198,94410_d32e7520_35,0.014079485088586807,0.649442732334137
1199,79695_fd8bae0e_0,0.0027555853594094515,0.29930204153060913
1200,129422_621d0a90_35,0.011314209550619125,-4.313860893249512
1201,44932_16cb7f21_5,0.008910148404538631,0.7476415634155273
1202,136550_8a8672e5_1,0.005740865133702755,-0.6116198301315308
1203,20495_e8e7e80c_3,0.009388277307152748,0.8320865631103516
1204,31962_e5291336_50,0.000616636942140758,0.4117676019668579
1205,24888_5be1de05_1,0.0010167110012844205,-18.336997985839844
1206,34114_7e58a97d_10,0.00486901355907321,0.8128101229667664
1207,108433_37a79370_0,0.008618735708296299,0.23842132091522217
1208,22844_9b75b8e0_1,0.002725922269746661,0.8869240283966064
1209,115637_b4d41e8a_0,0.002326101064682007,0.7748189568519592
1210,53474_f29e4438_15,0.03292244300246239,0.06345373392105103
1211,26766_1aaa348c_0,0.0027314452454447746,0.6122688055038452
1212,51940_67bb0219_7,0.0040175472386181355,0.34347110986709595
1213,41714_1d49f4d1_13,0.0015475914115086198,-5.102866172790527
1214,21815_7090778f_9,0.010928396135568619,0.10315680503845215
1215,32843_8e5bdf24_0,0.004835026804357767,0.7857730984687805
1216,23686_cba4f679_10,0.03064848855137825,-2.8192005157470703
1217,114425_891ab08d_0,0.00601437920704484,0.2500789761543274
1218,41786_02d48cdd_5,0.009991060011088848,-0.5460433959960938
1219,22895_4533b542_1,0.002003065776079893,0.8851974010467529
1220,49016_cd1b47bf_6,0.0047326539643108845,0.8500797152519226
1221,51674_a70c1c6c_3,0.0011634081602096558,-0.8604459762573242
1222,52972_6e5a5ada_11,0.004776562564074993,0.7972545623779297
1223,120700_d818883a_8,0.0014939301181584597,-1.0227270126342773
1224,34530_9525ffcd_0,0.008998829871416092,0.8307744264602661
1225,24355_99bf3f8f_1,0.00044752610847353935,0.13333731889724731
1226,56250_3b6024e3_46,0.011717822402715683,0.792817234992981
1227,56355_727ca47c_3,0.004951132461428642,-0.1955317258834839
1228,35057_9af89947_1,0.0021103397011756897,0.6686735153198242
1229,120881_a946667f_13,0.0011082857381552458,-0.5268418788909912
1230,143021_c6df0146_5,0.000994248897768557,-4.536416530609131
1231,69240_dc199112_3,0.0009076895075850189,0.17387473583221436
1232,41733_1ec9b00c_15,0.014629185199737549,-2.046497106552124
1233,30298_24191733_2,0.0013290971983224154,-8.191550254821777
1234,30400_8824ce97_18,0.02781769633293152,-4.8085174560546875
1235,37040_ecbcd25e_36,0.0025390726514160633,0.3151988387107849
1236,23035_6087bb57_4,0.0021641571074724197,-2.2386910915374756
1237,38675_6e07d74b_26,0.022241022437810898,0.6922610998153687
1238,31751_e37382e1_9,0.00902583822607994,0.03760868310928345
1239,54601_e1da5b93_4,0.007361312862485647,0.8535506129264832
1240,142999_171240b6_29,0.007581637240946293,0.4252910614013672
1241,137646_14bca880_0,0.005216481164097786,0.5182542204856873
1242,37519_442dc408_1,0.002318295883014798,-1.833005428314209
1243,47195_a8cd8bad_6,0.003470956813544035,0.7792804837226868
1244,22474_b10fea1a_6,0.005751149728894234,0.3366968035697937
1245,53200_d1e30b87_10,0.011207195930182934,-0.9501559734344482
1246,41472_f9d73638_9,0.0010634601349011064,-0.09307587146759033
1247,126397_cc08a23d_1,0.001104565686546266,-0.7926428318023682
1248,31838_2e4bd173_4,0.007983226329088211,0.8576796054840088
1249,52006_d21e4570_7,0.0029078260995447636,0.4235948324203491
1250,62109_08c31aa8_0,0.00667973980307579,-0.190263032913208
1251,49403_458914df_0,0.001746734487824142,-0.031775593757629395
1252,122914_76ff1f5e_2,0.0008197880233637989,-71.9633560180664
1253,34913_d23e2a24_2,0.0010823726188391447,0.5156729817390442
1254,104641_2cd02839_15,0.0008609419455751777,-1.4879250526428223
1255,131632_6144b102_1,0.01131056621670723,0.8653411269187927
1256,30850_05d88af9_0,0.011694882996380329,0.08237463235855103
1257,86296_8a6ed4d3_7,0.00029496941715478897,0.09148567914962769
1258,34983_439766af_7,0.04420354217290878,0.3702612519264221
1259,33374_7491cbf8_2,0.06323058903217316,0.3882245421409607
1260,50694_afd26bd5_10,0.013917658478021622,0.8505457639694214
1261,50292_e84db1fb_8,0.0015706815756857395,-4.359836578369141
1262,81367_622a9e51_2,0.03478679060935974,-7.735135078430176
1263,78966_584c5305_0,0.0013090531574562192,0.31743472814559937
1264,79905_623eae86_1,0.06460155546665192,0.4709721803665161
1265,63055_6b907478_15,0.0014729051617905498,0.8825064897537231
1266,135771_b030a25c_4,0.0004434688889887184,0.44166040420532227
1267,41753_9b4f8d8a_0,0.007197604514658451,0.8586834073066711
1268,80784_f7ec5f70_1,0.0045671239495277405,0.22612768411636353
1269,33607_c6f31fa6_10,0.009978704154491425,-0.22205424308776855
1270,22225_a3ce4d29_42,0.006184212397783995,0.33542388677597046
1271,51938_8b9cba89_5,0.019580183550715446,0.5896607637405396
1272,44741_f386a08f_4,0.004736816976219416,0.8594107627868652
1273,70021_e673ae54_4,0.006919464562088251,0.8876953125
1274,55135_f1186d58_7,0.006304206792265177,0.4349534511566162
1275,31856_2a5a4e32_12,0.023303329944610596,-0.29269444942474365
1276,75303_045fc848_4,0.0014043091796338558,0.7842268347740173
1277,129683_3ad38815_10,0.031896643340587616,0.6270045638084412
1278,21894_93f0d052_24,0.0052657825872302055,0.5741395354270935
1279,143823_1b04bf80_13,0.006042625289410353,0.5639631748199463
1280,143823_1b04bf80_18,0.001984294969588518,-0.9198141098022461
1281,111863_c925f4f3_2,0.0022016456350684166,-1.100806474685669
1282,104633_d0a15bd3_6,0.04359504207968712,-2.655599355697632
1283,48832_22363e53_33,0.005331553053110838,0.8559892773628235
1284,127466_a18ae326_1,0.0041806139051914215,-0.5750365257263184
1285,22211_b1ee53f0_12,0.005851836409419775,0.7554640173912048
1286,137837_9c9f163d_6,0.0015370904002338648,0.5813746452331543
1287,122755_b830e22d_17,0.0015194122679531574,-16.016836166381836
1288,21299_e9cd80a6_12,0.0012632475700229406,-0.69402015209198
1289,44920_70dd4b80_11,0.0017502601258456707,0.9208161234855652
1290,52987_387431ac_7,0.004033344332128763,0.8771539926528931
1291,147926_b78316a8_10,0.00037221561069600284,0.6738957166671753
1292,144653_e3eccdf1_50,0.0024745003320276737,-0.6486445665359497
1293,56458_c027ed41_0,0.0024135196581482887,0.7004058361053467
1294,23495_6366269c_11,0.009553673677146435,0.8100065588951111
1295,70883_e2d6a103_2,0.05937918275594711,0.11773091554641724
1296,32743_f4c47bbc_34,0.0014906033175066113,0.13122045993804932
1297,30910_38ea5a06_2,0.009564348496496677,-0.622106671333313
1298,56476_466fc284_17,0.029471714049577713,0.3904043436050415
1299,22604_0b4ffb43_62,0.0033625352662056684,0.8597018718719482
1300,21534_6367be99_0,0.0016811502864584327,0.47004127502441406
1301,133026_1085532d_1,0.0015208350960165262,0.6134920120239258
1302,137828_0b0786fb_1,0.00813259370625019,0.8436543941497803
1303,55627_971fde61_27,0.019211649894714355,-1.4252398014068604
1304,93869_8b1922a3_0,0.0012737259967252612,0.8972774147987366
1305,24393_9acd18c6_3,0.004718444775789976,0.9119535684585571
1306,44996_b3e9c266_14,0.0010618650121614337,-3.155600070953369
1307,55300_b9675d43_1,0.010081034153699875,0.8020638227462769
1308,113352_879844fe_0,0.002152408007532358,0.9123520255088806
1309,135317_3c58b0d0_9,0.0015141625190153718,-0.39907705783843994
1310,115624_fe3eb392_1,0.006971568800508976,0.6734973192214966
1311,63055_6b907478_21,0.0073983692564070225,0.7301931381225586
1312,40421_032c052f_0,0.002911544870585203,0.5574449300765991
1313,143029_70554264_3,0.002255429048091173,-2.8638100624084473
1314,145117_78f63de3_0,0.002663155784830451,0.3150638937950134
1315,128996_35f2006e_0,0.001339420909062028,-5.697996616363525
1316,54503_fc6c6963_1,0.004021374974399805,0.4921003580093384
1317,24657_0168dc6b_1,0.003917278256267309,0.90411776304245
1318,130524_13ad16a8_0,0.18828943371772766,0.06894195079803467
1319,142670_33c641dc_3,0.041289929300546646,-14.686596870422363
1320,65375_674ff0b9_11,0.0017533815698698163,-0.5963315963745117
1321,23168_7fdf5427_3,0.0007572692702524364,-344.9205627441406
1322,41717_ab2075ac_0,0.002333987271413207,0.9143054485321045
1323,21739_57582b8f_4,0.00159339583478868,0.9065173864364624
1324,143293_fc5b0ff7_30,0.004050798248499632,0.8895322680473328
1325,135906_587b5c3d_0,0.000892441428732127,0.4611039161682129
1326,138685_fd9b79cd_0,0.0006537183653563261,0.4772757291793823
1327,119921_5621fcb4_0,0.010105496272444725,-0.706078290939331
1328,49403_458914df_5,0.021692372858524323,-1.472233533859253
1329,73525_7f6b2f67_2,0.0016433540731668472,-1.6320710182189941
1330,136994_a3a2f50f_3,0.0038170686457306147,0.5700653791427612
1331,31838_2e4bd173_1,0.008737612515687943,0.8108832836151123
1332,35866_d0233b36_6,0.0068842279724776745,0.8826380968093872
1333,53053_d6b4d71c_9,0.006360930856317282,0.8348525166511536
1334,90220_7baf1e18_1,0.0006792176864109933,0.08311009407043457
1335,23364_73dd9d4d_10,0.0013484798837453127,-0.9380611181259155
1336,52987_387431ac_3,0.016476815566420555,-0.35701847076416016
1337,51859_6b2fd0f1_4,0.0007784418412484229,0.5672351717948914
1338,51708_867d4509_12,0.0005048312596045434,-3.3729677200317383
1339,93199_2146e709_3,0.007412887644022703,0.8428321480751038
