case_num,case_name,MSE,R-Square
0,50417_199cffee_13,0.001580080483108759,0.9876919984817505
1,48516_2b3135bf_11,0.0013872322160750628,0.953097939491272
2,41733_1ec9b00c_31,0.0010225120931863785,0.900816023349762
3,31664_1e85c690_0,0.0003573692520149052,0.9807863831520081
4,21893_0500d043_18,0.0004047191177960485,0.9917716383934021
5,31607_9a2f8140_6,0.0003183352528139949,0.9893149733543396
6,41774_88a7a483_18,0.0003626751131378114,0.9114691615104675
7,42143_51b31600_4,3.238965291529894e-05,0.9345538020133972
8,23104_3b70eba4_13,0.00048734445590525866,0.19829398393630981
9,129075_8fbf62e5_2,2.8438375011319295e-05,0.9249537587165833
10,41624_a15f83c1_13,5.6975099141709507e-05,0.9720225930213928
11,36088_1ea9c8a9_12,0.0004141920944675803,0.9903373122215271
12,126477_6596d136_14,0.0003469826187938452,0.6854876279830933
13,130441_10c43121_0,0.0021590800024569035,0.9890010356903076
14,133385_e6aa64d8_21,7.71335544413887e-05,0.949395477771759
15,26398_b99946da_1,0.0012200155761092901,0.983954668045044
16,61198_0c99f50a_4,2.7058622436015867e-05,-0.7046033143997192
17,26661_ab88a525_0,5.250662798061967e-05,0.939314603805542
18,129075_8fbf62e5_1,0.0011688444064930081,-0.10381174087524414
19,51891_9455ea02_1,0.0006539468304254115,0.9896230697631836
20,34770_6bba5bd4_13,0.00028105388628318906,0.9944817423820496
21,21646_a2dd0d00_53,0.00041057338239625096,0.9658722877502441
22,68909_4ae1bc2e_1,9.342275006929412e-05,0.9122039675712585
23,27866_ece3076e_109,8.934538345783949e-05,0.9859114289283752
24,92134_52f13f49_6,0.00011123476724606007,0.9358943700790405
25,23342_7193a931_1,3.8210073398659006e-05,0.9469670057296753
26,126572_a2d6f794_14,7.059947620291496e-06,0.2902609705924988
27,44344_3e0b0b0c_1,5.573946054937551e-06,0.22802388668060303
28,49331_3bf3bb84_4,0.0002483756106812507,0.9954534769058228
29,33971_46bb0373_0,0.0005800735088996589,0.9259032011032104
30,21517_bfe35b4c_1,7.740104047115892e-05,0.8877366185188293
31,23165_369d62aa_6,0.0002991999208461493,0.9963911771774292
32,81846_2907c980_0,0.0006021502777002752,0.9732707738876343
33,24168_a0ede173_111,0.0005791024887003005,0.9428020715713501
34,53461_a5942665_1,0.00018967776850331575,0.9929651021957397
35,24907_c72322ea_13,0.0002510409976821393,0.9052734375
36,133424_315bcaeb_7,6.138677417766303e-05,0.9205629825592041
37,40490_916e13fe_0,0.000494651438202709,0.9845927953720093
38,38000_b5822e44_3,0.0004175031208433211,0.9936723113059998
39,138520_f4e0bc0b_63,0.00044211262138560414,0.5782040357589722
40,61294_9255796d_3,2.061141458398197e-05,0.9614331722259521
41,22176_272891b8_0,0.00041897647315636277,0.7874723076820374
42,24815_4f2a57e4_1,0.0008568053017370403,0.9748409986495972
43,113343_e692c488_1,3.951542021241039e-05,0.940368115901947
44,33995_18423507_1,0.00022001663455739617,0.7036174535751343
45,127897_029949fd_6,0.00023622703156434,0.9952763915061951
46,123181_4e56fb4f_0,0.00046051255776546896,0.9933285713195801
47,22670_9353c710_1,1.2526412319857627e-05,0.9236599802970886
48,128642_4d72bf31_2,0.00018709087453316897,0.898652195930481
49,146667_fe438b5b_6,0.0007631758344359696,0.9533939361572266
50,38260_2a31c6df_2,0.0005404926487244666,0.9238269329071045
51,24443_996411f9_3,0.0008243672200478613,0.9812926054000854
52,142074_34e02b6d_1,6.368559843394905e-05,0.980927050113678
53,41501_b627682a_15,0.0004371750692371279,0.9617966413497925
54,24712_da77fe8f_0,0.00016071656136773527,0.9969930052757263
55,32960_0eaa1de8_26,0.00033326001721434295,0.9938273429870605
56,130757_b2c47f8d_2,4.2776900954777375e-05,-0.2784600257873535
57,104817_6d73dc41_0,0.0011420019436627626,0.8720536231994629
58,79243_49539d9f_0,0.0009142900817096233,0.9803027510643005
59,82012_c533307b_1,0.00010243380529573187,0.9045792818069458
60,107649_e651c5ca_1,4.184943827567622e-05,0.7081639766693115
61,40997_e3c88650_12,0.0005601305747404695,0.9856324195861816
62,143029_70554264_4,0.00041087076533585787,0.9438350200653076
63,27054_342fcf5c_3,4.079034260939807e-05,0.9574270248413086
64,41648_577daf16_17,9.492472599959001e-05,0.9640662670135498
65,89720_4e65191c_1,0.0004949955618940294,0.9880086183547974
66,75382_1b589ea9_12,4.3952935811830685e-05,0.874355673789978
67,120371_433ba1ca_2,0.00029611086938530207,0.9741755723953247
68,49024_b7f02205_13,0.0007904675439931452,0.9650861024856567
69,51022_47816098_7,0.0010361903114244342,0.9893598556518555
70,41634_4f5d0edb_0,3.246155029046349e-05,0.9350895285606384
71,23170_6ea8ded5_3,0.00037574642919935286,0.9937118291854858
72,69589_cd2fa794_8,0.0009834682568907738,0.9356946349143982
73,41504_85e300ee_0,0.0005818854551762342,0.9205495715141296
74,128996_42176b10_0,0.0005678668385371566,0.9540379047393799
75,38920_e81879c2_7,2.5469158572377637e-05,-29.632291793823242
76,148051_c59af578_6,0.00012676716141868383,0.996547520160675
77,65494_16d62db5_0,9.062659955816343e-05,0.8785600066184998
78,25473_0991d519_0,0.0005292653804644942,0.9875656366348267
79,75270_25a261ef_5,0.0003345876466482878,0.9666149616241455
80,49613_1b97c07b_12,3.350376937305555e-05,0.6441613435745239
81,115633_a2c63339_1,0.00011972180072916672,0.9645886421203613
82,52366_63042db4_1,0.0003695716441143304,0.9915886521339417
83,30282_88c6933c_5,0.0003419574350118637,0.9590906500816345
84,53474_f29e4438_12,0.00038177231908775866,0.987501323223114
85,24026_1dd4094b_21,0.0005322729703038931,0.9392836689949036
86,21225_c081eae3_2,0.0006791470223106444,0.910230815410614
87,35057_9af89947_8,0.00015270621224772185,0.8773332238197327
88,43529_4804941b_20,0.00042906837188638747,0.9869240522384644
89,22103_fd11c71b_3,0.00037248883745633066,0.9534875154495239
90,51536_a18dc325_0,0.0005758091574534774,0.9694406986236572
91,24230_636208ab_13,0.0012390675256028771,0.2391127347946167
92,41117_1b3271f2_56,0.00176812126301229,0.9726974368095398
93,140499_419d5823_0,0.0001584576239110902,0.9863024950027466
94,115524_a949e82c_2,2.6067555154440925e-05,0.8984560966491699
95,29833_0ed4880f_3,0.00023114209761843085,0.9958412051200867
96,127556_4823a42a_6,0.0001391926343785599,0.976618766784668
97,23960_48cc0f21_19,6.969206151552498e-05,0.022720754146575928
98,132987_ba18d2eb_11,0.00011520045518409461,0.7794064283370972
99,51337_f8636fd9_30,0.00017107404710259289,0.8067091107368469
100,40999_cad6be09_18,0.0007741734734736383,0.9816966652870178
101,136886_99fbdef3_0,6.803958967793733e-05,0.8832402229309082
102,30447_4ed3b778_7,0.0015990074025467038,0.9941088557243347
103,55811_bc667b2d_13,0.0006321187829598784,0.7593536972999573
104,41716_d55164d4_1,0.00012848014011979103,0.9550356268882751
105,33610_aa697fc9_6,0.00017036472854670137,0.987424910068512
106,55095_fa260d33_6,0.000656929041724652,0.9826837778091431
107,115639_bc0cc622_0,0.0008752757566981018,0.9359151721000671
108,20841_1620ae7d_0,0.0010788554791361094,0.8514697551727295
109,50823_d1830e58_2,0.0006619825726374984,0.8689565062522888
110,109762_cb162371_48,0.00039073952939361334,0.862693190574646
111,41387_5f752e39_23,0.0007724625756964087,0.9714329838752747
112,121540_629c716f_0,0.00040929921669885516,0.9826735258102417
113,118539_1dff9cf9_12,7.161315352277597e-06,0.4762551188468933
114,30714_dafa62f6_2,0.0017369927372783422,0.9772748351097107
115,79633_bbbde75f_0,0.0008657986181788146,0.9788843393325806
116,33059_531cfd5e_11,0.0005072263884358108,0.9169888496398926
117,20697_d3e106b4_4,3.0440196496783756e-05,0.744347095489502
118,136062_0027ff97_6,0.00046042940812185407,0.9575212001800537
119,146291_6b0c8db3_1,0.004066605120897293,0.9053595066070557
120,45466_5f662bcb_0,3.2386331440648064e-05,0.9333168864250183
121,144500_7f600ab6_0,0.00013524192036129534,0.9874938130378723
122,44996_b3e9c266_4,9.958873124560341e-05,0.9789651036262512
123,40713_4c9264ef_0,0.00022855195857118815,0.9695058465003967
124,132384_0fcab1fa_13,0.00019826657080557197,0.7867094278335571
125,33738_77d49563_2,0.00012172992865089327,0.8585050702095032
126,129422_621d0a90_33,5.989622150082141e-05,0.9718102216720581
127,115633_fd3c9b97_32,2.7193656933377497e-05,0.8885689973831177
128,69337_a122ffde_1,0.00019117712508887053,0.9804603457450867
129,37241_29f91452_0,0.0004920624778605998,0.988616943359375
130,141199_9ae000ef_6,0.0006603924557566643,0.44178009033203125
131,147133_92c04b84_4,0.0003482517786324024,0.6937082409858704
132,77687_cbb18594_50,0.0006542933406308293,0.5483776926994324
133,144290_2a679085_11,1.694643469818402e-05,0.9500902891159058
134,130825_c59bbbfb_0,0.0011078367242589593,0.9716495871543884
135,82512_252da752_6,2.5906734663294628e-05,-39.08049392700195
136,115624_d0acb46b_24,0.0003422470763325691,0.9962865710258484
137,92134_52f13f49_7,0.00010724848107201979,0.932712197303772
138,100326_0602c712_7,0.00010450699483044446,0.8352636694908142
139,134630_f9e85072_0,0.0002115837123710662,0.9512917995452881
140,108943_b07b2543_1,0.0003747685404960066,0.9381996989250183
141,125416_ab456bc3_5,0.0005657478468492627,0.9519671201705933
142,57222_33b428d7_69,0.00015557253209408373,0.8444039225578308
143,24650_dad8c8ee_13,0.0006832483923062682,0.987893283367157
144,41749_14d0599c_1,9.466271876590326e-05,0.9859183430671692
145,49396_98ab955d_27,6.925055640749633e-05,0.9547883868217468
146,136892_e2a0b32c_4,6.568271055584773e-05,-0.6889451742172241
147,31962_e5291336_28,0.0006553088314831257,0.9856983423233032
148,34231_e27353cb_0,9.244526881957427e-05,0.9028022885322571
149,112724_d334de09_0,0.0005409357836470008,0.9915924668312073
150,56486_82b3e23a_21,7.957693924254272e-06,0.907464325428009
151,40500_6055e3d7_17,5.858074018760817e-06,0.8029301166534424
152,39468_15fb2e60_43,0.00037108612013980746,0.39449626207351685
153,141710_17531562_7,0.0004294146492611617,0.9878637194633484
154,33529_756075a0_12,0.0002809957368299365,0.9449527859687805
155,54169_3a875f10_8,0.0009578197496011853,0.9747365713119507
156,41023_5445cb61_9,0.0001992764591705054,0.8247416019439697
157,146380_5c569eeb_2,0.0005943393334746361,0.6805586218833923
158,24195_9791f5d3_38,1.0978755199175794e-05,0.783504068851471
159,26573_7f7e176d_2,0.001168020535260439,0.9896400570869446
160,22734_f6bad9f7_25,0.000793260580394417,0.9872187972068787
161,48112_9538e204_0,0.00021647919493261725,0.995702862739563
162,127545_6fa39158_10,0.0012633067090064287,0.9901762008666992
163,23788_5c0b60c6_0,0.0003927315410692245,0.7937813997268677
164,23792_5b4c1ce0_21,0.0006850975332781672,0.978382408618927
165,146067_46e58ab3_1,0.0019947485998272896,0.9873443245887756
166,101072_dec6f415_3,0.0001304703182540834,0.9401934742927551
167,22829_b6649a29_0,5.20881476404611e-05,0.13632172346115112
168,55389_a736bd99_0,0.0004079783393535763,0.7832840085029602
169,30259_d709601c_9,0.0012902234448119998,0.9632444381713867
170,35866_d0233b36_13,6.139667675597593e-05,0.3480566740036011
171,34563_52848c45_5,7.216953963506967e-05,0.9707877039909363
172,44519_90af0df6_7,0.00045020238030701876,0.8686705231666565
173,114111_59282658_8,0.00040429900400340557,0.8616560697555542
174,45922_26941172_15,0.0017757609020918608,0.9702741503715515
175,41303_bd1def52_3,0.00011248820374021307,0.9715570211410522
176,22053_de30641b_1,1.9567663912312128e-05,0.7004594802856445
177,22298_51433023_4,0.0005998246488161385,0.9869311451911926
178,23479_81a49137_0,0.00031859875889495015,0.8842606544494629
179,22225_a3ce4d29_37,0.0009646286489441991,0.9866446852684021
180,135669_490cd2d7_14,0.0005276012816466391,0.9717011451721191
181,32173_8b075b1a_4,0.00038862452493049204,0.9937052130699158
182,145119_24107428_5,0.0008314581937156618,0.9369312524795532
183,41774_88a7a483_36,6.778664101148024e-05,0.9651612639427185
184,133549_1b6c58d6_0,0.0008040054235607386,0.9828879833221436
185,40936_6de8f4f4_0,0.006618316285312176,0.9587136507034302
186,23008_3d1bb7b2_0,0.001966325333341956,0.9717870950698853
187,38360_ad61c9b2_1,0.0001486165710957721,0.9034407138824463
188,136109_3d342d3c_2,0.0005929311155341566,0.9761626720428467
189,135790_a27f9deb_11,5.831478847539984e-05,0.9276843070983887
190,140249_7c1c5bba_0,0.00022187083959579468,0.72991943359375
191,128996_a3d026d6_0,0.0006351093179546297,0.869849681854248
192,23235_f9ccb8b0_0,0.0005420746165327728,0.5725127458572388
193,93671_f7290ded_0,0.00036597129656001925,0.7831372022628784
194,51109_97b211c3_7,0.000494800740852952,0.9395266771316528
195,51916_fa226b15_13,3.115577419521287e-05,0.9326808452606201
196,86268_094d3fab_1,0.0002883681154344231,0.9942338466644287
197,39637_ca6a9a60_1,0.0009229218703694642,0.8858613967895508
198,47219_93cb3619_3,0.002759460126981139,0.9513962864875793
199,47878_0edb6829_0,0.00019222873379476368,0.9965813159942627
200,26764_ab35159a_6,0.0007699119159951806,0.9692685008049011
201,34341_d19b12fb_12,4.96945867780596e-05,0.945277214050293
202,118342_c702e084_6,0.00043897677096538246,0.9899722933769226
203,49886_dd68dccb_4,0.0004525456461124122,0.9657351970672607
204,23493_57512264_5,7.578561780974269e-05,0.7610770463943481
205,31751_e37382e1_5,0.001082243281416595,0.9722787737846375
206,24338_848cab42_6,0.0014060212997719646,0.8889188170433044
207,24916_42eacca3_10,0.00032726317294873297,0.823189377784729
208,137485_a953e1be_2,0.00022904889192432165,0.9954201579093933
209,23706_ef15ef9c_18,0.0015675858594477177,0.8960175514221191
210,143671_eaf4d13b_6,0.0012661542277783155,0.9806817770004272
211,53470_39f2e9dc_13,0.0002469794708304107,0.687004566192627
212,145772_59253c6d_3,7.053250737953931e-05,0.9006130695343018
213,51893_d531e2bd_2,0.0005141061847098172,0.9888061881065369
214,39389_d641313f_8,0.0013143953401595354,0.9498477578163147
215,51595_41f3d1a3_5,6.638249033130705e-05,0.9369790554046631
216,51674_a70c1c6c_15,0.00013769319048151374,0.47542911767959595
217,37617_3f415463_5,7.53189015085809e-05,0.9428732395172119
218,31862_a89f21f9_3,0.00037889176746830344,0.9887400269508362
219,40519_55a097c6_11,0.0009560062899254262,0.9442595839500427
220,111306_9108c940_0,0.0007675216183997691,0.8531191349029541
221,136640_16741d62_4,0.00012040987348882481,0.9180606007575989
222,23155_d7305c5f_2,0.004230425227433443,0.914310097694397
223,43934_912ff891_41,0.00012887662160210311,0.3856489062309265
224,57017_6033d1e5_0,0.00035318805021233857,0.982218861579895
225,126913_d253adb7_1,0.00046666894922964275,0.8133721351623535
226,130752_52d74f2f_48,0.00039297965122386813,0.9735090732574463
227,124177_71283cad_0,0.00024391939223278314,0.9811912178993225
228,24650_dad8c8ee_18,0.000536559266038239,0.9862843155860901
229,55199_4d57661f_2,0.001280637108720839,0.9233328104019165
230,115010_eb737aaf_20,0.00021164119243621826,0.9959473013877869
231,27855_19c5895a_12,0.00027972430689260364,0.853285551071167
232,52772_a6e6e320_0,0.00011393280874472111,0.8471029996871948
233,90917_3d2d21a9_0,0.0015882819425314665,0.9636743068695068
234,40703_5f4e45d4_7,0.0002700307231862098,0.9946432113647461
235,132622_911efd2f_1,0.0009887695778161287,0.9851996302604675
236,43441_e1ab0873_6,0.0020319100003689528,0.9679229855537415
237,34917_61633e20_6,0.0004435872542671859,0.9903830289840698
238,67221_275ba7e6_4,0.0005201550084166229,0.9895661473274231
239,130719_e4764a36_10,7.131582242436707e-05,0.8444875478744507
240,136318_130d6a06_20,0.0003787257883232087,0.9654558300971985
241,99636_73c43ebd_10,0.00047261916915886104,0.9872474670410156
242,29377_3a04cb8d_6,0.00033266746322624385,0.9514675140380859
243,23018_63087a41_47,0.0007920721545815468,0.9783191084861755
244,26165_100fec74_4,6.129174289526418e-05,0.8071459531784058
245,135934_d2f6bb2e_46,0.00011338717013131827,0.9449576735496521
246,24039_448afafa_5,0.0016524135135114193,0.9203625917434692
247,32775_a79b406b_14,0.0008016741485334933,0.8978524804115295
248,23686_cba4f679_0,0.0012401300482451916,0.8823890089988708
249,35147_bc9f2c5d_0,0.000788799487054348,0.8726632595062256
250,136337_1351909b_2,0.002827554242685437,0.932838499546051
251,139222_2c10ca9a_1,0.0003417620901018381,0.9705992341041565
252,139379_fe5c3f64_0,0.00018669564451556653,0.9931170344352722
253,33084_344fec27_2,0.00017445273988414556,0.9967162013053894
254,24775_d5c98d77_0,7.654406545043457e-06,0.7640404105186462
255,56344_3a89f085_23,0.00019817052816506475,0.9816334843635559
256,135112_cf8007b8_5,0.0005900471587665379,0.9854713678359985
257,50706_20d07d57_2,0.0015673862071707845,0.9849801659584045
258,51744_cd355565_5,0.0005222122999839485,0.9843587279319763
259,51464_da501c24_0,0.0016207217704504728,0.6805544495582581
260,126572_a2d6f794_23,2.0712810510303825e-05,0.28313666582107544
261,70021_e673ae54_2,3.615827881731093e-05,0.9479018449783325
262,25144_31b089b6_5,0.0002294281148351729,0.8960803151130676
263,24715_55aac5f2_2,9.455288818571717e-06,0.21284818649291992
264,24532_f82f8000_2,0.00044607557356357574,0.6388847231864929
265,30664_a3084f71_1,0.0007356072310358286,0.6924515962600708
266,81145_5c13a8e9_1,0.0001672218058956787,0.8291996121406555
267,132037_2abb8c63_10,2.7718415367417037e-05,0.8725836277008057
268,50414_ac159b58_2,0.0002574081008788198,0.9906449913978577
269,21601_360ce1c7_7,0.0002403232647338882,0.9956324696540833
270,22119_27e3ecbe_9,0.00043164895032532513,0.9866148233413696
271,145120_74f7316f_0,0.001704810536466539,0.9229230284690857
272,74574_c302ff1f_0,0.00017397358897142112,0.7714982628822327
273,52443_085efc00_4,0.0012615334708243608,0.5877946019172668
274,147546_ede0f31c_3,0.0023093041963875294,0.9500619173049927
275,22492_047b125b_21,0.0012359413085505366,0.971314549446106
276,72313_5a86e234_0,0.003981890622526407,0.9239358305931091
277,45589_49e3c7ea_2,0.0001315836125286296,0.9960322380065918
278,83432_a7f85698_0,0.00021210229897405952,0.9952359199523926
279,32775_a79b406b_0,0.0001220215272041969,-0.1750786304473877
280,121703_69c4a5ac_3,2.7873767976416275e-05,0.8990046977996826
281,80901_e9080573_6,0.0010462285717949271,0.9591707587242126
282,21809_8bd6b10e_3,0.0015066431369632483,0.9668387770652771
283,49396_98ab955d_15,0.000523078313563019,0.9501249194145203
284,33766_14917a4a_19,0.0005990159115754068,0.9866719841957092
285,26661_ab88a525_8,0.00010866481170523912,0.9969537258148193
286,44030_17bd5ec9_0,0.0020307879894971848,-1.4964613914489746
287,53221_74fa81cd_7,0.00023696437710896134,0.7951639890670776
288,21887_3306168f_7,0.002274169586598873,0.773402214050293
289,86185_85fde9e6_0,0.0003104897041339427,0.9525477886199951
290,87951_500b1dcd_2,7.482484943466261e-05,0.9198997616767883
291,22276_69c5036b_11,0.0010120751103386283,0.9735203385353088
292,41721_44151488_5,0.0006475106347352266,0.9400442838668823
293,102293_5d04e48d_0,0.0012949255760759115,0.9385610818862915
294,77687_cbb18594_20,4.9078600568464026e-05,0.9319212436676025
295,133248_1bab99ae_0,0.0009302055696025491,0.5899457931518555
296,24051_4852a192_2,0.0006647081463597715,0.9771849513053894
297,86806_2993395a_1,7.89588812040165e-05,0.9329692721366882
298,38558_b0d6b3f8_1,0.0004489166894927621,0.9907861351966858
299,140549_7d01813c_0,0.0009617930627427995,0.9694900512695312
300,24559_3c306e71_1,0.000505224394146353,0.9222918152809143
301,70350_751de4b0_13,0.0010102249216288328,0.58849036693573
302,39101_23fec10f_8,0.0013302051229402423,0.8584810495376587
303,24942_9d1b2ff2_8,0.0007227184833027422,0.9915761947631836
304,30850_05d88af9_3,0.003657046938315034,0.9391876459121704
305,113358_08641c94_4,0.0007251937640830874,0.9774651527404785
306,21234_8b71bd47_27,0.00042726504034362733,0.8454251885414124
307,26245_4aac38e1_21,0.00011498038657009602,0.7332299947738647
308,66072_d301cc88_0,0.0005531696951948106,0.7607795000076294
309,21894_93f0d052_23,0.0002973379159811884,0.9706311225891113
310,147816_7fb70c2b_2,0.0003348042373545468,0.9648828506469727
311,49120_4131d1e7_1,0.00011118293332401663,0.9777404069900513
312,52224_ca16c854_4,0.0012114782584831119,0.8270009160041809
313,105762_19e04e0b_1,0.0001543050748296082,-0.21810317039489746
314,30400_8824ce97_36,0.00047872713184915483,0.931045413017273
315,95199_ffcff41e_0,0.00017523048154544085,0.8204629421234131
316,50417_199cffee_3,1.9632861949503422e-05,0.9847197532653809
317,24544_d06c82dd_5,0.0003899472067132592,0.993546724319458
318,22604_565b91f5_2,0.00028902533813379705,0.9879409074783325
319,22788_b6a9e30a_4,0.00015941790479701012,0.9601624608039856
320,45789_d5126eab_14,0.0005634931148961186,0.8848928809165955
321,37267_b2be4b50_3,7.062408712954493e-06,0.289359986782074
322,34330_5eff1ee1_3,0.0009514649864286184,0.8889598846435547
323,137999_d934160e_1,1.8686516341404058e-05,0.8554498553276062
324,134921_f5efde94_27,4.601766340783797e-05,0.9576912522315979
325,53470_39f2e9dc_8,9.021609730552882e-05,-0.012105226516723633
326,23497_f292546d_25,0.0009752556798048317,0.9594666957855225
327,22289_4b848f64_2,0.0003309916064608842,0.9551719427108765
328,31392_84b62622_2,0.0002728958788793534,0.9772565960884094
329,51347_1fc6f329_0,0.0007275858661159873,0.8365511894226074
330,50777_2934de55_6,0.00013096632028464228,0.9953275918960571
331,32841_954e8c1a_0,2.3958335077622905e-05,0.9752821922302246
332,31530_6744ae73_3,0.00037560146301984787,0.9944869875907898
333,65827_d1469ad6_1,5.765078458352946e-05,0.5685635805130005
334,145461_30637b22_8,5.590397631749511e-05,-1.2345309257507324
335,31973_093ea963_13,0.000174947694176808,0.9318944811820984
336,70355_e5f58cd5_14,0.0003054246190004051,0.9702135324478149
337,77687_cbb18594_40,0.0001579544914420694,0.3021400570869446
338,24392_fce351ea_0,9.453293750993907e-05,0.9493209719657898
339,36853_7efccb8c_3,0.0007659104303456843,0.8954639434814453
340,41644_d15f8e2b_5,4.382478800835088e-05,0.7741603851318359
341,131762_9b5e5ff5_2,0.00044669458293356,0.9730244278907776
342,82193_96ef9433_2,0.00048548763152211905,0.9924343228340149
343,31347_386f6298_15,0.0011780596105381846,0.9723000526428223
344,34568_fbe47bf9_0,0.00014721753541380167,0.5785828828811646
345,115624_fe3eb392_3,0.00035926265991292894,0.9917783141136169
346,130446_e7b58dbe_0,0.0018442093860358,0.9255939722061157
347,104641_2cd02839_33,3.81632344215177e-05,0.9166266322135925
348,31460_39fdfc6a_7,0.0005515862721949816,0.8758452534675598
349,95541_ced8f936_0,0.00029027077835053205,0.9937439560890198
350,23126_725969ea_17,0.00028328425833024085,0.9700695872306824
351,23676_52069f98_5,1.2726613931590691e-05,0.9520739316940308
352,137637_ed9c537d_0,0.00028819977887906134,0.9287384152412415
353,22474_b10fea1a_2,0.0004628807073459029,0.9887881278991699
354,143017_21d96cc2_10,0.0009093497646972537,0.8689090013504028
355,105270_34f92afd_1,8.797114423941821e-05,0.8766137361526489
356,95622_0a0787e4_4,0.0005237882724031806,0.9921768307685852
357,55854_13f0399b_0,0.0009704320691525936,0.9791132807731628
358,22118_1e09e0eb_5,0.0010970869334414601,0.9532102942466736
359,146717_3e6a84c1_7,0.001135922851972282,0.9829731583595276
360,63132_330141d7_3,0.00011651281238300726,0.9763705730438232
361,115633_fd3c9b97_46,0.00036956879193894565,0.23878097534179688
362,21644_aa203dc5_29,0.0005750101408921182,0.8588613867759705
363,79791_00f639ca_15,0.0002407095889793709,0.9959474205970764
364,60711_42b5a13e_1,0.00032239442225545645,0.9642970561981201
365,137483_cdb8989d_0,0.0004622149281203747,0.990349531173706
366,21644_aa203dc5_26,0.00038748810766264796,0.9331232309341431
367,131876_b2384623_0,0.0002909327740781009,0.8121544718742371
368,23706_ef15ef9c_10,0.0007410859689116478,0.8866259455680847
369,68948_0d2a01cd_9,0.0014991490170359612,0.9579535126686096
370,145137_4e9eef42_1,0.000247931107878685,0.9501349925994873
371,30426_2cde26de_20,0.0014618773711845279,0.9833651185035706
372,31378_34c52a73_0,0.00042769318679347634,0.8812651634216309
373,92134_52f13f49_4,0.000237587169976905,0.8396541476249695
374,119634_fc722479_1,0.0005475801881402731,0.992466151714325
375,24032_d6172503_24,0.000716090842615813,0.7001854181289673
376,136401_69f29349_4,2.685989602468908e-05,0.5832414627075195
377,41871_f9a1ad02_26,0.0007409730460494757,0.9437371492385864
378,48220_87941c4e_116,0.0005364620010368526,0.9206130504608154
379,115012_9ed88535_2,0.0005737439496442676,0.7708405256271362
380,69488_025cf0a2_1,0.004121127538383007,0.9720631241798401
381,147427_69f68da4_3,3.641779039753601e-05,0.8990633487701416
382,33766_14917a4a_32,0.0006358869140967727,0.9771257638931274
383,51747_3d58eae0_0,0.0003117681189905852,0.9581380486488342
384,33785_a4c23f61_0,0.010442509315907955,0.9606047868728638
385,114935_797875fe_2,0.0012741171522065997,0.953647255897522
386,51775_49ef614a_26,2.7987058274447918e-05,0.9502394795417786
387,38196_ea48fa42_3,4.606078800861724e-05,0.46116745471954346
388,140413_44177109_21,7.3284650170535315e-06,0.8658826947212219
389,27676_79237cc5_1,0.00030455170781351626,0.9003669023513794
390,52883_e518d3f4_33,0.00021187865058891475,0.9958261847496033
391,34347_841c5375_2,7.604389975313097e-05,-0.546140193939209
392,55289_292737cb_0,0.00034696931834332645,0.9933388233184814
393,50606_82cb18e2_0,0.00016535045870114118,0.9935014247894287
394,30407_efa567f2_4,0.000602517684455961,0.9854719042778015
395,31647_ab9ad9dc_13,0.0003020661824848503,0.9707362651824951
396,24896_58b4730f_17,0.00043615297181531787,0.9186508655548096
397,23602_5daaccf5_4,0.0007811282994225621,0.9454416036605835
398,27725_5cceaeb7_10,9.634094749344513e-05,0.7998496294021606
399,127734_395dcf7d_5,0.0019798176363110542,0.6780681014060974
400,31957_d864f861_3,0.0009274533949792385,0.8110001683235168
401,49415_1671b60c_4,0.00045509199844673276,0.5744732618331909
402,45110_fae73324_4,0.000427025108365342,0.9772114157676697
403,22343_34184fd5_18,0.00011591990914894268,0.558686375617981
404,22848_cc91b848_38,2.903601171055925e-06,-2.347069263458252
405,73652_23b21ef2_1,0.0006088182562962174,0.9877575039863586
406,65569_bd890a32_1,8.956471720011905e-05,0.14091068506240845
407,48220_87941c4e_111,0.0013070295099169016,0.7710906863212585
408,30394_e30f932c_0,0.0007138131186366081,0.959157407283783
409,21941_1a683ec2_26,0.0003580389602575451,0.9850489497184753
410,25564_e646fcb3_1,6.369844049913809e-05,0.7848821878433228
411,134053_87a32e31_3,3.1679821404395625e-05,0.9135568141937256
412,87950_af56e26e_2,0.0003142468340229243,0.9770001769065857
413,51458_54240b70_17,8.079507824731991e-05,0.9107581973075867
414,40688_effe215a_1,0.0013531468575820327,0.9664917588233948
415,131494_c8a441d0_0,0.00017131591448560357,0.9666396975517273
416,26768_c4df841f_21,0.00037620868533849716,0.559314489364624
417,136892_2d5f55a9_0,0.0001947968266904354,0.9572832584381104
418,54652_d60ac3e0_10,0.0012129253009334207,0.9341949820518494
419,51747_3d58eae0_1,0.0004087823035661131,0.8328914642333984
420,54650_df3655c1_0,2.203093572461512e-05,0.758704662322998
421,41125_711db4bf_58,0.0006404185551218688,0.9287643432617188
422,45418_f603706b_2,0.0009673181339167058,0.755333662033081
423,21852_6cf9a734_18,0.0018154048593714833,0.9844835996627808
424,122515_758d8b70_6,2.0347273675724864e-05,-15.802513122558594
425,104081_05ba54fa_2,0.0003434469108469784,0.8557589054107666
426,41672_cf87e0b6_0,0.0001812917471397668,0.9720196723937988
427,22638_37f9fe91_1,2.227168806712143e-05,0.934202253818512
428,24559_3c306e71_3,0.0004764624172821641,0.9134584665298462
429,31589_ac31215d_8,9.503233741270378e-05,0.9497117400169373
430,49603_143b8bd2_35,0.0008634341647848487,0.931662917137146
431,127965_c64a91da_0,0.00040945218643173575,0.8940313458442688
432,36062_f2fb6808_1,4.487914338824339e-05,0.585226833820343
433,139280_8874b1ab_18,4.7534140321658924e-05,0.9543237686157227
434,30997_24dea167_4,0.0007527187699452043,0.9321044683456421
435,143471_eb185912_5,1.8875925889005885e-05,0.8067291975021362
436,23176_1bf2a2d5_10,0.00047785398783162236,0.9802437424659729
437,98299_b8146029_5,0.00026277106371708214,0.9772430658340454
438,23466_1cf60d09_4,0.000944791710935533,0.9735817313194275
439,41591_2d0bd0d5_3,0.0005101510905660689,0.9820665121078491
440,134929_9049dcec_1,9.4523151346948e-05,0.9493147134780884
441,41785_e8bf0528_0,0.0008897443185560405,0.9612295627593994
442,31460_39fdfc6a_6,0.0006207235855981708,0.9867069721221924
443,133710_00be7f31_1,0.0006725148414261639,0.9228334426879883
444,24532_f82f8000_0,0.000805385468993336,0.8228458166122437
445,21234_8b71bd47_3,2.2520978745887987e-05,0.965908408164978
446,35175_6edc4126_5,0.0004507618141360581,0.9869381189346313
447,20495_e8e7e80c_1,0.0002272292913403362,0.7350496053695679
448,76546_c17e95aa_2,0.00011515015648910776,0.32266634702682495
449,41654_e75f89df_0,0.0003920546150766313,0.9787208437919617
450,109772_f1a0845e_6,0.0003793422074522823,0.7808090448379517
451,34913_d23e2a24_0,0.0010669624898582697,0.940721333026886
452,25203_1cc0cb3c_12,0.0008037196239456534,0.9865866303443909
453,37160_2a95674a_4,0.0006676196935586631,0.9564188122749329
454,69240_dc199112_4,0.0006375116645358503,0.8789064884185791
455,25176_d9130589_0,0.0002124994935002178,0.972072184085846
456,69235_fe79a369_0,0.0001619015383766964,0.6363939642906189
457,39468_15fb2e60_9,0.0005290807457640767,0.9232438206672668
458,103284_e25015aa_6,0.00019410718232393265,-0.5470082759857178
459,30377_e18ea3de_0,0.0003104855422861874,0.7484670281410217
460,66080_f578d52b_4,0.00018311019812244922,0.058864593505859375
461,37444_52b27e94_14,0.00027626423980109394,0.957926332950592
462,38675_6e07d74b_31,0.0005960346898064017,0.9811401963233948
463,21680_360ba5c7_28,0.0005994909442961216,0.9563217163085938
464,142032_5c32b7db_2,0.00046702285180799663,0.9914001822471619
465,44210_a155c2d1_0,0.001835036906413734,0.9591512680053711
466,38287_88ec74de_92,0.0004306984192226082,0.9364163875579834
467,29572_2f9283f2_4,0.0014780464116483927,0.8898999691009521
468,28300_b3a6ab79_10,0.00048095188685692847,0.9833697080612183
469,136129_e6a20c7d_5,5.5185548262670636e-05,0.9153273701667786
470,119381_e4d13609_0,0.0005495827062986791,0.9792068004608154
471,30729_b4d83b07_4,6.915295671205968e-06,0.8579956293106079
472,140413_44177109_11,0.00040691293543204665,0.9808621406555176
473,26384_83eddf22_0,0.0007910908898338675,0.9396006464958191
474,82285_e7a738e7_2,0.0012009807396680117,0.8999655842781067
475,108599_347602af_0,0.0006162729114294052,0.9808356761932373
476,119889_41a6f268_1,0.0001509145658928901,0.7772858738899231
477,55006_94230c00_1,0.0004472195287235081,0.9860183000564575
478,21517_bfe35b4c_10,9.059043804882094e-05,0.9583708047866821
479,20818_098cad7c_6,7.625173020642251e-05,0.9183430075645447
480,41855_b82e6ae8_6,0.00048380583757534623,0.9440732002258301
481,137166_90691294_8,6.870931247249246e-05,0.9543707966804504
482,69561_f274e705_26,0.000327748479321599,0.984198808670044
483,51579_d0c3e154_0,0.0008460238459520042,0.9642004370689392
484,23676_52069f98_4,0.00036124829784967005,0.9886249899864197
485,31962_e5291336_1,0.0004745055630337447,0.9859609007835388
486,57222_33b428d7_1,5.227475776337087e-05,0.9611914753913879
487,51586_2ad96f8c_17,9.192502147925552e-06,0.8894312977790833
488,41473_c2137170_32,0.00038675134419463575,0.9397233724594116
489,31123_9a1bfc50_2,0.00021239847410470247,0.9839604496955872
490,23211_3aac9c7e_0,0.00023827565019018948,0.9553548097610474
491,45798_b573e9da_5,0.0008792880107648671,0.9546740055084229
492,27847_d2436f7c_37,3.317052687634714e-05,0.9616612195968628
493,54736_6ee1b513_1,0.00024914497043937445,0.7847503423690796
494,132901_7d205bb4_9,0.00041870356653817,-1.77608060836792
495,73762_8c704690_0,0.0006702722748741508,0.9096137285232544
496,23209_1592b0a4_1,0.00019239475659560412,0.9866573810577393
497,49024_b7f02205_2,3.208556881872937e-05,0.9186527132987976
498,147630_7f858240_15,0.00025274523068219423,0.9554718136787415
499,69337_2c778611_11,0.00010768757056212053,0.9366121292114258
500,82498_92a00cd6_1,0.0002850265009328723,0.911686897277832
501,78775_e2d8b091_1,0.00043310594628565013,0.9412558674812317
502,40067_95ae6c76_9,0.0005426530260592699,0.9418664574623108
503,80756_6f2e842f_0,0.0003549551765900105,0.927777886390686
504,25284_1da7aa8a_0,0.00044392564450390637,0.9121556878089905
505,55605_2f8bc12e_62,0.00036850114702247083,0.9873971343040466
506,39792_60786b6c_15,0.0007536515477113426,0.984870195388794
507,34063_0ca1585e_2,0.00036526715848594904,0.7632378935813904
508,31664_1e85c690_13,0.0003228900022804737,0.9907675981521606
509,131193_98f3ac52_1,0.0003345087170600891,0.8503851294517517
510,120221_e2eaa34b_2,0.0006155794835649431,0.7887709140777588
511,130286_1f71bfed_3,0.0003534232673700899,0.8947115540504456
512,118342_e8142153_21,0.00010131188901141286,0.9625599384307861
513,128043_9f8cd69e_1,4.989206718164496e-05,0.9312657117843628
514,41504_85e300ee_1,2.353874151594937e-05,0.8986427783966064
515,78863_d59be42e_0,0.001243147999048233,0.8505555391311646
516,31733_5118b376_3,0.0013908949913457036,0.9900743961334229
517,22208_e177deb7_5,0.0004069835413247347,0.902772068977356
518,24026_1dd4094b_43,0.00018039222049992532,0.8422340154647827
519,73388_10a40b49_1,0.0009209217969328165,0.9457869529724121
520,138219_cdff4f61_0,0.0004047706606797874,0.7328674793243408
521,49399_dc56d180_1,0.00015755918866489083,0.9970532655715942
522,41306_8f26e703_3,0.00012025464820908383,0.9585525989532471
523,51590_034b8b08_14,0.0017536128871142864,0.9703441858291626
524,48402_8c965495_4,3.431225923122838e-05,0.9506420493125916
525,26388_a3367cba_0,0.000658729113638401,0.9178899526596069
526,28300_b3a6ab79_6,0.00035395269514992833,0.9881579875946045
527,43938_418421a7_0,0.0003219633363187313,0.8540539145469666
528,41520_60018d18_0,2.416280040051788e-05,0.8260254263877869
529,137869_344b239b_0,7.084033131832257e-05,0.8333641290664673
530,41648_577daf16_0,0.0012106719659641385,0.9481761455535889
531,31347_386f6298_10,0.0002065790322376415,0.9960905909538269
532,82190_24b1b0fe_12,0.0007057653274387121,0.8763997554779053
533,33741_4a973932_1,0.0005846071871928871,0.9030774831771851
534,42005_3da46d94_0,0.00022240012185648084,-3.979931354522705
535,132982_ee1eed2f_0,0.0002688721870072186,0.9885184168815613
536,23898_6e740393_29,0.0002945910091511905,0.4195237159729004
537,105831_88a0fb85_6,0.0007258748519234359,0.9841688871383667
538,31278_749a6317_0,8.729805995244533e-05,0.9475623965263367
539,51586_2ad96f8c_4,0.00031647097785025835,0.8555124402046204
540,57000_cd1ddece_14,0.00031409299117513,0.8719749450683594
541,50692_e7ff2668_8,0.0003724339767359197,0.9867537617683411
542,65346_e89312e5_0,0.00017683877376839519,0.7327502965927124
543,38840_0e449caf_4,0.00036847408046014607,0.9048386216163635
544,29573_ca59fbbf_5,0.0006894234684295952,0.9930496215820312
545,30164_c5680724_12,0.0005813270690850914,0.9693218469619751
546,138620_e21e10ee_0,7.040771743049845e-05,0.9399969577789307
547,50305_caf9cef2_34,0.0008471763576380908,-0.46588218212127686
548,83396_fdb2987a_0,0.0008472696645185351,0.9694545269012451
549,28379_7e292343_4,0.0010573295876383781,0.976703405380249
550,33529_756075a0_32,0.000939045159611851,0.9302215576171875
551,109857_1d24326e_42,6.2704361880605575e-06,0.6875219345092773
552,22772_2b5f6629_6,0.0002471685584168881,0.9959437847137451
553,34600_e2685d46_2,0.0003359339898452163,0.9877243041992188
554,122344_ab1b06aa_2,0.0014225342310965061,0.9742833375930786
555,123573_5f5c9584_1,0.00033225768129341304,0.7319369316101074
556,35166_562b126c_20,0.00020156677055638283,0.9921978712081909
557,51350_138f893a_1,1.874118242994882e-05,0.8202440738677979
558,137785_67c3085b_16,0.000625313725322485,0.984611988067627
559,50417_199cffee_12,0.0006213704473339021,0.9699814319610596
560,22194_a5c323b9_3,0.0003624810487963259,0.9408621788024902
561,42329_df7f540f_18,0.0005193819524720311,0.945827305316925
562,41779_25e4203d_6,0.000247000134550035,0.6236912608146667
563,51094_40aa8332_20,0.0009343151468783617,0.9649338722229004
564,109762_cb162371_38,0.0005693651037290692,0.9700275659561157
565,45922_26941172_9,0.0008408777066506445,0.8552290201187134
566,34587_ed155e93_0,0.00011577503028092906,0.9966736435890198
567,69589_a468c1b4_0,0.0008846953278407454,0.9813202619552612
568,44921_00dfb467_0,7.559815276181325e-05,0.9815599918365479
569,82672_4705a693_0,0.000339141464792192,0.8489091992378235
570,26778_a71e88a6_0,1.8059665308101103e-05,0.95131915807724
571,69488_7bfb2b67_0,0.00012277456698939204,0.996588408946991
572,22686_afe3a61e_0,5.305598460836336e-05,0.6722080707550049
573,109772_5faa88e8_5,0.0005547731416299939,0.6205157041549683
574,43938_418421a7_147,0.0006863296730443835,0.905713677406311
575,141694_b5ac3112_3,0.0005848375149071217,0.774587094783783
576,31973_093ea963_16,6.497782305814326e-05,0.9592036604881287
577,26858_e90dc419_25,1.1889497727679554e-05,0.9311963319778442
578,131350_bbdad30d_0,0.0006758434465155005,0.6146570444107056
579,35741_c43475b8_1,0.00016916172171477228,0.9410474896430969
580,30690_3df2c9e2_1,0.0006291071767918766,0.9463626146316528
581,122758_5f4efbf0_2,0.00035717582795768976,0.9764994978904724
582,37822_3be11c62_0,7.88043616921641e-05,0.9664932489395142
583,91174_ee6ee92b_1,0.0002673534327186644,0.9373620748519897
584,23676_52069f98_31,0.001323302392847836,0.9866700768470764
585,27958_fee329eb_1,0.000245603354414925,0.9333778023719788
586,144534_3b4fdb09_18,0.0006902242312207818,0.8071351051330566
587,30292_0b5e0265_1,0.0015422669239342213,0.9790050983428955
588,111062_e59e2d31_0,0.001564130885526538,0.9822245836257935
589,135790_a27f9deb_77,0.0002537553373258561,0.9505748748779297
590,65842_de75838b_10,0.0001987628056667745,0.9584198594093323
591,22475_9d9601a8_3,5.464408968691714e-05,0.6953626871109009
592,119884_192e3265_0,0.0006879125139676034,0.8973298072814941
593,51463_3330e3aa_2,0.0008573788218200207,0.9110310673713684
594,23231_efe613bb_4,0.0008144969469867647,0.9582830667495728
595,22895_4533b542_2,0.00021357029618229717,0.9671961069107056
596,146219_5661130f_4,0.00035770953400060534,0.9922370910644531
597,38953_19054857_19,0.00023846153635531664,0.7880827188491821
598,21847_b2de7eb8_24,0.0008630530792288482,0.9415123462677002
599,51603_034939eb_12,0.00015180300397332758,0.9064295291900635
600,24843_5231632c_4,0.0001086260235751979,0.9324193000793457
601,41982_f75ceb8f_4,7.526023546233773e-05,0.42748337984085083
602,42937_c573c439_2,0.00011698446905938908,0.5082530975341797
603,61288_2d594195_0,0.0006201480864547193,-0.019465327262878418
604,55006_94230c00_0,0.00017820218636188656,0.8225357532501221
605,49898_f42a885e_5,0.0006552048143930733,0.9857193827629089
606,55709_af3825c8_4,0.000442548276623711,0.9855961203575134
607,144117_83c980ca_2,0.00015555601567029953,0.458493709564209
608,40417_b8d98f73_7,7.18333394615911e-05,0.9521999359130859
609,53200_d1e30b87_11,0.0002796793996822089,0.6933348178863525
610,147009_977ee378_4,9.47816988627892e-06,0.9162976145744324
611,63056_a5dfd66b_4,0.0002022038825089112,0.634654700756073
612,22205_f48b96b3_10,0.00027823823620565236,0.9366376399993896
613,51585_b695905b_4,0.00029654157697223127,0.993433952331543
614,24084_71f37c00_1,0.0003101776528637856,0.937749445438385
615,25815_0e853ad9_10,0.00016749465430621058,0.9895261526107788
616,55030_11a6e3e8_3,0.0020544875878840685,0.981435239315033
617,23042_1184de03_5,0.0003630619903560728,0.989435076713562
618,39719_e9629dbd_4,2.5436736905248836e-05,0.7202144265174866
619,51256_ed221095_2,5.11350626766216e-05,0.9428763389587402
620,25810_93c8a71a_3,0.00030325137777253985,0.9884059429168701
621,22208_e177deb7_1,0.0008010055753402412,0.9439513087272644
622,115624_d0acb46b_22,0.000301370833767578,0.9952565431594849
623,30708_4282508b_0,4.5363263780018315e-05,0.2978706359863281
624,31117_cd5cdbdb_12,0.00011625760816968977,0.9498087763786316
625,41733_1ec9b00c_32,3.102385380771011e-05,0.9084161520004272
626,111387_c4243097_2,2.6985662771039642e-05,0.9633480906486511
627,119869_e8f0dd81_19,5.673919076798484e-05,0.9572993516921997
628,34569_590239d6_0,0.0009679555660113692,0.9555683135986328
629,136318_130d6a06_23,3.909506631316617e-05,0.9513347744941711
630,145132_7aea3b66_4,0.00039623212069272995,0.994813859462738
631,41878_3aeaed3d_0,0.0006035139667801559,0.9018582105636597
632,34583_a1cf326b_0,0.00012837348913308233,0.9976505637168884
633,116581_d405b783_0,0.0007429452962242067,0.989905834197998
634,24044_9bbe7992_3,0.0003323457785882056,0.5851950645446777
635,22194_a5c323b9_2,0.00042114738607779145,0.9620449542999268
636,142076_08d80e12_21,3.2889718568185344e-05,0.8544842600822449
637,55817_6ac2912d_7,8.495930524077266e-05,0.083828866481781
638,21165_5cb2d287_2,4.8966670874506235e-05,0.8968198895454407
639,39796_45dcdc7d_0,0.001957467058673501,0.9746134877204895
640,33044_7fdd9213_1,0.0011242961045354605,0.970206618309021
641,23731_3fe5b501_6,2.2963220544625074e-05,0.9647016525268555
642,32743_f4c47bbc_31,0.0006710407906211913,0.9376227855682373
643,108775_4908fba2_21,0.0002924232976511121,0.9740130305290222
644,21941_1a683ec2_19,0.000628454377874732,0.9536166191101074
645,27682_04277f62_18,0.0009109947714023292,0.9581635594367981
646,25815_0e853ad9_4,0.0003648549609351903,0.9764558672904968
647,30261_723e95cf_2,0.00038136664079502225,0.9839260578155518
648,21385_601444ba_102,0.0006010939250700176,0.9717255234718323
649,30368_d7fd30ce_7,0.00012877782864961773,0.9514343738555908
650,55605_2f8bc12e_3,0.0006492692627944052,0.8940111398696899
651,24650_dad8c8ee_15,5.881641754967859e-06,0.8164957761764526
652,34227_48203345_7,0.0006382059655152261,0.9822072982788086
653,113348_ac85cba3_1,0.0003271838359069079,0.9648635983467102
654,26552_25c5924a_1,0.00012897652050014585,0.9506114721298218
655,55381_cbaffe9b_0,0.00010767510684672743,0.9701926112174988
656,55817_6ac2912d_25,0.00043025388731621206,0.9885656237602234
657,138947_0778db40_4,0.00010843595373444259,0.9575947523117065
658,52788_07f7da63_0,0.0003107344964519143,0.9228643774986267
659,70355_e5f58cd5_6,3.910763916792348e-05,0.9341415166854858
660,51744_cd355565_8,0.0008812319720163941,0.8193296194076538
661,41227_90e1c07c_16,0.0007057267357595265,0.9822279214859009
662,45359_1768ab3f_42,0.0011050294851884246,0.8833784461021423
663,41783_d1c10326_3,5.900948599446565e-05,0.810167670249939
664,32960_0eaa1de8_13,3.19721111736726e-05,-1.3081331253051758
665,34674_32ee1595_3,0.0011230703676119447,0.9619083404541016
666,136885_23632908_1,0.0004166031430941075,0.8513270616531372
667,136808_00592735_3,0.00010177204239880666,0.9778591394424438
668,45589_49e3c7ea_5,0.0001643361320020631,0.9966168999671936
669,141665_0564e852_3,0.0006485516205430031,0.8451296091079712
670,50897_3be92e2f_18,0.0001097439308068715,0.9974371790885925
671,84256_4164b724_3,0.00041499981307424605,0.601815938949585
672,22994_e6ad8f2b_10,0.0011298733297735453,0.9580663442611694
673,28295_0dc908b9_8,0.0002600383886601776,0.9185466766357422
674,23329_6939d5d9_5,0.00010868808749364689,0.879429817199707
675,123665_0a0da5c7_3,1.0031238161900546e-05,0.9216932654380798
676,121172_0ac63503_7,0.0002844075206667185,0.9461423754692078
677,50941_2a8a8c76_0,0.00029615123639814556,0.9941270351409912
678,37846_cde34fcd_66,0.0005230060778558254,0.9122217297554016
679,56040_9b1307eb_21,0.0007946613477542996,0.8762272000312805
680,146535_229c95bc_1,7.180786633398384e-05,0.6709872484207153
681,50947_49287c16_2,0.0009459059801883996,0.9845389723777771
682,95622_0a0787e4_5,0.00014062960690353066,0.9238923788070679
683,25432_f13e5110_0,0.0002443890552967787,0.9923039674758911
684,32454_e959e3cf_0,0.00045684067299589515,0.9871432185173035
685,65858_61e9b51a_18,0.0004664473526645452,0.8935898542404175
686,70350_751de4b0_3,0.001664738287217915,0.7698575258255005
687,129239_0d49310c_15,0.00031115167075768113,0.8814077377319336
688,31008_8fa25b35_8,0.00014950775948818773,0.9684302806854248
689,55306_795d845b_2,3.284062404418364e-05,0.7912759780883789
690,29729_e8bb36f1_2,0.00026282016187906265,0.6902903914451599
691,67283_4097cbd6_5,0.00011275300494162366,0.04131251573562622
692,23904_811e466f_4,7.39089009584859e-05,0.9379931092262268
693,116076_12d31fb7_1,0.00028843432664871216,0.9565959572792053
694,45302_02d7e3bc_0,0.0005789516144432127,0.8543822169303894
695,60977_4bb093ec_1,0.00038251507794484496,0.9829550981521606
696,49017_76979790_8,0.0003309314779471606,0.9372754693031311
697,146321_0dbae658_10,4.770050509250723e-06,0.5193148851394653
698,102194_150e3faf_3,0.00013419220340438187,0.9958900213241577
699,34769_44655d03_5,0.00014181932783685625,0.841421365737915
700,38953_19054857_6,0.00039571727393195033,0.6751735210418701
701,55397_ad24603f_1,5.5030439398251474e-05,0.9428791403770447
702,21908_385686ec_15,0.0003317701048217714,0.9839856624603271
703,60721_57103153_4,0.0002025922149186954,0.6756467819213867
704,98701_7cd4ec8d_0,0.0010914334561675787,0.980175256729126
705,91703_642cdf1a_1,0.00033194466959685087,0.993756115436554
706,26661_ab88a525_5,0.00010038093023467809,0.9746787548065186
707,51940_67bb0219_21,0.000105552542663645,0.7750614881515503
708,22543_684108ff_22,6.043742541805841e-05,0.9399430751800537
709,145250_cde4d039_8,0.00016124607645906508,0.8184670805931091
710,20232_e5b060d9_6,2.7067128030466847e-05,0.9508647918701172
711,128043_d4650350_0,0.0009443529415875673,0.9873191118240356
712,140530_30edf2c4_0,0.0003860729921143502,0.6741782426834106
713,131814_9af6d05a_0,0.0004127983993384987,0.9379280209541321
714,26245_4aac38e1_9,0.00016934146697167307,0.9292600154876709
715,30282_88c6933c_14,0.0005507825990207493,0.9788678288459778
716,32322_71d0035e_1,0.0008134836098179221,0.9582613706588745
717,131762_d10609a4_1,0.0005220321472734213,0.9764197468757629
718,54812_5f7b7aba_2,7.334805559366941e-05,0.9677995443344116
719,135830_8fb36dac_4,0.0013826051726937294,0.9387798309326172
720,139280_8874b1ab_4,2.7946336558670737e-05,0.939971387386322
721,49904_639055dd_1,0.00018923843163065612,0.9783099889755249
722,53601_59d3ecd2_0,0.0017529935576021671,0.9281324148178101
723,50047_54241fe3_12,0.00033941352739930153,0.9737277626991272
724,136925_70fb0381_3,0.00043376313988119364,0.9734558463096619
725,87488_95f678ce_0,0.0017252189572900534,0.9619120955467224
726,137166_90691294_2,7.32218031771481e-05,0.9513105154037476
727,44030_17bd5ec9_11,3.218486381229013e-05,0.9490005970001221
728,137396_b5f6bec4_5,0.00024383746495004743,0.9926763772964478
729,21900_760d2078_10,0.0010820257011801004,0.984326183795929
730,21185_ac5324ba_5,0.0011426224373281002,0.9643641710281372
731,31132_2320d049_4,0.00029988298774696887,0.9945452213287354
732,82281_80cdf67c_4,3.520874088280834e-05,0.9111775755882263
733,38287_88ec74de_15,0.0002035793149843812,0.9960575103759766
734,136128_831e37a6_0,0.0003920333692803979,0.9563871622085571
735,21330_f0cee934_18,0.0001566193241160363,0.8971993327140808
736,34109_5a868eae_10,0.00047361385077238083,0.9547186493873596
737,21174_861bd902_2,0.0004254741652403027,0.962917149066925
738,49783_365bec9e_6,0.0005947498721070588,0.9821582436561584
739,24429_ace910b3_8,7.151273166527972e-06,0.581480085849762
740,22772_2b5f6629_4,0.0003708565782289952,0.9051802754402161
741,53927_ef5208b9_14,0.0021882334258407354,0.9088351726531982
742,56250_3b6024e3_54,0.00045309364213608205,0.9900983572006226
743,23522_5c2ec58e_8,0.0006384067237377167,0.9798837304115295
744,121177_93fb3127_10,2.7064788810093887e-05,0.9508854150772095
745,138840_b7f948ea_2,0.0006541591137647629,0.9334192276000977
746,41125_711db4bf_6,0.0008317396859638393,0.9803276062011719
747,102606_28922dfc_0,0.00022487608657684177,-1.3644554615020752
748,31530_6744ae73_50,0.0016285293968394399,0.9709455966949463
749,50598_eae0df5a_1,3.262688551330939e-05,0.9403411746025085
750,145726_19ccdbda_12,0.00016469263937324286,0.9471864104270935
751,41469_b94cf3e4_0,0.0007215094519779086,0.85211181640625
752,147009_977ee378_1,0.0004120086960028857,0.9603978991508484
753,24267_8a216138_10,0.00036757628549821675,0.9701581001281738
754,63071_3d434a33_16,0.0006282557733356953,0.9664800763130188
755,34436_ffc43a58_4,0.0004896215396001935,0.5776249766349792
756,50692_e7ff2668_4,0.00022282458667177707,0.9107161164283752
757,146642_883a71d2_9,0.001110785291530192,0.9824581742286682
758,109772_f1a0845e_7,0.00047426577657461166,0.9889328479766846
759,136640_16741d62_1,0.00026782546774484217,0.9320001006126404
760,21680_360ba5c7_11,0.0003407698532100767,0.8615502119064331
761,27729_09d75da1_2,0.00037668694858439267,0.9892702102661133
762,82148_5df06ed9_19,0.0017644090112298727,0.8774366974830627
763,55287_8a57a3db_1,0.0009081921889446676,0.9441290497779846
764,53221_74fa81cd_5,0.00023565185256302357,0.8869876861572266
765,30417_0010bc7c_39,0.000477244466310367,0.9627468585968018
766,23706_ef15ef9c_40,9.05768247321248e-05,0.9870721101760864
767,140763_e14274f8_3,0.00012392594362609088,0.9061839580535889
768,23602_5daaccf5_3,8.286192314699292e-05,0.9865673780441284
769,30282_88c6933c_9,0.0002486020384822041,0.984361469745636
770,56824_0fc773f6_0,0.0006730246241204441,0.961632251739502
771,42410_d3b5588e_1,0.0002492685161996633,0.9621270895004272
772,55055_dd27a8a4_0,0.00012792478082701564,0.9976586699485779
773,115633_a2c63339_6,0.0004710808862000704,0.4784870743751526
774,73651_a41647f8_5,3.874726462527178e-05,0.8497983813285828
775,33413_060ce192_32,0.0003371488710399717,0.9741001725196838
776,97331_a482fa9b_0,0.0010017980821430683,0.7882996797561646
777,23476_705b76d1_0,0.00020096215303055942,0.9921395778656006
778,32566_7bfc936b_6,0.002693096175789833,0.9745471477508545
779,41717_eb1c1e6b_0,0.0011118261609226465,0.9109026193618774
780,60720_ef9a0a95_8,0.00036468959297053516,0.22053933143615723
781,138700_ab763a46_202,3.934255346393911e-06,-1.171152114868164
782,38287_88ec74de_17,0.0004672298673540354,0.9231594800949097
783,135535_0bd0048d_0,0.0009630838758312166,0.9854947924613953
784,21797_69df08d5_7,0.006286290008574724,0.9499504566192627
785,65350_b3fa8f4f_47,0.0011401277733966708,0.9947525858879089
786,41714_1d49f4d1_3,0.000484504911582917,0.9458614587783813
787,66012_a13e1644_1,0.00027055598911829293,0.8852655291557312
788,22652_564979ff_11,0.0004575118946377188,0.6599099636077881
789,25127_ecba81df_23,0.0002996329276356846,0.8044555187225342
790,47548_db93c988_4,0.00012975292338524014,0.6825792789459229
791,55927_f8b31711_5,0.0008317229803651571,0.9555158019065857
792,31647_ab9ad9dc_2,0.000310807692585513,0.9579885005950928
793,41128_ee74f244_8,0.000567842333111912,0.8445892333984375
794,20959_d4905d19_4,0.00010248956823488697,0.9748551845550537
795,52009_a2b75078_3,0.0020570089109241962,0.9792830944061279
796,22201_473a3a65_16,0.0004582109395414591,0.9379259943962097
797,29442_365e23df_30,0.0008454219787381589,0.9760882258415222
798,51859_6b2fd0f1_8,0.00010648586612660438,0.9963634610176086
799,140413_44177109_15,0.00010602048860164359,0.9059604406356812
800,21822_7d3db422_11,0.0006166144157759845,0.9828658103942871
801,24168_a0ede173_100,6.239240610739216e-05,0.9549718499183655
802,145532_c2304f89_1,0.0007154812919907272,0.8998093605041504
803,104641_2cd02839_13,2.8027403459418565e-05,0.8913677334785461
804,23679_81ef9e37_2,0.0008715855074115098,0.7923310995101929
805,95271_de3df8d5_2,1.5027506378828548e-05,0.9276434183120728
806,41401_e4117da2_0,3.358568937983364e-05,0.2681838870048523
807,48006_babdf4af_9,0.00032162063871510327,0.9962755441665649
808,142246_0851be5e_32,0.0013059773482382298,0.9783279299736023
809,33615_7bab1106_4,0.0003805124433711171,0.9748215079307556
810,31117_cd5cdbdb_18,0.0004260073765181005,0.9935516715049744
811,34914_8911676d_0,0.0003452486707828939,0.971537709236145
812,55501_a09e4ced_2,1.2887989214505069e-05,0.5158857107162476
813,41128_ee74f244_9,0.0003171864664182067,0.8950031399726868
814,142246_0851be5e_22,0.0006249123835004866,0.8866606950759888
815,22413_901f5867_0,2.1333673430490308e-05,0.9354333281517029
816,56490_0a0fba77_0,0.00016155994671862572,0.9541754126548767
817,93676_4f934980_1,0.0002821928355842829,0.37441015243530273
818,146642_883a71d2_96,0.000499164336360991,0.9455169439315796
819,24032_d6172503_3,0.00023401273938361555,0.9603288173675537
820,44221_25c62f03_1,0.00013959054194856435,0.9974145889282227
821,50315_0f1419bf_33,0.0024707464035600424,0.7601897120475769
822,133389_0938a905_2,0.00026377898757345974,0.9330546855926514
823,24824_cf51e5b6_4,0.0005405682022683322,0.8985928297042847
824,33970_32f36442_3,0.0003834757662843913,0.9880415797233582
825,29359_bbfab271_2,0.00045982652227394283,0.9190507531166077
826,23172_4ab01e83_0,0.000452921143732965,0.9889926314353943
827,98511_1b46a85e_45,0.00045583865721710026,0.9871886968612671
828,98511_1b46a85e_46,0.0004949329886585474,0.9854488968849182
829,34248_cc11976c_0,0.0004632731433957815,0.9828829765319824
830,104003_46555fb2_0,0.00026662100572139025,0.40710556507110596
831,34520_035b5e9a_8,0.00011480915418360382,0.9605420827865601
832,38397_93d5d7de_12,0.0020495327189564705,0.9716047048568726
833,130023_93b3ca95_1,0.00031021967879496515,0.8908098936080933
834,83213_47c49876_1,0.0001890920684672892,0.9783271551132202
835,43928_6ca53538_63,0.001797951990738511,0.9581888914108276
836,82779_b7b722e3_9,0.0005553023074753582,0.9336786866188049
837,134967_0f27ef51_1,9.789010800886899e-05,0.926764965057373
838,86024_714b24f4_1,0.00020110279729124159,0.9921216368675232
839,40807_58058731_11,0.0002855248749256134,0.9569384455680847
840,26750_cd3cb3ff_0,0.0007873838767409325,0.9863415956497192
841,126913_d253adb7_2,0.0003239721118006855,0.9360775947570801
842,24268_2804c9ff_13,0.0006491907988674939,0.9831141233444214
843,45542_320c16fd_3,0.00024604875943623483,0.9951083660125732
844,22342_274ed8a6_1,0.00028126940014772117,0.9390844106674194
845,133385_e6aa64d8_17,3.1372812372865155e-05,0.8742363452911377
846,143509_1dd5212d_3,0.00047622184501960874,0.9859544634819031
847,47989_3ff0f41d_0,0.0014009167207404971,0.9601467251777649
848,21822_7d3db422_14,0.0014585437020286918,0.9789383411407471
849,21517_bfe35b4c_12,0.0002588221977930516,0.5481935739517212
850,52883_e518d3f4_10,0.00014971726341173053,0.9756928086280823
851,41871_f9a1ad02_14,0.000557459017727524,0.9442317485809326
852,37016_455093c1_2,9.448271885048598e-05,0.9493486881256104
853,31117_cd5cdbdb_78,0.0014883071416988969,0.9884586930274963
854,129239_0d49310c_22,6.474824476754293e-05,0.8120079636573792
855,30400_8824ce97_6,0.0016291610663756728,0.9659368991851807
856,53233_8dbca22c_8,0.000643932435195893,0.954831600189209
857,40514_bb61631d_25,0.00023193965898826718,0.9486873149871826
858,24053_53349e4d_2,5.7787459809333086e-05,0.9256296157836914
859,41917_f0c40fa1_16,0.00031314839725382626,0.9925919771194458
860,22543_684108ff_5,0.0011449470184743404,0.9546087980270386
861,138636_c1153075_0,4.620071922545321e-05,0.9587594270706177
862,24448_75004b6c_6,0.0002043821441475302,0.993492841720581
863,24831_bbd3e098_8,5.790811701444909e-05,0.9432555437088013
864,53221_74fa81cd_3,0.00011705936776706949,0.9683557748794556
865,76879_65a30a82_4,0.0001203715946758166,0.8032251596450806
866,108773_f9384cff_10,1.7973663489101455e-05,0.810312032699585
867,33671_0e9c6ca3_5,0.00011479907698230818,0.990882158279419
868,93103_fdb9fcb7_15,0.0007126428536139429,0.9615465402603149
869,137675_d2bd633e_0,0.00036002942943014205,0.7745162844657898
870,21893_0500d043_32,0.00052627082914114,0.6559423804283142
871,22110_0bc70e9f_1,0.0007839573663659394,0.5182148218154907
872,43152_b5472481_1,0.00016503567167092115,0.9380255937576294
873,115717_40314bc2_1,0.0012532527325674891,0.8904975056648254
874,102943_ca9e7968_0,8.900697866920382e-05,0.878887414932251
875,136401_69f29349_0,0.0006834511295892298,0.5466597080230713
876,28542_3c922564_0,0.0002917726233135909,0.8936043381690979
877,24267_8a216138_6,0.0007432260899804533,0.9592400789260864
878,84374_272a9731_7,0.00042650860268622637,0.9437667727470398
879,23531_1ecc8346_18,0.0021313061006367207,0.979210615158081
880,41871_f9a1ad02_30,0.0010239349212497473,0.9689655303955078
881,132461_14abd2d0_0,2.143435995094478e-05,0.40161287784576416
882,37617_3f415463_2,2.5450679459027015e-05,0.9584116339683533
883,41696_de0790a1_1,0.00020088824385311455,0.9955390691757202
884,54657_2a66e0de_20,0.00028102955548092723,0.9741942286491394
885,24425_0dc4b306_0,0.00029057517531327903,0.9715428352355957
886,146667_fe438b5b_0,0.0001957318454515189,0.9925559759140015
887,23048_8a1a5553_8,2.1268020645948127e-05,0.42775458097457886
888,51871_86ebf5b2_17,0.0003593973524402827,0.9342063665390015
889,30664_a3084f71_6,0.0007799615268595517,0.9521406888961792
890,139801_97e2ca6a_5,0.0001829195680329576,0.9625486135482788
891,22278_12f1fb79_13,0.0009634060552343726,0.9373238682746887
892,22776_facf9bcf_8,0.0011750573758035898,0.9600057601928711
893,40500_6055e3d7_15,0.015269207768142223,0.8477092981338501
894,35740_5322d674_13,7.854731666157022e-05,0.9522144794464111
895,39792_60786b6c_12,0.0005089078331366181,0.9815247654914856
896,115524_4a411f7e_0,0.00014151087088976055,0.967853844165802
897,24131_3ea7d5a8_17,0.0006423302693292499,0.9690168499946594
898,100326_0602c712_2,0.0016210933681577444,0.9485073685646057
899,34571_25c64838_2,0.001005002181045711,0.9404350519180298
900,143534_4f65fd1a_0,0.00013103900710120797,0.9556968212127686
901,101446_95204330_1,0.00020252310787327588,0.8716133832931519
902,41749_14d0599c_10,5.963082367088646e-05,0.8259686231613159
903,55715_525d1d3e_12,0.00015503185568377376,0.5401469469070435
904,45307_b9b4bca0_30,0.002678153570741415,0.9808191657066345
905,22654_4c426b0f_0,0.0005554799572564662,0.9304401874542236
906,22670_9353c710_4,0.00036818606895394623,0.8870916366577148
907,99445_94c22a37_11,0.00044698925921693444,0.9933587908744812
908,132811_57264a28_4,0.00021045889297965914,0.9828063249588013
909,23258_87a2ba81_3,3.076587017858401e-05,0.9513685703277588
910,50777_2934de55_22,0.0006743702106177807,0.9760614037513733
911,98418_4185a7fb_0,0.00034457884612493217,0.9916521310806274
912,43441_e1ab0873_2,6.820083217462525e-05,0.1735803484916687
913,24271_dbc0fd2d_12,8.343770605279133e-05,0.9816341996192932
914,38944_0d0c3fce_0,0.001134081743657589,0.9926528930664062
915,40624_e1c5c424_11,6.886516530357767e-06,0.8265560865402222
916,100028_0c3a8f1c_13,0.0004568848817143589,0.9941232204437256
917,40491_ac67bf4c_13,0.0005041026743128896,0.9905442595481873
918,25416_1deb9c75_0,0.0005428530275821686,0.9060310125350952
919,21657_2651585a_6,0.00044327013893052936,0.9765049815177917
920,21986_67c5509a_15,0.00039959311834536493,0.9504209160804749
921,32288_34013274_2,0.0013416034635156393,0.7729223370552063
922,55373_ddd74d2f_0,0.0007798863225616515,0.8992756009101868
923,26245_4aac38e1_0,0.00023230644001159817,0.9866892695426941
924,33044_7fdd9213_0,0.00013101982767693698,0.9766066074371338
925,31530_6744ae73_48,0.0011479156091809273,0.9889110326766968
926,25555_fd3d9a3c_1,6.148618558654562e-05,0.9136768579483032
927,54175_7d864ace_6,0.00028514262521639466,0.935965895652771
928,72950_5074f5a3_0,0.0002126439503626898,0.8594306707382202
929,129618_2962c248_0,0.0014778475742787123,0.9753172397613525
930,52012_77070fda_10,4.366096618468873e-05,0.9315288066864014
931,28295_0dc908b9_7,0.000332273164531216,0.9107422828674316
932,144419_90e59d67_2,5.0450391427148134e-05,0.44246697425842285
933,22734_f6bad9f7_24,0.001812157453969121,0.9439175128936768
934,22604_0b4ffb43_14,0.00012792478082701564,0.9976586699485779
935,81996_b3752ed2_3,0.0002488665923010558,0.7766625881195068
936,24504_493cee15_8,0.0008655081619508564,0.9655371904373169
937,39124_28e99e62_1,0.00011957063543377444,0.8654581904411316
938,29725_0ad4937e_1,0.0001326924975728616,0.7601560950279236
939,109232_04340d62_6,0.0001509584253653884,-1.746009111404419
940,129075_8fbf62e5_0,0.00044358510058373213,0.6489540338516235
941,102937_18c3cb6a_4,0.0004621466505341232,0.9837965369224548
942,52551_8098346a_5,0.00016029292601160705,0.7211689352989197
943,128043_6947b64c_0,0.0009156375890597701,0.9471427202224731
944,119030_292009a7_41,0.001465958310291171,0.784959077835083
945,48526_5aecac8a_0,0.0002403781982138753,0.9595232009887695
946,32541_86f7df73_4,0.00017000988009385765,0.8382644653320312
947,55114_7bf17f6a_0,0.0007945957477204502,0.9423964023590088
948,55285_6816da52_1,0.002630756003782153,0.9430641531944275
949,37683_e2cca100_17,0.0001352735998807475,0.7870266437530518
950,78775_e2d8b091_15,0.0009102846379391849,0.9702368974685669
951,93199_2146e709_2,0.0002626322384458035,0.9689939618110657
952,135595_656de97a_14,0.00011035389616154134,0.9208806753158569
953,24284_3710e946_16,0.000351033202605322,0.9920472502708435
954,135521_30553c91_2,8.214246918214485e-05,-0.19134855270385742
955,29732_fb15318c_5,0.00015878233534749597,0.849166989326477
956,88060_389bdff4_0,0.0006482063326984644,0.9605539441108704
957,27839_4a077326_28,0.0011618732241913676,0.9712114930152893
958,100435_87bf423d_8,0.00018946420459542423,0.9962666630744934
959,25365_bb0e4ede_44,0.0001595812354935333,0.7736722230911255
960,146169_144d8264_0,0.0010178984375670552,0.994502604007721
961,23342_7193a931_3,1.6911353668547235e-05,0.9501768946647644
962,57000_cd1ddece_12,0.00028876986471004784,0.9942266345024109
963,119790_1ed376f0_3,0.00012772665650118142,0.8605993986129761
964,72522_e9e87960_4,0.0005198828293941915,0.9902420043945312
965,65366_f618b577_2,0.0002407980355201289,0.7903932332992554
966,55707_c78416ed_35,0.0008282596827484667,0.9567154049873352
967,70321_eccffc7e_0,0.0005053611821494997,0.8690826892852783
968,120143_b5756e6b_0,0.0016718115657567978,0.7678316235542297
969,27726_aca43af4_35,5.130666613695212e-05,-1.3837618827819824
970,31361_72aab333_20,0.000563638808671385,0.8208698034286499
971,121949_e10b5e85_12,0.000569273775909096,0.9842764735221863
972,146399_0e4b73c4_13,0.0012531327083706856,0.9742743372917175
973,41134_fc146947_6,0.0003597553295549005,0.8318135142326355
974,21237_7887a24b_35,0.00015936416457407176,0.3411599397659302
975,24885_55e20ddf_3,6.0124493757029995e-05,0.9405989050865173
976,34914_8911676d_23,0.0001296171103604138,0.9769639372825623
977,21803_8a36dcda_12,0.0009178135660476983,0.9692885875701904
978,41306_8f26e703_5,9.350921573059168e-06,0.8990551829338074
979,25118_f50fdc69_10,4.145075217820704e-05,0.9394593238830566
980,25473_0991d519_9,0.00046225287951529026,0.9884246587753296
981,126585_86fa26cb_0,9.58549790084362e-05,0.8816205263137817
982,145691_69484976_9,0.000699357595294714,0.9371193051338196
983,60729_c51868ec_0,0.00034356623655185103,0.8107287883758545
984,123929_e7dbad2c_0,0.00047463533701375127,0.7745427489280701
985,69649_70b07cac_0,0.00013350059452932328,0.9970510601997375
986,55135_f1186d58_9,4.2572115489747375e-05,0.946961522102356
987,20838_86c931be_2,0.00041360073373652995,0.9485769867897034
988,45242_626509cb_11,0.0002959289704449475,0.8692277669906616
989,34983_439766af_13,0.0008051425102166831,0.991625189781189
990,53453_fb0f1640_1,0.0020187750924378633,0.9387155771255493
991,23255_972fbfe6_25,0.0003030946245416999,0.9904462099075317
992,24168_a0ede173_203,0.007966209203004837,0.9556954503059387
993,55476_1473d91f_0,0.0003278615477029234,0.8328540921211243
994,55111_ef389075_1,0.0005295522278174758,0.9797600507736206
995,141710_17531562_1,0.00043324189027771354,0.9636238217353821
996,96601_b89e6252_1,6.694365583825856e-05,0.6439976692199707
997,135790_a27f9deb_43,0.004306282382458448,0.9448274374008179
998,121363_746708db_0,0.00021724862745031714,0.9164111018180847
999,136886_3aa46890_0,8.565890311729163e-05,0.968061089515686
1000,50315_0f1419bf_19,0.0013892309507355094,0.9808911681175232
1001,37846_cde34fcd_14,0.00012557719310279936,-0.4198187589645386
1002,24816_ef81ad4c_1,0.00013622839469462633,0.9512873888015747
1003,75646_4baf69b2_7,0.0015593237476423383,0.9781644940376282
1004,140155_81f9ac63_0,0.0002530016063246876,0.9368789792060852
1005,51603_034939eb_10,0.0008263345225714147,0.9542214274406433
1006,30435_c97330d2_0,0.00012624413648154587,0.7865434885025024
1007,27839_4a077326_27,0.00035450822906568646,0.9807242155075073
1008,55627_971fde61_34,0.0016153984470292926,0.8751139640808105
1009,134909_ef3d003c_0,4.514514876063913e-05,0.9557113647460938
1010,33413_060ce192_51,5.470524683914846e-06,0.24204576015472412
1011,22245_ca848576_12,0.00019769409846048802,0.7691245079040527
1012,52039_ba12c3ac_1,0.000284162990283221,0.994318962097168
1013,39707_358f88df_2,0.00033425152651034296,0.6440564393997192
1014,50014_33f250c8_3,0.0019917571917176247,0.9818320870399475
1015,52987_387431ac_1,0.001173133496195078,0.919448971748352
1016,33501_b1ee5058_15,0.0002719228505156934,0.9945927262306213
1017,82168_4844bddd_1,0.00026945516583509743,0.9636185765266418
1018,30384_95e72fc2_4,0.00016389283700846136,-0.8050312995910645
1019,23554_a0845d54_2,0.0003718668594956398,0.6891466379165649
1020,23800_65e0a5d1_0,0.00013320232392288744,0.5802137851715088
1021,41128_ee74f244_0,0.0006260090158320963,0.37152254581451416
1022,143019_22dbd3e6_2,0.0006613848963752389,0.9790160059928894
1023,79993_6087acd5_8,0.0015614600852131844,0.9506025910377502
1024,21422_b2a6bf27_0,0.00025356042897328734,0.9958195090293884
1025,25487_dd2c17e8_21,0.00018549631931819022,0.8352938294410706
1026,22654_4c426b0f_10,4.759726652991958e-05,0.680364191532135
1027,30368_d7fd30ce_6,1.637183959246613e-05,0.6498469114303589
1028,57249_6bd2af3c_2,0.0001886633544927463,0.9930402636528015
1029,57029_3ab80a22_0,0.00037559529300779104,0.9254894256591797
1030,79906_052c7eb4_3,0.0004047664115205407,0.9122610092163086
1031,82996_b8dc67c9_10,6.11452414887026e-05,0.9156175851821899
1032,119884_192e3265_1,0.00046170761925168335,0.7894270420074463
1033,21225_c081eae3_10,0.00153480120934546,0.9120066165924072
1034,121949_e10b5e85_1,0.0006307123112492263,0.8404039144515991
1035,81994_ba8916c9_5,6.381557614076883e-05,0.9442387223243713
1036,22447_4062c6cb_29,0.00024052774824667722,0.9959425330162048
1037,55044_ee57bac8_1,5.1824539696099237e-05,0.803097128868103
1038,41871_f9a1ad02_13,0.001998538849875331,0.9887754321098328
1039,74688_a5168a45_2,1.652498212934006e-05,-2.5506207942962646
1040,23218_02d26ab4_4,1.9339309801580384e-05,0.9555187821388245
1041,41205_dc60aa5d_0,0.00025753857335075736,0.9359748363494873
1042,41979_ca698776_0,0.00031972755095921457,0.9344268441200256
1043,141453_50ec6f25_7,0.00036793993785977364,0.9895773530006409
1044,97143_5424c420_0,0.00021162629127502441,0.9456885457038879
1045,41986_26275a06_2,0.00022067104873713106,0.979198157787323
1046,136800_c5e4d711_2,0.000197431436390616,0.7301401495933533
1047,101635_11b839a3_5,3.2811512937769294e-05,0.7311877608299255
1048,55866_b041060d_0,0.00018087284115608782,0.9889295101165771
1049,53846_89405f98_0,0.0006420431309379637,0.8688234686851501
1050,27725_5cceaeb7_1,0.0008215074194595218,0.9258764386177063
1051,146137_92faaea5_9,0.0007224012515507638,0.9421179890632629
1052,41211_11f6b8a0_4,8.123770385282114e-05,0.9665431380271912
1053,21330_f0cee934_46,0.00028967412072233856,0.9942085146903992
1054,127188_5fecd146_4,6.530599785037339e-05,0.9102632999420166
1055,135949_06517574_8,8.9473687694408e-06,0.907243013381958
1056,68928_0d4e4a2e_24,0.0010146788554266095,0.9361969828605652
1057,50410_f8f03667_38,7.810764145688154e-06,0.4622684717178345
1058,142999_171240b6_21,5.4824751714477316e-05,0.9594634771347046
1059,144709_642fc665_0,0.0010451633716002107,0.8972886204719543
1060,53232_f8760054_10,0.0003763947752304375,-2.602414608001709
1061,22372_e91792a1_0,2.7093201424577273e-05,0.6525288820266724
1062,21767_53eaa558_12,0.008535746484994888,0.8896974325180054
1063,32220_1fd19c5e_0,0.00012535961286630481,0.8712087869644165
1064,22886_a6331748_1,0.00035012615262530744,0.9678546190261841
1065,130996_b842b511_12,0.0001481312356190756,0.9863465428352356
1066,55571_74a416b1_1,6.416780524887145e-05,0.45568662881851196
1067,70169_914780d4_1,0.00021932022355031222,0.9164830446243286
1068,23156_7788f78a_6,0.0011954770889133215,0.9913497567176819
1069,124496_20e20439_10,8.213682303903624e-05,0.8194741010665894
1070,76300_7cb02add_1,0.0002391369198448956,0.9645899534225464
1071,21647_6b6cca6f_10,0.00020787685934919864,0.8865392208099365
1072,22734_f6bad9f7_23,0.00128499127458781,0.946469247341156
1073,94176_0a6c42ab_2,5.1455904213071335e-06,0.05567437410354614
1074,24048_d731886d_9,0.0006112417322583497,0.932626485824585
1075,25487_dd2c17e8_30,0.0006345779984258115,0.7131482362747192
1076,115717_40314bc2_4,1.7483393094153143e-05,0.9431304335594177
1077,125592_875faf40_0,0.000808164884801954,0.9624876976013184
1078,41871_f9a1ad02_44,0.00045591688831336796,0.9677903652191162
1079,146642_883a71d2_8,0.00011511313641676679,0.9719143509864807
1080,136883_076fbff9_31,5.4762658692197874e-05,0.818856954574585
1081,60766_fb8715eb_3,0.0006518782465718687,0.9523283839225769
1082,30818_33617072_0,0.0023171468637883663,0.8826828598976135
1083,130679_7a357a9c_18,0.0014185046311467886,0.9165592193603516
1084,55306_795d845b_0,3.3893567888299e-05,0.9273414611816406
1085,135934_d2f6bb2e_33,3.0061359211686067e-05,0.9599218964576721
1086,111054_e45a0d40_7,0.007838432677090168,0.9241763949394226
1087,36826_d9269c2e_10,0.00032119089155457914,0.9781832695007324
1088,37619_ae810a8d_7,8.003165930858813e-06,-2.655184507369995
1089,22343_34184fd5_22,0.00015609583351761103,0.5168768763542175
1090,113020_de552f8d_0,0.00012373969366308302,0.9226214289665222
1091,20216_89b90993_0,0.0022859571035951376,0.8477093577384949
1092,23325_292b3294_16,0.0006353615317493677,0.9395551085472107
1093,23522_5c2ec58e_9,0.00019638286903500557,0.9850891828536987
1094,146624_359752bb_20,7.853735951357521e-06,-2.9592251777648926
1095,104990_11b4aeee_1,0.0002167389466194436,0.9950457811355591
1096,90917_4670b560_0,0.00248526968061924,0.9516981840133667
1097,54818_59adf8c2_5,0.0007588470471091568,0.3437344431877136
1098,34109_5a868eae_3,0.0001657570101087913,0.7295695543289185
1099,23161_e7f63a9f_2,0.0003573269641492516,0.9676676988601685
1100,37160_2a95674a_27,0.0008749287226237357,0.6943191289901733
1101,61280_8bdbc90f_0,0.0006152050918899477,0.9779050946235657
1102,55083_dac1f9cc_2,0.0002034992357948795,0.983058750629425
1103,34341_d19b12fb_14,8.787443221081048e-06,0.9125994443893433
1104,54516_ac9e2ef4_61,0.0010994382901117206,0.8174411058425903
1105,24559_3c306e71_2,6.208002014318481e-05,0.8736268281936646
1106,105831_88a0fb85_1,0.000566028815228492,0.9784944653511047
1107,32743_f4c47bbc_19,0.0007506480324082077,0.8605190515518188
1108,40500_6055e3d7_18,0.00041022480581887066,0.9803081750869751
1109,22862_f5406bb0_0,0.0005656582652591169,0.9909003376960754
1110,141081_ae61ec46_0,0.0004608391609508544,0.9933287501335144
1111,135112_cf8007b8_4,0.0008392023155465722,0.9872691035270691
1112,131442_1512d9ff_5,7.131375605240464e-05,0.8490840196609497
1113,145132_7aea3b66_1,0.002289403695613146,0.9913347959518433
1114,41871_f9a1ad02_45,0.0003423369489610195,0.9340161085128784
1115,51775_49ef614a_1,0.0004655805241782218,0.8680802583694458
1116,143293_fc5b0ff7_23,0.00013361836317926645,0.7558853626251221
1117,51547_a7e01c38_6,2.8185857445350848e-05,0.9596164226531982
1118,114021_44c3c39c_2,3.867943087243475e-05,0.9035703539848328
1119,123766_c5a4cf5e_0,0.00011034624913008884,0.2964586615562439
1120,23031_0d684603_8,0.00042918999679386616,0.8150080442428589
1121,132996_c742ef84_4,0.0011356460163369775,0.8424087762832642
1122,137096_5d77f285_1,0.00032168551115319133,0.9616044759750366
1123,27072_b4756e8c_2,0.0003818204568233341,0.9136441349983215
1124,51915_e704f5dd_2,0.000643008213955909,0.8994464874267578
1125,132811_57264a28_13,0.00024106756609398872,0.9959415793418884
1126,49396_98ab955d_13,0.0008711249101907015,0.9028828144073486
1127,132081_761d26ad_0,0.00012354877253528684,0.9966927766799927
1128,82906_7b72e0e8_2,0.0007178022060543299,0.9800021648406982
1129,92649_26fe8262_0,0.00012116767175029963,0.9440973997116089
1130,21803_8a36dcda_11,0.0010270464699715376,0.9723756313323975
1131,30637_f6324fc6_5,0.0002018692612182349,-0.3360978364944458
1132,105560_a6f91315_12,8.273153980553616e-06,-0.15874648094177246
1133,41737_d80c34b9_0,0.00032477371860295534,0.9805963039398193
1134,34983_439766af_12,0.00019450346007943153,0.9808664917945862
1135,122755_60c41889_10,3.1534866138827056e-05,0.4946383237838745
1136,76879_65a30a82_2,0.0023421612568199635,0.9790495038032532
1137,89816_cef36e57_4,0.0003960640460718423,0.9934685230255127
1138,49406_100c707b_3,9.813761425903067e-05,0.9886842966079712
1139,105560_a6f91315_10,8.69333052833099e-06,0.8122915029525757
1140,129421_483d2957_5,1.7128912077168934e-05,0.927829921245575
1141,122740_fc5c94eb_33,0.0005183163448236883,0.9841301441192627
1142,135595_656de97a_5,0.00011516557424329221,0.9579382538795471
1143,35740_5322d674_5,6.722327725583455e-06,-1.333099603652954
1144,23681_932e722e_18,0.00029867433477193117,0.9943466186523438
1145,108244_329b1876_17,4.059008006151998e-06,0.05688893795013428
1146,125745_cf468448_6,0.000141811091452837,0.9666553139686584
1147,138838_c9a9e790_6,0.0010181351099163294,0.8020904064178467
1148,102416_b74464a2_4,8.648977200209629e-06,-2.4306640625
1149,30426_2cde26de_21,1.940734546224121e-05,0.9423136115074158
1150,137837_9c9f163d_5,7.051620195852593e-05,0.9257471561431885
1151,25487_dd2c17e8_15,0.001684594084508717,0.7804178595542908
1152,21549_18160a0a_4,5.600765689450782e-06,0.20940285921096802
1153,21385_601444ba_0,0.0012259887298569083,0.923732340335846
1154,35233_add576ba_9,0.001971679739654064,0.8712254762649536
1155,55345_c6423351_0,0.000537991349119693,0.9129034280776978
1156,110697_4b2725f1_0,0.0003792748902924359,0.9911648035049438
1157,109946_242843a6_1,3.7203899410087615e-05,0.12298840284347534
1158,34341_d19b12fb_22,2.477396083122585e-05,-1.816598892211914
1159,23247_bcd1e84f_21,0.0008267619414255023,0.8264040946960449
1160,131765_29b29f08_6,6.990370820858516e-06,0.8486221432685852
1161,21395_7d6fda6f_12,0.0006609844858758152,0.4215009808540344
1162,135460_6471e973_15,0.0001873893925221637,0.9384452700614929
1163,51741_49d61151_7,0.0003032343811355531,0.989043116569519
1164,28382_90b7cc0c_12,0.00010003929492086172,0.9637125730514526
1165,30850_05d88af9_2,0.0005371487350203097,0.9778416156768799
1166,86278_1e55d036_12,8.902317495085299e-05,0.3373841643333435
1167,67240_525e92c1_1,0.00048563844757154584,0.6103169918060303
1168,82002_ef2b4feb_6,0.00034665848943404853,0.9933391809463501
1169,53364_ec8aad42_1,0.006094812415540218,0.7381182909011841
1170,135771_b030a25c_17,0.00037720176624134183,0.5636608600616455
1171,135906_29d7b495_1,3.294072666903958e-05,0.9411069750785828
1172,21822_7d3db422_38,0.00023370218696072698,0.762900173664093
1173,81136_5b86c723_1,2.2344520402839407e-05,0.8359089493751526
1174,25473_0991d519_2,0.0012539299204945564,0.9783061742782593
1175,73405_94381b7c_5,0.0011002895189449191,0.8150533437728882
1176,24009_c40b0d48_2,0.00013467660755850375,0.9958640933036804
1177,22162_439af02a_1,0.0002096583048114553,0.9958775043487549
1178,146159_f3f80701_0,0.0014444582629948854,0.614861011505127
1179,51895_5760b481_15,0.002881411463022232,0.9693322777748108
1180,33500_e58e287e_1,0.0008147707558237016,0.9620736241340637
1181,31838_2e4bd173_0,0.0006764430436305702,0.547834575176239
1182,146137_92faaea5_18,3.5306456993566826e-05,0.6909503936767578
1183,124879_2257a334_2,4.2575578845571727e-05,0.5327167510986328
1184,144145_510eedc2_7,0.00023209436039905995,0.9956987500190735
1185,21237_7887a24b_78,0.0002324394736206159,0.9797865152359009
1186,82297_93739ce0_6,0.0006521422183141112,0.7856241464614868
1187,51536_a18dc325_31,0.00019015042926184833,0.07832515239715576
1188,93103_fdb9fcb7_7,0.0003085601201746613,0.960171103477478
1189,24590_415f7013_9,0.00014886996359564364,0.9724171757698059
1190,130659_16f2db4c_0,0.0001511252485215664,0.9500049948692322
1191,23083_fdb942ac_2,0.0002889106690417975,0.9879453778266907
1192,23954_a8c09819_2,0.00020621417206712067,0.9960009455680847
1193,30417_0010bc7c_13,0.000494884850922972,0.95599365234375
1194,120535_e304dfca_1,0.00033614362473599613,0.9753438830375671
1195,93199_2146e709_9,0.0007538618519902229,0.8268941640853882
1196,23686_cba4f679_15,0.0007766344933770597,0.982592761516571
1197,40807_58058731_20,0.00125188659876585,0.9873997569084167
1198,94410_d32e7520_35,0.000888457871042192,0.9778788089752197
1199,79695_fd8bae0e_0,0.0006660741055384278,0.8306288123130798
1200,129422_621d0a90_35,0.0008755704620853066,0.5887773036956787
1201,44932_16cb7f21_5,0.0009359086980111897,0.9734926223754883
1202,136550_8a8672e5_1,9.767364099388942e-05,0.9725803136825562
1203,20495_e8e7e80c_3,0.00016318501729983836,0.9970813393592834
1204,31962_e5291336_50,0.0003757575759664178,0.64155113697052
1205,24888_5be1de05_1,1.6911244529183023e-05,0.6783621907234192
1206,34114_7e58a97d_10,0.001770033035427332,0.9319508671760559
1207,108433_37a79370_0,0.0016701966524124146,0.8524161577224731
1208,22844_9b75b8e0_1,0.0001571954635437578,0.9934792518615723
1209,115637_b4d41e8a_0,0.0004032062424812466,0.9609671235084534
1210,53474_f29e4438_15,0.0015480788424611092,0.9559617042541504
1211,26766_1aaa348c_0,0.00025670399190858006,0.9635606408119202
1212,51940_67bb0219_7,0.0011310996487736702,0.8151609897613525
1213,41714_1d49f4d1_13,1.4878415640851017e-05,0.9413275718688965
1214,21815_7090778f_9,0.0012411074712872505,0.8981480002403259
1215,32843_8e5bdf24_0,0.001447227201424539,0.9358773231506348
1216,23686_cba4f679_10,0.0008027812582440674,0.8999630212783813
1217,114425_891ab08d_0,0.0010737954871729016,0.8661105632781982
1218,41786_02d48cdd_5,0.000337611127179116,0.9477571249008179
1219,22895_4533b542_1,0.000323372456477955,0.9814664125442505
1220,49016_cd1b47bf_6,0.0027560226153582335,0.9126951098442078
1221,51674_a70c1c6c_3,9.603377839084715e-05,0.8464291095733643
1222,52972_6e5a5ada_11,0.0004380610480438918,0.9814060926437378
1223,120700_d818883a_8,6.339834362734109e-05,0.914160966873169
1224,34530_9525ffcd_0,0.0009814141085371375,0.9815442562103271
1225,24355_99bf3f8f_1,0.00011640969023574144,0.7745652794837952
1226,56250_3b6024e3_46,0.0013566802954301238,0.9760125279426575
1227,56355_727ca47c_3,0.00037095739389769733,0.9104262590408325
1228,35057_9af89947_1,0.0003241272352170199,0.9491115212440491
1229,120881_a946667f_13,5.000778037356213e-05,0.9311062097549438
1230,143021_c6df0146_5,4.691671347245574e-05,0.7387470006942749
1231,69240_dc199112_3,0.0004320227599237114,0.6067984700202942
1232,41733_1ec9b00c_15,0.0004972309689037502,0.8964527249336243
1233,30298_24191733_2,2.298852996318601e-05,0.8410197496414185
1234,30400_8824ce97_18,0.0005802040686830878,0.8788495659828186
1235,37040_ecbcd25e_36,0.0002509828773327172,0.9323086142539978
1236,23035_6087bb57_4,3.127106901956722e-05,0.9532024264335632
1237,38675_6e07d74b_26,0.002438376424834132,0.9662612676620483
1238,31751_e37382e1_9,0.00016185699496418238,0.9827417731285095
1239,54601_e1da5b93_4,0.0002988362975884229,0.9940547943115234
1240,142999_171240b6_29,0.0004046064568683505,0.9693297147750854
1241,137646_14bca880_0,0.0005527707398869097,0.948951244354248
1242,37519_442dc408_1,3.517766890581697e-05,0.9570121765136719
1243,47195_a8cd8bad_6,0.00031285767909139395,0.9801052808761597
1244,22474_b10fea1a_6,0.0006841067806817591,0.9210991859436035
1245,53200_d1e30b87_10,0.00021161021140869707,0.9631778597831726
1246,41472_f9d73638_9,0.00012147613597335294,0.875140905380249
1247,126397_cc08a23d_1,3.896866110153496e-05,0.9367562532424927
1248,31838_2e4bd173_4,0.0003981914487667382,0.9929012656211853
1249,52006_d21e4570_7,0.000448279723059386,0.9111395478248596
1250,62109_08c31aa8_0,0.00046398272388614714,0.9173228740692139
1251,49403_458914df_0,0.0002073433279292658,0.877524733543396
1252,122914_76ff1f5e_2,1.8237305994261988e-05,-0.6231695413589478
1253,34913_d23e2a24_2,0.00016342902381438762,0.9268707633018494
1254,104641_2cd02839_15,3.141637716908008e-05,0.9092138409614563
1255,131632_6144b102_1,0.0003098441520705819,0.9963111281394958
1256,30850_05d88af9_0,0.00031666996073909104,0.975152850151062
1257,86296_8a6ed4d3_7,9.870539361145347e-05,0.6959845423698425
1258,34983_439766af_7,0.0011789127020165324,0.9832047820091248
1259,33374_7491cbf8_2,0.0008713316638022661,0.9915695786476135
1260,50694_afd26bd5_10,0.0003558997414074838,0.9961782097816467
1261,50292_e84db1fb_8,0.0001677566469879821,0.42754262685775757
1262,81367_622a9e51_2,0.0002344277163501829,0.9411340355873108
1263,78966_584c5305_0,0.00026454770704731345,0.8620597720146179
1264,79905_623eae86_1,0.002662085462361574,0.9781999588012695
1265,63055_6b907478_15,0.0003231445443816483,0.9742227792739868
1266,135771_b030a25c_4,0.0003340180846862495,0.5794619917869568
1267,41753_9b4f8d8a_0,0.0002981113502755761,0.9941469430923462
1268,80784_f7ec5f70_1,0.0003048688522540033,0.9483417868614197
1269,33607_c6f31fa6_10,0.00028614900656975806,0.9649564027786255
1270,22225_a3ce4d29_42,0.00039574081893078983,0.9574723839759827
1271,51938_8b9cba89_5,0.0013015579897910357,0.9727234244346619
1272,44741_f386a08f_4,0.0006446840125136077,0.9808657169342041
1273,70021_e673ae54_4,0.000250937242526561,0.9959272146224976
1274,55135_f1186d58_7,0.0005493600037880242,0.9507608413696289
1275,31856_2a5a4e32_12,0.0013187460135668516,0.9268458485603333
1276,75303_045fc848_4,0.0004693804366979748,0.9278793334960938
1277,129683_3ad38815_10,0.004359525628387928,0.949020266532898
1278,21894_93f0d052_24,0.000660567544400692,0.9465778470039368
1279,143823_1b04bf80_13,0.0002947165921796113,0.9787331819534302
1280,143823_1b04bf80_18,9.50420435401611e-05,0.9080464243888855
1281,111863_c925f4f3_2,7.473684672731906e-05,0.9286862015724182
1282,104633_d0a15bd3_6,0.0008353048469871283,0.9299567341804504
1283,48832_22363e53_33,0.0002698574971873313,0.9927108883857727
1284,127466_a18ae326_1,0.000450889696367085,0.8301283717155457
1285,22211_b1ee53f0_12,0.0005835103802382946,0.9756163358688354
1286,137837_9c9f163d_6,8.161048754118383e-05,0.9777734279632568
1287,122755_b830e22d_17,1.7122278222814202e-05,0.8082370162010193
1288,21299_e9cd80a6_12,0.00012795311340596527,0.8284143209457397
1289,44920_70dd4b80_11,0.00027072185184806585,0.9877521991729736
1290,52987_387431ac_7,0.0006353239296004176,0.9806495308876038
1291,147926_b78316a8_10,9.560131729813293e-05,0.9162421226501465
1292,144653_e3eccdf1_50,8.663345943205059e-05,0.9422801733016968
1293,56458_c027ed41_0,0.0002577973937150091,0.9679991602897644
1294,23495_6366269c_11,0.00021492868836503476,0.9957257509231567
1295,70883_e2d6a103_2,0.0011286374647170305,0.983230471611023
1296,32743_f4c47bbc_34,0.00042352484888397157,0.7531538009643555
1297,30910_38ea5a06_2,0.0001632708008401096,0.972309410572052
1298,56476_466fc284_17,0.0012036527041345835,0.9751035571098328
1299,22604_0b4ffb43_62,0.00028874693089164793,0.9879523515701294
1300,21534_6367be99_0,0.0006864785682410002,0.7835973501205444
1301,133026_1085532d_1,0.00036069698398932815,0.9083317518234253
1302,137828_0b0786fb_1,0.00046469084918498993,0.9910665154457092
1303,55627_971fde61_27,0.00042770180152729154,0.9460077881813049
1304,93869_8b1922a3_0,0.0006345187430270016,0.9488277435302734
1305,24393_9acd18c6_3,0.00024784711422398686,0.9953751564025879
1306,44996_b3e9c266_14,3.8987182051641867e-05,0.8474239706993103
1307,55300_b9675d43_1,0.00020930978644173592,0.9958903193473816
1308,113352_879844fe_0,0.00036739412462338805,0.9850394129753113
1309,135317_3c58b0d0_9,9.71084664342925e-05,0.9102723598480225
1310,115624_fe3eb392_1,0.0009901662124320865,0.9536271095275879
1311,63055_6b907478_21,0.00026193572557531297,0.9904476404190063
1312,40421_032c052f_0,0.0002930830523837358,0.9554513692855835
1313,143029_70554264_3,7.195283251348883e-05,0.8767365217208862
1314,145117_78f63de3_0,0.00021345316781662405,0.9451020359992981
1315,128996_35f2006e_0,7.609622116433457e-05,0.6194682121276855
1316,54503_fc6c6963_1,0.00021837982058059424,0.9724186062812805
1317,24657_0168dc6b_1,0.0004938438069075346,0.9879122972488403
1318,130524_13ad16a8_0,0.009105992503464222,0.9549724459648132
1319,142670_33c641dc_3,0.0002827347780112177,0.892585277557373
1320,65375_674ff0b9_11,0.0005645002238452435,0.4860619306564331
1321,23168_7fdf5427_3,8.846062883094419e-06,-3.0408811569213867
1322,41717_ab2075ac_0,0.0001746661146171391,0.9935869574546814
1323,21739_57582b8f_4,0.000293161254376173,0.9828006029129028
1324,143293_fc5b0ff7_30,0.00018407234165351838,0.9949802160263062
1325,135906_587b5c3d_0,7.999056833796203e-05,0.9516981244087219
1326,138685_fd9b79cd_0,0.0002567726478446275,0.7946802377700806
1327,119921_5621fcb4_0,0.00012326565047260374,0.9791894555091858
1328,49403_458914df_5,0.0005198249709792435,0.9407566785812378
1329,73525_7f6b2f67_2,3.628870763350278e-05,0.9418783187866211
1330,136994_a3a2f50f_3,0.0002901837870012969,0.9673151969909668
1331,31838_2e4bd173_1,0.0017139605479314923,0.9629030823707581
1332,35866_d0233b36_6,0.0002388909342698753,0.9959273934364319
1333,53053_d6b4d71c_9,0.0013411389663815498,0.9651802778244019
1334,90220_7baf1e18_1,0.00013003291678614914,0.8244658708572388
1335,23364_73dd9d4d_10,0.00010535984620219097,0.8485748171806335
1336,52987_387431ac_3,0.00030376482754945755,0.9749821424484253
1337,51859_6b2fd0f1_4,0.00019001054170075804,0.8943660855293274
1338,51708_867d4509_12,5.14157691213768e-05,0.5546244978904724
