case_num,case_name,MSE,R-Square
0,50417_199cffee_13,0.0022459840402007103,0.9825049638748169
1,48516_2b3135bf_11,0.0007362553151324391,0.9751073122024536
2,41733_1ec9b00c_31,0.0010907677933573723,0.8941951990127563
3,31664_1e85c690_0,0.0006457421695813537,0.9652822613716125
4,21893_0500d043_18,0.0004842416965402663,0.9901548027992249
5,31607_9a2f8140_6,0.00032432973966933787,0.9891137480735779
6,41774_88a7a483_18,0.00034044976928271353,0.9168944954872131
7,42143_51b31600_4,1.5154644643189386e-05,0.969378650188446
8,23104_3b70eba4_13,0.00040389312198385596,0.3355756402015686
9,129075_8fbf62e5_2,2.3018243155092932e-05,0.939257025718689
10,41624_a15f83c1_13,6.907423085067421e-05,0.9660813808441162
11,36088_1ea9c8a9_12,0.0003511689428705722,0.9918075799942017
12,126477_6596d136_14,5.5785567383281887e-05,0.949434757232666
13,130441_10c43121_0,0.0038974303752183914,0.9801453948020935
14,133385_e6aa64d8_21,7.341532909777015e-05,0.9518348574638367
15,26398_b99946da_1,0.0016315701650455594,0.9785420298576355
16,61198_0c99f50a_4,1.539604454592336e-05,0.030100345611572266
17,26661_ab88a525_0,3.7349444028222933e-05,0.956832766532898
18,129075_8fbf62e5_1,9.054192923940718e-05,0.9144957065582275
19,51891_9455ea02_1,0.001445040456019342,0.9770698547363281
20,34770_6bba5bd4_13,0.00028208710136823356,0.9944614768028259
21,21646_a2dd0d00_53,0.00028567182016558945,0.9762543439865112
22,68909_4ae1bc2e_1,6.484992627520114e-05,0.9390559196472168
23,27866_ece3076e_109,4.9287489673588425e-05,0.9922280311584473
24,92134_52f13f49_6,7.986206037458032e-05,0.9539747834205627
25,23342_7193a931_1,5.963568401057273e-05,0.9172297120094299
26,126572_a2d6f794_14,5.7535976338840555e-06,0.4215887784957886
27,44344_3e0b0b0c_1,7.451527835655725e-06,-0.03201603889465332
28,49331_3bf3bb84_4,0.0002263893693452701,0.9958559274673462
29,33971_46bb0373_0,0.00024471530923619866,0.9687408208847046
30,21517_bfe35b4c_1,0.00016050612612161785,0.7672001123428345
31,23165_369d62aa_6,0.0004330681695137173,0.9947764873504639
32,81846_2907c980_0,0.0012392944190651178,0.9449881911277771
33,24168_a0ede173_111,0.00029992053168825805,0.9703768491744995
34,53461_a5942665_1,7.517731137340888e-05,0.997211754322052
35,24907_c72322ea_13,0.0002576190745458007,0.9027913212776184
36,133424_315bcaeb_7,4.351422467152588e-05,0.943690836429596
37,40490_916e13fe_0,0.0002701094781514257,0.9915867447853088
38,38000_b5822e44_3,0.00044444468221627176,0.9932639598846436
39,138520_f4e0bc0b_63,5.949343176325783e-05,0.9432405233383179
40,61294_9255796d_3,2.5731415007612668e-05,0.9518529176712036
41,22176_272891b8_0,0.0005980374407954514,0.6966428756713867
42,24815_4f2a57e4_1,0.0009472868405282497,0.9721841216087341
43,113343_e692c488_1,2.542224683566019e-05,0.9616358280181885
44,33995_18423507_1,0.0001481873623561114,0.8003780841827393
45,127897_029949fd_6,0.000247946911258623,0.995042085647583
46,123181_4e56fb4f_0,0.0003833755326922983,0.9944460391998291
47,22670_9353c710_1,2.673256676644087e-05,0.837083101272583
48,128642_4d72bf31_2,0.00016516837058588862,0.9105277061462402
49,146667_fe438b5b_6,0.001606582198292017,0.9018882513046265
50,38260_2a31c6df_2,0.0005333477747626603,0.9248338341712952
51,24443_996411f9_3,0.0008423954132013023,0.9808834791183472
52,142074_34e02b6d_1,0.00013080876669846475,0.9608246088027954
53,41501_b627682a_15,0.0010791936656460166,0.9056925773620605
54,24712_da77fe8f_0,0.00017684881458990276,0.9966912269592285
55,32960_0eaa1de8_26,0.0004000845365226269,0.9925895929336548
56,130757_b2c47f8d_2,1.501766291767126e-05,0.5511717796325684
57,104817_6d73dc41_0,0.0003593789297156036,0.9597362875938416
58,79243_49539d9f_0,0.0011360750067979097,0.9755246639251709
59,82012_c533307b_1,0.00010594695049803704,0.901306688785553
60,107649_e651c5ca_1,5.495420555234887e-05,0.6167781352996826
61,40997_e3c88650_12,0.00048586007324047387,0.9875375032424927
62,143029_70554264_4,0.0003275170165579766,0.9552292823791504
63,27054_342fcf5c_3,5.5272848840104416e-05,0.9423115849494934
64,41648_577daf16_17,0.00020246447820682079,0.9233571290969849
65,89720_4e65191c_1,0.0004705159517470747,0.9886016845703125
66,75382_1b589ea9_12,1.5189065379672684e-05,0.956580400466919
67,120371_433ba1ca_2,0.0002577011473476887,0.9775253534317017
68,49024_b7f02205_13,0.0007463382207788527,0.9670352339744568
69,51022_47816098_7,0.0011511646443977952,0.9881792664527893
70,41634_4f5d0edb_0,1.527830863778945e-05,0.9694493412971497
71,23170_6ea8ded5_3,0.0006785312434658408,0.9886447191238403
72,69589_cd2fa794_8,0.0012754789786413312,0.9166011214256287
73,41504_85e300ee_0,0.0006658107740804553,0.9090904593467712
74,128996_42176b10_0,0.0008634030818939209,0.9301177859306335
75,38920_e81879c2_7,1.7860162188299e-05,-20.480791091918945
76,148051_c59af578_6,0.000339265214279294,0.9907601475715637
77,65494_16d62db5_0,0.00013330437650438398,0.8213716149330139
78,25473_0991d519_0,0.0005655757267959416,0.9867125749588013
79,75270_25a261ef_5,0.00038093491457402706,0.961990475654602
80,49613_1b97c07b_12,4.5385266275843605e-05,0.5179697275161743
81,115633_a2c63339_1,0.00012763591075781733,0.9622478485107422
82,52366_63042db4_1,0.0004886017995886505,0.9888795614242554
83,30282_88c6933c_5,0.0004394225834403187,0.9474306106567383
84,53474_f29e4438_12,0.0011915815994143486,0.9609893560409546
85,24026_1dd4094b_21,0.0004992330796085298,0.9430525302886963
86,21225_c081eae3_2,0.0008784181554801762,0.8838912844657898
87,35057_9af89947_8,0.00019044792861677706,0.8470158576965332
88,43529_4804941b_20,0.0006365155568346381,0.9806020855903625
89,22103_fd11c71b_3,0.0002476007502991706,0.9690821766853333
90,51536_a18dc325_0,0.00036554865073412657,0.9805996417999268
91,24230_636208ab_13,0.00016101814981084317,0.9011219143867493
92,41117_1b3271f2_56,0.0013182699913159013,0.9796438217163086
93,140499_419d5823_0,0.00019747384067159146,0.9829298257827759
94,115524_a949e82c_2,1.717753184493631e-05,0.9330863952636719
95,29833_0ed4880f_3,0.0004597262304741889,0.9917284250259399
96,127556_4823a42a_6,0.00029415538301691413,0.9505884647369385
97,23960_48cc0f21_19,4.230206468491815e-05,0.40680575370788574
98,132987_ba18d2eb_11,0.00012819783296436071,0.7545182108879089
99,51337_f8636fd9_30,2.9160830308683217e-05,0.967052161693573
100,40999_cad6be09_18,0.0007096375338733196,0.9832224249839783
101,136886_99fbdef3_0,5.0801667384803295e-05,0.9128214716911316
102,30447_4ed3b778_7,0.001279280404560268,0.9952868223190308
103,55811_bc667b2d_13,0.000835923186969012,0.6817657947540283
104,41716_d55164d4_1,8.36021063150838e-05,0.9707416892051697
105,33610_aa697fc9_6,0.00022554214228875935,0.9833521246910095
106,55095_fa260d33_6,0.0012421112041920424,0.9672587513923645
107,115639_bc0cc622_0,0.0007845225627534091,0.9425597786903381
108,20841_1620ae7d_0,0.0005014499183744192,0.9309634566307068
109,50823_d1830e58_2,0.00061063002794981,0.8791220188140869
110,109762_cb162371_48,0.00020203483290970325,0.9290044903755188
111,41387_5f752e39_23,0.0005122445872984827,0.981056272983551
112,121540_629c716f_0,0.0003277184732723981,0.9861270189285278
113,118539_1dff9cf9_12,1.3896584277972579e-05,-0.016330718994140625
114,30714_dafa62f6_2,0.0009551055263727903,0.9875043034553528
115,79633_bbbde75f_0,0.0012009375495836139,0.9707107543945312
116,33059_531cfd5e_11,0.00023175163369160146,0.9620722532272339
117,20697_d3e106b4_4,1.9919209080399014e-05,0.8327078819274902
118,136062_0027ff97_6,0.0003639015194494277,0.9664267897605896
119,146291_6b0c8db3_1,0.0026902593672275543,0.9373906850814819
120,45466_5f662bcb_0,1.4986459063948132e-05,0.9691430330276489
121,144500_7f600ab6_0,0.00026406761026009917,0.9755809307098389
122,44996_b3e9c266_4,9.305799176217988e-05,0.9803444743156433
123,40713_4c9264ef_0,0.00035849589039571583,0.9521682858467102
124,132384_0fcab1fa_13,0.00019864509522449225,0.7863022089004517
125,33738_77d49563_2,0.00022314170200843364,0.7406272888183594
126,129422_621d0a90_33,9.04341577552259e-05,0.9574376940727234
127,115633_fd3c9b97_32,1.859770418377593e-05,0.9237924814224243
128,69337_a122ffde_1,0.0002787690900731832,0.9715077877044678
129,37241_29f91452_0,0.00029632626683451235,0.9931449890136719
130,141199_9ae000ef_6,0.00043392274528741837,0.6332115530967712
131,147133_92c04b84_4,0.0005838649231009185,0.4864835739135742
132,77687_cbb18594_50,0.0003106866788584739,0.7855502367019653
133,144290_2a679085_11,3.783942884183489e-05,0.8885573744773865
134,130825_c59bbbfb_0,0.0008772573783062398,0.9775503277778625
135,82512_252da752_6,1.7200904039782472e-05,-25.611644744873047
136,115624_d0acb46b_24,0.0005499974940903485,0.9940324425697327
137,92134_52f13f49_7,7.328129868255928e-05,0.9540232419967651
138,100326_0602c712_7,2.461318035784643e-05,0.9612017869949341
139,134630_f9e85072_0,0.0004003427748102695,0.9078380465507507
140,108943_b07b2543_1,0.0003557927266228944,0.9413288831710815
141,125416_ab456bc3_5,0.0003246144042350352,0.972439706325531
142,57222_33b428d7_69,9.923316247295588e-05,0.9007518291473389
143,24650_dad8c8ee_13,0.000618634803686291,0.9890382289886475
144,41749_14d0599c_1,0.00024029270571190864,0.9642549753189087
145,49396_98ab955d_27,4.976771379006095e-05,0.9675081968307495
146,136892_e2a0b32c_4,5.162794695934281e-05,-0.327545166015625
147,31962_e5291336_28,0.0006083124899305403,0.9867240190505981
148,34231_e27353cb_0,4.328849172452465e-05,0.9544861316680908
149,112724_d334de09_0,0.0007815129938535392,0.9878532886505127
150,56486_82b3e23a_21,1.298599636356812e-05,0.8489929437637329
151,40500_6055e3d7_17,6.840710739197675e-06,0.7698735594749451
152,39468_15fb2e60_43,0.00023468001745641232,0.6170710325241089
153,141710_17531562_7,0.00037334050284698606,0.9894485473632812
154,33529_756075a0_12,0.0006477156421169639,0.873112142086029
155,54169_3a875f10_8,0.0012542937183752656,0.9669167399406433
156,41023_5445cb61_9,0.00010370468226028606,0.9087944626808167
157,146380_5c569eeb_2,0.0004775621055159718,0.7433232069015503
158,24195_9791f5d3_38,1.4105482478043996e-05,0.7218464612960815
159,26573_7f7e176d_2,0.0032898560166358948,0.9708200693130493
160,22734_f6bad9f7_25,0.0008229402010329068,0.9867405891418457
161,48112_9538e204_0,0.0002557648404035717,0.9949230551719666
162,127545_6fa39158_10,0.0014938130043447018,0.9883837103843689
163,23788_5c0b60c6_0,8.529272599844262e-05,0.9552137851715088
164,23792_5b4c1ce0_21,0.0007210050825960934,0.9772493839263916
165,146067_46e58ab3_1,0.0023063477128744125,0.9853673577308655
166,101072_dec6f415_3,7.609359454363585e-05,0.9651193022727966
167,22829_b6649a29_0,6.52047892799601e-05,-0.08116650581359863
168,55389_a736bd99_0,0.00048791372682899237,0.7408227324485779
169,30259_d709601c_9,0.001075688749551773,0.9693560600280762
170,35866_d0233b36_13,8.715796138858423e-05,0.0745093822479248
171,34563_52848c45_5,0.00010571935126790777,0.9572076201438904
172,44519_90af0df6_7,0.0005374859902076423,0.8432087898254395
173,114111_59282658_8,0.00027479970594868064,0.905968427658081
174,45922_26941172_15,0.001323873526416719,0.9778386354446411
175,41303_bd1def52_3,8.558689296478406e-05,0.9783591032028198
176,22053_de30641b_1,3.143266076222062e-05,0.5188308954238892
177,22298_51433023_4,0.0007517494959756732,0.9836210608482361
178,23479_81a49137_0,0.0005190488300286233,0.811441957950592
179,22225_a3ce4d29_37,0.0012709953589364886,0.982403039932251
180,135669_490cd2d7_14,0.00013402735930867493,0.9928112030029297
181,32173_8b075b1a_4,0.000947583990637213,0.9846514463424683
182,145119_24107428_5,0.0009325962164439261,0.9292595982551575
183,41774_88a7a483_36,8.514392538927495e-05,0.9562405347824097
184,133549_1b6c58d6_0,0.0005337575566954911,0.9886398315429688
185,40936_6de8f4f4_0,0.002701355377212167,0.9831483960151672
186,23008_3d1bb7b2_0,0.0011815449688583612,0.9830471277236938
187,38360_ad61c9b2_1,0.0001894075976451859,0.8769379258155823
188,136109_3d342d3c_2,0.0003283628320787102,0.9867990016937256
189,135790_a27f9deb_11,4.131835521548055e-05,0.9487614035606384
190,140249_7c1c5bba_0,0.00023994628281798214,0.7079163789749146
191,128996_a3d026d6_0,0.0005466397269628942,0.8879793882369995
192,23235_f9ccb8b0_0,0.0006936898571439087,0.45294690132141113
193,93671_f7290ded_0,0.00017397569899912924,0.89690762758255
194,51109_97b211c3_7,0.00048805144615471363,0.9403515458106995
195,51916_fa226b15_13,6.226042023627087e-05,0.8654721975326538
196,86268_094d3fab_1,0.00024380792456213385,0.995124876499176
197,39637_ca6a9a60_1,0.0011116133537143469,0.8625257015228271
198,47219_93cb3619_3,0.003073599189519882,0.9458631873130798
199,47878_0edb6829_0,0.00021683801605831832,0.996143639087677
200,26764_ab35159a_6,0.00120308727491647,0.9519780278205872
201,34341_d19b12fb_12,7.14587076799944e-05,0.9213109016418457
202,118342_c702e084_6,0.0003678207576740533,0.9915977716445923
203,49886_dd68dccb_4,0.0006910522934049368,0.9476764798164368
204,23493_57512264_5,0.0001230461202794686,0.612082839012146
205,31751_e37382e1_5,0.0008213578257709742,0.9789612293243408
206,24338_848cab42_6,0.0014840350486338139,0.88275545835495
207,24916_42eacca3_10,0.000176341287442483,0.9047279953956604
208,137485_a953e1be_2,0.0002514017396606505,0.9949731826782227
209,23706_ef15ef9c_18,0.0007743384339846671,0.9486359357833862
210,143671_eaf4d13b_6,0.0014258319279178977,0.9782454967498779
211,53470_39f2e9dc_13,0.0003144474176224321,0.6015028953552246
212,145772_59253c6d_3,4.938189158565365e-05,0.9304162859916687
213,51893_d531e2bd_2,0.00048280012561008334,0.9894878268241882
214,39389_d641313f_8,0.0013426890363916755,0.9487681984901428
215,51595_41f3d1a3_5,7.746276969555765e-05,0.9264598488807678
216,51674_a70c1c6c_15,0.00016534599126316607,0.37008005380630493
217,37617_3f415463_5,6.53336537652649e-05,0.9504466652870178
218,31862_a89f21f9_3,0.00035931431921198964,0.9893218278884888
219,40519_55a097c6_11,0.000667181855533272,0.9610996246337891
220,111306_9108c940_0,0.0007095556939020753,0.8642120957374573
221,136640_16741d62_4,0.0002147597842849791,0.8538551330566406
222,23155_d7305c5f_2,0.0017544307047501206,0.96446293592453
223,43934_912ff891_41,0.00013635600043926388,0.349994957447052
224,57017_6033d1e5_0,0.000236494917771779,0.9880937337875366
225,126913_d253adb7_1,0.0003247808781452477,0.8701152801513672
226,130752_52d74f2f_48,0.0005356248002499342,0.9638932347297668
227,124177_71283cad_0,0.0003800660197157413,0.9706928730010986
228,24650_dad8c8ee_18,0.0004919003695249557,0.9874259233474731
229,55199_4d57661f_2,0.000662898295558989,0.9603146314620972
230,115010_eb737aaf_20,0.00028034421848133206,0.9946317076683044
231,27855_19c5895a_12,0.00026599623379297554,0.8604859113693237
232,52772_a6e6e320_0,0.00014452003233600408,0.8060551285743713
233,90917_3d2d21a9_0,0.0019392926478758454,0.9556463360786438
234,40703_5f4e45d4_7,0.00021707483392674476,0.9956936836242676
235,132622_911efd2f_1,0.0014541043201461434,0.9782342910766602
236,43441_e1ab0873_6,0.0012094100238755345,0.9809074997901917
237,34917_61633e20_6,0.00039409930468536913,0.9914559125900269
238,67221_275ba7e6_4,0.0005425792187452316,0.9891163110733032
239,130719_e4764a36_10,2.4063052478595637e-05,0.9475277066230774
240,136318_130d6a06_20,0.0005347055848687887,0.951228678226471
241,99636_73c43ebd_10,0.00022258504759520292,0.9939940571784973
242,29377_3a04cb8d_6,0.0001789661473594606,0.9738908410072327
243,23018_63087a41_47,0.00041756691643968225,0.9885702133178711
244,26165_100fec74_4,5.0006183300865814e-05,0.8426558971405029
245,135934_d2f6bb2e_46,0.0001463908120058477,0.9289364814758301
246,24039_448afafa_5,0.0008483052952215075,0.9591162800788879
247,32775_a79b406b_14,0.0009969021193683147,0.8729769587516785
248,23686_cba4f679_0,0.0005381860537454486,0.9489597082138062
249,35147_bc9f2c5d_0,0.0005867470754310489,0.9052807688713074
250,136337_1351909b_2,0.0028400339651852846,0.932542085647583
251,139222_2c10ca9a_1,0.00025565538089722395,0.9780067205429077
252,139379_fe5c3f64_0,0.0001828094682423398,0.9932603240013123
253,33084_344fec27_2,0.00018116607679985464,0.9965897798538208
254,24775_d5c98d77_0,1.2189949302410241e-05,0.6242249011993408
255,56344_3a89f085_23,0.00027498597046360373,0.9745142459869385
256,135112_cf8007b8_5,0.001106112147681415,0.9727643728256226
257,50706_20d07d57_2,0.0021267745178192854,0.9796197414398193
258,51744_cd355565_5,0.0006405558087863028,0.9808141589164734
259,51464_da501c24_0,0.0009335717768408358,0.8159922361373901
260,126572_a2d6f794_23,7.932998414617032e-06,0.725441575050354
261,70021_e673ae54_2,5.848973887623288e-05,0.9157258868217468
262,25144_31b089b6_5,0.00028797975392080843,0.8695592880249023
263,24715_55aac5f2_2,5.430045348475687e-06,0.5479492545127869
264,24532_f82f8000_2,0.0002039130195043981,0.834924578666687
265,30664_a3084f71_1,0.0009075921261683106,0.620546817779541
266,81145_5c13a8e9_1,0.0001982965477509424,0.7974598407745361
267,132037_2abb8c63_10,1.8235165043734014e-05,0.9161763787269592
268,50414_ac159b58_2,0.0002968533372040838,0.9892114400863647
269,21601_360ce1c7_7,0.0003326714504510164,0.9939541816711426
270,22119_27e3ecbe_9,0.0004001675988547504,0.987591028213501
271,145120_74f7316f_0,0.002000673906877637,0.9095465540885925
272,74574_c302ff1f_0,0.0001417729799868539,0.8137914538383484
273,52443_085efc00_4,0.00011049680324504152,0.9638952016830444
274,147546_ede0f31c_3,0.0020118197426199913,0.956494927406311
275,22492_047b125b_21,0.001182527164928615,0.9725542664527893
276,72313_5a86e234_0,0.0025535786990076303,0.9512202143669128
277,45589_49e3c7ea_2,0.0001136374194175005,0.9965733885765076
278,83432_a7f85698_0,0.0002041173866018653,0.9954152703285217
279,32775_a79b406b_0,3.15317083732225e-05,0.6963467001914978
280,121703_69c4a5ac_3,1.7916270735440776e-05,0.93508380651474
281,80901_e9080573_6,0.0007002656348049641,0.9726720452308655
282,21809_8bd6b10e_3,0.0029187756590545177,0.9357576966285706
283,49396_98ab955d_15,0.000395778362872079,0.9622628688812256
284,33766_14917a4a_19,0.0006903938483446836,0.9846388697624207
285,26661_ab88a525_8,0.0001412434794474393,0.9960404634475708
286,44030_17bd5ec9_0,0.00027320568915456533,0.6641464233398438
287,53221_74fa81cd_7,0.00017394692986272275,0.8496373295783997
288,21887_3306168f_7,0.0014685376081615686,0.8536752462387085
289,86185_85fde9e6_0,0.0005799660575576127,0.9113636016845703
290,87951_500b1dcd_2,4.6220018703024834e-05,0.9505212903022766
291,22276_69c5036b_11,0.0019569476135075092,0.9487989544868469
292,41721_44151488_5,0.00080491864355281,0.9254692196846008
293,102293_5d04e48d_0,0.001611759653314948,0.9235286116600037
294,77687_cbb18594_20,2.6554480427876115e-05,0.963165283203125
295,133248_1bab99ae_0,0.0011012115282937884,0.514562726020813
296,24051_4852a192_2,0.0004490826395340264,0.9845859408378601
297,86806_2993395a_1,9.064045298146084e-05,0.9230524301528931
298,38558_b0d6b3f8_1,0.00047653733054175973,0.9902191758155823
299,140549_7d01813c_0,0.0009616371826268733,0.9694949984550476
300,24559_3c306e71_1,0.0005583363818004727,0.9141227006912231
301,70350_751de4b0_13,0.0009740089881233871,0.6032427549362183
302,39101_23fec10f_8,0.0016697790706530213,0.8223541975021362
303,24942_9d1b2ff2_8,0.0007784822955727577,0.9909262657165527
304,30850_05d88af9_3,0.0010531890438869596,0.9824867248535156
305,113358_08641c94_4,0.0006613730802200735,0.9794483184814453
306,21234_8b71bd47_27,0.00030362370307557285,0.8901557922363281
307,26245_4aac38e1_21,0.00013972155284136534,0.675827145576477
308,66072_d301cc88_0,0.0004190752515569329,0.8187692165374756
309,21894_93f0d052_23,0.0004531691665761173,0.9552391767501831
310,147816_7fb70c2b_2,0.0010281030554324389,0.8921636343002319
311,49120_4131d1e7_1,0.00012056931882398203,0.9758611917495728
312,52224_ca16c854_4,0.0006408646004274487,0.9084845185279846
313,105762_19e04e0b_1,0.00012433281517587602,0.018501460552215576
314,30400_8824ce97_36,0.0003531180846039206,0.949137806892395
315,95199_ffcff41e_0,0.00021426525199785829,0.7804688215255737
316,50417_199cffee_3,5.805237015010789e-05,0.9548179507255554
317,24544_d06c82dd_5,0.00040041556349024177,0.993373453617096
318,22604_565b91f5_2,0.00019797061395365745,0.9917400479316711
319,22788_b6a9e30a_4,0.00011760152847273275,0.970612108707428
320,45789_d5126eab_14,0.0006400885176844895,0.8692463636398315
321,37267_b2be4b50_3,5.752001470682444e-06,0.4212169647216797
322,34330_5eff1ee1_3,0.00044241666910238564,0.9483680129051208
323,137999_d934160e_1,1.33419498524745e-05,0.8967928886413574
324,134921_f5efde94_27,8.173490641638637e-05,0.924852728843689
325,53470_39f2e9dc_8,4.6640532673336565e-05,0.47675496339797974
326,23497_f292546d_25,0.0009047275525517762,0.9623979926109314
327,22289_4b848f64_2,0.0002907510206568986,0.9606219530105591
328,31392_84b62622_2,0.00048016547225415707,0.9599825143814087
329,51347_1fc6f329_0,0.0005683640483766794,0.8723196387290955
330,50777_2934de55_6,0.00019091829017270356,0.9931886792182922
331,32841_954e8c1a_0,3.7201261875452474e-05,0.96161949634552
332,31530_6744ae73_3,0.0003949022793676704,0.9942036867141724
333,65827_d1469ad6_1,9.596990275895223e-05,0.28179800510406494
334,145461_30637b22_8,5.72058379475493e-05,-1.2865674495697021
335,31973_093ea963_13,0.00012486980995163321,0.9513893723487854
336,70355_e5f58cd5_14,0.0004068824928253889,0.9603188633918762
337,77687_cbb18594_40,9.266281995223835e-05,0.5906057357788086
338,24392_fce351ea_0,0.00010278459376422688,0.9448972940444946
339,36853_7efccb8c_3,0.00041168610914610326,0.9438105821609497
340,41644_d15f8e2b_5,5.2634848543675616e-05,0.7287600636482239
341,131762_9b5e5ff5_2,0.0004216801607981324,0.9745350480079651
342,82193_96ef9433_2,0.00038097574724815786,0.9940630197525024
343,31347_386f6298_15,0.0012602893402799964,0.9703665375709534
344,34568_fbe47bf9_0,0.0002038531965808943,0.41646063327789307
345,115624_fe3eb392_3,0.0007254073861986399,0.9833990931510925
346,130446_e7b58dbe_0,0.0013521909713745117,0.9454448223114014
347,104641_2cd02839_33,1.274174610443879e-05,0.972163736820221
348,31460_39fdfc6a_7,0.0008092534262686968,0.8178478479385376
349,95541_ced8f936_0,0.00033088747295551,0.9928686022758484
350,23126_725969ea_17,0.00032907919376157224,0.9652311205863953
351,23676_52069f98_5,1.799802885216195e-05,0.9322227835655212
352,137637_ed9c537d_0,0.00024758646031841636,0.938780665397644
353,22474_b10fea1a_2,0.00041465277899987996,0.9899563193321228
354,143017_21d96cc2_10,0.0006446354673244059,0.9070699214935303
355,105270_34f92afd_1,4.338021608418785e-05,0.9391559362411499
356,95622_0a0787e4_4,0.0003833215741906315,0.9942747950553894
357,55854_13f0399b_0,0.0014077943051233888,0.9696999192237854
358,22118_1e09e0eb_5,0.000511696154717356,0.9781766533851624
359,146717_3e6a84c1_7,0.001112892641685903,0.9833183884620667
360,63132_330141d7_3,0.00016112005687318742,0.9673239588737488
361,115633_fd3c9b97_46,6.146616215119138e-05,0.8733951449394226
362,21644_aa203dc5_29,0.0003562455531209707,0.9125580787658691
363,79791_00f639ca_15,0.0003244871913921088,0.9945369362831116
364,60711_42b5a13e_1,0.0004087788693141192,0.9547305703163147
365,137483_cdb8989d_0,0.0002835745981428772,0.9940792918205261
366,21644_aa203dc5_26,0.0005184536566957831,0.9105197787284851
367,131876_b2384623_0,0.00018057732086163014,0.8834072947502136
368,23706_ef15ef9c_10,0.00034974917070940137,0.9464941024780273
369,68948_0d2a01cd_9,0.0009439988643862307,0.973523736000061
370,145137_4e9eef42_1,0.00034764953306876123,0.9300792217254639
371,30426_2cde26de_20,0.0013012643903493881,0.9851927161216736
372,31378_34c52a73_0,0.00016665476141497493,0.9537338018417358
373,92134_52f13f49_4,0.00010661481064744294,0.928046464920044
374,119634_fc722479_1,0.0005174162797629833,0.992881178855896
375,24032_d6172503_24,0.0004964637337252498,0.7921394109725952
376,136401_69f29349_4,3.180480780429207e-05,0.5065160989761353
377,41871_f9a1ad02_26,0.0005607791244983673,0.9574194550514221
378,48220_87941c4e_116,0.00034549052361398935,0.9488734602928162
379,115012_9ed88535_2,0.000443198048742488,0.8229819536209106
380,69488_025cf0a2_1,0.015156436711549759,0.8972554802894592
381,147427_69f68da4_3,6.780206604162231e-05,0.8120777606964111
382,33766_14917a4a_32,0.00039700293564237654,0.9857189655303955
383,51747_3d58eae0_0,0.0003453162789810449,0.9536334276199341
384,33785_a4c23f61_0,0.011493117548525333,0.9566413164138794
385,114935_797875fe_2,0.0012627169489860535,0.9540620446205139
386,51775_49ef614a_26,5.10267200297676e-05,0.9092753529548645
387,38196_ea48fa42_3,4.13971247326117e-05,0.5157243013381958
388,140413_44177109_21,7.867210115364287e-06,0.8560231924057007
389,27676_79237cc5_1,0.0004530929436441511,0.8517720699310303
390,52883_e518d3f4_33,0.0002536037063691765,0.9950042366981506
391,34347_841c5375_2,2.3533244529971853e-05,0.5215172171592712
392,55289_292737cb_0,0.0002947521861642599,0.994341254234314
393,50606_82cb18e2_0,0.00021346633729990572,0.9916104078292847
394,30407_efa567f2_4,0.00029795992304570973,0.9928154945373535
395,31647_ab9ad9dc_13,0.0003666967968456447,0.9644749760627747
396,24896_58b4730f_17,0.00034348416374996305,0.9359350204467773
397,23602_5daaccf5_4,0.0008911657496355474,0.9377559423446655
398,27725_5cceaeb7_10,0.00013375702837947756,0.7221168875694275
399,127734_395dcf7d_5,0.000907126406673342,0.8524950742721558
400,31957_d864f861_3,0.000503239338286221,0.8974480628967285
401,49415_1671b60c_4,0.00036192452535033226,0.6615880727767944
402,45110_fae73324_4,0.0002969384368043393,0.9841536283493042
403,22343_34184fd5_18,0.0001958849315997213,0.2542550563812256
404,22848_cc91b848_38,2.429641881462885e-06,-1.8007221221923828
405,73652_23b21ef2_1,0.0006481946911662817,0.9869657158851624
406,65569_bd890a32_1,2.1251506041153334e-05,0.7961592078208923
407,48220_87941c4e_111,0.0008403126848861575,0.8528301119804382
408,30394_e30f932c_0,0.0006750021711923182,0.9613780975341797
409,21941_1a683ec2_26,0.0003560455224942416,0.9851321578025818
410,25564_e646fcb3_1,6.073780241422355e-05,0.7948806285858154
411,134053_87a32e31_3,9.785083966562524e-05,0.7329992055892944
412,87950_af56e26e_2,0.0002971115754917264,0.9782543182373047
413,51458_54240b70_17,8.19464330561459e-05,0.9094864726066589
414,40688_effe215a_1,0.0005326004466041923,0.986811101436615
415,131494_c8a441d0_0,0.00023644468456041068,0.9539571404457092
416,26768_c4df841f_21,0.00024603333440609276,0.7117999792098999
417,136892_2d5f55a9_0,0.0007315155817195773,0.8395869731903076
418,54652_d60ac3e0_10,0.0008220247691497207,0.9554025530815125
419,51747_3d58eae0_1,0.00034130888525396585,0.8604743480682373
420,54650_df3655c1_0,2.7504398531164043e-05,0.6987561583518982
421,41125_711db4bf_58,0.0004837437008973211,0.9461917877197266
422,45418_f603706b_2,0.00018095248378813267,0.9542312026023865
423,21852_6cf9a734_18,0.0023878300562500954,0.9795910120010376
424,122515_758d8b70_6,2.3072938347468153e-05,-18.05333137512207
425,104081_05ba54fa_2,0.0002555931860115379,0.8926557898521423
426,41672_cf87e0b6_0,0.00032905611442402005,0.949213981628418
427,22638_37f9fe91_1,2.808861609082669e-05,0.9170171618461609
428,24559_3c306e71_3,0.0004171754699200392,0.9242269396781921
429,31589_ac31215d_8,0.00017114437650889158,0.9094355702400208
430,49603_143b8bd2_35,0.0011113518849015236,0.9120413064956665
431,127965_c64a91da_0,0.00027502808370627463,0.9288210868835449
432,36062_f2fb6808_1,7.699114212300628e-05,0.28844767808914185
433,139280_8874b1ab_18,5.232208422967233e-05,0.949722945690155
434,30997_24dea167_4,0.0008186848717741668,0.9261542558670044
435,143471_eb185912_5,1.3854419194103684e-05,0.8581444621086121
436,23176_1bf2a2d5_10,0.0005782985826954246,0.9760910272598267
437,98299_b8146029_5,0.00037167035043239594,0.9678120613098145
438,23466_1cf60d09_4,0.0013243756256997585,0.9629678130149841
439,41591_2d0bd0d5_3,0.00041269668145105243,0.9854923486709595
440,134929_9049dcec_1,0.00010279299749527127,0.9448803067207336
441,41785_e8bf0528_0,0.0008858401561155915,0.9613996744155884
442,31460_39fdfc6a_6,0.0004148387524764985,0.9911160469055176
443,133710_00be7f31_1,0.0006986185908317566,0.9198381900787354
444,24532_f82f8000_0,0.0002220910246251151,0.9511484503746033
445,21234_8b71bd47_3,3.2749539968790486e-05,0.9504247307777405
446,35175_6edc4126_5,0.0005503140855580568,0.984053373336792
447,20495_e8e7e80c_1,7.436104351654649e-05,0.9132946729660034
448,76546_c17e95aa_2,7.47341982787475e-05,0.5604001879692078
449,41654_e75f89df_0,0.00038668978959321976,0.9790120124816895
450,109772_f1a0845e_6,0.00014213667600415647,0.917870819568634
451,34913_d23e2a24_0,0.0004906234098598361,0.9727417826652527
452,25203_1cc0cb3c_12,0.0006903136963956058,0.9884792566299438
453,37160_2a95674a_4,0.0008497461094520986,0.9445298910140991
454,69240_dc199112_4,0.000540967914275825,0.8972446918487549
455,25176_d9130589_0,0.000149329993291758,0.980374276638031
456,69235_fe79a369_0,0.0002113452646881342,0.5253509283065796
457,39468_15fb2e60_9,0.0005059642717242241,0.9265974760055542
458,103284_e25015aa_6,0.000131173015688546,-0.04543125629425049
459,30377_e18ea3de_0,6.765068246750161e-05,0.9451943039894104
460,66080_f578d52b_4,8.395383338211104e-05,0.5685006380081177
461,37444_52b27e94_14,0.00032550713513046503,0.9504268765449524
462,38675_6e07d74b_31,0.0006502628675661981,0.9794242978096008
463,21680_360ba5c7_28,0.0004892193828709424,0.964356005191803
464,142032_5c32b7db_2,0.0005763107328675687,0.9893877506256104
465,44210_a155c2d1_0,0.0012290411395952106,0.9726409912109375
466,38287_88ec74de_92,0.00023302411136683077,0.9655988812446594
467,29572_2f9283f2_4,0.0005299823242239654,0.9605214595794678
468,28300_b3a6ab79_10,0.00042285246308892965,0.985378623008728
469,136129_e6a20c7d_5,4.111226007808e-05,0.9369203448295593
470,119381_e4d13609_0,0.0006038760184310377,0.9771525859832764
471,30729_b4d83b07_4,8.3201357483631e-06,0.8291475176811218
472,140413_44177109_11,0.000344691303325817,0.9837884902954102
473,26384_83eddf22_0,0.0005131058860570192,0.9608246684074402
474,82285_e7a738e7_2,0.0010315018007531762,0.9140821695327759
475,108599_347602af_0,0.000500119524076581,0.984447717666626
476,119889_41a6f268_1,8.883620466804132e-05,0.868898868560791
477,55006_94230c00_1,0.0003018592542503029,0.9905627965927124
478,21517_bfe35b4c_10,0.0001082399467122741,0.9502602815628052
479,20818_098cad7c_6,5.5368342145811766e-05,0.940706729888916
480,41855_b82e6ae8_6,0.00026005995459854603,0.9699376821517944
481,137166_90691294_8,4.522968447417952e-05,0.9699634313583374
482,69561_f274e705_26,0.0001511747541371733,0.9927116632461548
483,51579_d0c3e154_0,0.0008483030833303928,0.9641039967536926
484,23676_52069f98_4,0.0005617569549940526,0.9823113679885864
485,31962_e5291336_1,0.0004938540514558554,0.985388457775116
486,57222_33b428d7_1,6.838764966232702e-05,0.9492293000221252
487,51586_2ad96f8c_17,1.42842100103735e-05,0.8281875252723694
488,41473_c2137170_32,0.000448684673756361,0.9300708174705505
489,31123_9a1bfc50_2,0.0002949934278149158,0.9777231812477112
490,23211_3aac9c7e_0,0.0002963681472465396,0.9444701075553894
491,45798_b573e9da_5,0.0010395424906164408,0.9464131593704224
492,27847_d2436f7c_37,4.034546509501524e-05,0.9533683657646179
493,54736_6ee1b513_1,7.675145752727985e-05,0.9336903095245361
494,132901_7d205bb4_9,0.00020324184151832014,-0.3475302457809448
495,73762_8c704690_0,0.00044288262142799795,0.9402772784233093
496,23209_1592b0a4_1,0.00026734310085885227,0.9814597368240356
497,49024_b7f02205_2,4.5513723307522014e-05,0.8846079707145691
498,147630_7f858240_15,0.0003989692486356944,0.929710328578949
499,69337_2c778611_11,0.00016294477973133326,0.9040862917900085
500,82498_92a00cd6_1,0.00029494843329302967,0.9086126685142517
501,78775_e2d8b091_1,0.0005602386081591249,0.924012303352356
502,40067_95ae6c76_9,0.00036828487645834684,0.9605462551116943
503,80756_6f2e842f_0,0.00030123666510917246,0.9387078881263733
504,25284_1da7aa8a_0,0.00024148650118149817,0.9522144794464111
505,55605_2f8bc12e_62,0.00023834352032281458,0.9918485879898071
506,39792_60786b6c_15,0.0011728220852091908,0.9764552116394043
507,34063_0ca1585e_2,0.0004111474263481796,0.7334988117218018
508,31664_1e85c690_13,0.00032537634251639247,0.9906964898109436
509,131193_98f3ac52_1,0.00031178994686342776,0.8605464696884155
510,120221_e2eaa34b_2,0.0009428335470147431,0.6764774322509766
511,130286_1f71bfed_3,0.0004900280619040132,0.854015588760376
512,118342_e8142153_21,0.00013968584244139493,0.9483787417411804
513,128043_9f8cd69e_1,3.530217145453207e-05,0.9513656497001648
514,41504_85e300ee_1,1.6311760191456415e-05,0.9297620058059692
515,78863_d59be42e_0,0.0008084262371994555,0.9028154611587524
516,31733_5118b376_3,0.001807790482416749,0.9870994091033936
517,22208_e177deb7_5,0.0005314226145856082,0.8730436563491821
518,24026_1dd4094b_43,0.00033088724012486637,0.7106152772903442
519,73388_10a40b49_1,0.0008613226236775517,0.9492954611778259
520,138219_cdff4f61_0,0.0004568146832752973,0.6985205411911011
521,49399_dc56d180_1,0.00018432718934491277,0.9965526461601257
522,41306_8f26e703_3,0.00011759825429180637,0.9594681859016418
523,51590_034b8b08_14,0.0023734725546091795,0.9598615765571594
524,48402_8c965495_4,6.153051799628884e-05,0.9114887714385986
525,26388_a3367cba_0,0.000996720278635621,0.8757596015930176
526,28300_b3a6ab79_6,0.0004428644897416234,0.9851832985877991
527,43938_418421a7_0,0.0002924895961768925,0.8674143552780151
528,41520_60018d18_0,1.7698064766591415e-05,0.8725721836090088
529,137869_344b239b_0,4.806899596587755e-05,0.8869285583496094
530,41648_577daf16_0,0.001757620251737535,0.9247636198997498
531,31347_386f6298_10,0.0001534998882561922,0.9970950484275818
532,82190_24b1b0fe_12,0.0006726467399857938,0.8821998238563538
533,33741_4a973932_1,0.0007374919950962067,0.8777305483818054
534,42005_3da46d94_0,0.00012081238673999906,-1.705202579498291
535,132982_ee1eed2f_0,0.0008110685157589614,0.9653651714324951
536,23898_6e740393_29,0.00021421465498860925,0.5779011249542236
537,105831_88a0fb85_6,0.00014641048619523644,0.9968068599700928
538,31278_749a6317_0,7.255026866914704e-05,0.9564210176467896
539,51586_2ad96f8c_4,8.311708370456472e-05,0.9620521664619446
540,57000_cd1ddece_14,0.00013315651449374855,0.9457250833511353
541,50692_e7ff2668_8,0.0009939565788954496,0.9646481871604919
542,65346_e89312e5_0,0.0001520941877970472,0.7701457738876343
543,38840_0e449caf_4,0.0005523645086213946,0.8573474884033203
544,29573_ca59fbbf_5,0.0008024590206332505,0.9919100999832153
545,30164_c5680724_12,0.0005767095135524869,0.9695655107498169
546,138620_e21e10ee_0,7.293296221178025e-05,0.9378448724746704
547,50305_caf9cef2_34,0.0004995625931769609,0.13559919595718384
548,83396_fdb2987a_0,0.00045658793533220887,0.9835392236709595
549,28379_7e292343_4,0.0018341646064072847,0.9595870971679688
550,33529_756075a0_32,0.0011310877744108438,0.9159512519836426
551,109857_1d24326e_42,8.6046402429929e-06,0.5712003111839294
552,22772_2b5f6629_6,0.0003282767429482192,0.9946127533912659
553,34600_e2685d46_2,0.00030424632132053375,0.9888822436332703
554,122344_ab1b06aa_2,0.0018516406416893005,0.9665259122848511
555,123573_5f5c9584_1,0.00025803851895034313,0.7918164134025574
556,35166_562b126c_20,7.460059714503586e-05,0.9971123933792114
557,51350_138f893a_1,1.3912529539084062e-05,0.8665580749511719
558,137785_67c3085b_16,0.0003774452779907733,0.9907116293907166
559,50417_199cffee_12,0.0008653246331959963,0.9581959247589111
560,22194_a5c323b9_3,0.00022090194397605956,0.9639604091644287
561,42329_df7f540f_18,0.000282343098660931,0.9705509543418884
562,41779_25e4203d_6,0.0003048102371394634,0.5356166362762451
563,51094_40aa8332_20,0.000743356067687273,0.9721007943153381
564,109762_cb162371_38,0.0007377049187198281,0.9611658453941345
565,45922_26941172_9,0.00033454675576649606,0.9424022436141968
566,34587_ed155e93_0,0.00017075114010367543,0.9950941205024719
567,69589_a468c1b4_0,0.0016500651836395264,0.9651600122451782
568,44921_00dfb467_0,0.00011814989557024091,0.9711806774139404
569,82672_4705a693_0,0.00022175439517013729,0.9012062549591064
570,26778_a71e88a6_0,4.675985110225156e-05,0.8739562034606934
571,69488_7bfb2b67_0,0.0001246366009581834,0.9965366721153259
572,22686_afe3a61e_0,6.333414785331115e-05,0.6087072491645813
573,109772_5faa88e8_5,0.00023069878807291389,0.8421939611434937
574,43938_418421a7_147,0.0006291948375292122,0.9135627150535583
575,141694_b5ac3112_3,0.0007601826800964773,0.7070041298866272
576,31973_093ea963_16,8.416932541877031e-05,0.9471542239189148
577,26858_e90dc419_25,2.1142624973435886e-05,0.8776491284370422
578,131350_bbdad30d_0,0.00010018479952123016,0.942878007888794
579,35741_c43475b8_1,0.00023112430062610656,0.9194536805152893
580,30690_3df2c9e2_1,0.0005975044332444668,0.9490570425987244
581,122758_5f4efbf0_2,0.00037180609069764614,0.9755368828773499
582,37822_3be11c62_0,9.763456910150126e-05,0.9584868550300598
583,91174_ee6ee92b_1,0.00018847441242542118,0.9558425545692444
584,23676_52069f98_31,0.002215642249211669,0.9776813387870789
585,27958_fee329eb_1,0.00026709414669312537,0.9275482296943665
586,144534_3b4fdb09_18,0.0011677579022943974,0.6737009286880493
587,30292_0b5e0265_1,0.0013427372323349118,0.9817212820053101
588,111062_e59e2d31_0,0.0020116616506129503,0.9771386384963989
589,135790_a27f9deb_77,0.00038884865352883935,0.9242620468139648
590,65842_de75838b_10,0.00020979599503334612,0.9561117887496948
591,22475_9d9601a8_3,0.00011995528620900586,0.3312569260597229
592,119884_192e3265_0,0.0008105640299618244,0.8790242075920105
593,51463_3330e3aa_2,0.0007726728799752891,0.9198209047317505
594,23231_efe613bb_4,0.0007596875657327473,0.9610902667045593
595,22895_4533b542_2,0.0002418564399704337,0.9628514647483826
596,146219_5661130f_4,0.0003217034391127527,0.9930185079574585
597,38953_19054857_19,0.0005296384915709496,0.52931809425354
598,21847_b2de7eb8_24,0.0005844569532200694,0.9603923559188843
599,51603_034939eb_12,0.0001430237025488168,0.9118410348892212
600,24843_5231632c_4,7.558830839116126e-05,0.9529734253883362
601,41982_f75ceb8f_4,9.97494425973855e-05,0.2411901354789734
602,42937_c573c439_2,7.480393105652183e-05,0.6855599880218506
603,61288_2d594195_0,0.0004982214886695147,0.18097054958343506
604,55006_94230c00_0,0.0002087015745928511,0.7921626567840576
605,49898_f42a885e_5,0.00031827823841013014,0.9930629134178162
606,55709_af3825c8_4,0.000568114803172648,0.981509268283844
607,144117_83c980ca_2,0.0001131838871515356,0.6059954166412354
608,40417_b8d98f73_7,6.431751535274088e-05,0.9572011828422546
609,53200_d1e30b87_11,0.00023705849889665842,0.7400681972503662
610,147009_977ee378_4,1.7999964256887324e-05,0.841041088104248
611,63056_a5dfd66b_4,9.824462176766247e-05,0.8224899768829346
612,22205_f48b96b3_10,0.0003829191264230758,0.9127990007400513
613,51585_b695905b_4,0.00027837391826324165,0.9938362240791321
614,24084_71f37c00_1,0.00021357761579565704,0.9571364521980286
615,25815_0e853ad9_10,0.00023705698549747467,0.9851762652397156
616,55030_11a6e3e8_3,0.0017358723562210798,0.9843143224716187
617,23042_1184de03_5,0.0004012117860838771,0.9883249402046204
618,39719_e9629dbd_4,3.4741689887596294e-05,0.6178667545318604
619,51256_ed221095_2,7.903749792603776e-05,0.9117061495780945
620,25810_93c8a71a_3,0.00025652116164565086,0.9901925325393677
621,22208_e177deb7_1,0.0007828888483345509,0.9452189803123474
622,115624_d0acb46b_22,0.000347192952176556,0.9945353269577026
623,30708_4282508b_0,2.0128441974520683e-05,0.6884533762931824
624,31117_cd5cdbdb_12,0.00014103931607678533,0.9391099214553833
625,41733_1ec9b00c_32,3.59007426595781e-05,0.8940193057060242
626,111387_c4243097_2,1.790420719771646e-05,0.9756824970245361
627,119869_e8f0dd81_19,4.6749697503400967e-05,0.964817225933075
628,34569_590239d6_0,0.0006614997400902212,0.9696354269981384
629,136318_130d6a06_23,4.545878982753493e-05,0.943413257598877
630,145132_7aea3b66_4,0.0004408141830936074,0.9942303895950317
631,41878_3aeaed3d_0,0.0007289696368388832,0.8814569115638733
632,34583_a1cf326b_0,0.00018378176901023835,0.9966364502906799
633,116581_d405b783_0,0.001102152280509472,0.9850254058837891
634,24044_9bbe7992_3,8.179649012163281e-05,0.8979087471961975
635,22194_a5c323b9_2,0.0007418256718665361,0.9331444501876831
636,142076_08d80e12_21,2.9962493499624543e-05,0.8674353361129761
637,55817_6ac2912d_7,3.984347858931869e-05,0.5703420639038086
638,21165_5cb2d287_2,3.622668009484187e-05,0.923664927482605
639,39796_45dcdc7d_0,0.001859936397522688,0.9758783578872681
640,33044_7fdd9213_1,0.0015806539449840784,0.9581133127212524
641,23731_3fe5b501_6,2.936026794486679e-05,0.9548683166503906
642,32743_f4c47bbc_31,0.0007459659245796502,0.9306580424308777
643,108775_4908fba2_21,0.0003357336681801826,0.9701641201972961
644,21941_1a683ec2_19,0.0004526030388660729,0.9665954113006592
645,27682_04277f62_18,0.0005425829440355301,0.9750824570655823
646,25815_0e853ad9_4,0.0003879425930790603,0.9749660491943359
647,30261_723e95cf_2,0.0007390495738945901,0.9688503742218018
648,21385_601444ba_102,0.0004886274109594524,0.9770157933235168
649,30368_d7fd30ce_7,0.00015054251707624644,0.9432262778282166
650,55605_2f8bc12e_3,0.00036863473360426724,0.9398228526115417
651,24650_dad8c8ee_15,5.76025331611163e-06,0.820283055305481
652,34227_48203345_7,0.00028662916156463325,0.9920089840888977
653,113348_ac85cba3_1,0.0005754924495704472,0.938197672367096
654,26552_25c5924a_1,0.0001563810365041718,0.940117597579956
655,55381_cbaffe9b_0,8.062620327109471e-05,0.977680504322052
656,55817_6ac2912d_25,0.0004400176403578371,0.9883061051368713
657,138947_0778db40_4,8.113413787214085e-05,0.9682714939117432
658,52788_07f7da63_0,0.0003620572679210454,0.9101241827011108
659,70355_e5f58cd5_6,4.05670543841552e-05,0.9316838383674622
660,51744_cd355565_8,0.0008050381438806653,0.8349509239196777
661,41227_90e1c07c_16,0.0006388394394889474,0.9839122891426086
662,45359_1768ab3f_42,0.0015486625488847494,0.8365587592124939
663,41783_d1c10326_3,8.003687980817631e-05,0.7425229549407959
664,32960_0eaa1de8_13,3.0751514714211226e-05,-1.2200157642364502
665,34674_32ee1595_3,0.0006080581806600094,0.9793761968612671
666,136885_23632908_1,0.0005020084790885448,0.8208484649658203
667,136808_00592735_3,0.00014042590919416398,0.9694498777389526
668,45589_49e3c7ea_5,0.00014186298358254135,0.9970795512199402
669,141665_0564e852_3,0.0006829026970081031,0.8369267582893372
670,50897_3be92e2f_18,0.00015151198022067547,0.996461808681488
671,84256_4164b724_3,6.928060611244291e-05,0.9335266351699829
672,22994_e6ad8f2b_10,0.001020733267068863,0.9621168971061707
673,28295_0dc908b9_8,0.00012229470303282142,0.9616929292678833
674,23329_6939d5d9_5,0.00021664708037860692,0.7596684098243713
675,123665_0a0da5c7_3,1.5829609765205532e-05,0.8764294981956482
676,121172_0ac63503_7,0.00035382117494009435,0.9329976439476013
677,50941_2a8a8c76_0,0.00028486037626862526,0.9943509101867676
678,37846_cde34fcd_66,0.0003928813966922462,0.9340610504150391
679,56040_9b1307eb_21,0.0006690042791888118,0.8957989811897278
680,146535_229c95bc_1,9.697928908281028e-05,0.5556556582450867
681,50947_49287c16_2,0.0011203616159036756,0.9816874861717224
682,95622_0a0787e4_5,9.65373037615791e-05,0.9477547407150269
683,25432_f13e5110_0,0.0003545022918842733,0.988836407661438
684,32454_e959e3cf_0,0.0005973392981104553,0.9831891655921936
685,65858_61e9b51a_18,0.0005322227370925248,0.878584623336792
686,70350_751de4b0_3,0.001573965884745121,0.7824063897132874
687,129239_0d49310c_15,0.00016212748596444726,0.9382067918777466
688,31008_8fa25b35_8,0.00019440714095253497,0.9589494466781616
689,55306_795d845b_2,2.9365543014137074e-05,0.8133624792098999
690,29729_e8bb36f1_2,0.0003413447120692581,0.5977563858032227
691,67283_4097cbd6_5,0.00018245188402943313,-0.5513054132461548
692,23904_811e466f_4,8.030881872400641e-05,0.9326238036155701
693,116076_12d31fb7_1,0.00021639926126226783,0.967435896396637
694,45302_02d7e3bc_0,0.0005102711147628725,0.8716567158699036
695,60977_4bb093ec_1,0.00037964939838275313,0.9830827713012695
696,49017_76979790_8,0.00043375324457883835,0.917786717414856
697,146321_0dbae658_10,1.1597094271564856e-05,-0.168656587600708
698,102194_150e3faf_3,0.0001027299658744596,0.9968535900115967
699,34769_44655d03_5,0.00014318361354526132,0.8398958444595337
700,38953_19054857_6,0.0004378277517389506,0.6406069993972778
701,55397_ad24603f_1,7.435487350448966e-05,0.9228206276893616
702,21908_385686ec_15,0.0005386733682826161,0.9739985466003418
703,60721_57103153_4,0.00019829240045510232,0.6825308203697205
704,98701_7cd4ec8d_0,0.0009608152904547751,0.9825478196144104
705,91703_642cdf1a_1,0.0003680103400256485,0.9930776953697205
706,26661_ab88a525_5,0.0001746368798194453,0.9559475183486938
707,51940_67bb0219_21,0.00012380737462081015,0.7361594438552856
708,22543_684108ff_22,7.594047929160297e-05,0.9245376586914062
709,145250_cde4d039_8,9.449619392398745e-05,0.8936149477958679
710,20232_e5b060d9_6,5.109259291202761e-05,0.9072511792182922
711,128043_d4650350_0,0.0012383603025227785,0.9833711385726929
712,140530_30edf2c4_0,0.0002631957468111068,0.7778790593147278
713,131814_9af6d05a_0,0.00040566231473349035,0.9390010833740234
714,26245_4aac38e1_9,0.00020182749722152948,0.9156894683837891
715,30282_88c6933c_14,0.0004561138048302382,0.9825000166893005
716,32322_71d0035e_1,0.0002898777602240443,0.985126793384552
717,131762_d10609a4_1,0.0008522933349013329,0.9615017771720886
718,54812_5f7b7aba_2,9.153433347819373e-05,0.9598156213760376
719,135830_8fb36dac_4,0.0007332853274419904,0.9675309658050537
720,139280_8874b1ab_4,3.717712388606742e-05,0.920143723487854
721,49904_639055dd_1,0.00027100322768092155,0.9689383506774902
722,53601_59d3ecd2_0,0.0009475512779317796,0.9611532092094421
723,50047_54241fe3_12,0.00029040014487691224,0.9775216579437256
724,136925_70fb0381_3,0.0003926920471712947,0.9759691953659058
725,87488_95f678ce_0,0.0008852031896822155,0.9804572463035583
726,137166_90691294_2,4.565239942166954e-05,0.9696430563926697
727,44030_17bd5ec9_11,5.512937423191033e-05,0.9126432538032532
728,137396_b5f6bec4_5,0.00019579377840273082,0.9941193461418152
729,21900_760d2078_10,0.0011078023817390203,0.9839528203010559
730,21185_ac5324ba_5,0.0008268909296020865,0.9742110967636108
731,31132_2320d049_4,0.0002824763359967619,0.9948618412017822
732,82281_80cdf67c_4,1.6193602277780883e-05,0.9591478109359741
733,38287_88ec74de_15,0.00017022649990394711,0.9967033863067627
734,136128_831e37a6_0,0.0003013891982845962,0.9664711356163025
735,21330_f0cee934_18,0.00013445586955640465,0.9117467999458313
736,34109_5a868eae_10,0.0009072288521565497,0.9132615923881531
737,21174_861bd902_2,0.0005269187968224287,0.9540755748748779
738,49783_365bec9e_6,0.0005277175223454833,0.9841691255569458
739,24429_ace910b3_8,5.038894414610695e-06,0.7051045894622803
740,22772_2b5f6629_4,0.0005110174533911049,0.8693442344665527
741,53927_ef5208b9_14,0.0014062109403312206,0.9414153099060059
742,56250_3b6024e3_54,0.00038862237124703825,0.9915072917938232
743,23522_5c2ec58e_8,0.0009026409243233502,0.9715576767921448
744,121177_93fb3127_10,5.1062004786217585e-05,0.9073376059532166
745,138840_b7f948ea_2,0.0009207552066072822,0.9062848687171936
746,41125_711db4bf_6,0.000897191755939275,0.9787794947624207
747,102606_28922dfc_0,0.0001824209321057424,-0.9180616140365601
748,31530_6744ae73_50,0.0008638376602903008,0.9845883846282959
749,50598_eae0df5a_1,1.7080023098969832e-05,0.9687688946723938
750,145726_19ccdbda_12,0.00020575933740474284,0.9340171217918396
751,41469_b94cf3e4_0,0.0006508395890705287,0.866597056388855
752,147009_977ee378_1,0.0006436085095629096,0.938136637210846
753,24267_8a216138_10,0.00041745349881239235,0.9661087989807129
754,63071_3d434a33_16,0.0004469931300263852,0.976151168346405
755,34436_ffc43a58_4,7.31872787582688e-05,0.9368645548820496
756,50692_e7ff2668_4,0.00038264066097326577,0.8466792106628418
757,146642_883a71d2_9,0.0008027698495425284,0.9873224496841431
758,109772_f1a0845e_7,0.0006699587102048099,0.984366238117218
759,136640_16741d62_1,0.0003325936268083751,0.9155557155609131
760,21680_360ba5c7_11,0.000296507787425071,0.8795332312583923
761,27729_09d75da1_2,0.0005051878397352993,0.9856098890304565
762,82148_5df06ed9_19,0.00195398204959929,0.8642681837081909
763,55287_8a57a3db_1,0.0005437422660179436,0.9665495753288269
764,53221_74fa81cd_5,0.0002721332130022347,0.8694921731948853
765,30417_0010bc7c_39,0.0006735434872098267,0.9474239945411682
766,23706_ef15ef9c_40,9.106114885071293e-05,0.987002968788147
767,140763_e14274f8_3,7.242696301545948e-05,0.9451704025268555
768,23602_5daaccf5_3,0.0001240774436155334,0.9798859357833862
769,30282_88c6933c_9,0.0005746437818743289,0.9638515710830688
770,56824_0fc773f6_0,0.0005627841455861926,0.9679168462753296
771,42410_d3b5588e_1,0.00023613266239408404,0.9641228914260864
772,55055_dd27a8a4_0,0.00018435489619150758,0.9966258406639099
773,115633_a2c63339_6,0.00024979651789180934,0.7234612703323364
774,73651_a41647f8_5,1.97381159523502e-05,0.9234862923622131
775,33413_060ce192_32,0.00043012353125959635,0.9669578075408936
776,97331_a482fa9b_0,0.0007184320711530745,0.8481807112693787
777,23476_705b76d1_0,7.455485319951549e-05,0.997083842754364
778,32566_7bfc936b_6,0.0015809996984899044,0.9850577712059021
779,41717_eb1c1e6b_0,0.0007768433424644172,0.9377468228340149
780,60720_ef9a0a95_8,0.00025623879628255963,0.45233404636383057
781,138700_ab763a46_202,1.156831444859563e-06,0.36159276962280273
782,38287_88ec74de_17,0.004246513359248638,0.30161911249160767
783,135535_0bd0048d_0,0.00213163741864264,0.967894971370697
784,21797_69df08d5_7,0.005459485575556755,0.9565332531929016
785,65350_b3fa8f4f_47,0.0011956091038882732,0.9944971799850464
786,41714_1d49f4d1_3,0.0005659259622916579,0.9367635250091553
787,66012_a13e1644_1,0.00021450448548421264,0.9090352058410645
788,22652_564979ff_11,0.00044142562546767294,0.6718676686286926
789,25127_ecba81df_23,0.0005318151088431478,0.6529303193092346
790,47548_db93c988_4,7.83730429247953e-05,0.8082723617553711
791,55927_f8b31711_5,0.0007350458763539791,0.9606865048408508
792,31647_ab9ad9dc_2,0.00034109147964045405,0.953895092010498
793,41128_ee74f244_8,0.0006918571889400482,0.8106480836868286
794,20959_d4905d19_4,0.00012966644135303795,0.9681876301765442
795,52009_a2b75078_3,0.004392210394144058,0.9557644128799438
796,22201_473a3a65_16,0.0006748515297658741,0.9085776209831238
797,29442_365e23df_30,0.0006296056671999395,0.98219233751297
798,51859_6b2fd0f1_8,0.0002288778923684731,0.9921836853027344
799,140413_44177109_15,0.00012958754086866975,0.8850566148757935
800,21822_7d3db422_11,0.000739604642149061,0.9794481992721558
801,24168_a0ede173_100,8.544564479961991e-05,0.9383344650268555
802,145532_c2304f89_1,0.0006250835140235722,0.9124679565429688
803,104641_2cd02839_13,1.88018584594829e-05,0.9271252751350403
804,23679_81ef9e37_2,0.0002435265196254477,0.941976010799408
805,95271_de3df8d5_2,3.551017289282754e-05,0.829020619392395
806,41401_e4117da2_0,3.6002271372126415e-05,0.21552777290344238
807,48006_babdf4af_9,0.0005319170886650681,0.993840217590332
808,142246_0851be5e_32,0.0013118471251800656,0.9782305359840393
809,33615_7bab1106_4,0.0004632584750652313,0.9693462252616882
810,31117_cd5cdbdb_18,0.0005154118989594281,0.9921984076499939
811,34914_8911676d_0,0.00026054109912365675,0.9785209894180298
812,55501_a09e4ced_2,7.26823918739683e-06,0.7269815802574158
813,41128_ee74f244_9,0.0002133567031705752,0.9293734431266785
814,142246_0851be5e_22,0.0009843053994700313,0.8214781880378723
815,22413_901f5867_0,1.2073855941707734e-05,0.9634582996368408
816,56490_0a0fba77_0,0.00016356071864720434,0.9536079168319702
817,93676_4f934980_1,0.00031865283381193876,0.2935824394226074
818,146642_883a71d2_96,0.0005393241881392896,0.9411335587501526
819,24032_d6172503_3,0.0002828380384016782,0.9520516991615295
820,44221_25c62f03_1,0.00018602579075377434,0.9965544939041138
821,50315_0f1419bf_33,0.0007659280090592802,0.9256591200828552
822,133389_0938a905_2,0.00022370737860910594,0.9432246088981628
823,24824_cf51e5b6_4,0.0006685010157525539,0.8745933771133423
824,33970_32f36442_3,0.0004116576164960861,0.9871627688407898
825,29359_bbfab271_2,0.0004561126697808504,0.9197045564651489
826,23172_4ab01e83_0,0.0002312450233148411,0.9943800568580627
827,98511_1b46a85e_45,0.0006112850387580693,0.9828198552131653
828,98511_1b46a85e_46,0.0007257213583216071,0.9786636829376221
829,34248_cc11976c_0,0.0006862038280814886,0.9746461510658264
830,104003_46555fb2_0,0.00024616069276817143,0.45260387659072876
831,34520_035b5e9a_8,0.00011979165719822049,0.9588297009468079
832,38397_93d5d7de_12,0.0019363791216164827,0.9731724262237549
833,130023_93b3ca95_1,0.00047851455747149885,0.8315739631652832
834,83213_47c49876_1,0.0002708830579649657,0.9689526557922363
835,43928_6ca53538_63,0.0012589014368131757,0.9707244634628296
836,82779_b7b722e3_9,0.000753045198507607,0.9100617170333862
837,134967_0f27ef51_1,0.0001373269478790462,0.8972609043121338
838,86024_714b24f4_1,7.574548362754285e-05,0.9970325827598572
839,40807_58058731_11,0.000301296851830557,0.9545597434043884
840,26750_cd3cb3ff_0,0.0007761635351926088,0.9865362644195557
841,126913_d253adb7_2,0.0003878673887811601,0.9234705567359924
842,24268_2804c9ff_13,0.0006125582731328905,0.9840669631958008
843,45542_320c16fd_3,0.0002587377093732357,0.994856059551239
844,22342_274ed8a6_1,0.00043785700108855963,0.9051716327667236
845,133385_e6aa64d8_17,3.1445328204426914e-05,0.8739456534385681
846,143509_1dd5212d_3,0.0003515009011607617,0.9896329045295715
847,47989_3ff0f41d_0,0.0013858608435839415,0.9605750441551208
848,21822_7d3db422_14,0.0017741351621225476,0.974381148815155
849,21517_bfe35b4c_12,0.00011222184548387304,0.8041027784347534
850,52883_e518d3f4_10,0.00025887234369292855,0.9579710364341736
851,41871_f9a1ad02_14,0.0009305026615038514,0.9069124460220337
852,37016_455093c1_2,0.00010282807488692924,0.9448748230934143
853,31117_cd5cdbdb_78,0.0038460202049463987,0.9701753854751587
854,129239_0d49310c_22,2.6254047043039463e-05,0.9237732291221619
855,30400_8824ce97_6,0.0018301083473488688,0.9617354273796082
856,53233_8dbca22c_8,0.0005590252694673836,0.9607873558998108
857,40514_bb61631d_25,0.000200265712919645,0.9556946158409119
858,24053_53349e4d_2,0.00010613679478410631,0.863405704498291
859,41917_f0c40fa1_16,0.00024399295216426253,0.994227945804596
860,22543_684108ff_5,0.0014262683689594269,0.9434558749198914
861,138636_c1153075_0,6.018847125233151e-05,0.9462734460830688
862,24448_75004b6c_6,0.00029187838663347065,0.9907070994377136
863,24831_bbd3e098_8,7.038052717689425e-05,0.931033730506897
864,53221_74fa81cd_3,0.00019241738482378423,0.9479844570159912
865,76879_65a30a82_4,0.00011521256237756461,0.8116587996482849
866,108773_f9384cff_10,1.298146162298508e-05,0.8629980683326721
867,33671_0e9c6ca3_5,0.00021821381233166903,0.9826685190200806
868,93103_fdb9fcb7_15,0.001172926276922226,0.9367101788520813
869,137675_d2bd633e_0,0.0003346727171447128,0.790397047996521
870,21893_0500d043_32,0.00043954598368145525,0.7126400470733643
871,22110_0bc70e9f_1,0.000349302077665925,0.785334587097168
872,43152_b5472481_1,0.00011190670193172991,0.9579766392707825
873,115717_40314bc2_1,0.0008950659539550543,0.9217939376831055
874,102943_ca9e7968_0,5.237048753770068e-05,0.9287390112876892
875,136401_69f29349_0,0.0005469718016684055,0.6371878981590271
876,28542_3c922564_0,0.0001987874275073409,0.9275116324424744
877,24267_8a216138_6,0.0004744578036479652,0.9739798307418823
878,84374_272a9731_7,0.0006788503960706294,0.910496711730957
879,23531_1ecc8346_18,0.0012635401217266917,0.9876750707626343
880,41871_f9a1ad02_30,0.000806632568128407,0.9755517244338989
881,132461_14abd2d0_0,8.171170520654414e-06,0.7718839049339294
882,37617_3f415463_2,5.8142817579209805e-05,0.9049901962280273
883,41696_de0790a1_1,0.00019350794900674373,0.9957029819488525
884,54657_2a66e0de_20,0.00022849532251711935,0.9790182113647461
885,24425_0dc4b306_0,0.00026317493757233024,0.9742262363433838
886,146667_fe438b5b_0,0.00015546134090982378,0.9940875172615051
887,23048_8a1a5553_8,2.6862080630962737e-05,0.277238667011261
888,51871_86ebf5b2_17,0.0005401898524723947,0.9011093378067017
889,30664_a3084f71_6,0.0005604916950687766,0.9656075835227966
890,139801_97e2ca6a_5,0.00018954090774059296,0.9611929655075073
891,22278_12f1fb79_13,0.0005547274486161768,0.963911235332489
892,22776_facf9bcf_8,0.000902160070836544,0.9692941308021545
893,40500_6055e3d7_15,0.013944764621555805,0.8609189391136169
894,35740_5322d674_13,5.7514225773047656e-05,0.9650102853775024
895,39792_60786b6c_12,0.0003239719371777028,0.9882386326789856
896,115524_4a411f7e_0,0.00020995561499148607,0.9523056745529175
897,24131_3ea7d5a8_17,0.0004918367485515773,0.9762759804725647
898,100326_0602c712_2,0.0024382038973271847,0.9225525259971619
899,34571_25c64838_2,0.0009378658724017441,0.9444141387939453
900,143534_4f65fd1a_0,0.0001943102979566902,0.9343053102493286
901,101446_95204330_1,0.00020441763626877218,0.8704123497009277
902,41749_14d0599c_10,5.0334641855442896e-05,0.8530993461608887
903,55715_525d1d3e_12,0.00010075775207951665,0.7011339664459229
904,45307_b9b4bca0_30,0.003789967391639948,0.9728564023971558
905,22654_4c426b0f_0,0.0007362911710515618,0.907798171043396
906,22670_9353c710_4,0.00023027753923088312,0.9293828010559082
907,99445_94c22a37_11,0.00037990225246176124,0.9943554997444153
908,132811_57264a28_4,0.0003021539014298469,0.9753152132034302
909,23258_87a2ba81_3,5.940655682934448e-05,0.9060963988304138
910,50777_2934de55_22,0.00032180309062823653,0.9885767102241516
911,98418_4185a7fb_0,0.0002665229549165815,0.9935431480407715
912,43441_e1ab0873_2,3.726183422259055e-05,0.548481822013855
913,24271_dbc0fd2d_12,0.00012896803673356771,0.971612274646759
914,38944_0d0c3fce_0,0.0011756656458601356,0.9923834800720215
915,40624_e1c5c424_11,1.1592372175073251e-05,0.708034336566925
916,100028_0c3a8f1c_13,0.0003975272411480546,0.9948866963386536
917,40491_ac67bf4c_13,0.0003864671161863953,0.9927508234977722
918,25416_1deb9c75_0,0.00039808041765354574,0.9310914874076843
919,21657_2651585a_6,0.00032190399360843003,0.9829378724098206
920,21986_67c5509a_15,0.0002540518471505493,0.968478798866272
921,32288_34013274_2,0.0008632054086774588,0.8538951873779297
922,55373_ddd74d2f_0,0.0008428606088273227,0.8911423087120056
923,26245_4aac38e1_0,0.0004599239327944815,0.9736471772193909
924,33044_7fdd9213_0,0.00019235351646784693,0.9656555652618408
925,31530_6744ae73_48,0.0016480168560519814,0.9840800166130066
926,25555_fd3d9a3c_1,4.687153341365047e-05,0.9341950416564941
927,54175_7d864ace_6,0.00022566664847545326,0.9493223428726196
928,72950_5074f5a3_0,0.00016329217760358006,0.8920549154281616
929,129618_2962c248_0,0.0014327378012239933,0.9760706424713135
930,52012_77070fda_10,2.5750599888851866e-05,0.9596166610717773
931,28295_0dc908b9_7,0.00020658853463828564,0.9445046186447144
932,144419_90e59d67_2,2.8358801500871778e-05,0.6866036653518677
933,22734_f6bad9f7_24,0.0011589874047785997,0.964131772518158
934,22604_0b4ffb43_14,0.00018435489619150758,0.9966258406639099
935,81996_b3752ed2_3,5.0364589696982875e-05,0.9548019170761108
936,24504_493cee15_8,0.0005640672170557082,0.9775400161743164
937,39124_28e99e62_1,6.988250970607623e-05,0.9213676452636719
938,29725_0ad4937e_1,2.642168510647025e-05,0.952242374420166
939,109232_04340d62_6,0.00010630888573359698,-0.9338116645812988
940,129075_8fbf62e5_0,0.0002618858125060797,0.7927478551864624
941,102937_18c3cb6a_4,0.0003871336521115154,0.986426591873169
942,52551_8098346a_5,0.0003529801615513861,0.38598763942718506
943,128043_6947b64c_0,0.0005385924014262855,0.9689084887504578
944,119030_292009a7_41,0.0003742033732123673,0.9451082348823547
945,48526_5aecac8a_0,0.0008746933308430016,0.8527122735977173
946,32541_86f7df73_4,0.00024000942357815802,0.7716717720031738
947,55114_7bf17f6a_0,0.000807666452601552,0.9414488673210144
948,55285_6816da52_1,0.0024410169571638107,0.9471705555915833
949,37683_e2cca100_17,4.56791567557957e-05,0.9280831813812256
950,78775_e2d8b091_15,0.0009325612336397171,0.9695085287094116
951,93199_2146e709_2,0.00019916557357646525,0.9764868021011353
952,135595_656de97a_14,8.987671026261523e-05,0.935562014579773
953,24284_3710e946_16,0.0003668551507871598,0.9916887879371643
954,135521_30553c91_2,6.499110895674676e-05,0.05740523338317871
955,29732_fb15318c_5,0.00028103665681555867,0.7330331802368164
956,88060_389bdff4_0,0.0005340486532077193,0.9675009250640869
957,27839_4a077326_28,0.0013438297901302576,0.9667029976844788
958,100435_87bf423d_8,0.00015052563685458153,0.997033953666687
959,25365_bb0e4ede_44,0.00029401935171335936,0.5830039978027344
960,146169_144d8264_0,0.0016872355481609702,0.9908876419067383
961,23342_7193a931_3,3.784418004215695e-05,0.8885059356689453
962,57000_cd1ddece_12,0.00024058260896708816,0.9951900243759155
963,119790_1ed376f0_3,0.00012413031072355807,0.8645244240760803
964,72522_e9e87960_4,0.00037907075602561235,0.9928849935531616
965,65366_f618b577_2,0.00011629908112809062,0.898765504360199
966,55707_c78416ed_35,0.0008706423104740679,0.9545004963874817
967,70321_eccffc7e_0,0.0004068157868459821,0.8946115970611572
968,120143_b5756e6b_0,0.0008559299167245626,0.8811349868774414
969,27726_aca43af4_35,3.512593684718013e-05,-0.6319881677627563
970,31361_72aab333_20,0.0006527042714878917,0.7925639152526855
971,121949_e10b5e85_12,0.0005940985283814371,0.9835907816886902
972,146399_0e4b73c4_13,0.0005778204649686813,0.9881378412246704
973,41134_fc146947_6,0.00028252677293494344,0.867918074131012
974,21237_7887a24b_35,9.138905443251133e-05,0.6221812963485718
975,24885_55e20ddf_3,6.184402445796877e-05,0.9389000535011292
976,34914_8911676d_23,0.00019005636568181217,0.9662224054336548
977,21803_8a36dcda_12,0.0009790894109755754,0.9672382473945618
978,41306_8f26e703_5,1.7870628653327003e-05,0.8070834875106812
979,25118_f50fdc69_10,2.7345751732354984e-05,0.9600602984428406
980,25473_0991d519_9,0.0002583302848506719,0.9935311079025269
981,126585_86fa26cb_0,3.36529737978708e-05,0.95843905210495
982,145691_69484976_9,0.00044929745490662754,0.9596027135848999
983,60729_c51868ec_0,0.00024282312369905412,0.8662283420562744
984,123929_e7dbad2c_0,0.0005999560817144811,0.7150139808654785
985,69649_70b07cac_0,0.0001487822737544775,0.9967135190963745
986,55135_f1186d58_9,7.165439456002787e-05,0.9107292890548706
987,20838_86c931be_2,0.000500966387335211,0.9377148151397705
988,45242_626509cb_11,0.00016787194181233644,0.9258167147636414
989,34983_439766af_13,0.0008413280011154711,0.9912487864494324
990,53453_fb0f1640_1,0.0014734735013917089,0.9552693963050842
991,23255_972fbfe6_25,0.000276315666269511,0.9912903308868408
992,24168_a0ede173_203,0.011404802091419697,0.936571478843689
993,55476_1473d91f_0,0.0003173888835590333,0.8381931781768799
994,55111_ef389075_1,0.0005429168231785297,0.9792492389678955
995,141710_17531562_1,0.00040565209928900003,0.9659403562545776
996,96601_b89e6252_1,6.863729504402727e-05,0.6349910497665405
997,135790_a27f9deb_43,0.004726806189864874,0.9394396543502808
998,121363_746708db_0,0.00026239879662171006,0.899039089679718
999,136886_3aa46890_0,0.0001101884336094372,0.9589149951934814
1000,50315_0f1419bf_19,0.0012338646920397878,0.9830281734466553
1001,37846_cde34fcd_14,0.000102796962892171,-0.16225767135620117
1002,24816_ef81ad4c_1,0.0002861738030333072,0.897669792175293
1003,75646_4baf69b2_7,0.0014384560054168105,0.9798570275306702
1004,140155_81f9ac63_0,0.00020773941650986671,0.9481713771820068
1005,51603_034939eb_10,0.0005968807963654399,0.9669330716133118
1006,30435_c97330d2_0,4.1831342969089746e-05,0.9292706251144409
1007,27839_4a077326_27,0.00043444393668323755,0.9763778448104858
1008,55627_971fde61_34,0.0008224555640481412,0.9364161491394043
1009,134909_ef3d003c_0,4.631016781786457e-05,0.9545684456825256
1010,33413_060ce192_51,7.466147053492023e-06,-0.03445255756378174
1011,22245_ca848576_12,0.00027839120593853295,0.6748830080032349
1012,52039_ba12c3ac_1,0.00023784271616023034,0.9952449798583984
1013,39707_358f88df_2,0.00020559676340781152,0.781060516834259
1014,50014_33f250c8_3,0.005239642690867186,0.9522063136100769
1015,52987_387431ac_1,0.0006312032928690314,0.9566595554351807
1016,33501_b1ee5058_15,0.00022036860173102468,0.9956179261207581
1017,82168_4844bddd_1,0.0006038781721144915,0.918465256690979
1018,30384_95e72fc2_4,5.024598794989288e-05,0.44661659002304077
1019,23554_a0845d54_2,0.0001519482466392219,0.8729824423789978
1020,23800_65e0a5d1_0,0.00014734701835550368,0.5356369018554688
1021,41128_ee74f244_0,0.0001350943057332188,0.864372968673706
1022,143019_22dbd3e6_2,0.001153034740127623,0.9634172320365906
1023,79993_6087acd5_8,0.0009370730840601027,0.9703553318977356
1024,21422_b2a6bf27_0,0.00031691501499153674,0.9947749376296997
1025,25487_dd2c17e8_21,0.00021629488037433475,0.8079471588134766
1026,22654_4c426b0f_10,5.268488894216716e-05,0.6461986303329468
1027,30368_d7fd30ce_6,1.0800103154906537e-05,0.7690125703811646
1028,57249_6bd2af3c_2,7.672283391002566e-05,0.9971697330474854
1029,57029_3ab80a22_0,0.0004723849706351757,0.9062882661819458
1030,79906_052c7eb4_3,0.0004608029848895967,0.9001142978668213
1031,82996_b8dc67c9_10,4.562504545901902e-05,0.9370359182357788
1032,119884_192e3265_1,0.0003673527389764786,0.8324598670005798
1033,21225_c081eae3_10,0.001017121598124504,0.9416862726211548
1034,121949_e10b5e85_1,0.00023430818691849709,0.9407104253768921
1035,81994_ba8916c9_5,5.7008961448445916e-05,0.9501862525939941
1036,22447_4062c6cb_29,0.00032375441514886916,0.9945386052131653
1037,55044_ee57bac8_1,0.0001049819475156255,0.6011301875114441
1038,41871_f9a1ad02_13,0.0023799787741154432,0.9866331219673157
1039,74688_a5168a45_2,1.4342738722916692e-05,-2.081735849380493
1040,23218_02d26ab4_4,2.641583159856964e-05,0.9392424821853638
1041,41205_dc60aa5d_0,0.00023018340289127082,0.9427754282951355
1042,41979_ca698776_0,0.00015198398614302278,0.9688295125961304
1043,141453_50ec6f25_7,0.00021758614457212389,0.9938364624977112
1044,97143_5424c420_0,0.0003111611877102405,0.9201440811157227
1045,41986_26275a06_2,0.0002379325160291046,0.9775710105895996
1046,136800_c5e4d711_2,3.158942854497582e-05,0.956821858882904
1047,101635_11b839a3_5,3.8858466723468155e-05,0.6816474199295044
1048,55866_b041060d_0,0.00019873192650265992,0.9878364205360413
1049,53846_89405f98_0,0.0005626977072097361,0.8850346207618713
1050,27725_5cceaeb7_1,0.0009865693282335997,0.910983145236969
1051,146137_92faaea5_9,0.0013673974899575114,0.8904380202293396
1052,41211_11f6b8a0_4,0.00010797528375405818,0.9555315375328064
1053,21330_f0cee934_46,0.00024933990789577365,0.9950149059295654
1054,127188_5fecd146_4,3.7592402804875746e-05,0.9483444094657898
1055,135949_06517574_8,1.47104537973064e-05,0.8474973440170288
1056,68928_0d4e4a2e_24,0.0006991716800257564,0.9560360908508301
1057,50410_f8f03667_38,4.716816420113901e-06,0.6752710938453674
1058,142999_171240b6_21,5.517216050066054e-05,0.9592065811157227
1059,144709_642fc665_0,0.0006237953784875572,0.9386977553367615
1060,53232_f8760054_10,0.00013422990741673857,-0.2846931219100952
1061,22372_e91792a1_0,1.4236088645702694e-05,0.8174217343330383
1062,21767_53eaa558_12,0.003270842833444476,0.9577327966690063
1063,32220_1fd19c5e_0,0.00012060240260325372,0.876096248626709
1064,22886_a6331748_1,0.0003182641521561891,0.9707798957824707
1065,130996_b842b511_12,0.0001670553465373814,0.9846022725105286
1066,55571_74a416b1_1,4.150841778027825e-05,0.6478984355926514
1067,70169_914780d4_1,0.00028873575502075255,0.8900496363639832
1068,23156_7788f78a_6,0.001738090068101883,0.9874234795570374
1069,124496_20e20439_10,0.00017929283785633743,0.6059380769729614
1070,76300_7cb02add_1,0.00028737529646605253,0.9574471116065979
1071,21647_6b6cca6f_10,0.00024093071988318115,0.8684982061386108
1072,22734_f6bad9f7_23,0.0011431473540142179,0.9523782134056091
1073,94176_0a6c42ab_2,4.909984909318155e-06,0.09891301393508911
1074,24048_d731886d_9,0.000623971049208194,0.9312233924865723
1075,25487_dd2c17e8_30,0.0008511283085681498,0.6152597665786743
1076,115717_40314bc2_4,1.857435745478142e-05,0.9395817518234253
1077,125592_875faf40_0,0.0006167684914544225,0.9713716506958008
1078,41871_f9a1ad02_44,0.0009292857139371336,0.9343478679656982
1079,146642_883a71d2_8,0.00013242980639915913,0.9676893353462219
1080,136883_076fbff9_31,6.942561594769359e-05,0.7703550457954407
1081,60766_fb8715eb_3,0.0003013184468727559,0.9779646992683411
1082,30818_33617072_0,0.0012802438577637076,0.9351812601089478
1083,130679_7a357a9c_18,0.0016044436488300562,0.9056217074394226
1084,55306_795d845b_0,1.2389529729261994e-05,0.9734402298927307
1085,135934_d2f6bb2e_33,3.186390677001327e-05,0.9575187563896179
1086,111054_e45a0d40_7,0.008230852894484997,0.9203804135322571
1087,36826_d9269c2e_10,0.0004287396150175482,0.9708780646324158
1088,37619_ae810a8d_7,1.0717461009335238e-05,-3.894850254058838
1089,22343_34184fd5_22,0.00013045860396232456,0.5962251424789429
1090,113020_de552f8d_0,0.00010666142770787701,0.9333010315895081
1091,20216_89b90993_0,0.00198734481818974,0.8676029443740845
1092,23325_292b3294_16,0.0005785539979115129,0.9449594616889954
1093,23522_5c2ec58e_9,0.0004802909097634256,0.9635328650474548
1094,146624_359752bb_20,1.2012526894977782e-05,-5.055755138397217
1095,104990_11b4aeee_1,0.0002467893937136978,0.9943588376045227
1096,90917_4670b560_0,0.0016615184722468257,0.9677079916000366
1097,54818_59adf8c2_5,0.0004817175795324147,0.5834013223648071
1098,34109_5a868eae_3,8.435348718194291e-05,0.8623783588409424
1099,23161_e7f63a9f_2,0.00026649798383004963,0.9758862257003784
1100,37160_2a95674a_27,0.00047106726560741663,0.8354194164276123
1101,61280_8bdbc90f_0,0.00048240876640193164,0.9826744198799133
1102,55083_dac1f9cc_2,0.00031046755611896515,0.9741536378860474
1103,34341_d19b12fb_14,1.7119909898610786e-05,0.8297241926193237
1104,54516_ac9e2ef4_61,0.0008353227749466896,0.8612968325614929
1105,24559_3c306e71_2,9.692636376712471e-05,0.8026918768882751
1106,105831_88a0fb85_1,0.0004071863950230181,0.984529435634613
1107,32743_f4c47bbc_19,0.0007257751422002912,0.8651407957077026
1108,40500_6055e3d7_18,0.00027545582270249724,0.9867774248123169
1109,22862_f5406bb0_0,0.0004831902333535254,0.9922269582748413
1110,141081_ae61ec46_0,0.0003833359805867076,0.9944506883621216
1111,135112_cf8007b8_4,0.0013115745969116688,0.9801031351089478
1112,131442_1512d9ff_5,2.9879673093091697e-05,0.9367678761482239
1113,145132_7aea3b66_1,0.00502764480188489,0.9809707999229431
1114,41871_f9a1ad02_45,0.00035891772131435573,0.9308202266693115
1115,51775_49ef614a_1,0.0004076340119354427,0.8844990730285645
1116,143293_fc5b0ff7_23,0.00016079898341558874,0.7062276601791382
1117,51547_a7e01c38_6,2.116663017659448e-05,0.9696732759475708
1118,114021_44c3c39c_2,1.6919344488997012e-05,0.9578192830085754
1119,123766_c5a4cf5e_0,7.665009616175666e-05,0.5112972855567932
1120,23031_0d684603_8,0.00023961103579495102,0.8967214822769165
1121,132996_c742ef84_4,0.001171064330264926,0.837493896484375
1122,137096_5d77f285_1,0.0004208380123600364,0.949769914150238
1123,27072_b4756e8c_2,0.00025461698533035815,0.9424135684967041
1124,51915_e704f5dd_2,0.00028287156601436436,0.9557645916938782
1125,132811_57264a28_13,0.00032390092383138835,0.9945470690727234
1126,49396_98ab955d_13,0.0005204523913562298,0.9419774413108826
1127,132081_761d26ad_0,0.00012059258006047457,0.9967719316482544
1128,82906_7b72e0e8_2,0.0004804179188795388,0.9866156578063965
1129,92649_26fe8262_0,0.00017213662795256823,0.9205820560455322
1130,21803_8a36dcda_11,0.0011015726486220956,0.9703711271286011
1131,30637_f6324fc6_5,3.544555147527717e-05,0.7653990387916565
1132,105560_a6f91315_12,1.1295513104414567e-05,-0.5820611715316772
1133,41737_d80c34b9_0,0.0003179909836035222,0.9810015559196472
1134,34983_439766af_12,0.00011978855764027685,0.9882162809371948
1135,122755_60c41889_10,1.8839944459614344e-05,0.6980806589126587
1136,76879_65a30a82_2,0.0032877859193831682,0.9705909490585327
1137,89816_cef36e57_4,0.000397390773287043,0.9934466481208801
1138,49406_100c707b_3,0.00010430227121105418,0.9879734516143799
1139,105560_a6f91315_10,8.51764707476832e-06,0.8160849213600159
1140,129421_483d2957_5,3.447417839197442e-05,0.8547482490539551
1141,122740_fc5c94eb_33,0.00024027455947361887,0.9926432371139526
1142,135595_656de97a_5,0.00011417186760809273,0.9583011865615845
1143,35740_5322d674_5,8.703676940058358e-06,-2.0207607746124268
1144,23681_932e722e_18,0.00027619628235697746,0.9947720766067505
1145,108244_329b1876_17,2.0932047846144997e-06,0.5136435627937317
1146,125745_cf468448_6,0.00014697207370772958,0.9654417634010315
1147,138838_c9a9e790_6,0.00022200137027539313,0.9568464159965515
1148,102416_b74464a2_4,8.88195245352108e-06,-2.5230748653411865
1149,30426_2cde26de_21,9.09026766748866e-06,0.9729800820350647
1150,137837_9c9f163d_5,9.109777602134272e-05,0.9040749669075012
1151,25487_dd2c17e8_15,0.0009612354915589094,0.8747056722640991
1152,21549_18160a0a_4,7.461909262929112e-06,-0.05331385135650635
1153,21385_601444ba_0,0.0011497143423184752,0.9284772872924805
1154,35233_add576ba_9,0.001938827452249825,0.8733711242675781
1155,55345_c6423351_0,0.00026579925906844437,0.9569692015647888
1156,110697_4b2725f1_0,0.00035272003151476383,0.9917834401130676
1157,109946_242843a6_1,3.241724334657192e-05,0.23582476377487183
1158,34341_d19b12fb_22,2.9175884264986962e-05,-2.3170621395111084
1159,23247_bcd1e84f_21,0.00025613667094148695,0.9462187886238098
1160,131765_29b29f08_6,7.71130908105988e-06,0.8330100774765015
1161,21395_7d6fda6f_12,0.0001841834164224565,0.8388011455535889
1162,135460_6471e973_15,0.00013908931578043848,0.9543111324310303
1163,51741_49d61151_7,0.000651604263111949,0.9764553904533386
1164,28382_90b7cc0c_12,9.625347593100742e-05,0.9650858640670776
1165,30850_05d88af9_2,0.0006215384928509593,0.9743604063987732
1166,86278_1e55d036_12,8.780202915659174e-05,0.34647345542907715
1167,67240_525e92c1_1,0.0002706383529584855,0.7828360199928284
1168,82002_ef2b4feb_6,0.00029405049281194806,0.994350016117096
1169,53364_ec8aad42_1,0.0026946752332150936,0.8842152953147888
1170,135771_b030a25c_17,0.0002631226379889995,0.6956251859664917
1171,135906_29d7b495_1,1.7886635760078207e-05,0.9680213928222656
1172,21822_7d3db422_38,0.00010367111099185422,0.8948217034339905
1173,81136_5b86c723_1,1.7337421013507992e-05,0.8726794719696045
1174,25473_0991d519_2,0.0012135147117078304,0.9790053367614746
1175,73405_94381b7c_5,0.0006045832415111363,0.8983761072158813
1176,24009_c40b0d48_2,0.00010637128434609622,0.9967333674430847
1177,22162_439af02a_1,0.0002527165925130248,0.9950308799743652
1178,146159_f3f80701_0,0.0007866582600399852,0.790251612663269
1179,51895_5760b481_15,0.001870137290097773,0.9800955653190613
1180,33500_e58e287e_1,0.0010313392849639058,0.9519926905632019
1181,31838_2e4bd173_0,0.0005332271684892476,0.6435666084289551
1182,146137_92faaea5_18,1.7512742488179356e-05,0.8467049598693848
1183,124879_2257a334_2,6.277358625084162e-05,0.31103599071502686
1184,144145_510eedc2_7,0.0003962271730415523,0.992656946182251
1185,21237_7887a24b_78,0.0003170208656229079,0.9724310636520386
1186,82297_93739ce0_6,0.0006710139568895102,0.7794205546379089
1187,51536_a18dc325_31,0.00014553323853760958,0.2945883870124817
1188,93103_fdb9fcb7_7,0.0003441781154833734,0.955573558807373
1189,24590_415f7013_9,0.00014930374163668603,0.9723367691040039
1190,130659_16f2db4c_0,0.00013999892689753324,0.9536858201026917
1191,23083_fdb942ac_2,0.00019804920884780586,0.9917365312576294
1192,23954_a8c09819_2,0.0002670232788659632,0.9948217272758484
1193,30417_0010bc7c_13,0.0005540410638786852,0.9507333040237427
1194,120535_e304dfca_1,0.0003352235653437674,0.9754113554954529
1195,93199_2146e709_9,0.0005659005837514997,0.8700548410415649
1196,23686_cba4f679_15,0.0007043737568892539,0.9842123985290527
1197,40807_58058731_20,0.001084083691239357,0.9890887141227722
1198,94410_d32e7520_35,0.0012354119680821896,0.9692401885986328
1199,79695_fd8bae0e_0,0.0007927909027785063,0.7984068989753723
1200,129422_621d0a90_35,0.0007135916966944933,0.6648526787757874
1201,44932_16cb7f21_5,0.0026750722900032997,0.9242350459098816
1202,136550_8a8672e5_1,0.00011410929437261075,0.9679663777351379
1203,20495_e8e7e80c_3,0.00019150131265632808,0.9965749382972717
1204,31962_e5291336_50,0.0002747114631347358,0.7379427552223206
1205,24888_5be1de05_1,1.2955238162248861e-05,0.753602147102356
1206,34114_7e58a97d_10,0.0013502275105565786,0.9480903148651123
1207,108433_37a79370_0,0.0009207086404785514,0.9186432957649231
1208,22844_9b75b8e0_1,0.00014643941540271044,0.9939254522323608
1209,115637_b4d41e8a_0,0.00030762614915147424,0.9702198505401611
1210,53474_f29e4438_15,0.0022211303003132343,0.9368153810501099
1211,26766_1aaa348c_0,0.0003445301263127476,0.9510936141014099
1212,51940_67bb0219_7,0.0005355410394258797,0.912484347820282
1213,41714_1d49f4d1_13,3.471384843578562e-05,0.8631073236465454
1214,21815_7090778f_9,0.0021804978605359793,0.8210565447807312
1215,32843_8e5bdf24_0,0.001847339910455048,0.9181494116783142
1216,23686_cba4f679_10,0.000549035903532058,0.9315829873085022
1217,114425_891ab08d_0,0.0011767346877604723,0.8532752990722656
1218,41786_02d48cdd_5,0.0003455893020145595,0.94652259349823
1219,22895_4533b542_1,0.0003184853121638298,0.98174649477005
1220,49016_cd1b47bf_6,0.002355096163228154,0.9253956079483032
1221,51674_a70c1c6c_3,2.7308769858791493e-05,0.9563295841217041
1222,52972_6e5a5ada_11,0.0006482838653028011,0.9724830389022827
1223,120700_d818883a_8,4.0784791053738445e-05,0.9447788596153259
1224,34530_9525ffcd_0,0.0008281682967208326,0.9844260811805725
1225,24355_99bf3f8f_1,0.00015121375326998532,0.707165002822876
1226,56250_3b6024e3_46,0.001780024846084416,0.9685273766517639
1227,56355_727ca47c_3,0.0005438155494630337,0.868686854839325
1228,35057_9af89947_1,0.00037637463537976146,0.9409086108207703
1229,120881_a946667f_13,3.532098708092235e-05,0.9513396620750427
1230,143021_c6df0146_5,6.569978722836822e-05,0.6341546177864075
1231,69240_dc199112_3,0.0003130160039290786,0.7151113748550415
1232,41733_1ec9b00c_15,0.0003922083415091038,0.9183234572410583
1233,30298_24191733_2,1.9002651242772117e-05,0.8685846328735352
1234,30400_8824ce97_18,0.0002232254482805729,0.953389048576355
1235,37040_ecbcd25e_36,0.00045645213685929775,0.8768924474716187
1236,23035_6087bb57_4,6.50871661491692e-05,0.9025961756706238
1237,38675_6e07d74b_26,0.003716000122949481,0.9485833644866943
1238,31751_e37382e1_9,0.00021335232304409146,0.9772510528564453
1239,54601_e1da5b93_4,0.00026969247846864164,0.9946346282958984
1240,142999_171240b6_29,0.0003014089888893068,0.9771523475646973
1241,137646_14bca880_0,0.0004826610966119915,0.9554259181022644
1242,37519_442dc408_1,8.300899935420603e-05,0.8985612988471985
1243,47195_a8cd8bad_6,0.0003480931918602437,0.9778646230697632
1244,22474_b10fea1a_6,0.0007365999044850469,0.9150449633598328
1245,53200_d1e30b87_10,0.0002110880595864728,0.9632686972618103
1246,41472_f9d73638_9,0.00012706362758763134,0.8693978190422058
1247,126397_cc08a23d_1,3.778109385166317e-05,0.9386835694313049
1248,31838_2e4bd173_4,0.0003425261820666492,0.9938936233520508
1249,52006_d21e4570_7,0.000664671475533396,0.8682451844215393
1250,62109_08c31aa8_0,0.0006021088920533657,0.8927102088928223
1251,49403_458914df_0,0.00022799271391704679,0.8653273582458496
1252,122914_76ff1f5e_2,1.5058473763929214e-05,-0.3402448892593384
1253,34913_d23e2a24_2,0.00018203760555479676,0.9185439944267273
1254,104641_2cd02839_15,2.3052167307469063e-05,0.9333845376968384
1255,131632_6144b102_1,0.00043434888357296586,0.9948288202285767
1256,30850_05d88af9_0,0.0003610469284467399,0.9716708660125732
1257,86296_8a6ed4d3_7,6.315432256087661e-05,0.8054828643798828
1258,34983_439766af_7,0.001173713244497776,0.9832788705825806
1259,33374_7491cbf8_2,0.0014657062711194158,0.9858188629150391
1260,50694_afd26bd5_10,0.0005688696983270347,0.9938912391662598
1261,50292_e84db1fb_8,0.00011458484368631616,0.60898756980896
1262,81367_622a9e51_2,0.000215831576497294,0.9458036422729492
1263,78966_584c5305_0,0.0001460136700188741,0.9238656759262085
1264,79905_623eae86_1,0.001352878287434578,0.9889211654663086
1265,63055_6b907478_15,0.0003386654134374112,0.9729846715927124
1266,135771_b030a25c_4,3.1401457817992195e-05,0.9604647159576416
1267,41753_9b4f8d8a_0,0.00030099161085672677,0.9940903782844543
1268,80784_f7ec5f70_1,0.00045674643479287624,0.9226070046424866
1269,33607_c6f31fa6_10,0.0002771288272924721,0.9660610556602478
1270,22225_a3ce4d29_42,0.0005465141148306429,0.9412697553634644
1271,51938_8b9cba89_5,0.0026377837639302015,0.9447203278541565
1272,44741_f386a08f_4,0.0008164289174601436,0.9757683277130127
1273,70021_e673ae54_4,0.0003283225523773581,0.9946712255477905
1274,55135_f1186d58_7,0.0004603678244166076,0.9587371945381165
1275,31856_2a5a4e32_12,0.0007908015395514667,0.9561322331428528
1276,75303_045fc848_4,0.00021987217769492418,0.966216504573822
1277,129683_3ad38815_10,0.002269906923174858,0.9734559655189514
1278,21894_93f0d052_24,0.0005084452568553388,0.9588804244995117
1279,143823_1b04bf80_13,0.00027996604330837727,0.9797976016998291
1280,143823_1b04bf80_18,9.553419658914208e-05,0.9075702428817749
1281,111863_c925f4f3_2,0.00010538841161178425,0.8994385600090027
1282,104633_d0a15bd3_6,0.0005581080331467092,0.95320063829422
1283,48832_22363e53_33,0.000525902840308845,0.9857948422431946
1284,127466_a18ae326_1,0.000589295697864145,0.7779842615127563
1285,22211_b1ee53f0_12,0.0008020267705433071,0.9664849638938904
1286,137837_9c9f163d_6,8.921984408516437e-05,0.9757010340690613
1287,122755_b830e22d_17,1.2097445505787618e-05,0.8645132184028625
1288,21299_e9cd80a6_12,0.0002109565248247236,0.7171064615249634
1289,44920_70dd4b80_11,0.0003765227447729558,0.9829656481742859
1290,52987_387431ac_7,0.0006343526183627546,0.9806791543960571
1291,147926_b78316a8_10,0.00011793152225436643,0.8966782093048096
1292,144653_e3eccdf1_50,6.437801494030282e-05,0.9571079015731812
1293,56458_c027ed41_0,0.00023130924091674387,0.971287190914154
1294,23495_6366269c_11,0.000251964753260836,0.9949892163276672
1295,70883_e2d6a103_2,0.0005478503298945725,0.9918599128723145
1296,32743_f4c47bbc_34,0.00034231660538353026,0.8004850149154663
1297,30910_38ea5a06_2,0.00012228003470227122,0.9792613983154297
1298,56476_466fc284_17,0.0019897751044481993,0.9588432908058167
1299,22604_0b4ffb43_62,0.00019740826974157244,0.9917633533477783
1300,21534_6367be99_0,0.0002158953866455704,0.9319420456886292
1301,133026_1085532d_1,0.00027451786445453763,0.9302334785461426
1302,137828_0b0786fb_1,0.0005109200719743967,0.9901778101921082
1303,55627_971fde61_27,0.00027680277707986534,0.9650569558143616
1304,93869_8b1922a3_0,0.0006100202444940805,0.9508035182952881
1305,24393_9acd18c6_3,0.00030395551584661007,0.9943282008171082
1306,44996_b3e9c266_14,2.1233858205960132e-05,0.9169014692306519
1307,55300_b9675d43_1,0.00025538800400681794,0.9949855804443359
1308,113352_879844fe_0,0.0004874012083746493,0.9801526069641113
1309,135317_3c58b0d0_9,0.00014450970047619194,0.866473913192749
1310,115624_fe3eb392_1,0.0011225887574255466,0.9474253058433533
1311,63055_6b907478_21,0.00023527906159870327,0.9914197325706482
1312,40421_032c052f_0,0.0005086822202429175,0.9226802587509155
1313,143029_70554264_3,5.8410896599525586e-05,0.8999354243278503
1314,145117_78f63de3_0,0.00028586684493348,0.9264780282974243
1315,128996_35f2006e_0,0.0001221994316438213,0.38892149925231934
1316,54503_fc6c6963_1,0.000293485150905326,0.962932825088501
1317,24657_0168dc6b_1,0.00035416168975643814,0.9913312792778015
1318,130524_13ad16a8_0,0.003725318005308509,0.9815789461135864
1319,142670_33c641dc_3,8.839079964673147e-05,0.9664191603660583
1320,65375_674ff0b9_11,0.0011679866584017873,-0.06337034702301025
1321,23168_7fdf5427_3,9.038892130774911e-06,-3.128965377807617
1322,41717_ab2075ac_0,7.78002358856611e-05,0.9971435070037842
1323,21739_57582b8f_4,0.00022437894949689507,0.9868359565734863
1324,143293_fc5b0ff7_30,0.00028097446192987263,0.9923376441001892
1325,135906_587b5c3d_0,9.178047184832394e-05,0.9445788264274597
1326,138685_fd9b79cd_0,9.261188097298145e-05,0.9259459972381592
1327,119921_5621fcb4_0,0.00018691958393901587,0.968442976474762
1328,49403_458914df_5,0.00039785567787475884,0.954657256603241
1329,73525_7f6b2f67_2,2.2089019694249146e-05,0.9646211862564087
1330,136994_a3a2f50f_3,0.00028525537345558405,0.9678703546524048
1331,31838_2e4bd173_1,0.002850916003808379,0.9382948279380798
1332,35866_d0233b36_6,0.00032185521558858454,0.9945130348205566
1333,53053_d6b4d71c_9,0.000899527280125767,0.9766457676887512
1334,90220_7baf1e18_1,0.00012933340622112155,0.8254101872444153
1335,23364_73dd9d4d_10,4.2966235923813656e-05,0.9382480978965759
1336,52987_387431ac_3,0.0002224365307483822,0.9816802740097046
1337,51859_6b2fd0f1_4,8.807295671431348e-05,0.9510369300842285
1338,51708_867d4509_12,6.809023761888966e-05,0.4101862907409668
1339,93199_2146e709_3,0.0003370841150172055,0.9928531646728516
