case_num,case_name,MSE,R-Square
0,50417_199cffee_13,0.0053106932900846004,0.9586325287818909
1,48516_2b3135bf_11,0.0017883316613733768,0.9395368099212646
2,41733_1ec9b00c_31,0.004834543913602829,0.5310477018356323
3,31664_1e85c690_0,0.0006591353449039161,0.964562177658081
4,21893_0500d043_18,0.0005653956322930753,0.9885048866271973
5,31607_9a2f8140_6,0.0007781994645483792,0.9738794565200806
6,41774_88a7a483_18,0.0008372505544684827,0.7956228852272034
7,42143_51b31600_4,0.00015813481877557933,0.6804742813110352
8,23104_3b70eba4_13,0.000687276478856802,-0.13060414791107178
9,129075_8fbf62e5_2,0.00010176593787036836,0.7314491271972656
10,41624_a15f83c1_13,0.0001921217335620895,0.9056594371795654
11,36088_1ea9c8a9_12,0.0006231957231648266,0.9854614734649658
12,126477_6596d136_14,0.0003895797999575734,0.6468766927719116
13,130441_10c43121_0,0.0066835395991802216,0.9659521579742432
14,133385_e6aa64d8_21,0.00035406838287599385,0.7677085399627686
15,26398_b99946da_1,0.004385422915220261,0.9423240423202515
16,61198_0c99f50a_4,9.345186117570847e-05,-4.887156963348389
17,26661_ab88a525_0,0.00016251263150479645,0.8121733665466309
18,129075_8fbf62e5_1,0.0014903639676049352,-0.4074423313140869
19,51891_9455ea02_1,0.0022847543004900217,0.9637451171875
20,34770_6bba5bd4_13,0.0005690412363037467,0.9888274073600769
21,21646_a2dd0d00_53,0.0008329949923790991,0.9307596683502197
22,68909_4ae1bc2e_1,0.00014382347580976784,0.8648388385772705
23,27866_ece3076e_109,0.0005100842681713402,0.9195665121078491
24,92134_52f13f49_6,0.00035901344381272793,0.7930972576141357
25,23342_7193a931_1,7.632356573594734e-05,0.8940681219100952
26,126572_a2d6f794_14,4.5227916416479275e-05,-3.5467782020568848
27,44344_3e0b0b0c_1,1.0705654858611524e-05,-0.48270368576049805
28,49331_3bf3bb84_4,0.0009228959679603577,0.9831064343452454
29,33971_46bb0373_0,0.0010402924381196499,0.8671162128448486
30,21517_bfe35b4c_1,0.00028153383755125105,0.5916601419448853
31,23165_369d62aa_6,0.0009867819026112556,0.9880978465080261
32,81846_2907c980_0,0.0007684975280426443,0.9658867120742798
33,24168_a0ede173_111,0.004020152147859335,0.6029296517372131
34,53461_a5942665_1,0.0014495240757241845,0.9462389349937439
35,24907_c72322ea_13,0.0006316947401501238,0.7616394758224487
36,133424_315bcaeb_7,0.0001722570159472525,0.7770923972129822
37,40490_916e13fe_0,0.0005154578830115497,0.9839447140693665
38,38000_b5822e44_3,0.0006823422736488283,0.9896583557128906
39,138520_f4e0bc0b_63,0.0006040026200935245,0.42375338077545166
40,61294_9255796d_3,9.200604836223647e-05,0.8278438448905945
41,22176_272891b8_0,0.0004650329356081784,0.7641099691390991
42,24815_4f2a57e4_1,0.002273616846650839,0.9332380890846252
43,113343_e692c488_1,0.00013872567797079682,0.7906519770622253
44,33995_18423507_1,0.0003236221964471042,0.5640513896942139
45,127897_029949fd_6,0.0004358250880613923,0.9912852644920349
46,123181_4e56fb4f_0,0.0006281763780862093,0.9908996224403381
47,22670_9353c710_1,3.309280509711243e-05,0.7983217835426331
48,128642_4d72bf31_2,0.0007097282214090228,0.6155377626419067
49,146667_fe438b5b_6,0.008057023398578167,0.5079689025878906
50,38260_2a31c6df_2,0.0010233722859993577,0.855773389339447
51,24443_996411f9_3,0.001049237442202866,0.9761896133422852
52,142074_34e02b6d_1,0.00018640734197106212,0.9441736340522766
53,41501_b627682a_15,0.0011694316053763032,0.8978070020675659
54,24712_da77fe8f_0,0.0005082116113044322,0.990491509437561
55,32960_0eaa1de8_26,0.0009350666659884155,0.98268061876297
56,130757_b2c47f8d_2,7.994537008926272e-05,-1.3893024921417236
57,104817_6d73dc41_0,0.002941347658634186,0.67046058177948
58,79243_49539d9f_0,0.002129959175363183,0.954112708568573
59,82012_c533307b_1,0.00018017581896856427,0.8321598768234253
60,107649_e651c5ca_1,4.214431100990623e-05,0.7061076164245605
61,40997_e3c88650_12,0.000965802522841841,0.9752268195152283
62,143029_70554264_4,0.001117831445299089,0.8471952676773071
63,27054_342fcf5c_3,0.00019738033006433398,0.7939936518669128
64,41648_577daf16_17,0.0001915291213663295,0.9274966716766357
65,89720_4e65191c_1,0.000785656797233969,0.9809673428535461
66,75382_1b589ea9_12,0.00010340755397919565,0.7043980360031128
67,120371_433ba1ca_2,0.00041801435872912407,0.9635441303253174
68,49024_b7f02205_13,0.001709977863356471,0.9244725704193115
69,51022_47816098_7,0.0036140813026577234,0.962888777256012
70,41634_4f5d0edb_0,0.0001567692670505494,0.686522364616394
71,23170_6ea8ded5_3,0.0011678047012537718,0.9804567098617554
72,69589_cd2fa794_8,0.0032294425182044506,0.7888386845588684
73,41504_85e300ee_0,0.0020313584245741367,0.7226390838623047
74,128996_42176b10_0,0.0020264408085495234,0.8359836935997009
75,38920_e81879c2_7,9.159089677268639e-05,-109.15829467773438
76,148051_c59af578_6,0.0003727432049345225,0.9898483753204346
77,65494_16d62db5_0,0.00017219928849954158,0.7692523002624512
78,25473_0991d519_0,0.0008752109133638442,0.9794381260871887
79,75270_25a261ef_5,0.00046943294000811875,0.9531601667404175
80,49613_1b97c07b_12,3.5325698263477534e-05,0.6248109340667725
81,115633_a2c63339_1,0.00020675981068052351,0.9388445615768433
82,52366_63042db4_1,0.0006811483763158321,0.9844973087310791
83,30282_88c6933c_5,0.0008883965201675892,0.8937186002731323
84,53474_f29e4438_12,0.0014903029659762979,0.9512096047401428
85,24026_1dd4094b_21,0.0008579470450058579,0.9021340608596802
86,21225_c081eae3_2,0.0013010440161451697,0.8280289173126221
87,35057_9af89947_8,0.0003111574042122811,0.7500516176223755
88,43529_4804941b_20,0.0005359090864658356,0.9836680889129639
89,22103_fd11c71b_3,0.00038201099960133433,0.9522984623908997
90,51536_a18dc325_0,0.0013018199242651463,0.9309098720550537
91,24230_636208ab_13,0.0007097730995155871,0.5641421675682068
92,41117_1b3271f2_56,0.003245502943173051,0.949884295463562
93,140499_419d5823_0,0.0005964454612694681,0.9484416246414185
94,115524_a949e82c_2,4.647733658202924e-05,0.8189516067504883
95,29833_0ed4880f_3,0.001010173698887229,0.9818245768547058
96,127556_4823a42a_6,0.0005249181995168328,0.91182541847229
97,23960_48cc0f21_19,9.035148832481354e-05,-0.26698267459869385
98,132987_ba18d2eb_11,0.00012741360114887357,0.7560199499130249
99,51337_f8636fd9_30,0.00013443108764477074,0.8481107950210571
100,40999_cad6be09_18,0.0016050325939431787,0.962053120136261
101,136886_99fbdef3_0,0.00021878014376852661,0.6245609521865845
102,30447_4ed3b778_7,0.00180163630284369,0.993362307548523
103,55811_bc667b2d_13,0.002065766602754593,0.21356701850891113
104,41716_d55164d4_1,0.0002808305434882641,0.9017173647880554
105,33610_aa697fc9_6,0.0004295232647564262,0.9682957530021667
106,55095_fa260d33_6,0.0013160882517695427,0.9653087854385376
107,115639_bc0cc622_0,0.004068434704095125,0.7021223902702332
108,20841_1620ae7d_0,0.0010580328525975347,0.8543365001678467
109,50823_d1830e58_2,0.0013878339668735862,0.7252697348594666
110,109762_cb162371_48,0.000656855758279562,0.7691792845726013
111,41387_5f752e39_23,0.0010931867873296142,0.9595720171928406
112,121540_629c716f_0,0.0008825041586533189,0.9626418352127075
113,118539_1dff9cf9_12,1.1416669622121844e-05,0.16503852605819702
114,30714_dafa62f6_2,0.004508102312684059,0.9410203099250793
115,79633_bbbde75f_0,0.0012178749311715364,0.970297634601593
116,33059_531cfd5e_11,0.0006646343390457332,0.8912279605865479
117,20697_d3e106b4_4,4.7618963435525075e-05,0.6000707149505615
118,136062_0027ff97_6,0.000578562612645328,0.9466223120689392
119,146291_6b0c8db3_1,0.0033701537176966667,0.9215677976608276
120,45466_5f662bcb_0,0.00016043188225012273,0.6696724891662598
121,144500_7f600ab6_0,0.00031801534350961447,0.970592200756073
122,44996_b3e9c266_4,0.00020290828251745552,0.9571421146392822
123,40713_4c9264ef_0,0.0004942631348967552,0.9340537190437317
124,132384_0fcab1fa_13,0.0005482189590111375,0.4102388620376587
125,33738_77d49563_2,0.0002820915833581239,0.6721057891845703
126,129422_621d0a90_33,0.00020658262656070292,0.9027731418609619
127,115633_fd3c9b97_32,5.641181269311346e-05,0.7688422203063965
128,69337_a122ffde_1,0.0006823580479249358,0.9302581548690796
129,37241_29f91452_0,0.000572858436498791,0.9867478609085083
130,141199_9ae000ef_6,0.0023985595908015966,-1.0274667739868164
131,147133_92c04b84_4,0.0012796365190297365,-0.1254560947418213
132,77687_cbb18594_50,0.0027186519000679255,-0.876534104347229
133,144290_2a679085_11,5.0559992814669386e-05,0.8510934710502625
134,130825_c59bbbfb_0,0.0006671539740636945,0.9829270243644714
135,82512_252da752_6,8.749659173190594e-05,-134.36660766601562
136,115624_d0acb46b_24,0.001134670921601355,0.9876886606216431
137,92134_52f13f49_7,0.0002744336670730263,0.8278200626373291
138,100326_0602c712_7,0.00021465567988343537,0.6616342663764954
139,134630_f9e85072_0,0.0009693681495264173,0.7768440246582031
140,108943_b07b2543_1,0.0008232237887568772,0.8642482757568359
141,125416_ab456bc3_5,0.00299905170686543,0.7453757524490356
142,57222_33b428d7_69,0.00019382197933737189,0.8061487078666687
143,24650_dad8c8ee_13,0.0008268826059065759,0.9853481650352478
144,41749_14d0599c_1,0.0005001795943826437,0.9255952835083008
145,49396_98ab955d_27,0.0001179241735371761,0.9230108857154846
146,136892_e2a0b32c_4,0.00010396493598818779,-1.6733226776123047
147,31962_e5291336_28,0.0008225533529184759,0.9820483326911926
148,34231_e27353cb_0,0.00015673846064601094,0.8352038860321045
149,112724_d334de09_0,0.002022301312536001,0.9685682654380798
150,56486_82b3e23a_21,1.5672258086851798e-05,0.8177558183670044
151,40500_6055e3d7_17,1.038211485138163e-05,0.6507381200790405
152,39468_15fb2e60_43,0.0002915640943683684,0.5242528915405273
153,141710_17531562_7,0.0006092434050515294,0.9827813506126404
154,33529_756075a0_12,0.0007506776018999517,0.8529418706893921
155,54169_3a875f10_8,0.001934749772772193,0.9489690661430359
156,41023_5445cb61_9,0.00034020093153230846,0.7008022665977478
157,146380_5c569eeb_2,0.0009216652251780033,0.5046297907829285
158,24195_9791f5d3_38,1.5523577530984767e-05,0.6938823461532593
159,26573_7f7e176d_2,0.00766264833509922,0.9320347905158997
160,22734_f6bad9f7_25,0.0015049334615468979,0.9757521152496338
161,48112_9538e204_0,0.00040295999497175217,0.9920012354850769
162,127545_6fa39158_10,0.0025714216753840446,0.9800039529800415
163,23788_5c0b60c6_0,0.000278997584246099,0.8535017371177673
164,23792_5b4c1ce0_21,0.00215375074185431,0.9320405125617981
165,146067_46e58ab3_1,0.010099423117935658,0.935924232006073
166,101072_dec6f415_3,0.0002570713695604354,0.8821606040000916
167,22829_b6649a29_0,0.00011161017027916387,-0.8506182432174683
168,55389_a736bd99_0,0.0027346820570528507,-0.4526491165161133
169,30259_d709601c_9,0.0049186693504452705,0.8598781824111938
170,35866_d0233b36_13,0.00016843684716150165,-0.7885539531707764
171,34563_52848c45_5,0.00019255850929766893,0.9220573902130127
172,44519_90af0df6_7,0.002198393689468503,0.3587018847465515
173,114111_59282658_8,0.00031584000680595636,0.8919251561164856
174,45922_26941172_15,0.0030327627900987864,0.9492322206497192
175,41303_bd1def52_3,0.0003965242358390242,0.8997377157211304
176,22053_de30641b_1,4.0885377529775724e-05,0.37412935495376587
177,22298_51433023_4,0.0010173433693125844,0.9778343439102173
178,23479_81a49137_0,0.0013436133740469813,0.5118973851203918
179,22225_a3ce4d29_37,0.0018919663270935416,0.9738056659698486
180,135669_490cd2d7_14,0.0061949510127305984,0.6677225828170776
181,32173_8b075b1a_4,0.0009927268838509917,0.9839202165603638
182,145119_24107428_5,0.0011024187551811337,0.9163780212402344
183,41774_88a7a483_36,0.0001882585056591779,0.9032450914382935
184,133549_1b6c58d6_0,0.0009555236902087927,0.9796631932258606
185,40936_6de8f4f4_0,0.009561189450323582,0.9403554201126099
186,23008_3d1bb7b2_0,0.0032855537720024586,0.9528587460517883
187,38360_ad61c9b2_1,0.0002917628735303879,0.8104355335235596
188,136109_3d342d3c_2,0.0006199097842909396,0.9750781059265137
189,135790_a27f9deb_11,0.00014180784637574106,0.8241451978683472
190,140249_7c1c5bba_0,0.0002235783322248608,0.7278409004211426
191,128996_a3d026d6_0,0.001751678646542132,0.6410356760025024
192,23235_f9ccb8b0_0,0.0008375600446015596,0.3394889235496521
193,93671_f7290ded_0,0.0005844997358508408,0.653644323348999
194,51109_97b211c3_7,0.0009490944794379175,0.8840039968490601
195,51916_fa226b15_13,4.984373299521394e-05,0.8923012614250183
196,86268_094d3fab_1,0.00025799163267947733,0.9948412179946899
197,39637_ca6a9a60_1,0.002958848373964429,0.6340764164924622
198,47219_93cb3619_3,0.0063288863748312,0.888526201248169
199,47878_0edb6829_0,0.0010100395884364843,0.9820370078086853
200,26764_ab35159a_6,0.0021023123990744352,0.916084885597229
201,34341_d19b12fb_12,0.00011024988634744659,0.8785947561264038
202,118342_c702e084_6,0.0006109420210123062,0.9860440492630005
203,49886_dd68dccb_4,0.0012915116967633367,0.9022122621536255
204,23493_57512264_5,6.91516834194772e-05,0.7819913029670715
205,31751_e37382e1_5,0.0013748710043728352,0.9647831916809082
206,24338_848cab42_6,0.0037902463227510452,0.7005558013916016
207,24916_42eacca3_10,0.0008371942676603794,0.5476887226104736
208,137485_a953e1be_2,0.00040587648982182145,0.9918844699859619
209,23706_ef15ef9c_18,0.0017978097312152386,0.8807461857795715
210,143671_eaf4d13b_6,0.005565382074564695,0.9150867462158203
211,53470_39f2e9dc_13,0.0006533630657941103,0.1719973087310791
212,145772_59253c6d_3,7.816973811713979e-05,0.889851450920105
213,51893_d531e2bd_2,0.0014842255041003227,0.9676833748817444
214,39389_d641313f_8,0.002365889260545373,0.9097268581390381
215,51595_41f3d1a3_5,0.0001813543203752488,0.8278292417526245
216,51674_a70c1c6c_15,0.00016026491357479244,0.3894374370574951
217,37617_3f415463_5,0.00012184574006823823,0.9075842499732971
218,31862_a89f21f9_3,0.0005970499478280544,0.9822567701339722
219,40519_55a097c6_11,0.0018371286569163203,0.8928853273391724
220,111306_9108c940_0,0.0016741522122174501,0.6796169877052307
221,136640_16741d62_4,0.0005488476599566638,0.626507043838501
222,23155_d7305c5f_2,0.006541647017002106,0.8674948811531067
223,43934_912ff891_41,0.00013176754873711616,0.37186795473098755
224,57017_6033d1e5_0,0.0005472545744851232,0.9724487066268921
225,126913_d253adb7_1,0.0006654473836533725,0.7338776588439941
226,130752_52d74f2f_48,0.0012811729684472084,0.9136354923248291
227,124177_71283cad_0,0.0007399267633445561,0.9429437518119812
228,24650_dad8c8ee_18,0.0009798683458939195,0.9749523401260376
229,55199_4d57661f_2,0.003413538681343198,0.7956436276435852
230,115010_eb737aaf_20,0.0007802403997629881,0.9850591421127319
231,27855_19c5895a_12,0.0011933211935684085,0.3741071820259094
232,52772_a6e6e320_0,0.00012579413305502385,0.8311851620674133
233,90917_3d2d21a9_0,0.003963112831115723,0.9093593955039978
234,40703_5f4e45d4_7,0.00026336550945416093,0.9947754144668579
235,132622_911efd2f_1,0.0030658242758363485,0.9541093111038208
236,43441_e1ab0873_6,0.013709427788853645,0.7835744619369507
237,34917_61633e20_6,0.0011390463914722204,0.9753054976463318
238,67221_275ba7e6_4,0.000725907797459513,0.9854389429092407
239,130719_e4764a36_10,0.00018895814719144255,0.5879548192024231
240,136318_130d6a06_20,0.0006940013845451176,0.9366990923881531
241,99636_73c43ebd_10,0.00034687662264332175,0.9906403422355652
242,29377_3a04cb8d_6,0.0009274379117414355,0.8646970391273499
243,23018_63087a41_47,0.0006852294900454581,0.9812436103820801
244,26165_100fec74_4,0.00019199428788851947,0.3958914279937744
245,135934_d2f6bb2e_46,0.00041542446706444025,0.7983375787734985
246,24039_448afafa_5,0.0012190445559099317,0.9412486553192139
247,32775_a79b406b_14,0.002880002139136195,0.6330365538597107
248,23686_cba4f679_0,0.0020866882987320423,0.8021034002304077
249,35147_bc9f2c5d_0,0.0013614080380648375,0.780226469039917
250,136337_1351909b_2,0.006428944878280163,0.847296416759491
251,139222_2c10ca9a_1,0.0008713267743587494,0.925042450428009
252,139379_fe5c3f64_0,0.0011889096349477768,0.9561682343482971
253,33084_344fec27_2,0.00046887758071534336,0.991174042224884
254,24775_d5c98d77_0,1.9477571186143905e-05,0.39957207441329956
255,56344_3a89f085_23,0.0003462953900452703,0.9679052233695984
256,135112_cf8007b8_5,0.001255249255336821,0.9690921902656555
257,50706_20d07d57_2,0.009297099895775318,0.910908579826355
258,51744_cd355565_5,0.00208167708478868,0.9376498460769653
259,51464_da501c24_0,0.0030310878064483404,0.4025701880455017
260,126572_a2d6f794_23,3.826710963039659e-05,-0.3244117498397827
261,70021_e673ae54_2,7.237396494019777e-05,0.8957210183143616
262,25144_31b089b6_5,0.0005584410973824561,0.7470536231994629
263,24715_55aac5f2_2,2.0816018150071613e-05,-0.73293137550354
264,24532_f82f8000_2,0.0023985523730516434,-0.9417201280593872
265,30664_a3084f71_1,0.0012856174726039171,0.46249908208847046
266,81145_5c13a8e9_1,0.000379262026399374,0.6126216650009155
267,132037_2abb8c63_10,4.00344179070089e-05,0.8159692883491516
268,50414_ac159b58_2,0.00048292428255081177,0.9824490547180176
269,21601_360ce1c7_7,0.0007057292968966067,0.987174391746521
270,22119_27e3ecbe_9,0.0007306320476345718,0.9773434996604919
271,145120_74f7316f_0,0.004614685196429491,0.7913632988929749
272,74574_c302ff1f_0,0.00017881397798191756,0.7651407718658447
273,52443_085efc00_4,0.00033534044632688165,0.8904277086257935
274,147546_ede0f31c_3,0.003436317900195718,0.9256905317306519
275,22492_047b125b_21,0.0017143661389127374,0.9602106213569641
276,72313_5a86e234_0,0.010629303753376007,0.7969534993171692
277,45589_49e3c7ea_2,0.0006892434903420508,0.9792165160179138
278,83432_a7f85698_0,0.00043924807687290013,0.9901340007781982
279,32775_a79b406b_0,0.00017439181101508439,-0.6794095039367676
280,121703_69c4a5ac_3,5.358062117011286e-05,0.8058608174324036
281,80901_e9080573_6,0.000751177838537842,0.9706851840019226
282,21809_8bd6b10e_3,0.013155871070921421,0.7104390263557434
283,49396_98ab955d_15,0.0009636469767428935,0.9081170558929443
284,33766_14917a4a_19,0.0010271923383697867,0.9771451354026794
285,26661_ab88a525_8,0.000386953994166106,0.9891523122787476
286,44030_17bd5ec9_0,0.0010192922782152891,-0.25302278995513916
287,53221_74fa81cd_7,0.00034468795638531446,0.7020459175109863
288,21887_3306168f_7,0.0031738867983222008,0.683754563331604
289,86185_85fde9e6_0,0.0005675897118635476,0.9132550954818726
290,87951_500b1dcd_2,0.00014808685227762908,0.8414725065231323
291,22276_69c5036b_11,0.00200910703279078,0.9474343061447144
292,41721_44151488_5,0.0018592248670756817,0.8278466463088989
293,102293_5d04e48d_0,0.007816907949745655,0.6291197538375854
294,77687_cbb18594_20,0.00011615376570262015,0.8388786911964417
295,133248_1bab99ae_0,0.003484785556793213,-0.5361671447753906
296,24051_4852a192_2,0.0007990316953510046,0.9725745320320129
297,86806_2993395a_1,0.00025925887166522443,0.7799068093299866
298,38558_b0d6b3f8_1,0.0009329664171673357,0.9808511137962341
299,140549_7d01813c_0,0.0029129888862371445,0.9075942635536194
300,24559_3c306e71_1,0.0013677281094715,0.7896308302879333
301,70350_751de4b0_13,0.004950466565787792,-1.0165455341339111
302,39101_23fec10f_8,0.0021175765432417393,0.7747135162353516
303,24942_9d1b2ff2_8,0.0010395689168944955,0.9878830909729004
304,30850_05d88af9_3,0.002291314769536257,0.961898148059845
305,113358_08641c94_4,0.002083666855469346,0.9352517127990723
306,21234_8b71bd47_27,0.0006343693239614367,0.7704995274543762
307,26245_4aac38e1_21,0.0002716794842854142,0.3696668744087219
308,66072_d301cc88_0,0.0008142781443893909,0.6478620767593384
309,21894_93f0d052_23,0.0012888185447081923,0.8726997375488281
310,147816_7fb70c2b_2,0.0006260675727389753,0.9343326091766357
311,49120_4131d1e7_1,0.00034116770257242024,0.9316958785057068
312,52224_ca16c854_4,0.003078954294323921,0.5603253841400146
313,105762_19e04e0b_1,0.00011277167504886165,0.10976654291152954
314,30400_8824ce97_36,0.0012228359701111913,0.8238659501075745
315,95199_ffcff41e_0,0.0002946736931335181,0.6980842351913452
316,50417_199cffee_3,0.00021521504095289856,0.8324984908103943
317,24544_d06c82dd_5,0.000896412821020931,0.9851651191711426
318,22604_565b91f5_2,0.000522898742929101,0.9781829714775085
319,22788_b6a9e30a_4,0.00024166438379324973,0.9396095871925354
320,45789_d5126eab_14,0.0009953024564310908,0.7966853380203247
321,37267_b2be4b50_3,4.523694224189967e-05,-3.5518717765808105
322,34330_5eff1ee1_3,0.0012866322649642825,0.8498443961143494
323,137999_d934160e_1,3.679547808133066e-05,0.715367317199707
324,134921_f5efde94_27,0.00014788952830713242,0.8640300035476685
325,53470_39f2e9dc_8,7.965703844092786e-05,0.10635346174240112
326,23497_f292546d_25,0.0022138424683362246,0.9079889059066772
327,22289_4b848f64_2,0.0006169595872052014,0.9164416790008545
328,31392_84b62622_2,0.0014741019112989306,0.87714684009552
329,51347_1fc6f329_0,0.0022754166275262833,0.4888381361961365
330,50777_2934de55_6,0.0004855464503634721,0.9826773405075073
331,32841_954e8c1a_0,5.822593084303662e-05,0.939928412437439
332,31530_6744ae73_3,0.00075383426155895,0.9889352917671204
333,65827_d1469ad6_1,7.932159496704116e-05,0.4063875079154968
334,145461_30637b22_8,5.310500637278892e-05,-1.1226537227630615
335,31973_093ea963_13,0.0003605509118642658,0.859640896320343
336,70355_e5f58cd5_14,0.0006634782766923308,0.9352943897247314
337,77687_cbb18594_40,8.131934009725228e-05,0.640722393989563
338,24392_fce351ea_0,0.0004342382599133998,0.7672052383422852
339,36853_7efccb8c_3,0.001209000125527382,0.8349883556365967
340,41644_d15f8e2b_5,9.181317000184208e-05,0.5268648266792297
341,131762_9b5e5ff5_2,0.000621872313786298,0.9624455571174622
342,82193_96ef9433_2,0.0008953039068728685,0.9860478639602661
343,31347_386f6298_15,0.001016442314721644,0.9761002063751221
344,34568_fbe47bf9_0,0.0002790048310998827,0.20133554935455322
345,115624_fe3eb392_3,0.0011714245192706585,0.9731919765472412
346,130446_e7b58dbe_0,0.00593148497864604,0.7606896162033081
347,104641_2cd02839_33,8.018437802093104e-05,0.8248250484466553
348,31460_39fdfc6a_7,0.0011685548815876245,0.7369738221168518
349,95541_ced8f936_0,0.0006376055534929037,0.9862580895423889
350,23126_725969ea_17,0.0006468911306001246,0.9316527247428894
351,23676_52069f98_5,2.7830083126900718e-05,0.8951970934867859
352,137637_ed9c537d_0,0.0005033912020735443,0.8755292296409607
353,22474_b10fea1a_2,0.0005916752852499485,0.9856684803962708
354,143017_21d96cc2_10,0.0010146102868020535,0.8537347316741943
355,105270_34f92afd_1,0.0001594928471604362,0.7762991189956665
356,95622_0a0787e4_4,0.0008676170837134123,0.9870414733886719
357,55854_13f0399b_0,0.0020169843919575214,0.9565882682800293
358,22118_1e09e0eb_5,0.0016775107942521572,0.9284557104110718
359,146717_3e6a84c1_7,0.002288993913680315,0.9656893014907837
360,63132_330141d7_3,0.0002945177548099309,0.940270185470581
361,115633_fd3c9b97_46,0.0003042453317902982,0.3733309507369995
362,21644_aa203dc5_29,0.00036490699858404696,0.9104321002960205
363,79791_00f639ca_15,0.00045215938007459044,0.9923874735832214
364,60711_42b5a13e_1,0.0005980500718578696,0.9337701201438904
365,137483_cdb8989d_0,0.0006984110223129392,0.9854180216789246
366,21644_aa203dc5_26,0.0005724329967051744,0.901203453540802
367,131876_b2384623_0,0.0008114256779663265,0.4760897159576416
368,23706_ef15ef9c_10,0.0006316681974567473,0.9033650755882263
369,68948_0d2a01cd_9,0.004081372171640396,0.8855301141738892
370,145137_4e9eef42_1,0.0006280791130848229,0.8736779689788818
371,30426_2cde26de_20,0.004420444834977388,0.9496991634368896
372,31378_34c52a73_0,0.0003055769775528461,0.9151666760444641
373,92134_52f13f49_4,0.0003445926995482296,0.7674368619918823
374,119634_fc722479_1,0.0008903657435439527,0.9877499341964722
375,24032_d6172503_24,0.001477602170780301,0.3813541531562805
376,136401_69f29349_4,2.829277036653366e-05,0.5610089302062988
377,41871_f9a1ad02_26,0.000798564578872174,0.9393641352653503
378,48220_87941c4e_116,0.0022723700385540724,0.6637290716171265
379,115012_9ed88535_2,0.0015680340584367514,0.3737104535102844
380,69488_025cf0a2_1,0.005744483321905136,0.961058497428894
381,147427_69f68da4_3,5.0355472922092304e-05,0.8604332804679871
382,33766_14917a4a_32,0.0013357710558921099,0.951949417591095
383,51747_3d58eae0_0,0.0005530440830625594,0.9257412552833557
384,33785_a4c23f61_0,0.01738138496875763,0.9344273805618286
385,114935_797875fe_2,0.0023468344006687403,0.9146215319633484
386,51775_49ef614a_26,5.7182525779353455e-05,0.8983304500579834
387,38196_ea48fa42_3,3.987235686508939e-05,0.5335615277290344
388,140413_44177109_21,1.23908148452756e-05,0.7732372283935547
389,27676_79237cc5_1,0.0007594677736051381,0.7515425086021423
390,52883_e518d3f4_33,0.0004233489453326911,0.9916604161262512
391,34347_841c5375_2,0.0001652573118917644,-2.3600456714630127
392,55289_292737cb_0,0.0006383004365488887,0.9877457618713379
393,50606_82cb18e2_0,0.0006010791985318065,0.9763765335083008
394,30407_efa567f2_4,0.00044935275218449533,0.9891650676727295
395,31647_ab9ad9dc_13,0.0005981504218652844,0.9420520663261414
396,24896_58b4730f_17,0.0005188569193705916,0.903225302696228
397,23602_5daaccf5_4,0.0011711301049217582,0.9182016849517822
398,27725_5cceaeb7_10,0.0004189499595668167,0.12962234020233154
399,127734_395dcf7d_5,0.0014845120022073388,0.7586082220077515
400,31957_d864f861_3,0.0029060852248221636,0.40778738260269165
401,49415_1671b60c_4,0.0014480873942375183,-0.35401153564453125
402,45110_fae73324_4,0.0005861021927557886,0.9687221646308899
403,22343_34184fd5_18,0.00012778001837432384,0.5135342478752136
404,22848_cc91b848_38,1.2022840564895887e-05,-12.85909366607666
405,73652_23b21ef2_1,0.000535406987182796,0.9892337322235107
406,65569_bd890a32_1,0.0004261713183950633,-3.087761878967285
407,48220_87941c4e_111,0.003636274952441454,0.36315351724624634
408,30394_e30f932c_0,0.002021180232986808,0.8843532204627991
409,21941_1a683ec2_26,0.0007000447367317975,0.9707673788070679
410,25564_e646fcb3_1,6.598721665795892e-05,0.7771526575088501
411,134053_87a32e31_3,0.00010631017357809469,0.7099165916442871
412,87950_af56e26e_2,0.00041587106534279883,0.9695622324943542
413,51458_54240b70_17,0.0002384391991654411,0.7366331815719604
414,40688_effe215a_1,0.001473503070883453,0.9635114073753357
415,131494_c8a441d0_0,0.0010356804123148322,0.7983221411705017
416,26768_c4df841f_21,0.0005385062540881336,0.3692013621330261
417,136892_2d5f55a9_0,0.0028227607253938913,0.3810008764266968
418,54652_d60ac3e0_10,0.002141418168321252,0.8838213086128235
419,51747_3d58eae0_1,0.0009038601419888437,0.6305056810379028
420,54650_df3655c1_0,4.395427095005289e-05,0.5185877680778503
421,41125_711db4bf_58,0.0008435281342826784,0.9061718583106995
422,45418_f603706b_2,0.0003358952817507088,0.9150411486625671
423,21852_6cf9a734_18,0.006210189312696457,0.9469210505485535
424,122515_758d8b70_6,2.6982992494595237e-05,-21.282201766967773
425,104081_05ba54fa_2,0.0006763625424355268,0.7159408330917358
426,41672_cf87e0b6_0,0.0006324025453068316,0.9023959040641785
427,22638_37f9fe91_1,6.548577221110463e-05,0.8065338134765625
428,24559_3c306e71_3,0.0008360191714018583,0.848150908946991
429,31589_ac31215d_8,0.00030897845863364637,0.836497962474823
430,49603_143b8bd2_35,0.0023548726458102465,0.813621997833252
431,127965_c64a91da_0,0.001550004119053483,0.5988497734069824
432,36062_f2fb6808_1,0.00014710205141454935,-0.35951757431030273
433,139280_8874b1ab_18,0.00018651374557521194,0.8207762241363525
434,30997_24dea167_4,0.002892767544835806,0.7390711903572083
435,143471_eb185912_5,3.876861956086941e-05,0.6030477285385132
436,23176_1bf2a2d5_10,0.0024700798094272614,0.8978777527809143
437,98299_b8146029_5,0.0005242601037025452,0.9545972347259521
438,23466_1cf60d09_4,0.002273787744343281,0.9364203214645386
439,41591_2d0bd0d5_3,0.0009359468822367489,0.9670983552932739
440,134929_9049dcec_1,0.0004340177110861987,0.7672708034515381
441,41785_e8bf0528_0,0.0009219709318131208,0.9598252773284912
442,31460_39fdfc6a_6,0.0006934464909136295,0.9851495623588562
443,133710_00be7f31_1,0.006523467600345612,0.25147587060928345
444,24532_f82f8000_0,0.00042345034307800233,0.9068570137023926
445,21234_8b71bd47_3,0.00010309789649909362,0.8439335823059082
446,35175_6edc4126_5,0.0006984110223129392,0.9797618985176086
447,20495_e8e7e80c_1,0.0002784301177598536,0.675349235534668
448,76546_c17e95aa_2,0.00010487341205589473,0.3831160068511963
449,41654_e75f89df_0,0.000598109676502645,0.9675370454788208
450,109772_f1a0845e_6,0.00020736752776429057,0.880179226398468
451,34913_d23e2a24_0,0.0007617902010679245,0.9576761722564697
452,25203_1cc0cb3c_12,0.0017000287771224976,0.9716280698776245
453,37160_2a95674a_4,0.0009084420162253082,0.9406983256340027
454,69240_dc199112_4,0.0011826965492218733,0.7753502130508423
455,25176_d9130589_0,0.0005374988541007042,0.9293590784072876
456,69235_fe79a369_0,0.00027082290034741163,0.3917732834815979
457,39468_15fb2e60_9,0.0014094504294916987,0.7955245971679688
458,103284_e25015aa_6,0.0002225069620180875,-0.773350715637207
459,30377_e18ea3de_0,0.00026614213129505515,0.7843908667564392
460,66080_f578d52b_4,0.0009295914205722511,-3.777841091156006
461,37444_52b27e94_14,0.0011545018060132861,0.8241751194000244
462,38675_6e07d74b_31,0.0011468688026070595,0.9637106657028198
463,21680_360ba5c7_28,0.0006768160383217037,0.9506878852844238
464,142032_5c32b7db_2,0.0006991057307459414,0.9871265888214111
465,44210_a155c2d1_0,0.004687448497861624,0.8956553936004639
466,38287_88ec74de_92,0.0006368944887071848,0.905975878238678
467,29572_2f9283f2_4,0.001403423142619431,0.8954586386680603
468,28300_b3a6ab79_10,0.0010529902065172791,0.9635897874832153
469,136129_e6a20c7d_5,0.00012178034376120195,0.8131492137908936
470,119381_e4d13609_0,0.001103282906115055,0.958257794380188
471,30729_b4d83b07_4,1.1558241567399818e-05,0.7626535892486572
472,140413_44177109_11,0.001043048221617937,0.9509434700012207
473,26384_83eddf22_0,0.0009721445385366678,0.9257773160934448
474,82285_e7a738e7_2,0.0029996363446116447,0.7501484751701355
475,108599_347602af_0,0.0015015540411695838,0.9533059597015381
476,119889_41a6f268_1,0.0002535164530854672,0.625869870185852
477,55006_94230c00_1,0.0006433826056309044,0.9798855185508728
478,21517_bfe35b4c_10,0.00013784367183689028,0.9366564750671387
479,20818_098cad7c_6,0.00015299380174838006,0.8361608982086182
480,41855_b82e6ae8_6,0.00045475768274627626,0.9474311470985413
481,137166_90691294_8,9.646763646742329e-05,0.9359368085861206
482,69561_f274e705_26,0.0011790348216891289,0.9431570768356323
483,51579_d0c3e154_0,0.0009121221373789012,0.961403489112854
484,23676_52069f98_4,0.001380870584398508,0.9565191268920898
485,31962_e5291336_1,0.0008035913342610002,0.9762243032455444
486,57222_33b428d7_1,0.00013212580233812332,0.9019104242324829
487,51586_2ad96f8c_17,1.7287235095864162e-05,0.792066752910614
488,41473_c2137170_32,0.0004900958738289773,0.9236167073249817
489,31123_9a1bfc50_2,0.0017754663713276386,0.8659233450889587
490,23211_3aac9c7e_0,0.0004023246874567121,0.9246172904968262
491,45798_b573e9da_5,0.00504820141941309,0.7397727370262146
492,27847_d2436f7c_37,0.00013199608656577766,0.8474377393722534
493,54736_6ee1b513_1,0.0007952637388370931,0.31292909383773804
494,132901_7d205bb4_9,0.00035530165769159794,-1.3557145595550537
495,73762_8c704690_0,0.0030598060693591833,0.5873849391937256
496,23209_1592b0a4_1,0.0012383615830913186,0.9141194224357605
497,49024_b7f02205_2,5.7482455304125324e-05,0.8542633652687073
498,147630_7f858240_15,0.0006362661370076239,0.8879038095474243
499,69337_2c778611_11,0.0003400015120860189,0.7998658418655396
500,82498_92a00cd6_1,0.0008731877314858139,0.7294501066207886
501,78775_e2d8b091_1,0.0005192258977331221,0.9295750260353088
502,40067_95ae6c76_9,0.0007161733228713274,0.9232774972915649
503,80756_6f2e842f_0,0.00047279984573833644,0.9038002490997314
504,25284_1da7aa8a_0,0.00041002160287462175,0.9188646078109741
505,55605_2f8bc12e_62,0.0005017190705984831,0.9828410744667053
506,39792_60786b6c_15,0.0009106940124183893,0.9817175269126892
507,34063_0ca1585e_2,0.0008658326114527881,0.43877696990966797
508,31664_1e85c690_13,0.00059436698211357,0.9830052256584167
509,131193_98f3ac52_1,0.0004964975523762405,0.7779327630996704
510,120221_e2eaa34b_2,0.0013197844382375479,0.5471310615539551
511,130286_1f71bfed_3,0.0009692093008197844,0.711262583732605
512,118342_e8142153_21,0.00020394494640640914,0.9246315956115723
513,128043_9f8cd69e_1,0.00013742584269493818,0.8106739521026611
514,41504_85e300ee_1,4.005218215752393e-05,0.8275363445281982
515,78863_d59be42e_0,0.001920710550621152,0.7691026926040649
516,31733_5118b376_3,0.003528509521856904,0.9748201966285706
517,22208_e177deb7_5,0.0008937708917073905,0.7864789962768555
518,24026_1dd4094b_43,0.00036680928315036,0.6791988611221313
519,73388_10a40b49_1,0.0017685475759208202,0.8958887457847595
520,138219_cdff4f61_0,0.0007925487007014453,0.47694939374923706
521,49399_dc56d180_1,0.0005143687012605369,0.9903801083564758
522,41306_8f26e703_3,0.00024128863879013807,0.9168366193771362
523,51590_034b8b08_14,0.00384525116533041,0.9349719285964966
524,48402_8c965495_4,9.382679854752496e-05,0.8650307655334473
525,26388_a3367cba_0,0.002644344000145793,0.6703846454620361
526,28300_b3a6ab79_6,0.0009182183421216905,0.9692796468734741
527,43938_418421a7_0,0.0005970938946120441,0.7293371558189392
528,41520_60018d18_0,4.449738480616361e-05,0.6796143651008606
529,137869_344b239b_0,0.0004155747010372579,0.022454261779785156
530,41648_577daf16_0,0.0022210634779185057,0.904925525188446
531,31347_386f6298_10,0.0004139418597333133,0.99216628074646
532,82190_24b1b0fe_12,0.0019342034356668591,0.661264181137085
533,33741_4a973932_1,0.0015742597170174122,0.7390021085739136
534,42005_3da46d94_0,0.0003342409909237176,-6.484245777130127
535,132982_ee1eed2f_0,0.000542402733117342,0.9768379330635071
536,23898_6e740393_29,0.0009315577335655689,-0.8355860710144043
537,105831_88a0fb85_6,0.0005588172352872789,0.9878123998641968
538,31278_749a6317_0,0.0003378352848812938,0.7970713973045349
539,51586_2ad96f8c_4,0.0002256289590150118,0.8969871997833252
540,57000_cd1ddece_14,0.0003378119436092675,0.862307071685791
541,50692_e7ff2668_8,0.0010840557515621185,0.9614436626434326
542,65346_e89312e5_0,0.0001709962816676125,0.7415797710418701
543,38840_0e449caf_4,0.002242422429844737,0.42087656259536743
544,29573_ca59fbbf_5,0.0022585976403206587,0.9772301912307739
545,30164_c5680724_12,0.004079398233443499,0.7847195267677307
546,138620_e21e10ee_0,0.00015548354713246226,0.8674933910369873
547,50305_caf9cef2_34,0.0013882371131330729,-1.402087926864624
548,83396_fdb2987a_0,0.00223715091124177,0.9193469882011414
549,28379_7e292343_4,0.0019205830758437514,0.9576829671859741
550,33529_756075a0_32,0.0029417581390589476,0.7814042568206787
551,109857_1d24326e_42,1.1918144991795998e-05,0.40607666969299316
552,22772_2b5f6629_6,0.0004908200935460627,0.9919452667236328
553,34600_e2685d46_2,0.0006471943925134838,0.9763503074645996
554,122344_ab1b06aa_2,0.008813654072582722,0.8406661748886108
555,123573_5f5c9584_1,0.00043082356569357216,0.6524146795272827
556,35166_562b126c_20,0.0015702974051237106,0.9392176270484924
557,51350_138f893a_1,3.8880269130459055e-05,0.6270802021026611
558,137785_67c3085b_16,0.0014123325236141682,0.9652445912361145
559,50417_199cffee_12,0.001446615206077695,0.9301136136054993
560,22194_a5c323b9_3,0.00035424879752099514,0.9422051906585693
561,42329_df7f540f_18,0.0005137319094501436,0.9464166164398193
562,41779_25e4203d_6,0.0007772326935082674,-0.18412673473358154
563,51094_40aa8332_20,0.0014712996780872345,0.9447800517082214
564,109762_cb162371_38,0.0014659257140010595,0.9228309988975525
565,45922_26941172_9,0.0005191179225221276,0.9106252789497375
566,34587_ed155e93_0,0.0004807801451534033,0.9861866235733032
567,69589_a468c1b4_0,0.0011997116962447762,0.9746689200401306
568,44921_00dfb467_0,0.00020666196360252798,0.9495906829833984
569,82672_4705a693_0,0.0004911706200800836,0.7811787128448486
570,26778_a71e88a6_0,4.363916377769783e-05,0.8823682069778442
571,69488_7bfb2b67_0,0.000450337101938203,0.9874863624572754
572,22686_afe3a61e_0,7.772345998091623e-05,0.5198068022727966
573,109772_5faa88e8_5,0.0007674730150029063,0.4750215411186218
574,43938_418421a7_147,0.0005367776611819863,0.9262587428092957
575,141694_b5ac3112_3,0.002912800759077072,-0.12267565727233887
576,31973_093ea963_16,9.244914690498263e-05,0.9419557452201843
577,26858_e90dc419_25,3.240857768105343e-05,0.8124538660049438
578,131350_bbdad30d_0,0.0006346735171973705,0.6381307244300842
579,35741_c43475b8_1,0.0005272921407595277,0.8162398338317871
580,30690_3df2c9e2_1,0.0009541321778669953,0.9186511039733887
581,122758_5f4efbf0_2,0.0026004405226558447,0.8289031386375427
582,37822_3be11c62_0,0.00017105115693993866,0.9272708892822266
583,91174_ee6ee92b_1,0.0007538725039921701,0.8233761191368103
584,23676_52069f98_31,0.002572487574070692,0.9740867018699646
585,27958_fee329eb_1,0.0002845024282578379,0.9228261113166809
586,144534_3b4fdb09_18,0.0029900455847382545,0.16451090574264526
587,30292_0b5e0265_1,0.005299818702042103,0.9278534650802612
588,111062_e59e2d31_0,0.008332014083862305,0.9053115248680115
589,135790_a27f9deb_77,0.0015669071581214666,0.6948059797286987
590,65842_de75838b_10,0.0004820837057195604,0.8991506099700928
591,22475_9d9601a8_3,0.0002548390766605735,-0.4207116365432739
592,119884_192e3265_0,0.002110418863594532,0.685022234916687
593,51463_3330e3aa_2,0.0017506874864920974,0.8183337450027466
594,23231_efe613bb_4,0.0017194505780935287,0.9119330644607544
595,22895_4533b542_2,0.0005902160191908479,0.9093442559242249
596,146219_5661130f_4,0.0007546282722614706,0.9836232662200928
597,38953_19054857_19,0.00026580231497064233,0.7637853622436523
598,21847_b2de7eb8_24,0.0009144555078819394,0.9380289316177368
599,51603_034939eb_12,0.0006681105587631464,0.5881805419921875
600,24843_5231632c_4,0.0002844467235263437,0.8230341076850891
601,41982_f75ceb8f_4,5.371038423618302e-05,0.5914165377616882
602,42937_c573c439_2,0.0001465369714424014,0.3840285539627075
603,61288_2d594195_0,0.001086462172679603,-0.7860418558120728
604,55006_94230c00_0,0.0001631806808291003,0.8374950289726257
605,49898_f42a885e_5,0.0010922326473519206,0.9761940240859985
606,55709_af3825c8_4,0.0010195308132097125,0.966816782951355
607,144117_83c980ca_2,0.00012774602510035038,0.5553030967712402
608,40417_b8d98f73_7,0.00012605988013092428,0.916115939617157
609,53200_d1e30b87_11,0.0007837726152502,0.14060258865356445
610,147009_977ee378_4,2.1936908524367027e-05,0.8062736392021179
611,63056_a5dfd66b_4,0.000797234708443284,-0.440456748008728
612,22205_f48b96b3_10,0.001308092731051147,0.7021120190620422
613,51585_b695905b_4,0.0009484516340307891,0.9789993166923523
614,24084_71f37c00_1,0.0012414510129019618,0.7508492469787598
615,25815_0e853ad9_10,0.0009462391608394682,0.940829336643219
616,55030_11a6e3e8_3,0.00708013866096735,0.9360225200653076
617,23042_1184de03_5,0.0008910573087632656,0.97407066822052
618,39719_e9629dbd_4,7.091427687555552e-05,0.21999460458755493
619,51256_ed221095_2,0.00012774152855854481,0.8572982549667358
620,25810_93c8a71a_3,0.00089522625785321,0.9657732248306274
621,22208_e177deb7_1,0.0008558956906199455,0.940110445022583
622,115624_d0acb46b_22,0.0007655989611521363,0.987949788570404
623,30708_4282508b_0,9.085589408641681e-05,-0.4062610864639282
624,31117_cd5cdbdb_12,0.0005397304194048047,0.7669854164123535
625,41733_1ec9b00c_32,9.091202809941024e-05,0.7316234111785889
626,111387_c4243097_2,0.00016255142691079527,0.779222846031189
627,119869_e8f0dd81_19,0.00010294766980223358,0.9225239157676697
628,34569_590239d6_0,0.0013037758180871606,0.9401533007621765
629,136318_130d6a06_23,0.00012530178355518728,0.8440253138542175
630,145132_7aea3b66_4,0.0011477334192022681,0.9849777817726135
631,41878_3aeaed3d_0,0.0018842777935788035,0.6935838460922241
632,34583_a1cf326b_0,0.0006890042568556964,0.9873900413513184
633,116581_d405b783_0,0.0027733673341572285,0.9623191952705383
634,24044_9bbe7992_3,0.0004118629440199584,0.48594868183135986
635,22194_a5c323b9_2,0.0009500740561634302,0.9143764972686768
636,142076_08d80e12_21,5.925973891862668e-05,0.7378139495849609
637,55817_6ac2912d_7,8.123876614263281e-05,0.12394982576370239
638,21165_5cb2d287_2,0.00021801507682539523,0.5406095385551453
639,39796_45dcdc7d_0,0.009280402213335037,0.8796417713165283
640,33044_7fdd9213_1,0.00221285130828619,0.941360354423523
641,23731_3fe5b501_6,9.945735655492172e-05,0.8471173048019409
642,32743_f4c47bbc_31,0.001381495501846075,0.8715817928314209
643,108775_4908fba2_21,0.0020248868968337774,0.8200530409812927
644,21941_1a683ec2_19,0.0009956766152754426,0.9265135526657104
645,27682_04277f62_18,0.0010550942970439792,0.9515459537506104
646,25815_0e853ad9_4,0.0005644517950713634,0.9635758996009827
647,30261_723e95cf_2,0.0010927309049293399,0.9539433717727661
648,21385_601444ba_102,0.0008784473175182939,0.9586793184280396
649,30368_d7fd30ce_7,0.00024216753081418574,0.908672034740448
650,55605_2f8bc12e_3,0.00586283253505826,0.04293191432952881
651,24650_dad8c8ee_15,1.0222441233054269e-05,0.6810650825500488
652,34227_48203345_7,0.002981137717142701,0.9168881177902222
653,113348_ac85cba3_1,0.0009266466950066388,0.9004870653152466
654,26552_25c5924a_1,0.00031358448904938996,0.879920244216919
655,55381_cbaffe9b_0,0.00021133657719474286,0.9414963126182556
656,55817_6ac2912d_25,0.00045113213127478957,0.9880107641220093
657,138947_0778db40_4,0.00026430116849951446,0.8966416716575623
658,52788_07f7da63_0,0.0013349668588489294,0.6686125993728638
659,70355_e5f58cd5_6,0.00036756208282895386,0.38101428747177124
660,51744_cd355565_8,0.0015726240817457438,0.6775802969932556
661,41227_90e1c07c_16,0.0012440510326996446,0.968671441078186
662,45359_1768ab3f_42,0.00443691061809659,0.5317416191101074
663,41783_d1c10326_3,8.581826114095747e-05,0.7239243984222412
664,32960_0eaa1de8_13,8.139530109474435e-05,-4.876095294952393
665,34674_32ee1595_3,0.001681227353401482,0.9429770708084106
666,136885_23632908_1,0.003019568743184209,-0.0775918960571289
667,136808_00592735_3,0.0002900653053075075,0.9368953108787537
668,45589_49e3c7ea_5,0.0003689003351610154,0.9924055933952332
669,141665_0564e852_3,0.0015622841892763972,0.6269355416297913
670,50897_3be92e2f_18,0.0002069490437861532,0.9951671957969666
671,84256_4164b724_3,0.0004902987275272608,0.5295681953430176
672,22994_e6ad8f2b_10,0.0025175430346280336,0.9065648913383484
673,28295_0dc908b9_8,0.00037489700480364263,0.8825688362121582
674,23329_6939d5d9_5,0.0001712982339086011,0.8099749088287354
675,123665_0a0da5c7_3,2.4026110622799024e-05,0.8124452829360962
676,121172_0ac63503_7,0.0003699496737681329,0.9299434423446655
677,50941_2a8a8c76_0,0.00026817587786354125,0.9946818351745605
678,37846_cde34fcd_66,0.0006970372633077204,0.8830133080482483
679,56040_9b1307eb_21,0.0026759025640785694,0.5832136869430542
680,146535_229c95bc_1,7.53502972656861e-05,0.6547564268112183
681,50947_49287c16_2,0.002741107949987054,0.9551960825920105
682,95622_0a0787e4_5,0.0003690929734148085,0.8002497553825378
683,25432_f13e5110_0,0.00037173653254285455,0.9882936477661133
684,32454_e959e3cf_0,0.0012014467502012849,0.9661878943443298
685,65858_61e9b51a_18,0.00108900829218328,0.7515657544136047
686,70350_751de4b0_3,0.0036882313434034586,0.4901188015937805
687,129239_0d49310c_15,0.00046505650971084833,0.8227484822273254
688,31008_8fa25b35_8,0.00036457442911341786,0.9230173230171204
689,55306_795d845b_2,4.8925867304205894e-05,0.6890435814857483
690,29729_e8bb36f1_2,0.0004996245261281729,0.41123807430267334
691,67283_4097cbd6_5,0.00036064066807739437,-2.066363573074341
692,23904_811e466f_4,0.0001650107733439654,0.8615619540214539
693,116076_12d31fb7_1,0.000819388369563967,0.8766972422599792
694,45302_02d7e3bc_0,0.002744710072875023,0.3096511960029602
695,60977_4bb093ec_1,0.0008095825905911624,0.9639249444007874
696,49017_76979790_8,0.0009271149756386876,0.8242752552032471
697,146321_0dbae658_10,1.2564015378302429e-05,-0.2660946846008301
698,102194_150e3faf_3,0.0007418692111968994,0.9772782325744629
699,34769_44655d03_5,0.00018606822413858026,0.7919434309005737
700,38953_19054857_6,0.001062314840964973,0.127993643283844
701,55397_ad24603f_1,0.00012066853378200904,0.8747476935386658
702,21908_385686ec_15,0.0007217384409159422,0.9651620388031006
703,60721_57103153_4,0.0004888358525931835,0.2173662781715393
704,98701_7cd4ec8d_0,0.0023697875440120697,0.9569553136825562
705,91703_642cdf1a_1,0.0004635617369785905,0.9912803769111633
706,26661_ab88a525_5,0.0017670077504590154,0.554269015789032
707,51940_67bb0219_21,0.00013424568169284612,0.7139148116111755
708,22543_684108ff_22,0.00012392885400913656,0.8768514394760132
709,145250_cde4d039_8,0.00023278511071112007,0.7379275560379028
710,20232_e5b060d9_6,5.696158405044116e-05,0.896597146987915
711,128043_d4650350_0,0.0021045939065515995,0.9717392325401306
712,140530_30edf2c4_0,0.0010455631418153644,0.11760932207107544
713,131814_9af6d05a_0,0.0008915922953747213,0.8659323453903198
714,26245_4aac38e1_9,0.0003834879316855222,0.8398033976554871
715,30282_88c6933c_14,0.0015023777959868312,0.9423574209213257
716,32322_71d0035e_1,0.0005502987769432366,0.9717649817466736
717,131762_d10609a4_1,0.0021196461748331785,0.9042552709579468
718,54812_5f7b7aba_2,0.000188686084584333,0.9171651601791382
719,135830_8fb36dac_4,0.0026158317923545837,0.8841739296913147
720,139280_8874b1ab_4,0.00022443204943556339,0.5179209113121033
721,49904_639055dd_1,0.00041720137232914567,0.9521815180778503
722,53601_59d3ecd2_0,0.0031446649227291346,0.8710780143737793
723,50047_54241fe3_12,0.0004643697466235608,0.9640555381774902
724,136925_70fb0381_3,0.0005214755656197667,0.9680882692337036
725,87488_95f678ce_0,0.0030776525381952524,0.9320542812347412
726,137166_90691294_2,0.00010034916340373456,0.9332719445228577
727,44030_17bd5ec9_11,6.464609032263979e-05,0.8975632786750793
728,137396_b5f6bec4_5,0.00038951606256887317,0.9883009195327759
729,21900_760d2078_10,0.002144503640010953,0.9689355492591858
730,21185_ac5324ba_5,0.002334598684683442,0.92718905210495
731,31132_2320d049_4,0.0003313983615953475,0.9939720034599304
732,82281_80cdf67c_4,0.00018491715309210122,0.533502459526062
733,38287_88ec74de_15,0.0006072960677556694,0.9882391095161438
734,136128_831e37a6_0,0.0007364036864601076,0.918076753616333
735,21330_f0cee934_18,0.00041188602335751057,0.7296491861343384
736,34109_5a868eae_10,0.0008692284463904798,0.9168947339057922
737,21174_861bd902_2,0.0011925401631742716,0.8960622549057007
738,49783_365bec9e_6,0.0008456246578134596,0.9746323227882385
739,24429_ace910b3_8,1.0444905456097331e-05,0.38872408866882324
740,22772_2b5f6629_4,0.0004754497786052525,0.8784381151199341
741,53927_ef5208b9_14,0.0037017851136624813,0.8457785844802856
742,56250_3b6024e3_54,0.0007927868282422423,0.9826749563217163
743,23522_5c2ec58e_8,0.0017640043515712023,0.9444159865379333
744,121177_93fb3127_10,5.69560143048875e-05,0.896641731262207
745,138840_b7f948ea_2,0.0006755916401743889,0.9312378168106079
746,41125_711db4bf_6,0.0016738020349293947,0.960411012172699
747,102606_28922dfc_0,0.002144642174243927,-21.549800872802734
748,31530_6744ae73_50,0.0035954664926975965,0.9358537197113037
749,50598_eae0df5a_1,0.00014732182899024338,0.7306195497512817
750,145726_19ccdbda_12,0.00018170550174545497,0.9417307376861572
751,41469_b94cf3e4_0,0.0012694038450717926,0.7398096323013306
752,147009_977ee378_1,0.0014201601734384894,0.8634948134422302
753,24267_8a216138_10,0.0006370585178956389,0.9482800364494324
754,63071_3d434a33_16,0.000740384217351675,0.9604976177215576
755,34436_ffc43a58_4,0.0005351346335373819,0.5383628606796265
756,50692_e7ff2668_4,0.0004700608551502228,0.8116507530212402
757,146642_883a71d2_9,0.005228366237133741,0.9174321889877319
758,109772_f1a0845e_7,0.0010891866404563189,0.9745833873748779
759,136640_16741d62_1,0.0006370341288857162,0.8382593989372253
760,21680_360ba5c7_11,0.0007656157249584794,0.6889415979385376
761,27729_09d75da1_2,0.0007971648592501879,0.9772930145263672
762,82148_5df06ed9_19,0.00422310084104538,0.7066456079483032
763,55287_8a57a3db_1,0.0015626703388988972,0.9038662314414978
764,53221_74fa81cd_5,0.0005661487812176347,0.7284902334213257
765,30417_0010bc7c_39,0.0008200182346627116,0.9359903931617737
766,23706_ef15ef9c_40,0.0006262546521611512,0.9106156826019287
767,140763_e14274f8_3,0.00027619648608379066,0.7909101247787476
768,23602_5daaccf5_3,0.00037364696618169546,0.9394285082817078
769,30282_88c6933c_9,0.001295679248869419,0.9184942841529846
770,56824_0fc773f6_0,0.0010873825522139668,0.9380105137825012
771,42410_d3b5588e_1,0.0009935301495715976,0.8490467071533203
772,55055_dd27a8a4_0,0.0006859758286736906,0.9874449968338013
773,115633_a2c63339_6,0.0006912117823958397,0.23478984832763672
774,73651_a41647f8_5,4.520032598520629e-05,0.824783444404602
775,33413_060ce192_32,0.0010081143118441105,0.922556459903717
776,97331_a482fa9b_0,0.0016792109236121178,0.6451486349105835
777,23476_705b76d1_0,0.0015782318077981472,0.9382690191268921
778,32566_7bfc936b_6,0.003735097823664546,0.9646990299224854
779,41717_eb1c1e6b_0,0.0018935003317892551,0.8482623100280762
780,60720_ef9a0a95_8,0.0004401836486067623,0.05918389558792114
781,138700_ab763a46_202,1.781703031156212e-05,-8.832479476928711
782,38287_88ec74de_17,0.005864134524017572,0.03558534383773804
783,135535_0bd0048d_0,0.003262169426307082,0.950867772102356
784,21797_69df08d5_7,0.00848692562431097,0.9324296712875366
785,65350_b3fa8f4f_47,0.006127060856670141,0.9718002080917358
786,41714_1d49f4d1_3,0.0010143867693841457,0.8866525292396545
787,66012_a13e1644_1,0.0004622097476385534,0.8039910793304443
788,22652_564979ff_11,0.00045891068293713033,0.6588702201843262
789,25127_ecba81df_23,0.0013981338124722242,0.0875590443611145
790,47548_db93c988_4,0.00041248954948969185,-0.009092569351196289
791,55927_f8b31711_5,0.0029589629266411066,0.8417416214942932
792,31647_ab9ad9dc_2,0.0009143981733359396,0.876401960849762
793,41128_ee74f244_8,0.0006675458280369639,0.8173017501831055
794,20959_d4905d19_4,0.0002923782740253955,0.9282678961753845
795,52009_a2b75078_3,0.007726403884589672,0.9221845269203186
796,22201_473a3a65_16,0.0014596189139410853,0.802264928817749
797,29442_365e23df_30,0.0020301591139286757,0.9425793290138245
798,51859_6b2fd0f1_8,0.0007986861746758223,0.9727244973182678
799,140413_44177109_15,0.00022753859229851514,0.7981746196746826
800,21822_7d3db422_11,0.0019616023637354374,0.9454919695854187
801,24168_a0ede173_100,0.00027744099497795105,0.7997727990150452
802,145532_c2304f89_1,0.00133942486718297,0.8124369382858276
803,104641_2cd02839_13,5.854314076714218e-05,0.7730908393859863
804,23679_81ef9e37_2,0.0004702230799011886,0.8879619836807251
805,95271_de3df8d5_2,4.003499270766042e-05,0.8072338104248047
806,41401_e4117da2_0,4.377256482257508e-05,0.046216726303100586
807,48006_babdf4af_9,0.0010288790799677372,0.9880852699279785
808,142246_0851be5e_32,0.005405128933489323,0.9103044867515564
809,33615_7bab1106_4,0.0006765725556761026,0.955231249332428
810,31117_cd5cdbdb_18,0.0006917673163115978,0.9895289540290833
811,34914_8911676d_0,0.0006616057944484055,0.9454571604728699
812,55501_a09e4ced_2,4.26256337959785e-05,-0.6011557579040527
813,41128_ee74f244_9,0.0007939989445731044,0.7371659874916077
814,142246_0851be5e_22,0.0017951286863535643,0.6744205355644226
815,22413_901f5867_0,0.00013479650078807026,0.5920363664627075
816,56490_0a0fba77_0,0.00023540714755654335,0.9332294464111328
817,93676_4f934980_1,0.00026031778543256223,0.4229046702384949
818,146642_883a71d2_96,0.0024480309803038836,0.7328009605407715
819,24032_d6172503_3,0.0009934351546689868,0.8315871953964233
820,44221_25c62f03_1,0.000586526351980865,0.9891365766525269
821,50315_0f1419bf_33,0.0032633228693157434,0.6832623481750488
822,133389_0938a905_2,0.00028830155497416854,0.926831066608429
823,24824_cf51e5b6_4,0.0014719722094014287,0.7238672971725464
824,33970_32f36442_3,0.001079576788470149,0.9663341641426086
825,29359_bbfab271_2,0.0007537156343460083,0.8673136234283447
826,23172_4ab01e83_0,0.00040007467032410204,0.9902769327163696
827,98511_1b46a85e_45,0.0010957532795146108,0.9692039489746094
828,98511_1b46a85e_46,0.0010172473266720772,0.9700927734375
829,34248_cc11976c_0,0.0006435203831642866,0.9762232303619385
830,104003_46555fb2_0,0.0004080936196260154,0.09250801801681519
831,34520_035b5e9a_8,0.00030465892632491887,0.8952940106391907
832,38397_93d5d7de_12,0.003932025283575058,0.945523738861084
833,130023_93b3ca95_1,0.0007686836761422455,0.7294411659240723
834,83213_47c49876_1,0.0004171018081251532,0.9521936774253845
835,43928_6ca53538_63,0.003031664527952671,0.9294991493225098
836,82779_b7b722e3_9,0.0008748440304771066,0.895514965057373
837,134967_0f27ef51_1,0.0002532773360144347,0.8105143308639526
838,86024_714b24f4_1,0.0015793133061379194,0.9381290674209595
839,40807_58058731_11,0.0006077050929889083,0.9083486199378967
840,26750_cd3cb3ff_0,0.002091147005558014,0.9637258648872375
841,126913_d253adb7_2,0.0008748701075091958,0.827380895614624
842,24268_2804c9ff_13,0.0013297381810843945,0.9654126167297363
843,45542_320c16fd_3,0.0004486238758545369,0.9910809993743896
844,22342_274ed8a6_1,0.0005633850232698023,0.8779855370521545
845,133385_e6aa64d8_17,0.00013663462596014142,0.45227521657943726
846,143509_1dd5212d_3,0.0006992527632974088,0.9793764352798462
847,47989_3ff0f41d_0,0.0023267040960490704,0.9338099360466003
848,21822_7d3db422_14,0.003047084202989936,0.9559995532035828
849,21517_bfe35b4c_12,0.0005485369474627078,0.04246044158935547
850,52883_e518d3f4_10,0.00033481756690889597,0.945641040802002
851,41871_f9a1ad02_14,0.0014110621996223927,0.8588372468948364
852,37016_455093c1_2,0.0004340769082773477,0.7672953605651855
853,31117_cd5cdbdb_78,0.003503661835566163,0.9728302359580994
854,129239_0d49310c_22,6.231945008039474e-05,0.8190598487854004
855,30400_8824ce97_6,0.0029448908753693104,0.9384271502494812
856,53233_8dbca22c_8,0.0007373660337179899,0.9482777118682861
857,40514_bb61631d_25,0.0009126047953031957,0.7981016635894775
858,24053_53349e4d_2,0.00010794283298309892,0.8610814213752747
859,41917_f0c40fa1_16,0.0005826533888466656,0.9862163662910461
860,22543_684108ff_5,0.0017451999010518193,0.930811882019043
861,138636_c1153075_0,0.0001910315186250955,0.829477846622467
862,24448_75004b6c_6,0.0006561924237757921,0.9791079759597778
863,24831_bbd3e098_8,0.00012400810373947024,0.878483772277832
864,53221_74fa81cd_3,0.00041408478864468634,0.8880618810653687
865,76879_65a30a82_4,0.00014654571714345366,0.7604376077651978
866,108773_f9384cff_10,3.8373778806999326e-05,0.5950161814689636
867,33671_0e9c6ca3_5,0.00037823920138180256,0.9699586033821106
868,93103_fdb9fcb7_15,0.0022698594257235527,0.8775207996368408
869,137675_d2bd633e_0,0.0015343102859333158,0.039073169231414795
870,21893_0500d043_32,0.0010318923741579056,0.32538455724716187
871,22110_0bc70e9f_1,0.0010240314295515418,0.37067604064941406
872,43152_b5472481_1,0.0010578022338449955,0.60277259349823
873,115717_40314bc2_1,0.0018234840827062726,0.8406737446784973
874,102943_ca9e7968_0,0.0001564339327160269,0.7871389389038086
875,136401_69f29349_0,0.003133651800453663,-1.0785839557647705
876,28542_3c922564_0,0.0010110517032444477,0.6313173770904541
877,24267_8a216138_6,0.0009359160321764648,0.9486725330352783
878,84374_272a9731_7,0.0009456537663936615,0.8753198981285095
879,23531_1ecc8346_18,0.007019260432571173,0.9315321445465088
880,41871_f9a1ad02_30,0.00180935044772923,0.9451603293418884
881,132461_14abd2d0_0,3.455088517512195e-05,0.035436391830444336
882,37617_3f415463_2,5.546621832763776e-05,0.9093639254570007
883,41696_de0790a1_1,0.000599532388150692,0.9866868257522583
884,54657_2a66e0de_20,0.0003701478708535433,0.9660108685493469
885,24425_0dc4b306_0,0.0006763905403204262,0.9337584376335144
886,146667_fe438b5b_0,0.0011675696587190032,0.9555951356887817
887,23048_8a1a5553_8,8.450339373666793e-05,-1.2736804485321045
888,51871_86ebf5b2_17,0.0024424330331385136,0.5528723001480103
889,30664_a3084f71_6,0.0010787005303427577,0.9338096976280212
890,139801_97e2ca6a_5,0.0006215365719981492,0.8727452158927917
891,22278_12f1fb79_13,0.001674990518949926,0.891030490398407
892,22776_facf9bcf_8,0.0013203711714595556,0.9550598859786987
893,40500_6055e3d7_15,0.02308904007077217,0.7697165608406067
894,35740_5322d674_13,0.00015237493789754808,0.9073002934455872
895,39792_60786b6c_12,0.0009169262484647334,0.9667121171951294
896,115524_4a411f7e_0,0.0005147297051735222,0.8830720782279968
897,24131_3ea7d5a8_17,0.001147535745985806,0.944648027420044
898,100326_0602c712_2,0.0033570495434105396,0.8933661580085754
899,34571_25c64838_2,0.0014266377547755837,0.9154453873634338
900,143534_4f65fd1a_0,0.000235805768170394,0.9202760457992554
901,101446_95204330_1,0.0004783414478879422,0.6967622637748718
902,41749_14d0599c_10,0.00012543042248580605,0.6339337825775146
903,55715_525d1d3e_12,0.0002650156675372273,0.21391481161117554
904,45307_b9b4bca0_30,0.004067536443471909,0.9708684682846069
905,22654_4c426b0f_0,0.0010594147024676204,0.8673351407051086
906,22670_9353c710_4,0.0005265348008833826,0.8385322093963623
907,99445_94c22a37_11,0.0005977866821922362,0.9911182522773743
908,132811_57264a28_4,0.0006547975353896618,0.946505606174469
909,23258_87a2ba81_3,0.00033649118267931044,0.46811020374298096
910,50777_2934de55_22,0.0011233278783038259,0.9601244330406189
911,98418_4185a7fb_0,0.0006129486719146371,0.9851505160331726
912,43441_e1ab0873_2,5.822451566928066e-05,0.2944677472114563
913,24271_dbc0fd2d_12,0.00021986658975947648,0.9516042470932007
914,38944_0d0c3fce_0,0.004449021071195602,0.9711772203445435
915,40624_e1c5c424_11,1.2772231457347516e-05,0.6783183813095093
916,100028_0c3a8f1c_13,0.0007692992221564054,0.9901047348976135
917,40491_ac67bf4c_13,0.00069435965269804,0.9869754910469055
918,25416_1deb9c75_0,0.001035187509842217,0.8208069205284119
919,21657_2651585a_6,0.00042694812873378396,0.9773700833320618
920,21986_67c5509a_15,0.0003751998010557145,0.9534475207328796
921,32288_34013274_2,0.0016411832766607404,0.7222158908843994
922,55373_ddd74d2f_0,0.0018766260473057628,0.7576287388801575
923,26245_4aac38e1_0,0.0005926602170802653,0.966041624546051
924,33044_7fdd9213_0,0.00037254634662531316,0.9334824085235596
925,31530_6744ae73_48,0.006820020731538534,0.9341180324554443
926,25555_fd3d9a3c_1,8.545149466954172e-05,0.8800309300422668
927,54175_7d864ace_6,0.00038202953874133527,0.9142081141471863
928,72950_5074f5a3_0,0.0006137408199720085,0.5942835807800293
929,129618_2962c248_0,0.002498272806406021,0.958274245262146
930,52012_77070fda_10,0.0001213340146932751,0.8097182512283325
931,28295_0dc908b9_7,0.0005436154315248132,0.853969931602478
932,144419_90e59d67_2,8.768527914071456e-05,0.03097999095916748
933,22734_f6bad9f7_24,0.004022145643830299,0.8755230903625488
934,22604_0b4ffb43_14,0.0006859758286736906,0.9874449968338013
935,81996_b3752ed2_3,0.00017737335292622447,0.8408219218254089
936,24504_493cee15_8,0.002749860053882003,0.8905061483383179
937,39124_28e99e62_1,0.00014205936167854816,0.840153694152832
938,29725_0ad4937e_1,0.0002641028549987823,0.5226296186447144
939,109232_04340d62_6,0.00018151226686313748,-2.3017985820770264
940,129075_8fbf62e5_0,0.0004565105482470244,0.6387250423431396
941,102937_18c3cb6a_4,0.0008139520068652928,0.9714617729187012
942,52551_8098346a_5,0.0004997609066776931,0.13066112995147705
943,128043_6947b64c_0,0.0028299607802182436,0.8366339206695557
944,119030_292009a7_41,0.00104560109321028,0.8466211557388306
945,48526_5aecac8a_0,0.0005734350997954607,0.9034404754638672
946,32541_86f7df73_4,0.0005011726752854884,0.5232192277908325
947,55114_7bf17f6a_0,0.0019329086644575,0.8598753213882446
948,55285_6816da52_1,0.004536973778158426,0.9018089771270752
949,37683_e2cca100_17,0.00020631251391023397,0.6751837134361267
950,78775_e2d8b091_15,0.00178907485678792,0.9415035843849182
951,93199_2146e709_2,0.000450447405455634,0.9468207955360413
952,135595_656de97a_14,0.000296194339171052,0.7876405715942383
953,24284_3710e946_16,0.0003199553757440299,0.9927513003349304
954,135521_30553c91_2,0.00013845025387126952,-1.008005142211914
955,29732_fb15318c_5,0.00043314002687111497,0.5885447263717651
956,88060_389bdff4_0,0.0008112653158605099,0.9506310820579529
957,27839_4a077326_28,0.0021114100236445665,0.9476841688156128
958,100435_87bf423d_8,0.0005296201561577618,0.9895640015602112
959,25365_bb0e4ede_44,0.0003058310248889029,0.5662518739700317
960,146169_144d8264_0,0.006865934934467077,0.962918758392334
961,23342_7193a931_3,5.0502014346420765e-05,0.8512142300605774
962,57000_cd1ddece_12,0.00025954487500712276,0.994810938835144
963,119790_1ed376f0_3,0.0003765195142477751,0.5890673398971558
964,72522_e9e87960_4,0.0006952797994017601,0.9869498610496521
965,65366_f618b577_2,0.00028981539071537554,0.747725248336792
966,55707_c78416ed_35,0.0020070294849574566,0.8951132893562317
967,70321_eccffc7e_0,0.001042413292452693,0.7299556732177734
968,120143_b5756e6b_0,0.0031601262744516134,0.5611459016799927
969,27726_aca43af4_35,0.00011250637180637568,-4.227165222167969
970,31361_72aab333_20,0.0007878004689700902,0.7496289610862732
971,121949_e10b5e85_12,0.0018610405968502164,0.9485974311828613
972,146399_0e4b73c4_13,0.0021407112944871187,0.9560531377792358
973,41134_fc146947_6,0.0014022552641108632,0.34444230794906616
974,21237_7887a24b_35,0.00023221182345878333,0.03999471664428711
975,24885_55e20ddf_3,0.00011414208711357787,0.8872312307357788
976,34914_8911676d_23,0.00031348594347946346,0.9442859888076782
977,21803_8a36dcda_12,0.0027391749899834394,0.9083431363105774
978,41306_8f26e703_5,1.9247971067670733e-05,0.7922148704528809
979,25118_f50fdc69_10,0.00013794722326565534,0.798521876335144
980,25473_0991d519_9,0.0007991487509571016,0.9799883961677551
981,126585_86fa26cb_0,0.0001407014497090131,0.8262357711791992
982,145691_69484976_9,0.0015728453872725368,0.8585822582244873
983,60729_c51868ec_0,0.0005157478735782206,0.7158737182617188
984,123929_e7dbad2c_0,0.0008421656675636768,0.5999616384506226
985,69649_70b07cac_0,0.00023463879188057035,0.9948170185089111
986,55135_f1186d58_9,0.00011913818161701784,0.8515715599060059
987,20838_86c931be_2,0.0007795834098942578,0.9030743837356567
988,45242_626509cb_11,0.00030165468342602253,0.8666975498199463
989,34983_439766af_13,0.0026160983834415674,0.9727882742881775
990,53453_fb0f1640_1,0.0035580790136009455,0.8919865489006042
991,23255_972fbfe6_25,0.0004875458835158497,0.984632134437561
992,24168_a0ede173_203,0.008855249732732773,0.9507509469985962
993,55476_1473d91f_0,0.0011923343408852816,0.3921404480934143
994,55111_ef389075_1,0.0013622083934023976,0.9479352235794067
995,141710_17531562_1,0.0004114293842576444,0.9654552936553955
996,96601_b89e6252_1,0.00011896029900526628,0.36737632751464844
997,135790_a27f9deb_43,0.01206000242382288,0.8454858660697937
998,121363_746708db_0,0.0005952332867309451,0.7709771990776062
999,136886_3aa46890_0,0.00033545962651260197,0.874920129776001
1000,50315_0f1419bf_19,0.0024930520448833704,0.9657080769538879
1001,37846_cde34fcd_14,0.00019189651357010007,-1.1696476936340332
1002,24816_ef81ad4c_1,0.0003373160434421152,0.879382312297821
1003,75646_4baf69b2_7,0.0029666742775589228,0.9584571123123169
1004,140155_81f9ac63_0,0.0003636701439972967,0.9092684984207153
1005,51603_034939eb_10,0.0016386862844228745,0.9092174768447876
1006,30435_c97330d2_0,0.00012720686208922416,0.7849156856536865
1007,27839_4a077326_27,0.0004177963419351727,0.9772830009460449
1008,55627_971fde61_34,0.0017704506171867251,0.8631269335746765
1009,134909_ef3d003c_0,0.00017911376198753715,0.824284553527832
1010,33413_060ce192_51,1.0506482794880867e-05,-0.4556983709335327
1011,22245_ca848576_12,0.0002843212569132447,0.6679576635360718
1012,52039_ba12c3ac_1,0.00025785696925595403,0.9948448538780212
1013,39707_358f88df_2,0.0010162160033360124,-0.08216583728790283
1014,50014_33f250c8_3,0.009726849384605885,0.9112759828567505
1015,52987_387431ac_1,0.002038571983575821,0.86002516746521
1016,33501_b1ee5058_15,0.000258688407484442,0.9948559403419495
1017,82168_4844bddd_1,0.0004130525339860469,0.9442302584648132
1018,30384_95e72fc2_4,9.287488501286134e-05,-0.02287614345550537
1019,23554_a0845d54_2,0.0009309817687608302,0.22176772356033325
1020,23800_65e0a5d1_0,0.00022086105309426785,0.3039579391479492
1021,41128_ee74f244_0,0.0007196224760264158,0.2775399684906006
1022,143019_22dbd3e6_2,0.0009708016295917332,0.969199001789093
1023,79993_6087acd5_8,0.00287837372161448,0.9089415073394775
1024,21422_b2a6bf27_0,0.0007689404883421957,0.9873223304748535
1025,25487_dd2c17e8_21,0.0006398962577804923,0.43182235956192017
1026,22654_4c426b0f_10,8.07421311037615e-05,0.4577823877334595
1027,30368_d7fd30ce_6,4.069827264174819e-05,0.12956488132476807
1028,57249_6bd2af3c_2,0.0014318644534796476,0.9471787810325623
1029,57029_3ab80a22_0,0.0014534081565216184,0.7116729021072388
1030,79906_052c7eb4_3,0.0007128738216124475,0.8454743027687073
1031,82996_b8dc67c9_10,0.00014022114919498563,0.8064902424812317
1032,119884_192e3265_1,0.0008854421321302652,0.5961726307868958
1033,21225_c081eae3_10,0.0015641723293811083,0.9103227257728577
1034,121949_e10b5e85_1,0.0007212244672700763,0.8175005912780762
1035,81994_ba8916c9_5,0.00010516485781408846,0.9081081748008728
1036,22447_4062c6cb_29,0.0004495135217439383,0.9924171566963196
1037,55044_ee57bac8_1,0.0003121855261269957,-0.18612182140350342
1038,41871_f9a1ad02_13,0.004539549816399813,0.9745041131973267
1039,74688_a5168a45_2,3.2737883884692565e-05,-6.034187316894531
1040,23218_02d26ab4_4,4.869453186984174e-05,0.88800048828125
1041,41205_dc60aa5d_0,0.0007970575243234634,0.8018481731414795
1042,41979_ca698776_0,0.0004282921727281064,0.9121612310409546
1043,141453_50ec6f25_7,0.0003864875470753759,0.9890519976615906
1044,97143_5424c420_0,0.0005835042684338987,0.8502503633499146
1045,41986_26275a06_2,0.0003065743076149374,0.971100389957428
1046,136800_c5e4d711_2,0.0003333119966555387,0.5444113612174988
1047,101635_11b839a3_5,2.6011743102571927e-05,0.7868956923484802
1048,55866_b041060d_0,0.0003318945528008044,0.9796860814094543
1049,53846_89405f98_0,0.0010500203352421522,0.7854692339897156
1050,27725_5cceaeb7_1,0.0010659679537639022,0.9038190841674805
1051,146137_92faaea5_9,0.003189684357494116,0.744428277015686
1052,41211_11f6b8a0_4,0.00017362077778670937,0.9284961223602295
1053,21330_f0cee934_46,0.0002591283118817955,0.9948192238807678
1054,127188_5fecd146_4,0.00012466868793126196,0.8286932110786438
1055,135949_06517574_8,1.7902746549225412e-05,0.8144029974937439
1056,68928_0d4e4a2e_24,0.0020850582513958216,0.8688915371894836
1057,50410_f8f03667_38,1.1014586561941542e-05,0.24170154333114624
1058,142999_171240b6_21,9.809125185711309e-05,0.9274728894233704
1059,144709_642fc665_0,0.0014415044570341706,0.8583390116691589
1060,53232_f8760054_10,0.0003689031000249088,-2.530712842941284
1061,22372_e91792a1_0,3.851046130876057e-05,0.5061022043228149
1062,21767_53eaa558_12,0.008815787732601166,0.8860786557197571
1063,32220_1fd19c5e_0,0.00012907963537145406,0.8673869371414185
1064,22886_a6331748_1,0.0009579699253663421,0.9120480418205261
1065,130996_b842b511_12,0.00021828770695719868,0.9798800945281982
1066,55571_74a416b1_1,0.00011434074986027554,0.030086815357208252
1067,70169_914780d4_1,0.000455831759609282,0.8264196515083313
1068,23156_7788f78a_6,0.014234128408133984,0.8970043659210205
1069,124496_20e20439_10,6.737338844686747e-05,0.8519222140312195
1070,76300_7cb02add_1,0.0004997538053430617,0.9259993433952332
1071,21647_6b6cca6f_10,0.0010308540659025311,0.43735212087631226
1072,22734_f6bad9f7_23,0.0026942722033709288,0.8877607583999634
1073,94176_0a6c42ab_2,4.6194876631489024e-05,-7.47774600982666
1074,24048_d731886d_9,0.004235527478158474,0.5331429243087769
1075,25487_dd2c17e8_30,0.0026263499166816473,-0.18720340728759766
1076,115717_40314bc2_4,7.433287828462198e-05,0.7582117915153503
1077,125592_875faf40_0,0.0025802766904234886,0.8802322149276733
1078,41871_f9a1ad02_44,0.0009335189242847264,0.9340487718582153
1079,146642_883a71d2_8,0.00028937848401255906,0.9293965101242065
1080,136883_076fbff9_31,0.00013680136180482805,0.547490656375885
1081,60766_fb8715eb_3,0.0011515677906572819,0.9157862663269043
1082,30818_33617072_0,0.005173984915018082,0.7380411028862
1083,130679_7a357a9c_18,0.005699712783098221,0.6647253036499023
1084,55306_795d845b_0,7.702053699176759e-05,0.8348891139030457
1085,135934_d2f6bb2e_33,0.00012421129213180393,0.8344002962112427
1086,111054_e45a0d40_7,0.014142121188342571,0.8631988763809204
1087,36826_d9269c2e_10,0.0005966193857602775,0.9594749212265015
1088,37619_ae810a8d_7,1.456701193092158e-05,-5.653006553649902
1089,22343_34184fd5_22,0.00017534507787786424,0.4572996497154236
1090,113020_de552f8d_0,0.0003252114693168551,0.796634316444397
1091,20216_89b90993_0,0.0038436546456068754,0.7439353466033936
1092,23325_292b3294_16,0.0020735396537929773,0.8027346134185791
1093,23522_5c2ec58e_9,0.001110612996853888,0.9156742691993713
1094,146624_359752bb_20,1.3681984455615748e-05,-5.897361755371094
1095,104990_11b4aeee_1,0.0007076215697452426,0.9838250875473022
1096,90917_4670b560_0,0.003431011689826846,0.9333174824714661
1097,54818_59adf8c2_5,0.0005838204524479806,0.49510079622268677
1098,34109_5a868eae_3,0.00031080006738193333,0.4929337501525879
1099,23161_e7f63a9f_2,0.0006331349723041058,0.9427115321159363
1100,37160_2a95674a_27,0.0013226725859567523,0.5378872156143188
1101,61280_8bdbc90f_0,0.0009608055697754025,0.9654929041862488
1102,55083_dac1f9cc_2,0.0005859830998815596,0.9512170553207397
1103,34341_d19b12fb_14,1.87663590622833e-05,0.8133484721183777
1104,54516_ac9e2ef4_61,0.001660962007008493,0.7242015600204468
1105,24559_3c306e71_2,0.00013740659051109105,0.7202882766723633
1106,105831_88a0fb85_1,0.0007434890721924603,0.9717520475387573
1107,32743_f4c47bbc_19,0.0037765158340334892,0.29827040433883667
1108,40500_6055e3d7_18,0.0009898196440190077,0.9524861574172974
1109,22862_f5406bb0_0,0.0006538244197145104,0.9894819855690002
1110,141081_ae61ec46_0,0.0006291877944022417,0.9908916354179382
1111,135112_cf8007b8_4,0.002342392224818468,0.9644654393196106
1112,131442_1512d9ff_5,0.00011043171980418265,0.7663015723228455
1113,145132_7aea3b66_1,0.008222054690122604,0.9688802361488342
1114,41871_f9a1ad02_45,0.0009198547340929508,0.8227021098136902
1115,51775_49ef614a_1,0.0006826655007898808,0.8065704107284546
1116,143293_fc5b0ff7_23,0.0003517515433486551,0.35736602544784546
1117,51547_a7e01c38_6,0.00010287169425282627,0.8526095151901245
1118,114021_44c3c39c_2,0.00019111517758574337,0.5235409736633301
1119,123766_c5a4cf5e_0,0.0001697120605967939,-0.08204352855682373
1120,23031_0d684603_8,0.0010982230305671692,0.5266375541687012
1121,132996_c742ef84_4,0.003830346744507551,0.4684709310531616
1122,137096_5d77f285_1,0.0013419187162071466,0.8398323059082031
1123,27072_b4756e8c_2,0.0009563014027662575,0.7837144732475281
1124,51915_e704f5dd_2,0.0010564306285232306,0.8347955942153931
1125,132811_57264a28_13,0.00045248985406942666,0.9923822283744812
1126,49396_98ab955d_13,0.0023480139207094908,0.7382320165634155
1127,132081_761d26ad_0,0.0003570186672732234,0.9904431700706482
1128,82906_7b72e0e8_2,0.0012228857958689332,0.9659306406974792
1129,92649_26fe8262_0,0.0008258353918790817,0.6189877986907959
1130,21803_8a36dcda_11,0.0022461216431111097,0.9395862817764282
1131,30637_f6324fc6_5,0.00010375320562161505,0.31329596042633057
1132,105560_a6f91315_12,2.0148676412645727e-05,-1.8220443725585938
1133,41737_d80c34b9_0,0.0043169488199055195,0.742082953453064
1134,34983_439766af_12,0.0004739107971545309,0.9533808827400208
1135,122755_60c41889_10,7.190694304881617e-05,-0.15234386920928955
1136,76879_65a30a82_2,0.006560049019753933,0.9413207173347473
1137,89816_cef36e57_4,0.0008959360420703888,0.9852251410484314
1138,49406_100c707b_3,0.00028627237770706415,0.9669914245605469
1139,105560_a6f91315_10,1.2705279914371204e-05,0.7256646156311035
1140,129421_483d2957_5,3.919548180419952e-05,0.8348557353019714
1141,122740_fc5c94eb_33,0.0003896942362189293,0.9880682826042175
1142,135595_656de97a_5,0.0002331701252842322,0.9148396253585815
1143,35740_5322d674_5,1.2322259863140061e-05,-3.2766523361206055
1144,23681_932e722e_18,0.00030671191052533686,0.994194507598877
1145,108244_329b1876_17,1.7311645933659747e-05,-3.0223636627197266
1146,125745_cf468448_6,0.0007091164588928223,0.8332621455192566
1147,138838_c9a9e790_6,0.0004253640363458544,0.9173158407211304
1148,102416_b74464a2_4,1.6905960364965722e-05,-5.705841541290283
1149,30426_2cde26de_21,0.00014093078789301217,0.5810975432395935
1150,137837_9c9f163d_5,0.00022552727023139596,0.7625221014022827
1151,25487_dd2c17e8_15,0.0038155578076839447,0.5026527643203735
1152,21549_18160a0a_4,1.0746898624347523e-05,-0.5170189142227173
1153,21385_601444ba_0,0.0015693004243075848,0.9023752212524414
1154,35233_add576ba_9,0.001674485974945128,0.8906358480453491
1155,55345_c6423351_0,0.0006090747774578631,0.9013955593109131
1156,110697_4b2725f1_0,0.00038543189293704927,0.9910213947296143
1157,109946_242843a6_1,2.91891901724739e-05,0.31192004680633545
1158,34341_d19b12fb_22,5.627187420031987e-05,-5.3976569175720215
1159,23247_bcd1e84f_21,0.00044103298569098115,0.9073959589004517
1160,131765_29b29f08_6,1.140439690061612e-05,0.7530355453491211
1161,21395_7d6fda6f_12,0.00039045055746100843,0.6582744717597961
1162,135460_6471e973_15,0.0003425284812692553,0.8874843120574951
1163,51741_49d61151_7,0.0007407744415104389,0.9732334017753601
1164,28382_90b7cc0c_12,0.0002995180548168719,0.8913553953170776
1165,30850_05d88af9_2,0.0020778998732566833,0.9142827987670898
1166,86278_1e55d036_12,0.00022103189257904887,-0.6451808214187622
1167,67240_525e92c1_1,0.0007902653305791318,0.36588019132614136
1168,82002_ef2b4feb_6,0.000637929595541209,0.98774254322052
1169,53364_ec8aad42_1,0.00509676756337285,0.7810022234916687
1170,135771_b030a25c_17,0.0006477450369857252,0.2507020831108093
1171,135906_29d7b495_1,0.00014616272528655827,0.7386833429336548
1172,21822_7d3db422_38,0.0005136366817168891,0.47889596223831177
1173,81136_5b86c723_1,4.5771455916110426e-05,0.6638690233230591
1174,25473_0991d519_2,0.002608488081023097,0.9548713564872742
1175,73405_94381b7c_5,0.001714093261398375,0.7118796110153198
1176,24009_c40b0d48_2,0.0007514134049415588,0.9769243001937866
1177,22162_439af02a_1,0.0004274361999705434,0.9915953874588013
1178,146159_f3f80701_0,0.002057498088106513,0.451404869556427
1179,51895_5760b481_15,0.0035888536367565393,0.9618027806282043
1180,33500_e58e287e_1,0.005108802579343319,0.7621927261352539
1181,31838_2e4bd173_0,0.0019290235359221697,-0.2894473075866699
1182,146137_92faaea5_18,3.9428501622751355e-05,0.6548687219619751
1183,124879_2257a334_2,0.0001206466113217175,-0.3241424560546875
1184,144145_510eedc2_7,0.0008065080619417131,0.9850534796714783
1185,21237_7887a24b_78,0.0007020427729003131,0.9389486312866211
1186,82297_93739ce0_6,0.0012294640764594078,0.5958436727523804
1187,51536_a18dc325_31,0.0002610984956845641,-0.26556599140167236
1188,93103_fdb9fcb7_7,0.0010754379909485579,0.861182689666748
1189,24590_415f7013_9,0.00038576306542381644,0.9285252690315247
1190,130659_16f2db4c_0,0.00022189407900441438,0.9265934228897095
1191,23083_fdb942ac_2,0.0005225577624514699,0.9781966209411621
1192,23954_a8c09819_2,0.00048282157513312995,0.9906368255615234
1193,30417_0010bc7c_13,0.0006545488722622395,0.9417959451675415
1194,120535_e304dfca_1,0.0010206520091742277,0.9251352548599243
1195,93199_2146e709_9,0.0009630208951421082,0.7788659334182739
1196,23686_cba4f679_15,0.002732611494138837,0.9387521147727966
1197,40807_58058731_20,0.0035446209367364645,0.9643234610557556
1198,94410_d32e7520_35,0.004437258001416922,0.8895191550254822
1199,79695_fd8bae0e_0,0.002538580447435379,0.35448259115219116
1200,129422_621d0a90_35,0.0018962639151141047,0.10939574241638184
1201,44932_16cb7f21_5,0.0029316721484065056,0.9169674515724182
1202,136550_8a8672e5_1,0.0003005325561389327,0.9156321883201599
1203,20495_e8e7e80c_3,0.0009389960905537009,0.9832056760787964
1204,31962_e5291336_50,0.0011509768664836884,-0.09795868396759033
1205,24888_5be1de05_1,3.158938488923013e-05,0.39919614791870117
1206,34114_7e58a97d_10,0.002881703432649374,0.8892125487327576
1207,108433_37a79370_0,0.0029394561424851418,0.7402603626251221
1208,22844_9b75b8e0_1,0.0007957378984428942,0.9669914245605469
1209,115637_b4d41e8a_0,0.0011117029935121536,0.8923802375793457
1210,53474_f29e4438_15,0.011007793247699738,0.6868607997894287
1211,26766_1aaa348c_0,0.0007844165083952248,0.8886513710021973
1212,51940_67bb0219_7,0.0011513279750943184,0.8118553161621094
1213,41714_1d49f4d1_13,4.1534418414812535e-05,0.8362106084823608
1214,21815_7090778f_9,0.003184476401656866,0.7386646866798401
1215,32843_8e5bdf24_0,0.0015521692112088203,0.9312276244163513
1216,23686_cba4f679_10,0.0007907977560535073,0.9014562964439392
1217,114425_891ab08d_0,0.004830791149288416,0.39765822887420654
1218,41786_02d48cdd_5,0.001386171905323863,0.7855000495910645
1219,22895_4533b542_1,0.000658129109069705,0.9622803330421448
1220,49016_cd1b47bf_6,0.004144357051700354,0.8687157034873962
1221,51674_a70c1c6c_3,8.508460450684652e-05,0.8639382719993591
1222,52972_6e5a5ada_11,0.0010340951848775148,0.9561069011688232
1223,120700_d818883a_8,0.00020053770276717842,0.728479266166687
1224,34530_9525ffcd_0,0.0011482328409329057,0.9784071445465088
1225,24355_99bf3f8f_1,0.0001523901883047074,0.7048867344856262
1226,56250_3b6024e3_46,0.004000576678663492,0.9292657971382141
1227,56355_727ca47c_3,0.0009174685692414641,0.7784622311592102
1228,35057_9af89947_1,0.0007336204871535301,0.8848204612731934
1229,120881_a946667f_13,0.0001374519051751122,0.810637891292572
1230,143021_c6df0146_5,5.573727685259655e-05,0.6896302700042725
1231,69240_dc199112_3,0.0010042466456070542,0.0859941840171814
1232,41733_1ec9b00c_15,0.0007867046515457332,0.8361704349517822
1233,30298_24191733_2,4.3065872887382284e-05,0.7021721601486206
1234,30400_8824ce97_18,0.00038684409810230136,0.9192244410514832
1235,37040_ecbcd25e_36,0.0004965581465512514,0.8660756945610046
1236,23035_6087bb57_4,8.048503514146432e-05,0.8795530200004578
1237,38675_6e07d74b_26,0.003900993149727583,0.94602370262146
1238,31751_e37382e1_9,0.0003941716277040541,0.9579709768295288
1239,54601_e1da5b93_4,0.0002670210669748485,0.9946877360343933
1240,142999_171240b6_29,0.0005393711035139859,0.9591141939163208
1241,137646_14bca880_0,0.0007559660007245839,0.9301860332489014
1242,37519_442dc408_1,9.492912067798898e-05,0.8839946389198303
1243,47195_a8cd8bad_6,0.0008505210280418396,0.9459150433540344
1244,22474_b10fea1a_6,0.0017148726619780064,0.8022168278694153
1245,53200_d1e30b87_10,0.00028719386318698525,0.9500256180763245
1246,41472_f9d73638_9,0.00010942591325147077,0.8875267505645752
1247,126397_cc08a23d_1,9.871832298813388e-05,0.839786171913147
1248,31838_2e4bd173_4,0.0007295438554137945,0.9869940876960754
1249,52006_d21e4570_7,0.0007787840440869331,0.8456251621246338
1250,62109_08c31aa8_0,0.00113680399954319,0.7974328398704529
1251,49403_458914df_0,0.0004797130823135376,0.7166391015052795
1252,122914_76ff1f5e_2,5.2186238463036716e-05,-3.644716739654541
1253,34913_d23e2a24_2,0.0013659290270879865,0.3887906074523926
1254,104641_2cd02839_15,8.702791092218831e-05,0.7485092878341675
1255,131632_6144b102_1,0.0010118198115378618,0.9879537224769592
1256,30850_05d88af9_0,0.000456356123322621,0.9641925692558289
1257,86296_8a6ed4d3_7,0.00027970634982921183,0.13849639892578125
1258,34983_439766af_7,0.0011520801344886422,0.9835870862007141
1259,33374_7491cbf8_2,0.004319941159337759,0.9582032561302185
1260,50694_afd26bd5_10,0.001157771097496152,0.9875673055648804
1261,50292_e84db1fb_8,0.0002154888497898355,0.2646600008010864
1262,81367_622a9e51_2,0.00032694157562218606,0.9179033637046814
1263,78966_584c5305_0,0.0005920339026488364,0.6913022398948669
1264,79905_623eae86_1,0.005897277034819126,0.9517067074775696
1265,63055_6b907478_15,0.0005187666974961758,0.9586180448532104
1266,135771_b030a25c_4,0.0003565496299415827,0.5510941743850708
1267,41753_9b4f8d8a_0,0.00027715592295862734,0.9945583939552307
1268,80784_f7ec5f70_1,0.0007336046546697617,0.875694990158081
1269,33607_c6f31fa6_10,0.001749541494064033,0.7857402563095093
1270,22225_a3ce4d29_42,0.0007080648792907596,0.9239090085029602
1271,51938_8b9cba89_5,0.0032386360689997673,0.9321283102035522
1272,44741_f386a08f_4,0.0010011853883042932,0.9702847003936768
1273,70021_e673ae54_4,0.0005076143424957991,0.9917612671852112
1274,55135_f1186d58_7,0.0009257732308469713,0.9170228838920593
1275,31856_2a5a4e32_12,0.001954863779246807,0.8915587663650513
1276,75303_045fc848_4,0.0005552631919272244,0.9146834015846252
1277,129683_3ad38815_10,0.002829792210832238,0.9669087529182434
1278,21894_93f0d052_24,0.0007947638514451683,0.9357249140739441
1279,143823_1b04bf80_13,0.0012400897685438395,0.9105149507522583
1280,143823_1b04bf80_18,0.0003370739577803761,0.6738795042037964
1281,111863_c925f4f3_2,0.0001089359211619012,0.8960535526275635
1282,104633_d0a15bd3_6,0.00159386545419693,0.8663487434387207
1283,48832_22363e53_33,0.0008325992384925485,0.9775106310844421
1284,127466_a18ae326_1,0.0010786171769723296,0.5936335325241089
1285,22211_b1ee53f0_12,0.0014537208480760455,0.9392520785331726
1286,137837_9c9f163d_6,0.00048793366295285523,0.8671116828918457
1287,122755_b830e22d_17,3.80096462322399e-05,0.5743064880371094
1288,21299_e9cd80a6_12,0.00029522794648073614,0.6040980815887451
1289,44920_70dd4b80_11,0.0005124000017531216,0.9768183827400208
1290,52987_387431ac_7,0.0012006835313513875,0.9634300470352173
1291,147926_b78316a8_10,0.00010227016173303127,0.9103994369506836
1292,144653_e3eccdf1_50,0.0001325923076365143,0.9116598963737488
1293,56458_c027ed41_0,0.000773550127632916,0.9039779305458069
1294,23495_6366269c_11,0.0003993718128185719,0.992057740688324
1295,70883_e2d6a103_2,0.001692861202172935,0.9748470783233643
1296,32743_f4c47bbc_34,0.0006308400770649314,0.6323227882385254
1297,30910_38ea5a06_2,0.00019448217062745243,0.9670159816741943
1298,56476_466fc284_17,0.003275454044342041,0.9322502017021179
1299,22604_0b4ffb43_62,0.0005231311079114676,0.9781728982925415
1300,21534_6367be99_0,0.0010339710861444473,0.6740553379058838
1301,133026_1085532d_1,0.0006251957966014743,0.8411115407943726
1302,137828_0b0786fb_1,0.0018388594035059214,0.9646487236022949
1303,55627_971fde61_27,0.00034846883499994874,0.9560099840164185
1304,93869_8b1922a3_0,0.00080207729479298,0.9353146553039551
1305,24393_9acd18c6_3,0.0007381759933196008,0.9862256050109863
1306,44996_b3e9c266_14,4.4969492591917515e-05,0.824012279510498
1307,55300_b9675d43_1,0.0004325257323216647,0.9915075898170471
1308,113352_879844fe_0,0.0006411193171516061,0.9738930463790894
1309,135317_3c58b0d0_9,0.0002415800845483318,0.776781439781189
1310,115624_fe3eb392_1,0.0060069020837545395,0.718675971031189
1311,63055_6b907478_21,0.0005704974173568189,0.9791948795318604
1312,40421_032c052f_0,0.0005718636093661189,0.9130766987800598
1313,143029_70554264_3,0.00016085761308204383,0.7244323492050171
1314,145117_78f63de3_0,0.0006155859446153045,0.8416776657104492
1315,128996_35f2006e_0,0.00010988184658344835,0.45051759481430054
1316,54503_fc6c6963_1,0.0004595995997078717,0.9419525861740112
1317,24657_0168dc6b_1,0.0005372026353143156,0.9868510365486145
1318,130524_13ad16a8_0,0.009173497557640076,0.954638659954071
1319,142670_33c641dc_3,0.00024125324853230268,0.9083446860313416
1320,65375_674ff0b9_11,0.0013482439098879695,-0.22748196125030518
1321,23168_7fdf5427_3,1.3849691640643869e-05,-5.3265380859375
1322,41717_ab2075ac_0,0.0011098277755081654,0.9592516422271729
1323,21739_57582b8f_4,0.00048706313828006387,0.9714245796203613
1324,143293_fc5b0ff7_30,0.0007353374385274947,0.9799469113349915
1325,135906_587b5c3d_0,0.0003248986031394452,0.8038116693496704
1326,138685_fd9b79cd_0,0.0003901455784216523,0.6880329847335815
1327,119921_5621fcb4_0,0.00030943306046538055,0.9477593898773193
1328,49403_458914df_5,0.000548555632121861,0.9374822974205017
1329,73525_7f6b2f67_2,0.0001398790773237124,0.7759632468223572
1330,136994_a3a2f50f_3,0.0010316430125385523,0.8838011622428894
1331,31838_2e4bd173_1,0.0030125430785119534,0.9347965717315674
1332,35866_d0233b36_6,0.0004326073976699263,0.9926249384880066
1333,53053_d6b4d71c_9,0.0017958045937120914,0.9533759355545044
1334,90220_7baf1e18_1,0.00028605081024579704,0.6138541102409363
1335,23364_73dd9d4d_10,0.0001164055138360709,0.8326997756958008
1336,52987_387431ac_3,0.0004357083234935999,0.9641153812408447
1337,51859_6b2fd0f1_4,0.00036345297121442854,0.7979429364204407
1338,51708_867d4509_12,5.068012615083717e-05,0.5609967708587646
