case_num,case_name,MSE,R-Square
0,50417_199cffee_13,0.01058879867196083,0.9175189733505249
1,48516_2b3135bf_11,0.003090805606916547,0.8955004215240479
2,41733_1ec9b00c_31,0.004828350618481636,0.5316485166549683
3,31664_1e85c690_0,0.0015545302303507924,0.9164221286773682
4,21893_0500d043_18,0.0013749038334935904,0.9720466732978821
5,31607_9a2f8140_6,0.002790129045024514,0.9063483476638794
6,41774_88a7a483_18,0.0009171236306428909,0.776125431060791
7,42143_51b31600_4,0.00016251877241302282,0.6716161370277405
8,23104_3b70eba4_13,0.0013731310609728098,-1.2588691711425781
9,129075_8fbf62e5_2,0.0003200212959200144,0.15549355745315552
10,41624_a15f83c1_13,0.0001202289349748753,0.9409620761871338
11,36088_1ea9c8a9_12,0.0012528609950095415,0.9707720279693604
12,126477_6596d136_14,0.0008617966086603701,0.21884936094284058
13,130441_10c43121_0,0.007683224976062775,0.9608594179153442
14,133385_e6aa64d8_21,0.00032199869747273624,0.7887482643127441
15,26398_b99946da_1,0.007887793704867363,0.8962618112564087
16,61198_0c99f50a_4,7.941766671137884e-05,-4.003049373626709
17,26661_ab88a525_0,0.0005705039366148412,0.3406308889389038
18,129075_8fbf62e5_1,0.0018398923566564918,-0.7375235557556152
19,51891_9455ea02_1,0.010071673430502415,0.8401808142662048
20,34770_6bba5bd4_13,0.0024360492825508118,0.9521704316139221
21,21646_a2dd0d00_53,0.001502314698882401,0.8751243948936462
22,68909_4ae1bc2e_1,0.0002991673245560378,0.7188510894775391
23,27866_ece3076e_109,0.0013560574734583497,0.7861678600311279
24,92134_52f13f49_6,0.0003905039047822356,0.7749490737915039
25,23342_7193a931_1,8.809693827060983e-05,0.8777274489402771
26,126572_a2d6f794_14,2.3668115318287164e-05,-1.379364013671875
27,44344_3e0b0b0c_1,0.00010419580212328583,-13.430830955505371
28,49331_3bf3bb84_4,0.001403843518346548,0.9743027091026306
29,33971_46bb0373_0,0.00361807644367218,0.5378378629684448
30,21517_bfe35b4c_1,0.00029179584817029536,0.5767759680747986
31,23165_369d62aa_6,0.0019082778599113226,0.9769830703735352
32,81846_2907c980_0,0.002433061134070158,0.8919973373413086
33,24168_a0ede173_111,0.0033236185554414988,0.6717262268066406
34,53461_a5942665_1,0.0019103552913293242,0.9291473031044006
35,24907_c72322ea_13,0.0004177697701379657,0.8423608541488647
36,133424_315bcaeb_7,0.00024196294543799013,0.6868901252746582
37,40490_916e13fe_0,0.0014733989955857396,0.9541071057319641
38,38000_b5822e44_3,0.0021054388489574194,0.9680898189544678
39,138520_f4e0bc0b_63,0.0007807040819898248,0.2551720142364502
40,61294_9255796d_3,0.00012115464778617024,0.7733027935028076
41,22176_272891b8_0,0.0005977506516501307,0.6967883110046387
42,24815_4f2a57e4_1,0.0022846870124340057,0.932913064956665
43,113343_e692c488_1,0.00017403341189492494,0.7373698353767395
44,33995_18423507_1,0.0006364788278006017,0.14260488748550415
45,127897_029949fd_6,0.0022279145196080208,0.955450713634491
46,123181_4e56fb4f_0,0.0015266413101926446,0.977883517742157
47,22670_9353c710_1,3.830759669654071e-05,0.7665411233901978
48,128642_4d72bf31_2,0.0005044944118708372,0.7267136573791504
49,146667_fe438b5b_6,0.012253819033503532,0.25167644023895264
50,38260_2a31c6df_2,0.0016946595860645175,0.761167049407959
51,24443_996411f9_3,0.003421825123950839,0.9223484396934509
52,142074_34e02b6d_1,0.00040142095531336963,0.879780113697052
53,41501_b627682a_15,0.001804029569029808,0.8423514366149902
54,24712_da77fe8f_0,0.0008738945471122861,0.9836496710777283
55,32960_0eaa1de8_26,0.0011343740625306964,0.9789890050888062
56,130757_b2c47f8d_2,9.619673801353201e-05,-1.875002145767212
57,104817_6d73dc41_0,0.002872155513614416,0.6782126426696777
58,79243_49539d9f_0,0.002611736999824643,0.9437333941459656
59,82012_c533307b_1,0.0002762580697890371,0.7426558136940002
60,107649_e651c5ca_1,0.00015092070680111647,-0.052441954612731934
61,40997_e3c88650_12,0.0014316549059003592,0.9632775187492371
62,143029_70554264_4,0.0010912285652011633,0.8508318662643433
63,27054_342fcf5c_3,0.000325557601172477,0.6602147221565247
64,41648_577daf16_17,0.0003597853356041014,0.8638033270835876
65,89720_4e65191c_1,0.0023071870673447847,0.9441079497337341
66,75382_1b589ea9_12,0.0001350537349935621,0.6139339208602905
67,120371_433ba1ca_2,0.0004863250651396811,0.9575865864753723
68,49024_b7f02205_13,0.00136878143530339,0.9395427703857422
69,51022_47816098_7,0.00406106049194932,0.9582989811897278
70,41634_4f5d0edb_0,0.0001626078155823052,0.6748475432395935
71,23170_6ea8ded5_3,0.0015414536464959383,0.9742036461830139
72,69589_cd2fa794_8,0.0026502045802772045,0.8267129063606262
73,41504_85e300ee_0,0.0018183548236265779,0.7517225742340088
74,128996_42176b10_0,0.0018712033051997423,0.8485483527183533
75,38920_e81879c2_7,5.228540612733923e-05,-61.8847541809082
76,148051_c59af578_6,0.0005679297028109431,0.9845324754714966
77,65494_16d62db5_0,0.00023199952556751668,0.6891196966171265
78,25473_0991d519_0,0.001537505304440856,0.9638784527778625
79,75270_25a261ef_5,0.0006236869958229363,0.937768816947937
80,49613_1b97c07b_12,0.00013518631749320775,-0.43579423427581787
81,115633_a2c63339_1,0.0002172442473238334,0.9357434511184692
82,52366_63042db4_1,0.0014895761851221323,0.9660977125167847
83,30282_88c6933c_5,0.00108678312972188,0.869985044002533
84,53474_f29e4438_12,0.001778565812855959,0.9417722821235657
85,24026_1dd4094b_21,0.0013671992346644402,0.8440437316894531
86,21225_c081eae3_2,0.001666020485572517,0.7797865867614746
87,35057_9af89947_8,0.0007230386836454272,0.4191931486129761
88,43529_4804941b_20,0.0004278004344087094,0.9869627356529236
89,22103_fd11c71b_3,0.000428160245064646,0.9465358257293701
90,51536_a18dc325_0,0.0013050384586676955,0.9307390451431274
91,24230_636208ab_13,0.00140511360950768,0.13714706897735596
92,41117_1b3271f2_56,0.009875616990029812,0.8475048542022705
93,140499_419d5823_0,0.0003619068884290755,0.9687157869338989
94,115524_a949e82c_2,0.00018192378047388047,0.29133182764053345
95,29833_0ed4880f_3,0.002456887625157833,0.9557946920394897
96,127556_4823a42a_6,0.0008136568940244615,0.8633237481117249
97,23960_48cc0f21_19,0.00028485729126259685,-2.9945027828216553
98,132987_ba18d2eb_11,0.0002951714850496501,0.4347858428955078
99,51337_f8636fd9_30,0.000464400538476184,0.47528916597366333
100,40999_cad6be09_18,0.0023776674643158913,0.9437861442565918
101,136886_99fbdef3_0,0.0001748264185152948,0.6999880075454712
102,30447_4ed3b778_7,0.00732880225405097,0.972998857498169
103,55811_bc667b2d_13,0.002094759838655591,0.20252931118011475
104,41716_d55164d4_1,0.00041870345012284815,0.8534657955169678
105,33610_aa697fc9_6,0.0010751648806035519,0.9206392765045166
106,55095_fa260d33_6,0.0021231514401733875,0.9440351128578186
107,115639_bc0cc622_0,0.005240983329713345,0.6162722110748291
108,20841_1620ae7d_0,0.0010694133816286922,0.8527697324752808
109,50823_d1830e58_2,0.0032412149012088776,0.35838162899017334
110,109762_cb162371_48,0.001207622466608882,0.5756385326385498
111,41387_5f752e39_23,0.0031825555488467216,0.8823034763336182
112,121540_629c716f_0,0.0027498879935592413,0.8835917711257935
113,118539_1dff9cf9_12,0.00012496615818236023,-8.139436721801758
114,30714_dafa62f6_2,0.00444264430552721,0.9418767094612122
115,79633_bbbde75f_0,0.002097740303725004,0.9488388895988464
116,33059_531cfd5e_11,0.0021635997109115124,0.6459118127822876
117,20697_d3e106b4_4,0.0001623769785510376,-0.36372804641723633
118,136062_0027ff97_6,0.001151532051153481,0.8937606811523438
119,146291_6b0c8db3_1,0.004417831543833017,0.8971855640411377
120,45466_5f662bcb_0,0.00016252236673608422,0.6653681993484497
121,144500_7f600ab6_0,0.0007684587617404759,0.9289384484291077
122,44996_b3e9c266_4,0.0004538405337370932,0.9041407704353333
123,40713_4c9264ef_0,0.001285481732338667,0.8284866809844971
124,132384_0fcab1fa_13,0.000445741432486102,0.5204817652702332
125,33738_77d49563_2,0.00024212137213908136,0.7185659408569336
126,129422_621d0a90_33,0.0004325633926782757,0.7964166402816772
127,115633_fd3c9b97_32,0.00018077345157507807,0.2592476010322571
128,69337_a122ffde_1,0.0008014828199520707,0.9180827736854553
129,37241_29f91452_0,0.0019911788403987885,0.9539373517036438
130,141199_9ae000ef_6,0.0017412855522707105,-0.471882700920105
131,147133_92c04b84_4,0.0013634193455800414,-0.19914424419403076
132,77687_cbb18594_50,0.0020421158988028765,-0.4095590114593506
133,144290_2a679085_11,5.162289380677976e-05,0.8479630947113037
134,130825_c59bbbfb_0,0.0029350174590945244,0.9248906373977661
135,82512_252da752_6,5.147124102222733e-05,-78.63152313232422
136,115624_d0acb46b_24,0.0022033662535250187,0.9760931134223938
137,92134_52f13f49_7,0.0004617147787939757,0.7103197574615479
138,100326_0602c712_7,0.0005777428159490228,0.08929324150085449
139,134630_f9e85072_0,0.0013617102522403002,0.6865239143371582
140,108943_b07b2543_1,0.001327682170085609,0.7810618281364441
141,125416_ab456bc3_5,0.0016651490004733205,0.8586262464523315
142,57222_33b428d7_69,0.0002792272134684026,0.7207305431365967
143,24650_dad8c8ee_13,0.0029801216442137957,0.9471942186355591
144,41749_14d0599c_1,0.0014666169881820679,0.7818318009376526
145,49396_98ab955d_27,0.00010479272168595344,0.9315840005874634
146,136892_e2a0b32c_4,0.0001721709268167615,-3.4271507263183594
147,31962_e5291336_28,0.0035611693747341633,0.9222798943519592
148,34231_e27353cb_0,0.00034792113001458347,0.6341928243637085
149,112724_d334de09_0,0.001812739996239543,0.9718254208564758
150,56486_82b3e23a_21,5.807690467918292e-05,0.32465535402297974
151,40500_6055e3d7_17,8.648380753584206e-05,-1.9093778133392334
152,39468_15fb2e60_43,0.00027060211868956685,0.5584567785263062
153,141710_17531562_7,0.0011179123539477587,0.9684051871299744
154,33529_756075a0_12,0.000995245878584683,0.8050308227539062
155,54169_3a875f10_8,0.005063430871814489,0.8664469718933105
156,41023_5445cb61_9,0.0009155547013506293,0.19479376077651978
157,146380_5c569eeb_2,0.0010528034763410687,0.434146523475647
158,24195_9791f5d3_38,8.249488746514544e-05,-0.6267606019973755
159,26573_7f7e176d_2,0.01515141874551773,0.8656117916107178
160,22734_f6bad9f7_25,0.005572251509875059,0.9102184176445007
161,48112_9538e204_0,0.0021853200159966946,0.9566212296485901
162,127545_6fa39158_10,0.0017773634754121304,0.9861787557601929
163,23788_5c0b60c6_0,0.00024716739426366985,0.8702153563499451
164,23792_5b4c1ce0_21,0.003456179751083255,0.8909435868263245
165,146067_46e58ab3_1,0.009096363559365273,0.9422881603240967
166,101072_dec6f415_3,0.0003859494754578918,0.8230839371681213
167,22829_b6649a29_0,8.580968278693035e-05,-0.4228179454803467
168,55389_a736bd99_0,0.0025738952681422234,-0.36723995208740234
169,30259_d709601c_9,0.010173962451517582,0.7101667523384094
170,35866_d0233b36_13,0.00014636022388003767,-0.5541324615478516
171,34563_52848c45_5,0.00021239239140413702,0.9140291810035706
172,44519_90af0df6_7,0.004061421379446983,-0.18476581573486328
173,114111_59282658_8,0.0004479245690163225,0.8467282056808472
174,45922_26941172_15,0.004261302296072245,0.9286667704582214
175,41303_bd1def52_3,0.0005560876452364028,0.8593916296958923
176,22053_de30641b_1,0.00012908203643746674,-0.9759793281555176
177,22298_51433023_4,0.0022560313809663057,0.9508461356163025
178,23479_81a49137_0,0.002334064804017544,0.15209001302719116
179,22225_a3ce4d29_37,0.004971979185938835,0.9311627745628357
180,135669_490cd2d7_14,0.008723328821361065,0.5321084856987
181,32173_8b075b1a_4,0.0019478286849334836,0.9684498310089111
182,145119_24107428_5,0.0016880601178854704,0.8719552159309387
183,41774_88a7a483_36,0.00011923201236641034,0.9387210607528687
184,133549_1b6c58d6_0,0.002135642571374774,0.9545462131500244
185,40936_6de8f4f4_0,0.011182651855051517,0.9302403926849365
186,23008_3d1bb7b2_0,0.003324566874653101,0.9522989988327026
187,38360_ad61c9b2_1,0.0005171316443011165,0.6640087366104126
188,136109_3d342d3c_2,0.0014817975461483002,0.9404280185699463
189,135790_a27f9deb_11,0.00020976185624022037,0.7398759722709656
190,140249_7c1c5bba_0,0.0002129551867255941,0.7407723069190979
191,128996_a3d026d6_0,0.0018416239181533456,0.6226035952568054
192,23235_f9ccb8b0_0,0.0007111569284461439,0.4391721487045288
193,93671_f7290ded_0,0.0008235137793235481,0.5120123624801636
194,51109_97b211c3_7,0.0004478854243643582,0.9452605247497559
195,51916_fa226b15_13,7.267103501362726e-05,0.8429777026176453
196,86268_094d3fab_1,0.0008164501050487161,0.9836744070053101
197,39637_ca6a9a60_1,0.0027847341261804104,0.6556093096733093
198,47219_93cb3619_3,0.008726276457309723,0.8462997674942017
199,47878_0edb6829_0,0.001501517603173852,0.9732962846755981
200,26764_ab35159a_6,0.00277132261544466,0.889380931854248
201,34341_d19b12fb_12,0.00014680183085147291,0.838344395160675
202,118342_c702e084_6,0.0011692870175465941,0.9732896089553833
203,49886_dd68dccb_4,0.0014644080074504018,0.8891212940216064
204,23493_57512264_5,7.185521099017933e-05,0.7734680771827698
205,31751_e37382e1_5,0.0046173944137990475,0.8817272186279297
206,24338_848cab42_6,0.005220193415880203,0.587584376335144
207,24916_42eacca3_10,0.0005896481452509761,0.6814305782318115
208,137485_a953e1be_2,0.0022012668196111917,0.9559856057167053
209,23706_ef15ef9c_18,0.0016949253622442484,0.8875707983970642
210,143671_eaf4d13b_6,0.004328369162976742,0.9339603185653687
211,53470_39f2e9dc_13,0.0005654750275425613,0.2833772897720337
212,145772_59253c6d_3,0.0002460795803926885,0.6532506942749023
213,51893_d531e2bd_2,0.0015121180331334472,0.9670760631561279
214,39389_d641313f_8,0.005666576325893402,0.7837854027748108
215,51595_41f3d1a3_5,0.0004440698539838195,0.5784173011779785
216,51674_a70c1c6c_15,0.0002977314288727939,-0.1342698335647583
217,37617_3f415463_5,0.0002082223363686353,0.8420705795288086
218,31862_a89f21f9_3,0.0011568361660465598,0.9656209945678711
219,40519_55a097c6_11,0.003820384619757533,0.7772506475448608
220,111306_9108c940_0,0.0022281520068645477,0.5735979080200195
221,136640_16741d62_4,0.0003472336975391954,0.7637061476707458
222,23155_d7305c5f_2,0.015939177945256233,0.6771421432495117
223,43934_912ff891_41,0.000222781251068227,-0.06199169158935547
224,57017_6033d1e5_0,0.0016200841637328267,0.9184374809265137
225,126913_d253adb7_1,0.000747827289160341,0.7009326815605164
226,130752_52d74f2f_48,0.0017912858165800571,0.8792484998703003
227,124177_71283cad_0,0.00105579593218863,0.9185868501663208
228,24650_dad8c8ee_18,0.0034135172609239817,0.9127427935600281
229,55199_4d57661f_2,0.003966738935559988,0.7625254988670349
230,115010_eb737aaf_20,0.0013487713877111673,0.9741723537445068
231,27855_19c5895a_12,0.0012579179601743817,0.34022635221481323
232,52772_a6e6e320_0,0.00026579987024888396,0.6432983875274658
233,90917_3d2d21a9_0,0.004478080663830042,0.8975815176963806
234,40703_5f4e45d4_7,0.0006707568536512554,0.9866936802864075
235,132622_911efd2f_1,0.007297361269593239,0.8907697200775146
236,43441_e1ab0873_6,0.0222903024405241,0.6481113433837891
237,34917_61633e20_6,0.002123553305864334,0.9539614319801331
238,67221_275ba7e6_4,0.00134106760378927,0.9730993509292603
239,130719_e4764a36_10,0.0005424903356470168,-0.18296313285827637
240,136318_130d6a06_20,0.0013287116307765245,0.8788061738014221
241,99636_73c43ebd_10,0.0019787282217293978,0.9466086030006409
242,29377_3a04cb8d_6,0.0012539154849946499,0.817067563533783
243,23018_63087a41_47,0.0019390493398532271,0.946923553943634
244,26165_100fec74_4,0.0001805981301004067,0.4317493438720703
245,135934_d2f6bb2e_46,0.0003525000356603414,0.8288834691047668
246,24039_448afafa_5,0.0017083983402699232,0.9176644086837769
247,32775_a79b406b_14,0.004363222513347864,0.4440479278564453
248,23686_cba4f679_0,0.0028076553717255592,0.7337286472320557
249,35147_bc9f2c5d_0,0.0025655385106801987,0.5858423709869385
250,136337_1351909b_2,0.006784216035157442,0.8388578295707703
251,139222_2c10ca9a_1,0.0018748497823253274,0.8387123942375183
252,139379_fe5c3f64_0,0.0011649263324216008,0.9570524096488953
253,33084_344fec27_2,0.0008263547788374126,0.9844450354576111
254,24775_d5c98d77_0,7.239638944156468e-05,-1.2317368984222412
255,56344_3a89f085_23,0.00044652746873907745,0.9586157202720642
256,135112_cf8007b8_5,0.00255779386498034,0.9370198249816895
257,50706_20d07d57_2,0.006680809892714024,0.9359797239303589
258,51744_cd355565_5,0.005242100451141596,0.8429892063140869
259,51464_da501c24_0,0.003923065960407257,0.22676050662994385
260,126572_a2d6f794_23,3.520193058648147e-05,-0.21832692623138428
261,70021_e673ae54_2,8.318824984598905e-05,0.8801394104957581
262,25144_31b089b6_5,0.0008336799801327288,0.6223838329315186
263,24715_55aac5f2_2,8.771128341322765e-05,-6.301955699920654
264,24532_f82f8000_2,0.002251098630949855,-0.8223506212234497
265,30664_a3084f71_1,0.0014803871745243669,0.38106828927993774
266,81145_5c13a8e9_1,0.00044082358363084495,0.5497426986694336
267,132037_2abb8c63_10,0.00014871865278109908,0.3163682222366333
268,50414_ac159b58_2,0.0006859468994662166,0.975070595741272
269,21601_360ce1c7_7,0.001279940246604383,0.9767389893531799
270,22119_27e3ecbe_9,0.0017149180639535189,0.9468213319778442
271,145120_74f7316f_0,0.00823089201003313,0.6278692483901978
272,74574_c302ff1f_0,0.0002557425759732723,0.6641005873680115
273,52443_085efc00_4,0.0007941851508803666,0.7405004501342773
274,147546_ede0f31c_3,0.0072688153013587,0.8428138494491577
275,22492_047b125b_21,0.0032661319710314274,0.9241951107978821
276,72313_5a86e234_0,0.013144399039447308,0.7489088177680969
277,45589_49e3c7ea_2,0.000955956696998328,0.9711740612983704
278,83432_a7f85698_0,0.0007350115338340402,0.9834908246994019
279,32775_a79b406b_0,0.00017769412079360336,-0.7112109661102295
280,121703_69c4a5ac_3,0.0001953528553713113,0.29217618703842163
281,80901_e9080573_6,0.0019849734380841255,0.9225360751152039
282,21809_8bd6b10e_3,0.009416447021067142,0.7927438020706177
283,49396_98ab955d_15,0.0012431113282218575,0.8814703226089478
284,33766_14917a4a_19,0.0030083239544183016,0.9330653548240662
285,26661_ab88a525_8,0.000633964198641479,0.9822276830673218
286,44030_17bd5ec9_0,0.001667688018642366,-1.0501000881195068
287,53221_74fa81cd_7,0.0005217833095230162,0.5489616990089417
288,21887_3306168f_7,0.0038713535759598017,0.6142591238021851
289,86185_85fde9e6_0,0.0006740278913639486,0.8969880938529968
290,87951_500b1dcd_2,0.00028811811353079975,0.6915685534477234
291,22276_69c5036b_11,0.004403616301715374,0.884784996509552
292,41721_44151488_5,0.001986881485208869,0.8160263299942017
293,102293_5d04e48d_0,0.011473435908555984,0.45563244819641113
294,77687_cbb18594_20,0.00029168123728595674,0.5953978896141052
295,133248_1bab99ae_0,0.0027330094017088413,-0.20476830005645752
296,24051_4852a192_2,0.0009388593607582152,0.9677751660346985
297,86806_2993395a_1,0.00029851181898266077,0.7465837001800537
298,38558_b0d6b3f8_1,0.002061741193756461,0.9576833248138428
299,140549_7d01813c_0,0.0132248904556036,0.5804804563522339
300,24559_3c306e71_1,0.0012841298012062907,0.8024890422821045
301,70350_751de4b0_13,0.004733588080853224,-0.9282011985778809
302,39101_23fec10f_8,0.001960418187081814,0.7914334535598755
303,24942_9d1b2ff2_8,0.0029496389906853437,0.9656199216842651
304,30850_05d88af9_3,0.0023324708454310894,0.9612137675285339
305,113358_08641c94_4,0.00244386144913733,0.9240589141845703
306,21234_8b71bd47_27,0.0006684828549623489,0.7581580281257629
307,26245_4aac38e1_21,0.00027500567375682294,0.361949622631073
308,66072_d301cc88_0,0.0006083296029828489,0.7369253635406494
309,21894_93f0d052_23,0.0013474220177158713,0.8669112920761108
310,147816_7fb70c2b_2,0.0010335249826312065,0.8915949463844299
311,49120_4131d1e7_1,0.0004822507034987211,0.903450071811676
312,52224_ca16c854_4,0.0034859993029385805,0.5021993517875671
313,105762_19e04e0b_1,0.0003153620637021959,-1.4895069599151611
314,30400_8824ce97_36,0.0017227835487574339,0.7518548369407654
315,95199_ffcff41e_0,0.00024456612300127745,0.7494232654571533
316,50417_199cffee_3,0.00014510730397887528,0.887063205242157
317,24544_d06c82dd_5,0.0037072349805384874,0.9386483430862427
318,22604_565b91f5_2,0.0011143701849505305,0.9535048604011536
319,22788_b6a9e30a_4,0.0006760594551451504,0.8310570120811462
320,45789_d5126eab_14,0.0009389703045599163,0.8081925511360168
321,37267_b2be4b50_3,2.3657203200855292e-05,-1.3804562091827393
322,34330_5eff1ee1_3,0.0016266790917143226,0.81015944480896
323,137999_d934160e_1,0.00010996410856023431,0.1493690013885498
324,134921_f5efde94_27,0.0001476387114962563,0.8642605543136597
325,53470_39f2e9dc_8,0.00018065744370687753,-1.0267374515533447
326,23497_f292546d_25,0.0036243952345103025,0.8493639230728149
327,22289_4b848f64_2,0.0007256350363604724,0.9017231464385986
328,31392_84b62622_2,0.0010709246853366494,0.9107480049133301
329,51347_1fc6f329_0,0.0018558561569079757,0.5830904841423035
330,50777_2934de55_6,0.0006855402607470751,0.9755422472953796
331,32841_954e8c1a_0,0.00011540240666363388,0.8809394836425781
332,31530_6744ae73_3,0.0015735721681267023,0.9769033193588257
333,65827_d1469ad6_1,0.0001727538474369794,-0.29282379150390625
334,145461_30637b22_8,4.927627742290497e-05,-0.9696159362792969
335,31973_093ea963_13,0.0003717987274285406,0.8552622199058533
336,70355_e5f58cd5_14,0.00091222720220685,0.9110351800918579
337,77687_cbb18594_40,0.00037129377597011626,-0.6404159069061279
338,24392_fce351ea_0,0.00036433825152926147,0.8046785593032837
339,36853_7efccb8c_3,0.0013248042669147253,0.8191827535629272
340,41644_d15f8e2b_5,0.0001004814839689061,0.4821949601173401
341,131762_9b5e5ff5_2,0.0016707811737433076,0.8991026878356934
342,82193_96ef9433_2,0.0034726387821137905,0.9458835124969482
343,31347_386f6298_15,0.0038514232728630304,0.9094406962394714
344,34568_fbe47bf9_0,0.0003067217767238617,0.1219944953918457
345,115624_fe3eb392_3,0.007486296351999044,0.8286764025688171
346,130446_e7b58dbe_0,0.00397468963637948,0.8396380543708801
347,104641_2cd02839_33,0.00014641752932220697,0.6801286935806274
348,31460_39fdfc6a_7,0.00252995896153152,0.4305398464202881
349,95541_ced8f936_0,0.0014268968952819705,0.9692469835281372
350,23126_725969ea_17,0.0014292685082182288,0.8489905595779419
351,23676_52069f98_5,4.3782962166005746e-05,0.8351215124130249
352,137637_ed9c537d_0,0.0007610906031914055,0.8118093013763428
353,22474_b10fea1a_2,0.0009642672957852483,0.9766436219215393
354,143017_21d96cc2_10,0.0012358310632407665,0.8218437433242798
355,105270_34f92afd_1,0.00043678778456524014,0.3873717784881592
356,95622_0a0787e4_4,0.003288283245638013,0.9508870840072632
357,55854_13f0399b_0,0.006286980118602514,0.8646847605705261
358,22118_1e09e0eb_5,0.0025083371438086033,0.8930217623710632
359,146717_3e6a84c1_7,0.0022694612853229046,0.9659820795059204
360,63132_330141d7_3,0.0006636192556470633,0.8654143810272217
361,115633_fd3c9b97_46,0.0007056616595946252,-0.45348596572875977
362,21644_aa203dc5_29,0.0006736976793035865,0.8346381187438965
363,79791_00f639ca_15,0.0015142939519137144,0.9745054841041565
364,60711_42b5a13e_1,0.0009372791973873973,0.8962028622627258
365,137483_cdb8989d_0,0.0006901428569108248,0.9855906367301941
366,21644_aa203dc5_26,0.0008293967111967504,0.8568539619445801
367,131876_b2384623_0,0.0005997708649374545,0.6127481460571289
368,23706_ef15ef9c_10,0.0009497191640548408,0.8547084927558899
369,68948_0d2a01cd_9,0.005207608919590712,0.8539426326751709
370,145137_4e9eef42_1,0.0011094900546595454,0.7768545150756836
371,30426_2cde26de_20,0.005361717659980059,0.9389883279800415
372,31378_34c52a73_0,0.00046770344488322735,0.8701575994491577
373,92134_52f13f49_4,0.0007565913838334382,0.4893820285797119
374,119634_fc722479_1,0.0022223948035389185,0.9694232940673828
375,24032_d6172503_24,0.0015575552824884653,0.34787917137145996
376,136401_69f29349_4,0.00012554804561659694,-0.9480053186416626
377,41871_f9a1ad02_26,0.001272405032068491,0.9033849835395813
378,48220_87941c4e_116,0.0019185461569577456,0.7160887718200684
379,115012_9ed88535_2,0.0019678170792758465,0.21403288841247559
380,69488_025cf0a2_1,0.013826954178512096,0.9062679409980774
381,147427_69f68da4_3,7.379739690804854e-05,0.7954609394073486
382,33766_14917a4a_32,0.003254932351410389,0.8829129934310913
383,51747_3d58eae0_0,0.0005769004346802831,0.9225379824638367
384,33785_a4c23f61_0,0.015132028609514236,0.9429132342338562
385,114935_797875fe_2,0.0024315877817571163,0.9115381836891174
386,51775_49ef614a_26,6.679667421849445e-05,0.8812366127967834
387,38196_ea48fa42_3,0.00010415760334581137,-0.2184661626815796
388,140413_44177109_21,7.546186679974198e-05,-0.38101816177368164
389,27676_79237cc5_1,0.0005143781309016049,0.8317228555679321
390,52883_e518d3f4_33,0.0021696838084608316,0.9572592377662659
391,34347_841c5375_2,0.00010798569564940408,-1.195587396621704
392,55289_292737cb_0,0.002768401987850666,0.9468515515327454
393,50606_82cb18e2_0,0.00136440503410995,0.9463765025138855
394,30407_efa567f2_4,0.001081078895367682,0.973932683467865
395,31647_ab9ad9dc_13,0.0007442224305123091,0.9279008507728577
396,24896_58b4730f_17,0.0006680533988401294,0.8753979206085205
397,23602_5daaccf5_4,0.002509435173124075,0.824726939201355
398,27725_5cceaeb7_10,0.0002572463417891413,0.46556520462036133
399,127734_395dcf7d_5,0.0020190374925732613,0.6716907024383545
400,31957_d864f861_3,0.00530408276244998,-0.08088529109954834
401,49415_1671b60c_4,0.0012647127732634544,-0.18254995346069336
402,45110_fae73324_4,0.0004637068195734173,0.9752538800239563
403,22343_34184fd5_18,0.00014220767479855567,0.45860737562179565
404,22848_cc91b848_38,6.64487379253842e-05,-75.59747314453125
405,73652_23b21ef2_1,0.0018719638464972377,0.9623574614524841
406,65569_bd890a32_1,0.000475339445983991,-3.5593743324279785
407,48220_87941c4e_111,0.0034238542430102825,0.4003562331199646
408,30394_e30f932c_0,0.003602579701691866,0.7938695549964905
409,21941_1a683ec2_26,0.0011949492618441582,0.9501010179519653
410,25564_e646fcb3_1,0.000175679728272371,0.40670692920684814
411,134053_87a32e31_3,9.107861842494458e-05,0.7514781951904297
412,87950_af56e26e_2,0.0006766334408894181,0.9504769444465637
413,51458_54240b70_17,0.0002278506726725027,0.7483286261558533
414,40688_effe215a_1,0.004171119537204504,0.8967097997665405
415,131494_c8a441d0_0,0.0006957914447411895,0.8645086288452148
416,26768_c4df841f_21,0.0006789473118260503,0.20469069480895996
417,136892_2d5f55a9_0,0.003330994863063097,0.26955097913742065
418,54652_d60ac3e0_10,0.0018621995113790035,0.898969829082489
419,51747_3d58eae0_1,0.0008637434802949429,0.6469051837921143
420,54650_df3655c1_0,0.00013088551349937916,-0.43353271484375
421,41125_711db4bf_58,0.0011159928981214762,0.8758648037910461
422,45418_f603706b_2,0.0007286592735908926,0.8156982660293579
423,21852_6cf9a734_18,0.011709590442478657,0.8999172449111938
424,122515_758d8b70_6,0.00013232947094365954,-108.27593994140625
425,104081_05ba54fa_2,0.0012431414797902107,0.47790461778640747
426,41672_cf87e0b6_0,0.0004949294961988926,0.9236133098602295
427,22638_37f9fe91_1,8.888620504876599e-05,0.7374014258384705
428,24559_3c306e71_3,0.0012902133166790009,0.7656540274620056
429,31589_ac31215d_8,0.0003510905662551522,0.8142135143280029
430,49603_143b8bd2_35,0.0031559583730995655,0.7502195239067078
431,127965_c64a91da_0,0.0011068391613662243,0.7135435342788696
432,36062_f2fb6808_1,0.0002029416209552437,-0.875586986541748
433,139280_8874b1ab_18,0.00026737074949778616,0.7430795431137085
434,30997_24dea167_4,0.0015976021531969309,0.8558956384658813
435,143471_eb185912_5,7.150700548663735e-05,0.26783907413482666
436,23176_1bf2a2d5_10,0.0051393453031778336,0.7875204682350159
437,98299_b8146029_5,0.0006747185252606869,0.9415670037269592
438,23466_1cf60d09_4,0.0026780629996210337,0.9251159429550171
439,41591_2d0bd0d5_3,0.0013774414546787739,0.9515783786773682
440,134929_9049dcec_1,0.0003643440140876919,0.804631233215332
441,41785_e8bf0528_0,0.0013572655152529478,0.9408574104309082
442,31460_39fdfc6a_6,0.001448100432753563,0.9689883589744568
443,133710_00be7f31_1,0.0055593159049749374,0.3621058464050293
444,24532_f82f8000_0,0.0007338752620853484,0.8385753631591797
445,21234_8b71bd47_3,0.00038786360528320074,0.41286391019821167
446,35175_6edc4126_5,0.0019510702695697546,0.9434632062911987
447,20495_e8e7e80c_1,0.000716463488060981,0.16460037231445312
448,76546_c17e95aa_2,0.0002323981752851978,-0.3670072555541992
449,41654_e75f89df_0,0.0007904445519670844,0.9570978283882141
450,109772_f1a0845e_6,0.00043577587348408997,0.7482006549835205
451,34913_d23e2a24_0,0.002322778105735779,0.8709502816200256
452,25203_1cc0cb3c_12,0.0020788991823792458,0.9653050303459167
453,37160_2a95674a_4,0.0012958801817148924,0.9154069423675537
454,69240_dc199112_4,0.001349134836345911,0.7437357306480408
455,25176_d9130589_0,0.0004474326560739428,0.941196084022522
456,69235_fe79a369_0,0.0004247916513122618,0.04598301649093628
457,39468_15fb2e60_9,0.0018893020460382104,0.7259103059768677
458,103284_e25015aa_6,0.0005410978919826448,-3.3124775886535645
459,30377_e18ea3de_0,0.0002260876790387556,0.8168400526046753
460,66080_f578d52b_4,0.0008683885098434985,-3.46327543258667
461,37444_52b27e94_14,0.0007100344519130886,0.8918652534484863
462,38675_6e07d74b_31,0.0014911070466041565,0.9528182744979858
463,21680_360ba5c7_28,0.0012658234918490052,0.907773494720459
464,142032_5c32b7db_2,0.0025363145396113396,0.9532959461212158
465,44210_a155c2d1_0,0.00604394031688571,0.8654593229293823
466,38287_88ec74de_92,0.00041879614582285285,0.9381735324859619
467,29572_2f9283f2_4,0.0014482884434983134,0.8921166658401489
468,28300_b3a6ab79_10,0.0019074204610660672,0.9340453147888184
469,136129_e6a20c7d_5,0.00033071025973185897,0.4925824999809265
470,119381_e4d13609_0,0.0012599908513948321,0.9523288011550903
471,30729_b4d83b07_4,7.794992416165769e-05,-0.6006876230239868
472,140413_44177109_11,0.0018071805825456977,0.9150048494338989
473,26384_83eddf22_0,0.0014141846913844347,0.8920277953147888
474,82285_e7a738e7_2,0.0037460983730852604,0.6879727244377136
475,108599_347602af_0,0.002899623243138194,0.9098299741744995
476,119889_41a6f268_1,0.000543705013114959,0.19762039184570312
477,55006_94230c00_1,0.0010660749394446611,0.966670572757721
478,21517_bfe35b4c_10,0.0001746430352795869,0.9197459816932678
479,20818_098cad7c_6,0.0002550843346398324,0.7268334031105042
480,41855_b82e6ae8_6,0.0006833766819909215,0.9210033416748047
481,137166_90691294_8,0.0002136613184120506,0.8581095933914185
482,69561_f274e705_26,0.001074234489351511,0.9482096433639526
483,51579_d0c3e154_0,0.0011897729709744453,0.9496546983718872
484,23676_52069f98_4,0.006627743132412434,0.7913056015968323
485,31962_e5291336_1,0.0018605707446113229,0.9449516534805298
486,57222_33b428d7_1,0.00011022543185390532,0.9181691408157349
487,51586_2ad96f8c_17,5.629083898384124e-05,0.32292598485946655
488,41473_c2137170_32,0.0008988474728539586,0.8599112033843994
489,31123_9a1bfc50_2,0.001062710420228541,0.9197480082511902
490,23211_3aac9c7e_0,0.00048323359806090593,0.9094575643539429
491,45798_b573e9da_5,0.0069413213059306145,0.6421852111816406
492,27847_d2436f7c_37,0.000274940044619143,0.6822218894958496
493,54736_6ee1b513_1,0.0007352535030804574,0.3647751212120056
494,132901_7d205bb4_9,0.0006718210061080754,-3.4542951583862305
495,73762_8c704690_0,0.0019963495433330536,0.7307921648025513
496,23209_1592b0a4_1,0.0013404670171439648,0.9070383906364441
497,49024_b7f02205_2,8.618603169452399e-05,0.7814905643463135
498,147630_7f858240_15,0.0005208064103499055,0.908245325088501
499,69337_2c778611_11,0.00027306631091050804,0.8392657041549683
500,82498_92a00cd6_1,0.0008326473762281239,0.7420111894607544
501,78775_e2d8b091_1,0.0008173011592589319,0.8891457319259644
502,40067_95ae6c76_9,0.0008131260983645916,0.9128910899162292
503,80756_6f2e842f_0,0.000774651300162077,0.8423830270767212
504,25284_1da7aa8a_0,0.0005207111826166511,0.8969613313674927
505,55605_2f8bc12e_62,0.0009426579927094281,0.9677608013153076
506,39792_60786b6c_15,0.002059838268905878,0.9586480259895325
507,34063_0ca1585e_2,0.0009926800848916173,0.3565558195114136
508,31664_1e85c690_13,0.0021197134628891945,0.939391016960144
509,131193_98f3ac52_1,0.000540552195161581,0.7582285404205322
510,120221_e2eaa34b_2,0.00160570431035012,0.4490209221839905
511,130286_1f71bfed_3,0.00146380509249866,0.5639173984527588
512,118342_e8142153_21,0.0002241637121187523,0.9171597361564636
513,128043_9f8cd69e_1,0.00026023664395324886,0.6414824724197388
514,41504_85e300ee_1,0.0001610847539268434,0.30637335777282715
515,78863_d59be42e_0,0.002507118508219719,0.6986079216003418
516,31733_5118b376_3,0.007271407637745142,0.9481104612350464
517,22208_e177deb7_5,0.0019493673462420702,0.5342980623245239
518,24026_1dd4094b_43,0.00037713124766014516,0.6701714992523193
519,73388_10a40b49_1,0.0023837508633732796,0.8596728444099426
520,138219_cdff4f61_0,0.0014477497898042202,0.044542789459228516
521,49399_dc56d180_1,0.000872642791364342,0.9836795330047607
522,41306_8f26e703_3,0.0002722955832723528,0.906149685382843
523,51590_034b8b08_14,0.00517477048560977,0.9124880433082581
524,48402_8c965495_4,8.797368354862556e-05,0.8734503984451294
525,26388_a3367cba_0,0.002588489791378379,0.6773468255996704
526,28300_b3a6ab79_6,0.0010938307968899608,0.9634042382240295
527,43938_418421a7_0,0.00071427266811952,0.6762199401855469
528,41520_60018d18_0,0.00011876930511789396,0.14484906196594238
529,137869_344b239b_0,0.000825382536277175,-0.9415261745452881
530,41648_577daf16_0,0.0023799710907042027,0.8981233835220337
531,31347_386f6298_10,0.0007752174860797822,0.9853293299674988
532,82190_24b1b0fe_12,0.0012857522815465927,0.7748270630836487
533,33741_4a973932_1,0.001456793281249702,0.758476972579956
534,42005_3da46d94_0,0.00048450756003148854,-9.848979949951172
535,132982_ee1eed2f_0,0.0012827216414734721,0.9452242851257324
536,23898_6e740393_29,0.0007667549070902169,-0.5108506679534912
537,105831_88a0fb85_6,0.0011571596842259169,0.9747627377510071
538,31278_749a6317_0,0.00021670034038834274,0.8698338866233826
539,51586_2ad96f8c_4,0.000399915938032791,0.8174149394035339
540,57000_cd1ddece_14,0.0006201441283337772,0.7472277879714966
541,50692_e7ff2668_8,0.002621815074235201,0.9067505598068237
542,65346_e89312e5_0,0.0002896174555644393,0.562312126159668
543,38840_0e449caf_4,0.0021579498425126076,0.44269227981567383
544,29573_ca59fbbf_5,0.0035418043844401836,0.9642936587333679
545,30164_c5680724_12,0.0032953766640275717,0.826094388961792
546,138620_e21e10ee_0,0.00021182704949751496,0.8194761872291565
547,50305_caf9cef2_34,0.0019353794632479548,-2.3488166332244873
548,83396_fdb2987a_0,0.002714976202696562,0.9021205902099609
549,28379_7e292343_4,0.002660470549017191,0.9413807392120361
550,33529_756075a0_32,0.002915897872298956,0.7833258509635925
551,109857_1d24326e_42,9.54833158175461e-05,-3.7582716941833496
552,22772_2b5f6629_6,0.00157154758926481,0.974209725856781
553,34600_e2685d46_2,0.0012071566889062524,0.9558882117271423
554,122344_ab1b06aa_2,0.008694015443325043,0.8428289890289307
555,123573_5f5c9584_1,0.0003824940649792552,0.6914066076278687
556,35166_562b126c_20,0.002120579592883587,0.9179175496101379
557,51350_138f893a_1,7.55235378164798e-05,0.2756165862083435
558,137785_67c3085b_16,0.002002458553761244,0.9507224559783936
559,50417_199cffee_12,0.004043525084853172,0.8046562671661377
560,22194_a5c323b9_3,0.0005833472241647542,0.9048284292221069
561,42329_df7f540f_18,0.0008273707935586572,0.9137033224105835
562,41779_25e4203d_6,0.0007317179115489125,-0.1147841215133667
563,51094_40aa8332_20,0.0027628093957901,0.8963078856468201
564,109762_cb162371_38,0.0035482149105519056,0.8132154941558838
565,45922_26941172_9,0.0009801615960896015,0.8312489986419678
566,34587_ed155e93_0,0.0006839294801466167,0.9803498983383179
567,69589_a468c1b4_0,0.002163250232115388,0.9543244242668152
568,44921_00dfb467_0,0.00022471514239441603,0.9451870918273926
569,82672_4705a693_0,0.000649888243060559,0.7104684710502625
570,26778_a71e88a6_0,5.202728061703965e-05,0.8597575426101685
571,69488_7bfb2b67_0,0.0006943027838133276,0.9807071685791016
572,22686_afe3a61e_0,0.00010897175525315106,0.3267477750778198
573,109772_5faa88e8_5,0.0007526341360062361,0.4851717948913574
574,43938_418421a7_147,0.0012529633240774274,0.8278708457946777
575,141694_b5ac3112_3,0.002808384131640196,-0.08243048191070557
576,31973_093ea963_16,0.0002071165945380926,0.8699617385864258
577,26858_e90dc419_25,4.0152724977815524e-05,0.7676390409469604
578,131350_bbdad30d_0,0.0008051133481785655,0.5409517288208008
579,35741_c43475b8_1,0.0007438201573677361,0.7407803535461426
580,30690_3df2c9e2_1,0.000800508598331362,0.9317489862442017
581,122758_5f4efbf0_2,0.004943137522786856,0.6747645735740662
582,37822_3be11c62_0,0.00019826451898552477,0.9157000780105591
583,91174_ee6ee92b_1,0.0005954439984634519,0.8604941368103027
584,23676_52069f98_31,0.0033525850158184767,0.9662286043167114
585,27958_fee329eb_1,0.00040603388333693147,0.8898595571517944
586,144534_3b4fdb09_18,0.001773336436599493,0.5044881105422974
587,30292_0b5e0265_1,0.016254972666502,0.7787206768989563
588,111062_e59e2d31_0,0.007298823446035385,0.9170531630516052
589,135790_a27f9deb_77,0.0011109949555248022,0.7836061716079712
590,65842_de75838b_10,0.0004949940484948456,0.8964498043060303
591,22475_9d9601a8_3,0.00017485154967289418,0.025213778018951416
592,119884_192e3265_0,0.004245581571012735,0.36635154485702515
593,51463_3330e3aa_2,0.001803881605155766,0.8128138780593872
594,23231_efe613bb_4,0.0022395842242985964,0.8852928280830383
595,22895_4533b542_2,0.0010334211401641369,0.8412690758705139
596,146219_5661130f_4,0.001380721922032535,0.970035970211029
597,38953_19054857_19,0.0005859858356416225,0.4792429804801941
598,21847_b2de7eb8_24,0.0015781682450324297,0.8930502533912659
599,51603_034939eb_12,0.00042725782259367406,0.7366407513618469
600,24843_5231632c_4,0.0004813707491848618,0.7005196809768677
601,41982_f75ceb8f_4,0.00012835692905355245,0.023568332195281982
602,42937_c573c439_2,0.00031221439712680876,-0.31240034103393555
603,61288_2d594195_0,0.0013455639127641916,-1.2119810581207275
604,55006_94230c00_0,0.00031034171115607023,0.6909433603286743
605,49898_f42a885e_5,0.001746337627992034,0.9619373679161072
606,55709_af3825c8_4,0.004526709206402302,0.8526667356491089
607,144117_83c980ca_2,0.0003661031660158187,-0.27444231510162354
608,40417_b8d98f73_7,0.0001360074820695445,0.909496545791626
609,53200_d1e30b87_11,0.0009596662130206823,-0.05226266384124756
610,147009_977ee378_4,4.773084947373718e-05,0.5784856081008911
611,63056_a5dfd66b_4,0.0013607974397018552,-1.4587109088897705
612,22205_f48b96b3_10,0.000659956771414727,0.8497100472450256
613,51585_b695905b_4,0.003098640590906143,0.9313896894454956
614,24084_71f37c00_1,0.0007487191469408572,0.8497371673583984
615,25815_0e853ad9_10,0.0008154085371643305,0.9490104913711548
616,55030_11a6e3e8_3,0.014997224323451519,0.8644822835922241
617,23042_1184de03_5,0.0011575693497434258,0.9663153290748596
618,39719_e9629dbd_4,9.424825839232653e-05,-0.03666210174560547
619,51256_ed221095_2,0.00013509813288692385,0.8490800857543945
620,25810_93c8a71a_3,0.0018828341271728277,0.9280145168304443
621,22208_e177deb7_1,0.0010953195160254836,0.9233572483062744
622,115624_d0acb46b_22,0.0015506603522226214,0.9755932092666626
623,30708_4282508b_0,0.00021407382155302912,-2.3134193420410156
624,31117_cd5cdbdb_12,0.00037966473610140383,0.8360896110534668
625,41733_1ec9b00c_32,0.00012768100714311004,0.6230796575546265
626,111387_c4243097_2,0.00021054082026239485,0.7140437364578247
627,119869_e8f0dd81_19,8.636278653284535e-05,0.9350053071975708
628,34569_590239d6_0,0.0019063535146415234,0.9124934077262878
629,136318_130d6a06_23,0.00027192942798137665,0.661504328250885
630,145132_7aea3b66_4,0.0008220416493713856,0.9892406463623047
631,41878_3aeaed3d_0,0.0013873782008886337,0.774388313293457
632,34583_a1cf326b_0,0.0011061663972213864,0.9797552227973938
633,116581_d405b783_0,0.0028533025179058313,0.9612331390380859
634,24044_9bbe7992_3,0.0009403756121173501,-0.17369461059570312
635,22194_a5c323b9_2,0.0011095891240984201,0.9000005722045898
636,142076_08d80e12_21,0.00014094596554059535,0.37640511989593506
637,55817_6ac2912d_7,0.00019200665701646358,-1.0705318450927734
638,21165_5cb2d287_2,0.0001609317259863019,0.6608927249908447
639,39796_45dcdc7d_0,0.01222400926053524,0.8414658904075623
640,33044_7fdd9213_1,0.0031659703236073256,0.9161031246185303
641,23731_3fe5b501_6,0.0003751551266759634,0.42332351207733154
642,32743_f4c47bbc_31,0.0019630840979516506,0.8175196647644043
643,108775_4908fba2_21,0.003306430298835039,0.7061653137207031
644,21941_1a683ec2_19,0.000982945435680449,0.9274531602859497
645,27682_04277f62_18,0.001508501823991537,0.9307237267494202
646,25815_0e853ad9_4,0.002142886398360133,0.8617194294929504
647,30261_723e95cf_2,0.0010197882074862719,0.9570177793502808
648,21385_601444ba_102,0.0017824049573391676,0.9161586761474609
649,30368_d7fd30ce_7,0.0004268549382686615,0.8390213251113892
650,55605_2f8bc12e_3,0.006867407821118832,-0.12105822563171387
651,24650_dad8c8ee_15,8.68040369823575e-05,-1.7082412242889404
652,34227_48203345_7,0.004120127763599157,0.8851339817047119
653,113348_ac85cba3_1,0.00147421401925385,0.8416836261749268
654,26552_25c5924a_1,0.0006086587673053145,0.766928493976593
655,55381_cbaffe9b_0,0.0004048470873385668,0.8879274129867554
656,55817_6ac2912d_25,0.0013742864830419421,0.9634770750999451
657,138947_0778db40_4,0.00018074050603900105,0.9293191432952881
658,52788_07f7da63_0,0.0006016389816068113,0.8506512641906738
659,70355_e5f58cd5_6,0.00018088502110913396,0.69538414478302
660,51744_cd355565_8,0.001758671598508954,0.6394367814064026
661,41227_90e1c07c_16,0.0038060119841247797,0.904154360294342
662,45359_1768ab3f_42,0.0045410385355353355,0.5207523107528687
663,41783_d1c10326_3,0.000103566657344345,0.6668281555175781
664,32960_0eaa1de8_13,0.00017246250354219228,-11.450425148010254
665,34674_32ee1595_3,0.0017607874469831586,0.9402785897254944
666,136885_23632908_1,0.0029559964314103127,-0.054904937744140625
667,136808_00592735_3,0.0006572873098775744,0.8570048809051514
668,45589_49e3c7ea_5,0.0007748574134893715,0.9840483069419861
669,141665_0564e852_3,0.002446865662932396,0.41570258140563965
670,50897_3be92e2f_18,0.0004806783690582961,0.9887749552726746
671,84256_4164b724_3,0.0010853493586182594,-0.04137110710144043
672,22994_e6ad8f2b_10,0.0031937810126692057,0.8814672827720642
673,28295_0dc908b9_8,0.0003794902004301548,0.8811300992965698
674,23329_6939d5d9_5,0.00020293860870879143,0.7748755216598511
675,123665_0a0da5c7_3,4.701658690464683e-05,0.6329749822616577
676,121172_0ac63503_7,0.0014267509104683995,0.7298192381858826
677,50941_2a8a8c76_0,0.0009536981815472245,0.9810872077941895
678,37846_cde34fcd_66,0.0008769735577516258,0.8528138399124146
679,56040_9b1307eb_21,0.0023880263324826956,0.6280519962310791
680,146535_229c95bc_1,9.917611896526068e-05,0.5455901026725769
681,50947_49287c16_2,0.004029628820717335,0.9341349601745605
682,95622_0a0787e4_5,0.000477104535093531,0.7417947053909302
683,25432_f13e5110_0,0.0005365173565223813,0.9831045269966125
684,32454_e959e3cf_0,0.0011342294747009873,0.9680795669555664
685,65858_61e9b51a_18,0.0014865625416859984,0.6608721017837524
686,70350_751de4b0_3,0.0035974793136119843,0.5026648044586182
687,129239_0d49310c_15,0.00039907213067635894,0.8478977680206299
688,31008_8fa25b35_8,0.001993135316297412,0.5791342258453369
689,55306_795d845b_2,9.382741700392216e-05,0.40366441011428833
690,29729_e8bb36f1_2,0.0004530196893028915,0.46615761518478394
691,67283_4097cbd6_5,0.0003019884170498699,-1.5676701068878174
692,23904_811e466f_4,0.00022532181174028665,0.8109631538391113
693,116076_12d31fb7_1,0.0007081622024998069,0.8934347033500671
694,45302_02d7e3bc_0,0.00254480610601604,0.35993099212646484
695,60977_4bb093ec_1,0.0018221639329567552,0.9188042283058167
696,49017_76979790_8,0.0005534225492738187,0.8951046466827393
697,146321_0dbae658_10,0.00010312623635400087,-9.392186164855957
698,102194_150e3faf_3,0.001015693531371653,0.9688916206359863
699,34769_44655d03_5,0.00037282053381204605,0.5831218957901001
700,38953_19054857_6,0.001202101120725274,0.013249456882476807
701,55397_ad24603f_1,0.00016420507745351642,0.8295573592185974
702,21908_385686ec_15,0.0011263580527156591,0.9456312656402588
703,60721_57103153_4,0.00041143715498037636,0.34128278493881226
704,98701_7cd4ec8d_0,0.004110199399292469,0.9253425598144531
705,91703_642cdf1a_1,0.0006131231202743948,0.9884670972824097
706,26661_ab88a525_5,0.0017999217379838228,0.545966386795044
707,51940_67bb0219_21,0.0002302506472915411,0.5093227028846741
708,22543_684108ff_22,0.000177332476596348,0.8237840533256531
709,145250_cde4d039_8,0.0004659359692595899,0.4754433035850525
710,20232_e5b060d9_6,6.586992094526067e-05,0.8804258108139038
711,128043_d4650350_0,0.007633592002093792,0.8974952101707458
712,140530_30edf2c4_0,0.0011161864968016744,0.05800759792327881
713,131814_9af6d05a_0,0.0006682687089778483,0.8995132446289062
714,26245_4aac38e1_9,0.0006287235300987959,0.7373597025871277
715,30282_88c6933c_14,0.0020077002700418234,0.9229694604873657
716,32322_71d0035e_1,0.0008173968526534736,0.958060622215271
717,131762_d10609a4_1,0.0013992423191666603,0.9367960095405579
718,54812_5f7b7aba_2,0.00018977944273501635,0.916685163974762
719,135830_8fb36dac_4,0.0033841647673398256,0.8501530289649963
720,139280_8874b1ab_4,0.0001524922117823735,0.6724474430084229
721,49904_639055dd_1,0.0007517272024415433,0.9138391017913818
722,53601_59d3ecd2_0,0.0057290224358439445,0.7651269435882568
723,50047_54241fe3_12,0.0006659383070655167,0.9484531879425049
724,136925_70fb0381_3,0.0006049038493074477,0.9629828333854675
725,87488_95f678ce_0,0.0034584973473101854,0.9236463308334351
726,137166_90691294_2,0.00022493318829219788,0.8504287004470825
727,44030_17bd5ec9_11,7.381883187917992e-05,0.8830283880233765
728,137396_b5f6bec4_5,0.00046767128515057266,0.9859535694122314
729,21900_760d2078_10,0.0038242237642407417,0.9446038007736206
730,21185_ac5324ba_5,0.0031528216786682606,0.901670515537262
731,31132_2320d049_4,0.0014061630936339498,0.9744223952293396
732,82281_80cdf67c_4,0.0001663891162024811,0.5802438259124756
733,38287_88ec74de_15,0.0010678903199732304,0.9793192148208618
734,136128_831e37a6_0,0.0012074214173480868,0.8656771183013916
735,21330_f0cee934_18,0.0006035027327015996,0.6038771867752075
736,34109_5a868eae_10,0.001686268369667232,0.838779091835022
737,21174_861bd902_2,0.0017840041546151042,0.8445122838020325
738,49783_365bec9e_6,0.0018001582939177752,0.9459974765777588
739,24429_ace910b3_8,0.00010271528299199417,-5.011291980743408
740,22772_2b5f6629_4,0.0005618699360638857,0.8563423752784729
741,53927_ef5208b9_14,0.008802616037428379,0.6332709789276123
742,56250_3b6024e3_54,0.0017199531430378556,0.9624131917953491
743,23522_5c2ec58e_8,0.002758688060566783,0.9130733609199524
744,121177_93fb3127_10,6.5851207182277e-05,0.8804996013641357
745,138840_b7f948ea_2,0.0012666137190535665,0.87108314037323
746,41125_711db4bf_6,0.002920272294431925,0.9309293627738953
747,102606_28922dfc_0,0.001750167110003531,-17.402099609375
748,31530_6744ae73_50,0.009421899914741516,0.8319050669670105
749,50598_eae0df5a_1,0.0001631637423997745,0.7016523480415344
750,145726_19ccdbda_12,0.0004700171703007072,0.8492749929428101
751,41469_b94cf3e4_0,0.001363186864182353,0.720586895942688
752,147009_977ee378_1,0.0011902408441528678,0.8855946063995361
753,24267_8a216138_10,0.0005711763515137136,0.9536287188529968
754,63071_3d434a33_16,0.003492529969662428,0.8136597871780396
755,34436_ffc43a58_4,0.001113526406697929,0.039409637451171875
756,50692_e7ff2668_4,0.00048354174941778183,0.8062490224838257
757,146642_883a71d2_9,0.008101996034383774,0.8720510005950928
758,109772_f1a0845e_7,0.00101539958268404,0.9763052463531494
759,136640_16741d62_1,0.001081538386642933,0.7254014015197754
760,21680_360ba5c7_11,0.0007009205291979015,0.7152262926101685
761,27729_09d75da1_2,0.002344180829823017,0.9332267045974731
762,82148_5df06ed9_19,0.007326065097004175,0.49110060930252075
763,55287_8a57a3db_1,0.004433606751263142,0.7272494435310364
764,53221_74fa81cd_5,0.0008362013031728566,0.5989803075790405
765,30417_0010bc7c_39,0.0011727241799235344,0.9084585905075073
766,23706_ef15ef9c_40,0.0006536876317113638,0.9067002534866333
767,140763_e14274f8_3,0.0006262495880946517,0.525908350944519
768,23602_5daaccf5_3,0.0005772021831944585,0.9064304232597351
769,30282_88c6933c_9,0.0012263699900358915,0.9228542447090149
770,56824_0fc773f6_0,0.0017017966601997614,0.9029840230941772
771,42410_d3b5588e_1,0.0014158773701637983,0.784876823425293
772,55055_dd27a8a4_0,0.0011042418191209435,0.9797897338867188
773,115633_a2c63339_6,0.000910005415789783,-0.0074269771575927734
774,73651_a41647f8_5,0.00020014948677271605,0.22413170337677002
775,33413_060ce192_32,0.0011642890749499202,0.9105591177940369
776,97331_a482fa9b_0,0.0015533666592091322,0.6717420816421509
777,23476_705b76d1_0,0.0021654556039720774,0.9153003692626953
778,32566_7bfc936b_6,0.011659333482384682,0.8898059725761414
779,41717_eb1c1e6b_0,0.0022657557856291533,0.8184312582015991
780,60720_ef9a0a95_8,0.0006575867300853133,-0.4054774045944214
781,138700_ab763a46_202,7.218303653644398e-05,-38.83481979370117
782,38287_88ec74de_17,0.006139141973108053,-0.009642362594604492
783,135535_0bd0048d_0,0.004066061228513718,0.9387601613998413
784,21797_69df08d5_7,0.03821738436818123,0.6957248449325562
785,65350_b3fa8f4f_47,0.005261020269244909,0.9757861495018005
786,41714_1d49f4d1_3,0.0010421365732327104,0.8835517764091492
787,66012_a13e1644_1,0.0005782425287179649,0.7547851204872131
788,22652_564979ff_11,0.0005905675352551043,0.5610035061836243
789,25127_ecba81df_23,0.0012001264840364456,0.21678125858306885
790,47548_db93c988_4,0.0002259317843709141,0.4472924470901489
791,55927_f8b31711_5,0.003835143055766821,0.794879674911499
792,31647_ab9ad9dc_2,0.0008013562764972448,0.8916816711425781
793,41128_ee74f244_8,0.0009597414755262434,0.737331748008728
794,20959_d4905d19_4,0.0006479406729340553,0.8410342335700989
795,52009_a2b75078_3,0.009360942989587784,0.9057224988937378
796,22201_473a3a65_16,0.001021185191348195,0.8616597056388855
797,29442_365e23df_30,0.0033631576225161552,0.9048770666122437
798,51859_6b2fd0f1_8,0.0011255574645474553,0.9615616798400879
799,140413_44177109_15,0.00016119371866807342,0.8570221662521362
800,21822_7d3db422_11,0.0022768352646380663,0.9367324113845825
801,24168_a0ede173_100,0.00029426589026115835,0.7876303791999817
802,145532_c2304f89_1,0.0019846868235617876,0.7220792770385742
803,104641_2cd02839_13,0.00018980905588250607,0.2643131613731384
804,23679_81ef9e37_2,0.0005606375052593648,0.8664193153381348
805,95271_de3df8d5_2,3.7556426832452416e-05,0.819167971611023
806,41401_e4117da2_0,6.997573655098677e-05,-0.5247378349304199
807,48006_babdf4af_9,0.0021922204177826643,0.9746134281158447
808,142246_0851be5e_32,0.010768559761345387,0.8213008642196655
809,33615_7bab1106_4,0.0010713572846725583,0.9291083812713623
810,31117_cd5cdbdb_18,0.002110350178554654,0.9680563807487488
811,34914_8911676d_0,0.0007742838934063911,0.9361680150032043
812,55501_a09e4ced_2,3.475144330877811e-05,-0.3053758144378662
813,41128_ee74f244_9,0.0004866548697464168,0.8389047384262085
814,142246_0851be5e_22,0.0019116809125989676,0.6532816290855408
815,22413_901f5867_0,0.00018918802379630506,0.42741960287094116
816,56490_0a0fba77_0,0.0004110285372007638,0.8834165334701538
817,93676_4f934980_1,0.00020779616897925735,0.5393391847610474
818,146642_883a71d2_96,0.002441735938191414,0.7334880828857422
819,24032_d6172503_3,0.0009129456011578441,0.8452322483062744
820,44221_25c62f03_1,0.0009729236480779946,0.9819799065589905
821,50315_0f1419bf_33,0.004467605147510767,0.5663748979568481
822,133389_0938a905_2,0.0005051411571912467,0.8717986941337585
823,24824_cf51e5b6_4,0.001593650202266872,0.7010412216186523
824,33970_32f36442_3,0.0013130501611158252,0.9590534567832947
825,29359_bbfab271_2,0.0010242281714454293,0.8196917772293091
826,23172_4ab01e83_0,0.0017080064862966537,0.9584901332855225
827,98511_1b46a85e_45,0.004711454268544912,0.8675849437713623
828,98511_1b46a85e_46,0.005918919574469328,0.8259828090667725
829,34248_cc11976c_0,0.0030159943271428347,0.888565182685852
830,104003_46555fb2_0,0.0004735734546557069,-0.05310177803039551
831,34520_035b5e9a_8,0.00025075708981603384,0.9138191342353821
832,38397_93d5d7de_12,0.006938796956092119,0.9038664102554321
833,130023_93b3ca95_1,0.0006019312422722578,0.7881342172622681
834,83213_47c49876_1,0.0007518568309023976,0.9138256311416626
835,43928_6ca53538_63,0.004913117736577988,0.8857462406158447
836,82779_b7b722e3_9,0.0010514110326766968,0.8744270205497742
837,134967_0f27ef51_1,0.00026302639162167907,0.8032207489013672
838,86024_714b24f4_1,0.002176650334149599,0.9147278666496277
839,40807_58058731_11,0.0015617691678926349,0.7644609808921814
840,26750_cd3cb3ff_0,0.0020981826819479465,0.9636037945747375
841,126913_d253adb7_2,0.0013420352479442954,0.7352052927017212
842,24268_2804c9ff_13,0.004996840376406908,0.8700288534164429
843,45542_320c16fd_3,0.0020820675417780876,0.9586067795753479
844,22342_274ed8a6_1,0.0005010965978726745,0.8914755582809448
845,133385_e6aa64d8_17,0.000359293568180874,-0.44029390811920166
846,143509_1dd5212d_3,0.0012034345418214798,0.964506208896637
847,47989_3ff0f41d_0,0.0027105396147817373,0.9228906035423279
848,21822_7d3db422_14,0.013811081647872925,0.8005653619766235
849,21517_bfe35b4c_12,0.00040610594442114234,0.2910914421081543
850,52883_e518d3f4_10,0.00051982601871714,0.9156041741371155
851,41871_f9a1ad02_14,0.002978760749101639,0.702004611492157
852,37016_455093c1_2,0.0003643672098405659,0.8046661019325256
853,31117_cd5cdbdb_78,0.005798748694360256,0.9550325870513916
854,129239_0d49310c_22,0.00023777650494594127,0.30963242053985596
855,30400_8824ce97_6,0.005350985564291477,0.888119637966156
856,53233_8dbca22c_8,0.0010281404247507453,0.9278814792633057
857,40514_bb61631d_25,0.0008888216689229012,0.8033632636070251
858,24053_53349e4d_2,0.00011297996388748288,0.8545988202095032
859,41917_f0c40fa1_16,0.0019834632985293865,0.9530779123306274
860,22543_684108ff_5,0.004085186403244734,0.8380436301231384
861,138636_c1153075_0,0.0004939907230436802,0.559044599533081
862,24448_75004b6c_6,0.001137045561335981,0.963798463344574
863,24831_bbd3e098_8,0.00017079459212254733,0.8326374292373657
864,53221_74fa81cd_3,0.0007093297317624092,0.8082493543624878
865,76879_65a30a82_4,0.0003067658981308341,0.49852120876312256
866,108773_f9384cff_10,7.128166180336848e-05,0.24771761894226074
867,33671_0e9c6ca3_5,0.0007157471845857799,0.9431522488594055
868,93103_fdb9fcb7_15,0.0023412711452692747,0.8736674785614014
869,137675_d2bd633e_0,0.0012816876405850053,0.19728875160217285
870,21893_0500d043_32,0.0009342062985524535,0.3892483115196228
871,22110_0bc70e9f_1,0.0015566383954137564,0.04335963726043701
872,43152_b5472481_1,0.008276691660284996,-2.1080751419067383
873,115717_40314bc2_1,0.0030406545847654343,0.7343238592147827
874,102943_ca9e7968_0,0.00016821501776576042,0.7711083292961121
875,136401_69f29349_0,0.002335765166208148,-0.5493373870849609
876,28542_3c922564_0,0.0013099436182528734,0.5223256349563599
877,24267_8a216138_6,0.001336869434453547,0.9266834855079651
878,84374_272a9731_7,0.001482912222854793,0.8044848442077637
879,23531_1ecc8346_18,0.011172367259860039,0.8910215497016907
880,41871_f9a1ad02_30,0.0033686289098113775,0.8979000449180603
881,132461_14abd2d0_0,4.273019658285193e-05,-0.19290697574615479
882,37617_3f415463_2,6.533857231261209e-05,0.8932317495346069
883,41696_de0790a1_1,0.0010848285164684057,0.9759103655815125
884,54657_2a66e0de_20,0.0004884255467914045,0.9551498889923096
885,24425_0dc4b306_0,0.0009099963353946805,0.9108805060386658
886,146667_fe438b5b_0,0.0012993309646844864,0.9505840539932251
887,23048_8a1a5553_8,0.00015594954311382025,-3.1960372924804688
888,51871_86ebf5b2_17,0.0019434512360021472,0.644219160079956
889,30664_a3084f71_6,0.0018486904446035624,0.8865622282028198
890,139801_97e2ca6a_5,0.010408787988126278,-1.1311185359954834
891,22278_12f1fb79_13,0.002498144982382655,0.8374786972999573
892,22776_facf9bcf_8,0.002211201237514615,0.9247395992279053
893,40500_6055e3d7_15,0.06581024080514908,0.34362757205963135
894,35740_5322d674_13,0.00021759988158009946,0.8676196336746216
895,39792_60786b6c_12,0.014116604812443256,0.48751431703567505
896,115524_4a411f7e_0,0.0006461202283389866,0.8532249331474304
897,24131_3ea7d5a8_17,0.001831277972087264,0.9116673469543457
898,100326_0602c712_2,0.005814992357045412,0.815291702747345
899,34571_25c64838_2,0.0027244077064096928,0.838528573513031
900,143534_4f65fd1a_0,0.0005530804046429694,0.8130081295967102
901,101446_95204330_1,0.0012285741977393627,0.22116291522979736
902,41749_14d0599c_10,0.0001267739135073498,0.6300128102302551
903,55715_525d1d3e_12,0.00016639084788039327,0.5064541101455688
904,45307_b9b4bca0_30,0.003057843539863825,0.9780998229980469
905,22654_4c426b0f_0,0.002729597268626094,0.6581871509552002
906,22670_9353c710_4,0.001096761436201632,0.6636658310890198
907,99445_94c22a37_11,0.0015195481246337295,0.9774230122566223
908,132811_57264a28_4,0.0006790831102989614,0.9445216059684753
909,23258_87a2ba81_3,0.00018909682694356889,0.701095700263977
910,50777_2934de55_22,0.0017884742701426148,0.9365133047103882
911,98418_4185a7fb_0,0.0005139940185472369,0.9875478148460388
912,43441_e1ab0873_2,0.00016954157035797834,-1.054410457611084
913,24271_dbc0fd2d_12,0.00022395643463823944,0.9507039785385132
914,38944_0d0c3fce_0,0.009674536995589733,0.9373239874839783
915,40624_e1c5c424_11,7.627290324307978e-05,-0.9210104942321777
916,100028_0c3a8f1c_13,0.0014975429512560368,0.9807375073432922
917,40491_ac67bf4c_13,0.001478940830565989,0.9722586274147034
918,25416_1deb9c75_0,0.0010786199709400535,0.813288688659668
919,21657_2651585a_6,0.0008656011195853353,0.9541198015213013
920,21986_67c5509a_15,0.0004240113194100559,0.9473912715911865
921,32288_34013274_2,0.0019360196311026812,0.6723123788833618
922,55373_ddd74d2f_0,0.0016714780358597636,0.7841241359710693
923,26245_4aac38e1_0,0.0011139543494209647,0.936172366142273
924,33044_7fdd9213_0,0.0005540274432860315,0.9010792374610901
925,31530_6744ae73_48,0.009453183971345425,0.9086813926696777
926,25555_fd3d9a3c_1,0.0002318803599337116,0.6744531393051147
927,54175_7d864ace_6,0.0006446319166570902,0.8552358746528625
928,72950_5074f5a3_0,0.000911205483134836,0.39764314889907837
929,129618_2962c248_0,0.008309895172715187,0.8612093925476074
930,52012_77070fda_10,0.00023229158250615,0.635709285736084
931,28295_0dc908b9_7,0.00045544892782345414,0.8776538372039795
932,144419_90e59d67_2,8.559776324545965e-05,0.05404937267303467
933,22734_f6bad9f7_24,0.004329233430325985,0.8660193681716919
934,22604_0b4ffb43_14,0.0011042418191209435,0.9797897338867188
935,81996_b3752ed2_3,0.0005522926221601665,0.5043625831604004
936,24504_493cee15_8,0.00314319902099669,0.8748441934585571
937,39124_28e99e62_1,0.0002735150628723204,0.6922387480735779
938,29725_0ad4937e_1,0.0007180008688010275,-0.2977985143661499
939,109232_04340d62_6,0.00013216545630712062,-1.4041554927825928
940,129075_8fbf62e5_0,0.0005453093908727169,0.5684511065483093
941,102937_18c3cb6a_4,0.0009420238784514368,0.9669713973999023
942,52551_8098346a_5,0.000750967301428318,-0.3063148260116577
943,128043_6947b64c_0,0.003191953292116523,0.8157371282577515
944,119030_292009a7_41,0.0011972857173532248,0.8243705630302429
945,48526_5aecac8a_0,0.0004798874433618039,0.9191927909851074
946,32541_86f7df73_4,0.0003850623033940792,0.6336785554885864
947,55114_7bf17f6a_0,0.003813110990449786,0.7235715985298157
948,55285_6816da52_1,0.006723742000758648,0.854482114315033
949,37683_e2cca100_17,0.0005329827545210719,0.16087746620178223
950,78775_e2d8b091_15,0.005391201935708523,0.8237267732620239
951,93199_2146e709_2,0.0013545029796659946,0.8400892019271851
952,135595_656de97a_14,0.0005179502186365426,0.6286505460739136
953,24284_3710e946_16,0.0013238207902759314,0.9700084328651428
954,135521_30553c91_2,0.0001258035481441766,-0.8245844841003418
955,29732_fb15318c_5,0.0004793584521394223,0.5446401834487915
956,88060_389bdff4_0,0.001326900441199541,0.9192525148391724
957,27839_4a077326_28,0.004291025921702385,0.8936783075332642
958,100435_87bf423d_8,0.0009735213243402541,0.9808171391487122
959,25365_bb0e4ede_44,0.0004383808409329504,0.3782617449760437
960,146169_144d8264_0,0.010731559246778488,0.9420415163040161
961,23342_7193a931_3,5.154414975550026e-05,0.8481439352035522
962,57000_cd1ddece_12,0.0008205660269595683,0.9835944175720215
963,119790_1ed376f0_3,0.00029528987943194807,0.6777212619781494
964,72522_e9e87960_4,0.001497142482548952,0.9718992710113525
965,65366_f618b577_2,0.00047217411338351667,0.5889880061149597
966,55707_c78416ed_35,0.012710505165159702,0.3357531428337097
967,70321_eccffc7e_0,0.000826051807962358,0.7860056161880493
968,120143_b5756e6b_0,0.005333626177161932,0.2593068480491638
969,27726_aca43af4_35,0.0002749880659393966,-11.776236534118652
970,31361_72aab333_20,0.0009296023054048419,0.7045629024505615
971,121949_e10b5e85_12,0.004273365251719952,0.8819682598114014
972,146399_0e4b73c4_13,0.0011481172405183315,0.9764301776885986
973,41134_fc146947_6,0.0015681723598390818,0.266875684261322
974,21237_7887a24b_35,0.00024617655435577035,-0.017737984657287598
975,24885_55e20ddf_3,0.0002531239588279277,0.7499215602874756
976,34914_8911676d_23,0.0006750728352926672,0.8800233006477356
977,21803_8a36dcda_12,0.0040132589638233185,0.865710437297821
978,41306_8f26e703_5,5.409737059380859e-05,0.41600966453552246
979,25118_f50fdc69_10,0.00017808204574976116,0.7399031519889832
980,25473_0991d519_9,0.0007579277153126895,0.9810206294059753
981,126585_86fa26cb_0,0.0003181739302817732,0.6070598363876343
982,145691_69484976_9,0.002359451726078987,0.7878568172454834
983,60729_c51868ec_0,0.000845667498651892,0.5341204404830933
984,123929_e7dbad2c_0,0.0016969249118119478,0.1939411759376526
985,69649_70b07cac_0,0.0005510909832082689,0.9878267645835876
986,55135_f1186d58_9,0.00012182387581560761,0.8482255935668945
987,20838_86c931be_2,0.001773678814060986,0.7794784307479858
988,45242_626509cb_11,0.00031226553255692124,0.8620085716247559
989,34983_439766af_13,0.002744656288996339,0.9714510440826416
990,53453_fb0f1640_1,0.006273651495575905,0.8095493316650391
991,23255_972fbfe6_25,0.000728475337382406,0.9770378470420837
992,24168_a0ede173_203,0.021320022642612457,0.8814273476600647
993,55476_1473d91f_0,0.00106828345451504,0.45538240671157837
994,55111_ef389075_1,0.001205130247399211,0.953938901424408
995,141710_17531562_1,0.0007334368419833481,0.9384186863899231
996,96601_b89e6252_1,0.0003240883524995297,-0.7234822511672974
997,135790_a27f9deb_43,0.015375620685517788,0.8030058145523071
998,121363_746708db_0,0.0007169285090640187,0.7241535186767578
999,136886_3aa46890_0,0.0002666350337676704,0.9005821347236633
1000,50315_0f1419bf_19,0.010695911012589931,0.8528778553009033
1001,37846_cde34fcd_14,0.0005788995185866952,-5.545235633850098
1002,24816_ef81ad4c_1,0.0005788466078229249,0.7930156588554382
1003,75646_4baf69b2_7,0.0042378525249660015,0.9406566023826599
1004,140155_81f9ac63_0,0.0004251925565768033,0.8939193487167358
1005,51603_034939eb_10,0.0014562291326001287,0.9193255305290222
1006,30435_c97330d2_0,0.00013117236085236073,0.7782107591629028
1007,27839_4a077326_27,0.0009114425629377365,0.950441837310791
1008,55627_971fde61_34,0.00237841485068202,0.8161253929138184
1009,134909_ef3d003c_0,0.000252830475801602,0.7519664168357849
1010,33413_060ce192_51,0.0001041350478772074,-13.428159713745117
1011,22245_ca848576_12,0.00032063553226180375,0.6255483031272888
1012,52039_ba12c3ac_1,0.0007828763918951154,0.9843485355377197
1013,39707_358f88df_2,0.001152300857938826,-0.2270822525024414
1014,50014_33f250c8_3,0.010520771145820618,0.9040341973304749
1015,52987_387431ac_1,0.002158914227038622,0.8517621159553528
1016,33501_b1ee5058_15,0.0006920343148522079,0.9862387180328369
1017,82168_4844bddd_1,0.0010735244723036885,0.8550543189048767
1018,30384_95e72fc2_4,0.0001645559968892485,-0.8123347759246826
1019,23554_a0845d54_2,0.0014415866462513804,-0.20506048202514648
1020,23800_65e0a5d1_0,0.00023737960145808756,0.2518998384475708
1021,41128_ee74f244_0,0.0014051110483705997,-0.4106515645980835
1022,143019_22dbd3e6_2,0.0017540102126076818,0.9443498849868774
1023,79993_6087acd5_8,0.005920834373682737,0.8126920461654663
1024,21422_b2a6bf27_0,0.001428424147889018,0.9764493107795715
1025,25487_dd2c17e8_21,0.0006228353013284504,0.44697117805480957
1026,22654_4c426b0f_10,0.0002452531480230391,-0.6469786167144775
1027,30368_d7fd30ce_6,5.4390500736190006e-05,-0.1632779836654663
1028,57249_6bd2af3c_2,0.0018875239184126258,0.9303695559501648
1029,57029_3ab80a22_0,0.0028645216953009367,0.4317362308502197
1030,79906_052c7eb4_3,0.001020413008518517,0.7788107395172119
1031,82996_b8dc67c9_10,0.0004182615375611931,0.4227854609489441
1032,119884_192e3265_1,0.001080935588106513,0.5070130825042725
1033,21225_c081eae3_10,0.002992115216329694,0.8284558057785034
1034,121949_e10b5e85_1,0.0010808511869981885,0.7265002727508545
1035,81994_ba8916c9_5,0.00021927394845988601,0.8084009885787964
1036,22447_4062c6cb_29,0.0015094805276021361,0.9745365977287292
1037,55044_ee57bac8_1,0.0006204484961926937,-1.3573403358459473
1038,41871_f9a1ad02_13,0.00907463114708662,0.949033260345459
1039,74688_a5168a45_2,0.00013057529577054083,-27.055906295776367
1040,23218_02d26ab4_4,5.982447328278795e-05,0.8624011278152466
1041,41205_dc60aa5d_0,0.001309818821027875,0.6743736267089844
1042,41979_ca698776_0,0.0009715086198411882,0.800752580165863
1043,141453_50ec6f25_7,0.002038371516391635,0.9422591328620911
1044,97143_5424c420_0,0.0003822695871349424,0.9018949270248413
1045,41986_26275a06_2,0.0002714646398089826,0.9744100570678711
1046,136800_c5e4d711_2,0.0008213570108637214,-0.12267470359802246
1047,101635_11b839a3_5,6.181683420436457e-05,0.49355822801589966
1048,55866_b041060d_0,0.0007060698699206114,0.9567843079566956
1049,53846_89405f98_0,0.001130816526710987,0.7689616680145264
1050,27725_5cceaeb7_1,0.0015339789679273963,0.861591100692749
1051,146137_92faaea5_9,0.004876433406025171,0.6092784404754639
1052,41211_11f6b8a0_4,0.000203119168872945,0.9163475036621094
1053,21330_f0cee934_46,0.0008397011552006006,0.9832117557525635
1054,127188_5fecd146_4,0.000276878010481596,0.6195429563522339
1055,135949_06517574_8,5.512604911928065e-05,0.4285106062889099
1056,68928_0d4e4a2e_24,0.00534755690023303,0.6637455821037292
1057,50410_f8f03667_38,0.0001061310395016335,-6.306584358215332
1058,142999_171240b6_21,0.00017382197256665677,0.8714788556098938
1059,144709_642fc665_0,0.00261515099555254,0.7430012226104736
1060,53232_f8760054_10,0.0004931074217893183,-3.7194528579711914
1061,22372_e91792a1_0,7.831984112272039e-05,-0.004454135894775391
1062,21767_53eaa558_12,0.010852151550352573,0.8597638607025146
1063,32220_1fd19c5e_0,0.00023088394664227962,0.7627958059310913
1064,22886_a6331748_1,0.0012785097351297736,0.8826190233230591
1065,130996_b842b511_12,0.0037026747595518827,0.6587187647819519
1066,55571_74a416b1_1,0.0001367647055303678,-0.16012787818908691
1067,70169_914780d4_1,0.0007944749086163938,0.6974645853042603
1068,23156_7788f78a_6,0.02238943986594677,0.8379939794540405
1069,124496_20e20439_10,0.00038115595816634595,0.16226965188980103
1070,76300_7cb02add_1,0.0009643387165851891,0.8572062849998474
1071,21647_6b6cca6f_10,0.0010126855922862887,0.447268545627594
1072,22734_f6bad9f7_23,0.007197673432528973,0.7001559734344482
1073,94176_0a6c42ab_2,2.1999276214046404e-05,-3.037336826324463
1074,24048_d731886d_9,0.0016225099097937346,0.8211603760719299
1075,25487_dd2c17e8_30,0.003240570891648531,-0.4648531675338745
1076,115717_40314bc2_4,8.088893810054287e-05,0.7368863821029663
1077,125592_875faf40_0,0.0037683427799493074,0.8250861167907715
1078,41871_f9a1ad02_44,0.002105067716911435,0.8512812256813049
1079,146642_883a71d2_8,0.0006475673289969563,0.8420044779777527
1080,136883_076fbff9_31,0.00014095123333390802,0.5337637662887573
1081,60766_fb8715eb_3,0.001428835792466998,0.8955097198486328
1082,30818_33617072_0,0.0071412622928619385,0.6384378671646118
1083,130679_7a357a9c_18,0.004693690687417984,0.723902702331543
1084,55306_795d845b_0,0.00014183970051817596,0.6959346532821655
1085,135934_d2f6bb2e_33,0.0004645391891244799,0.3806718587875366
1086,111054_e45a0d40_7,0.01906081847846508,0.8156187534332275
1087,36826_d9269c2e_10,0.0008238778100349009,0.9440385103225708
1088,37619_ae810a8d_7,0.00011993836960755289,-53.777931213378906
1089,22343_34184fd5_22,0.00027538236463442445,0.1476801037788391
1090,113020_de552f8d_0,0.0002837521315086633,0.8225602507591248
1091,20216_89b90993_0,0.004668415058404207,0.6889897584915161
1092,23325_292b3294_16,0.0024704693350940943,0.7649728655815125
1093,23522_5c2ec58e_9,0.0015108645893633366,0.8852843046188354
1094,146624_359752bb_20,0.00011106469901278615,-54.989933013916016
1095,104990_11b4aeee_1,0.0011501943226903677,0.9737087488174438
1096,90917_4670b560_0,0.00718428660184145,0.8603717088699341
1097,54818_59adf8c2_5,0.0005647059297189116,0.511631429195404
1098,34109_5a868eae_3,0.0004761611926369369,0.22314918041229248
1099,23161_e7f63a9f_2,0.0009407282923348248,0.914879322052002
1100,37160_2a95674a_27,0.0011286938097327948,0.6056591272354126
1101,61280_8bdbc90f_0,0.001956575084477663,0.9297301173210144
1102,55083_dac1f9cc_2,0.000972377194557339,0.9190497994422913
1103,34341_d19b12fb_14,5.2114475693088025e-05,0.4816657304763794
1104,54516_ac9e2ef4_61,0.0016851923428475857,0.7201781868934631
1105,24559_3c306e71_2,0.000225814976147376,0.5403198599815369
1106,105831_88a0fb85_1,0.0009630046552047133,0.963411808013916
1107,32743_f4c47bbc_19,0.007739553693681955,-0.4381176233291626
1108,40500_6055e3d7_18,0.002030849689617753,0.9025141000747681
1109,22862_f5406bb0_0,0.0015178576577454805,0.9755823612213135
1110,141081_ae61ec46_0,0.001526668551377952,0.9778993725776672
1111,135112_cf8007b8_4,0.004598669707775116,0.9302372336387634
1112,131442_1512d9ff_5,0.0003382887807674706,0.284104585647583
1113,145132_7aea3b66_1,0.025538727641105652,0.9033381938934326
1114,41871_f9a1ad02_45,0.000980287091806531,0.811053991317749
1115,51775_49ef614a_1,0.0009967365767806768,0.7175800800323486
1116,143293_fc5b0ff7_23,0.0004449685802683234,0.18706274032592773
1117,51547_a7e01c38_6,0.00018239597557112575,0.7386703491210938
1118,114021_44c3c39c_2,0.00017613457748666406,0.5608882904052734
1119,123766_c5a4cf5e_0,0.00021950528025627136,-0.39951324462890625
1120,23031_0d684603_8,0.0007890993729233742,0.6598777770996094
1121,132996_c742ef84_4,0.00394163653254509,0.45302748680114746
1122,137096_5d77f285_1,0.0008303351933136582,0.9008934497833252
1123,27072_b4756e8c_2,0.0010195499053224921,0.7694096565246582
1124,51915_e704f5dd_2,0.0006550246616825461,0.8975673913955688
1125,132811_57264a28_13,0.0015144769567996264,0.9745033979415894
1126,49396_98ab955d_13,0.003513616742566228,0.6082850098609924
1127,132081_761d26ad_0,0.0006044015171937644,0.9838211536407471
1128,82906_7b72e0e8_2,0.0023516621440649033,0.9344831705093384
1129,92649_26fe8262_0,0.0005308827967382967,0.7550687789916992
1130,21803_8a36dcda_11,0.0054328106343746185,0.8538742065429688
1131,30637_f6324fc6_5,0.00019364220497664064,-0.2816460132598877
1132,105560_a6f91315_12,0.00010497684706933796,-13.703165054321289
1133,41737_d80c34b9_0,0.002572128549218178,0.8463276624679565
1134,34983_439766af_12,0.0004454493464436382,0.9561806321144104
1135,122755_60c41889_10,6.0042922996217385e-05,0.03778284788131714
1136,76879_65a30a82_2,0.013517756946384907,0.8790844082832336
1137,89816_cef36e57_4,0.003696936648339033,0.9390339255332947
1138,49406_100c707b_3,0.00023590799537487328,0.9727987051010132
1139,105560_a6f91315_10,8.414711192017421e-05,-0.8169244527816772
1140,129421_483d2957_5,5.605793194263242e-05,0.7638083696365356
1141,122740_fc5c94eb_33,0.0021330839954316616,0.9346889853477478
1142,135595_656de97a_5,0.0002549049095250666,0.906901478767395
1143,35740_5322d674_5,0.00011170974175911397,-37.770790100097656
1144,23681_932e722e_18,0.0013092959998175502,0.975217342376709
1145,108244_329b1876_17,7.40278119337745e-05,-16.20037269592285
1146,125745_cf468448_6,0.0014252625405788422,0.6648713946342468
1147,138838_c9a9e790_6,0.0006328257732093334,0.8769885301589966
1148,102416_b74464a2_4,0.00011703655036399141,-45.423187255859375
1149,30426_2cde26de_21,0.00017731582920532674,0.4729467034339905
1150,137837_9c9f163d_5,0.00017973000649362803,0.8107461333274841
1151,25487_dd2c17e8_15,0.005188912618905306,0.32363975048065186
1152,21549_18160a0a_4,0.00010439367179060355,-13.736082077026367
1153,21385_601444ba_0,0.001891972147859633,0.8823020458221436
1154,35233_add576ba_9,0.0021157260052859783,0.8618175387382507
1155,55345_c6423351_0,0.0007926066755317152,0.8716831803321838
1156,110697_4b2725f1_0,0.0004799934395123273,0.9888185858726501
1157,109946_242843a6_1,8.305184019263834e-05,-0.9577902555465698
1158,34341_d19b12fb_22,8.528057514922693e-05,-8.695711135864258
1159,23247_bcd1e84f_21,0.000976135372184217,0.7950400710105896
1160,131765_29b29f08_6,7.904272933956236e-05,-0.7116857767105103
1161,21395_7d6fda6f_12,0.00045305414823815227,0.603483259677887
1162,135460_6471e973_15,0.0005848255823366344,0.8078931570053101
1163,51741_49d61151_7,0.001797936507500708,0.9350346326828003
1164,28382_90b7cc0c_12,0.0005995004321448505,0.7825422883033752
1165,30850_05d88af9_2,0.002218993380665779,0.908462405204773
1166,86278_1e55d036_12,0.00030610981048084795,-1.2784314155578613
1167,67240_525e92c1_1,0.0012520682066679,-0.00467681884765625
1168,82002_ef2b4feb_6,0.002760958392173052,0.9469497799873352
1169,53364_ec8aad42_1,0.008050819858908653,0.654072642326355
1170,135771_b030a25c_17,0.0007045667734928429,0.18497180938720703
1171,135906_29d7b495_1,0.0001632977364351973,0.7080484628677368
1172,21822_7d3db422_38,0.00029539730167016387,0.7003082036972046
1173,81136_5b86c723_1,7.300247671082616e-05,0.4638930559158325
1174,25473_0991d519_2,0.004441534634679556,0.9231584072113037
1175,73405_94381b7c_5,0.003159648971632123,0.46889740228652954
1176,24009_c40b0d48_2,0.0010273942025378346,0.9684489965438843
1177,22162_439af02a_1,0.0021745641715824604,0.9572418928146362
1178,146159_f3f80701_0,0.002644451567903161,0.2949041724205017
1179,51895_5760b481_15,0.00642710505053401,0.9315944314002991
1180,33500_e58e287e_1,0.004303822293877602,0.7996633648872375
1181,31838_2e4bd173_0,0.0017284784698858857,-0.1553938388824463
1182,146137_92faaea5_18,0.00011432576138759032,-0.0007327795028686523
1183,124879_2257a334_2,0.0002612114476505667,-1.8668949604034424
1184,144145_510eedc2_7,0.0021579170133918524,0.9600086212158203
1185,21237_7887a24b_78,0.0011473638005554676,0.9002224206924438
1186,82297_93739ce0_6,0.0010726939653977752,0.6473780870437622
1187,51536_a18dc325_31,0.00017672558897174895,0.1433964967727661
1188,93103_fdb9fcb7_7,0.0016199811361730099,0.7908931374549866
1189,24590_415f7013_9,0.0005807480774819851,0.8923981785774231
1190,130659_16f2db4c_0,0.0002807230921462178,0.9071316719055176
1191,23083_fdb942ac_2,0.0011140318820253015,0.953517735004425
1192,23954_a8c09819_2,0.0021834431681782007,0.9576573967933655
1193,30417_0010bc7c_13,0.0010290202917531133,0.9084970355033875
1194,120535_e304dfca_1,0.001473381882533431,0.8919275999069214
1195,93199_2146e709_9,0.0009499040897935629,0.7818779349327087
1196,23686_cba4f679_15,0.0031270196195691824,0.9299119710922241
1197,40807_58058731_20,0.0027037160471081734,0.9727871417999268
1198,94410_d32e7520_35,0.004952124319970608,0.8766998052597046
1199,79695_fd8bae0e_0,0.00302905379794538,0.22976362705230713
1200,129422_621d0a90_35,0.0014333197614178061,0.326823353767395
1201,44932_16cb7f21_5,0.0035962893161922693,0.8981437683105469
1202,136550_8a8672e5_1,0.0006430503563024104,0.819477915763855
1203,20495_e8e7e80c_3,0.0014157452387735248,0.9746787548065186
1204,31962_e5291336_50,0.0013887555105611682,-0.32478439807891846
1205,24888_5be1de05_1,5.9466921811690554e-05,-0.13101136684417725
1206,34114_7e58a97d_10,0.00570575799793005,0.7806413769721985
1207,108433_37a79370_0,0.004324579145759344,0.6178665161132812
1208,22844_9b75b8e0_1,0.0006701578968204558,0.9722006916999817
1209,115637_b4d41e8a_0,0.0017983607249334455,0.8259074687957764
1210,53474_f29e4438_15,0.010574898682534695,0.6991753578186035
1211,26766_1aaa348c_0,0.0013538682833313942,0.8078171610832214
1212,51940_67bb0219_7,0.0014459391823038459,0.7637113332748413
1213,41714_1d49f4d1_13,4.5163167669670656e-05,0.8219008445739746
1214,21815_7090778f_9,0.005607955157756805,0.5397809147834778
1215,32843_8e5bdf24_0,0.0029430128633975983,0.8696030974388123
1216,23686_cba4f679_10,0.0015378320822492242,0.8083661198616028
1217,114425_891ab08d_0,0.0058792647905647755,0.2669261693954468
1218,41786_02d48cdd_5,0.0012126914225518703,0.8123449087142944
1219,22895_4533b542_1,0.0040385606698691845,0.7685362100601196
1220,49016_cd1b47bf_6,0.003993118181824684,0.8735066056251526
1221,51674_a70c1c6c_3,0.00031232903711497784,0.5005439519882202
1222,52972_6e5a5ada_11,0.002802003640681505,0.8810665011405945
1223,120700_d818883a_8,0.0001553093024995178,0.7897168397903442
1224,34530_9525ffcd_0,0.0028674486093223095,0.9460768103599548
1225,24355_99bf3f8f_1,0.0002641724713612348,0.4884132742881775
1226,56250_3b6024e3_46,0.018814612179994583,0.6673389673233032
1227,56355_727ca47c_3,0.002544916933402419,0.38548827171325684
1228,35057_9af89947_1,0.0008966024615801871,0.8592320680618286
1229,120881_a946667f_13,0.0002602265158202499,0.6414961218833923
1230,143021_c6df0146_5,0.0001309545332333073,0.2707873582839966
1231,69240_dc199112_3,0.0011809549760073423,-0.07483530044555664
1232,41733_1ec9b00c_15,0.0020204714965075254,0.5792410373687744
1233,30298_24191733_2,9.572161070536822e-05,0.3380243182182312
1234,30400_8824ce97_18,0.0005697535234503448,0.8810317516326904
1235,37040_ecbcd25e_36,0.0009001215803436935,0.7572324872016907
1236,23035_6087bb57_4,8.127183536998928e-05,0.8783755898475647
1237,38675_6e07d74b_26,0.006229976192116737,0.9137986302375793
1238,31751_e37382e1_9,0.00087710254592821,0.9064778089523315
1239,54601_e1da5b93_4,0.0009298079530708492,0.9815019369125366
1240,142999_171240b6_29,0.0012333514168858528,0.9065085649490356
1241,137646_14bca880_0,0.0012410341296344995,0.8853896260261536
1242,37519_442dc408_1,0.00012949213851243258,0.8417579531669617
1243,47195_a8cd8bad_6,0.0005567586631514132,0.9645954966545105
1244,22474_b10fea1a_6,0.0017900486709550023,0.7935464978218079
1245,53200_d1e30b87_10,0.0009124947828240693,0.8412174582481384
1246,41472_f9d73638_9,0.00031631317688152194,0.6748780012130737
1247,126397_cc08a23d_1,0.00021560624008998275,0.6500841975212097
1248,31838_2e4bd173_4,0.0032128773164004087,0.9427226781845093
1249,52006_d21e4570_7,0.002012898912653327,0.6009922027587891
1250,62109_08c31aa8_0,0.0007497440674342215,0.8664031028747559
1251,49403_458914df_0,0.0009208773262798786,0.45604854822158813
1252,122914_76ff1f5e_2,9.502124885329977e-05,-7.457147598266602
1253,34913_d23e2a24_2,0.0014343978837132454,0.35815298557281494
1254,104641_2cd02839_15,0.0002579960855655372,0.25445038080215454
1255,131632_6144b102_1,0.001909589278511703,0.9772652387619019
1256,30850_05d88af9_0,0.0005695923464372754,0.9553076028823853
1257,86296_8a6ed4d3_7,0.0006121589103713632,-0.8854670524597168
1258,34983_439766af_7,0.0017096183728426695,0.9756441712379456
1259,33374_7491cbf8_2,0.004603120498359203,0.9554634094238281
1260,50694_afd26bd5_10,0.0022624870762228966,0.9757043719291687
1261,50292_e84db1fb_8,8.54675963637419e-05,0.7083480358123779
1262,81367_622a9e51_2,0.00045591231901198626,0.8855181932449341
1263,78966_584c5305_0,0.0008076713420450687,0.5788648128509521
1264,79905_623eae86_1,0.00750924414023757,0.9385061264038086
1265,63055_6b907478_15,0.0009885968174785376,0.9211397171020508
1266,135771_b030a25c_4,0.0007491690921597183,0.05677539110183716
1267,41753_9b4f8d8a_0,0.0010464399820193648,0.9794543981552124
1268,80784_f7ec5f70_1,0.0009824119042605162,0.8335360884666443
1269,33607_c6f31fa6_10,0.0012464079773053527,0.8473571538925171
1270,22225_a3ce4d29_42,0.0008525038720108569,0.9083870649337769
1271,51938_8b9cba89_5,0.007061559706926346,0.8520118594169617
1272,44741_f386a08f_4,0.003074529580771923,0.9087476134300232
1273,70021_e673ae54_4,0.001592474989593029,0.9741536974906921
1274,55135_f1186d58_7,0.0014664188493043184,0.868564784526825
1275,31856_2a5a4e32_12,0.0037009012885391712,0.7947016954421997
1276,75303_045fc848_4,0.0008011245517991483,0.8769066333770752
1277,129683_3ad38815_10,0.028202712535858154,0.6702009439468384
1278,21894_93f0d052_24,0.0015425606397911906,0.8752482533454895
1279,143823_1b04bf80_13,0.0012417426332831383,0.910395622253418
1280,143823_1b04bf80_18,0.00023565010633319616,0.7720074653625488
1281,111863_c925f4f3_2,0.0002459104871377349,0.7653526067733765
1282,104633_d0a15bd3_6,0.001580509589985013,0.8674686551094055
1283,48832_22363e53_33,0.0014057018561288714,0.9620305299758911
1284,127466_a18ae326_1,0.001325886114500463,0.5004755258560181
1285,22211_b1ee53f0_12,0.004581588786095381,0.8085449934005737
1286,137837_9c9f163d_6,0.0006735172937624156,0.81656813621521
1287,122755_b830e22d_17,6.908587965881452e-05,0.2262645959854126
1288,21299_e9cd80a6_12,0.000405476544983685,0.456254243850708
1289,44920_70dd4b80_11,0.0008472032495774329,0.9616714715957642
1290,52987_387431ac_7,0.0014176764525473118,0.9568209648132324
1291,147926_b78316a8_10,0.00021972191461827606,0.8074979782104492
1292,144653_e3eccdf1_50,0.00016314169624820352,0.8913062810897827
1293,56458_c027ed41_0,0.0004728407657239586,0.9413055181503296
1294,23495_6366269c_11,0.0021829581819474697,0.9565876126289368
1295,70883_e2d6a103_2,0.008178310468792915,0.878484845161438
1296,32743_f4c47bbc_34,0.0013593957992270589,0.2076931595802307
1297,30910_38ea5a06_2,0.0008262820774689317,0.8598631620407104
1298,56476_466fc284_17,0.006854789797216654,0.8582148551940918
1299,22604_0b4ffb43_62,0.0011131374631077051,0.9535555243492126
1300,21534_6367be99_0,0.001272576511837542,0.5988383293151855
1301,133026_1085532d_1,0.0005176732665859163,0.8684375286102295
1302,137828_0b0786fb_1,0.005464490037411451,0.8949475288391113
1303,55627_971fde61_27,0.00034243243862874806,0.9567720293998718
1304,93869_8b1922a3_0,0.00042966954060830176,0.9653483033180237
1305,24393_9acd18c6_3,0.0012390542542561889,0.9768791794776917
1306,44996_b3e9c266_14,0.00017402201774530113,0.31896620988845825
1307,55300_b9675d43_1,0.002172579523175955,0.9573424458503723
1308,113352_879844fe_0,0.0013901605270802975,0.9433914422988892
1309,135317_3c58b0d0_9,0.0002398993819952011,0.7783344388008118
1310,115624_fe3eb392_1,0.005394116044044495,0.7473748922348022
1311,63055_6b907478_21,0.00047951372107490897,0.982512891292572
1312,40421_032c052f_0,0.0008250686805695295,0.8745895028114319
1313,143029_70554264_3,0.0001264915190404281,0.7833054661750793
1314,145117_78f63de3_0,0.0014243401819840074,0.6336743831634521
1315,128996_35f2006e_0,9.614371811039746e-05,0.5192173719406128
1316,54503_fc6c6963_1,0.0007287150365300477,0.9079632759094238
1317,24657_0168dc6b_1,0.0008230804232880473,0.9798536896705627
1318,130524_13ad16a8_0,0.006681997794657946,0.9669587016105652
1319,142670_33c641dc_3,0.00043967427336610854,0.8329618573188782
1320,65375_674ff0b9_11,0.0009918786818161607,0.09696370363235474
1321,23168_7fdf5427_3,0.00011433747567934915,-51.22935104370117
1322,41717_ab2075ac_0,0.0014042789116501808,0.9484405517578125
1323,21739_57582b8f_4,0.002946771215647459,0.8271165490150452
1324,143293_fc5b0ff7_30,0.0009610562119632959,0.9737914204597473
1325,135906_587b5c3d_0,0.0003794197109527886,0.770889401435852
1326,138685_fd9b79cd_0,0.001003200188279152,0.1978241205215454
1327,119921_5621fcb4_0,0.0006449196953326464,0.8911203145980835
1328,49403_458914df_5,0.001092327875085175,0.8755097389221191
1329,73525_7f6b2f67_2,0.00016897975001484156,0.7293542623519897
1330,136994_a3a2f50f_3,0.0041070058941841125,0.5374083518981934
1331,31838_2e4bd173_1,0.00757301552221179,0.8360898494720459
1332,35866_d0233b36_6,0.0014793172013014555,0.9747806787490845
1333,53053_d6b4d71c_9,0.0027431061025708914,0.9287813305854797
1334,90220_7baf1e18_1,0.000322569627314806,0.5645565986633301
1335,23364_73dd9d4d_10,0.0002691030967980623,0.6132398843765259
1336,52987_387431ac_3,0.0006073532858863473,0.9499788284301758
1337,51859_6b2fd0f1_4,0.0005970631027594209,0.6680703163146973
1338,51708_867d4509_12,0.0001766332279657945,-0.5300387144088745
